100
0 0 0 0 0 0.831036 0 0.380963 0.396592 0 0 0 0 0 0 0 0.510289 0 0 0 0.302502 0 0 0.488657 0 0 0 0 0 0 0 0 0.407303 0 0.198251 0 0.54073 0 0.23471 0 0 0.584513 0.667381 0 0 0 0.281517 0 0 0 0.0551531 0.149789 0 0.820188 0.49431 0 0 0 0.679728 0 0 0 0 0 0 0 0.232418 0 0 0 0.55132 0 0 0.254936 0 0 0.522043 0 0 0 0 0.169522 0 0 0 0.0542564 0 0.734454 0 0.514336 0.209804 0 0 0.620034 0 0 0.261158 0 0 0
0 0 0 0 0.852367 0 0 0 0 0 0 0 0 0 0 0 0 0 0 0 0 0 0.0742823 0 0 0 0 0.343353 0 0 0 0 0 0 0 0 0 0 0 0 0 0 0 0 0 0 0 0 0.411481 0.65536 0 0 0 0 0 0 0.551463 0 0 0 0 0 0 0 0.219975 0 0 0 0.575883 0 0.745005 0 0 0.446856 0 0.792821 0.556994 0 0 0 0 0 0 0 0 0 0 0 0 0 0 0.819901 0 0 0 0 0 0 0.866443 0
0 0 0 0.830404 0.249133 0 0 0 0 0 0 0 0 0 0 0 0 0 0 0 0 0 0 0 0 0.677761 0 0 0 0 0 0 0 0 0 0.915516 0 0 0 0 0 0 0 0.556998 0 0 0 0 0 0 0 0 0 0.741049 0 0.0992754 0 0 0.947559 0 0 0 0 0 0 0.639272 0 0 0 0 0.808436 0 0 0 0 0 0 0 0 0 0 0 0 0.546865 0 0 0.343324 0.799056 0.723892 0 0 0 0 0.798645 0 0 0 0 0 0
0 0 0.830404 0 0 0.84831 0.238128 0 0.641268 0 0 0 0 0 0 0 0 0 0 0.549581 0 0 0.51687 0 0 0.58428 0 0 0 0 0.826551 0 0 0 0 0.602957 0 0 0.694025 0 0.323201 0 0 0.388693 0 0 0 0 0 0.612158 0 0.502282 0 0 0.91315 0 0 0 0 0.511662 0 0 0 0 0 0 0 0.98009 0 0.404286 0 0 0.355561 0 0.572419 0 0 0 0 0 0 0 0 0 0 0 0 0 0.259615 0 0 0 0.373949 0.0797704 0.0623715 0 0 0.1616 0 0
0 0.852367 0.249133 0 0 0 0.347674 0 0 0 0 0 0.963614 0 0 0.915408 0 0 0 0.226767 0.444792 0 0 0 0 0.365613 0 0.429107 0.811034 0.582543 0 0 0 0 0 0 0 0.754907 0 0.62222 0 0 0 0 0 0 0 0 0 0.692276 0.238744 0 0 0.499996 0 0 0 0 0.840642 0 0 0 0 0 0 0 0.478158 0 0 0.312258 0 0 0 0 0 0 0 0.0893694 0.680489 0 0.798769 0 0 0 0 0.271254 0 0 0.708426 0 0 0.549789 0.322685 0 0.727848 0 0 0 0 0
0.831036 0 0 0.84831 0 0 0 0 0 0 0 0 0 0 0 0 0 0 0.610619 0 0 0.5246 0 0.372723 0 0 0 0 0.667864 0 0 0 0 0 0 0 0.811162 0.952857 0.536376 0 0 0.236246 0 0 0 0 0 0.262585 0 0 0.714015 0.354125 0 0 0.0721728 0.17237 0 0 0.296597 0 0 0.102113 0 0 0 0 0 0 0 0 0.794325 0 0.529119 0 0.538537 0 0 0 0 0.118234 0.167685 0 0.473116 0.975171 0 0 0.513881 0 0 0 0 0.15812 0 0.645557 0 0.753382 0 0 0 0
0 0 0 0.238128 0.347674 0 0 0 0.479265 0.378933 0 0 0 0 0 0 0.854929 0.563409 0.960019 0 0.347008 0 0.813931 0 0 0 0.886349 0 0 0 0.173909 0.331421 0.373237 0 0 0 0.0496299 0 0 0.425148 0 0 0.816602 0 0.973219 0 0 0.50431 0 0.444261 0 0 0.428217 0 0.368639 0 0 0 0 0 0 0 0 0.537954 0 0.679141 0 0.950117 0.628607 0 0 0 0.674601 0 0 0.222253 0 0 0 0.563151 0 0 0 0.950956 0.477994 0 0 0 0 0 0 0 0 0.76344 0 0 0.487637 0 0 0
0.380963 0 0 0 0 0 0 0 0 0 0 0 0 0 0 0 0 0 0 0 0 0 0 0.904956 0 0 0 0.0556088 0 0 0 0.656164 0.622061 0 0.70605 0 0 0.132587 0 0 0 0.884317 0 0 0 0.476842 0.940813 0 0 0.201833 0 0 0 0.286815 0 0 0 0.193399 0 0.968121 0 0 0 0 0 0 0 0 0 0.91373 0 0 0 0 0 0 0 0 0 0 0 0 0.841631 0 0 0 0 0.154349 0 0 0 0 0 0 0 0 0 0 0 0.825131
0.396592 0 0 0.641268 0 0 0.479265 0 0 0.911886 0.314845 0 0 0.670749 0 0.681267 0 0 0 0 0 0 0.487267 0 0 0 0 0 0.0692285 0 0.0572626 0 0 0 0.556782 0 0 0 0 0 0 0 0 0 0 0 0 0 0.531791 0 0 0 0 0 0 0.143008 0 0.208894 0 0 0 0.707281 0 0 0.782216 0 0 0.437851 0 0 0 0 0 0.900496 0 0 0 0 0 0 0 0 0 0 0.715422 0 0.11033 0.778063 0 0 0 0.0493153 0.461578 0 0 0 0 0 0.480994 0
0 0 0 0 0 0 0.378933 0 0.911886 0 0 0.095432 0.539177 0 0 0 0 0.936586 0 0 0 0 0.859261 0 0 0.872177 0.813792 0 0 0 0 0 0 0.964175 0.642876 0 0.826881 0 0.878513 0.174705 0 0 0 0.980074 0 0 0 0.98204 0.0722448 0 0 0.893009 0 0 0 0 0 0 0 0 0 0 0 0.439407 0 0 0 0 0 0.921019 0.525784 0 0 0 0 0 0.265719 0 0 0 0.343092 0 0 0 0 0 0 0 0.360832 0 0 0 0 0 0 0 0 0.370863 0.53267 0.114389
0 0 0 0 0 0 0 0 0.314845 0 0 0 0.351166 0 0 0.727813 0 0.501017 0 0.438021 0 0 0 0 0 0 0.403585 0 0 0 0 0 0 0 0 0 0 0 0 0 0 0.871759 0.701246 0 0 0 0 0 0 0.387696 0 0 0 0 0.0681324 0 0 0 0 0 0 0.0907623 0 0 0 0.928074 0.28587 0.913113 0.922839 0 0 0 0 0 0 0 0 0 0 0 0 0.753034 0 0 0 0.909652 0 0 0 0.408152 0 0 0 0 0 0.187077 0 0 0.110775 0
0 0 0 0 0 0 0 0 0 0.095432 0 0 0 0.124059 0 0.527246 0.865106 0.394008 0 0.342396 0 0 0 0 0.139949 0 0 0 0.399018 0 0.904668 0 0 0 0.744925 0 0 0 0.637682 0 0 0.364665 0 0 0.802899 0 0 0 0.63575 0.883957 0 0.765243 0 0 0 0 0 0 0 0.29932 0.659778 0.688023 0 0 0.657239 0 0 0 0.258964 0 0 0.518245 0 0 0.142601 0.805954 0 0.797473 0 0 0.963321 0 0 0 0.930647 0 0 0 0 0 0 0 0.541647 0 0 0 0 0 0 0
0 0 0 0 0.963614 0 0 0 0 0.539177 0.351166 0 0 0 0.294573 0 0 0 0 0 0 0.651946 0 0 0.58303 0 0 0 0 0 0 0 0 0 0 0.454101 0 0 0 0 0.54072 0 0.909088 0.820846 0.370989 0 0 0.379064 0 0.556728 0.377969 0 0 0 0 0.679541 0 0.966458 0 0 0 0 0 0.396225 0 0 0 0 0.0988142 0 0 0.576641 0 0 0 0 0 0 0 0.964269 0 0 0 0.540851 0 0.633254 0.130846 0 0.822199 0 0.0940978 0 0.706818 0 0 0 0 0.0635652 0 0
0 0 0 0 0 0 0 0 0.670749 0 0 0.124059 0 0 0 0.436323 0 0.199276 0 0.560867 0 0 0 0.0461869 0 0.622906 0.479679 0.304955 0 0 0 0.125699 0.772096 0 0 0.688462 0 0 0 0 0 0.612503 0.405916 0.889978 0 0 0 0 0 0 0 0.166017 0 0 0 0.54804 0 0 0 0 0.636439 0 0 0 0 0 0 0 0 0 0.0983059 0 0 0.11386 0 0 0 0 0.701644 0 0 0.89138 0 0 0 0 0 0.69299 0 0 0 0.404577 0 0.83287 0.353352 0.611484 0.941251 0 0.439713 0
0 0 0 0 0 0 0 0 0 0 0 0 0.294573 0 0 0 0 0 0 0 0 0 0 0 0 0.916062 0.387894 0 0 0.418594 0 0 0.429208 0 0 0 0 0 0 0 0 0 0 0 0.845295 0 0.271759 0 0 0 0.138076 0 0 0.85327 0.741498 0 0 0 0.725029 0 0 0 0 0 0.220856 0 0 0 0.449227 0 0 0 0.766611 0.34337 0 0.906241 0 0 0 0 0 0 0.371111 0.824422 0 0 0 0 0 0 0 0.790965 0.731752 0.642976 0.434164 0 0.297224 0 0 0
0 0 0 0 0.915408 0 0 0 0.681267 0 0.727813 0.527246 0 0.436323 0 0 0.260154 0.583768 0 0 0 0 0 0 0 0 0 0 0 0 0 0 0.975611 0 0 0 0.0897753 0.30667 0 0 0 0 0 0 0.387055 0 0.835399 0.579449 0.653114 0 0 0 0 0 0 0 0 0 0.97557 0 0.35134 0.0699122 0 0 0 0 0 0 0 0 0.159648 0.781214 0 0 0 0 0 0 0.380931 0 0 0 0 0 0 0.927292 0 0.531571 0 0 0.431009 0 0 0 0 0.0493229 0 0 0 0
0.510289 0 0 0 0 0 0.854929 0 0 0 0 0.865106 0 0 0 0.260154 0 0 0 0 0 0 0 0 0 0 0 0 0 0 0 0 0 0 0 0 0.883647 0 0 0.34863 0 0 0.594419 0 0.292273 0.605038 0 0.954821 0 0 0.46759 0 0 0 0.913164 0 0 0 0.300975 0 0 0 0 0 0 0 0 0 0 0 0 0 0 0 0 0.251658 0 0 0 0 0 0 0.290765 0 0.358171 0 0 0 0 0 0.283751 0 0 0 0.781864 0.603986 0 0 0 0.868591
0 0 0 0 0 0 0.563409 0 0 0.936586 0.501017 0.394008 0 0.199276 0 0.583768 0 0 0 0 0.389307 0.739162 0 0 0 0 0 0 0 0 0 0.736591 0.314251 0 0 0 0 0 0 0 0.466585 0 0.866448 0 0.935648 0 0 0 0 0 0 0 0 0 0 0 0 0 0 0 0 0 0 0 0 0 0 0 0 0 0.66762 0 0 0 0.0902101 0.771796 0 0 0.789373 0 0 0 0.958348 0 0 0.193668 0 0.785885 0 0 0 0.408894 0.981128 0 0 0 0 0 0 0.348187
0 0 0 0 0 0.610619 0.960019 0 0 0 0 0 0 0 0 0 0 0 0 0 0 0 0.744873 0.479625 0 0 0 0 0.963856 0 0 0 0 0.734099 0 0 0 0 0 0 0.853255 0.17153 0 0 0 0.574934 0 0.335793 0.934458 0 0 0 0.0946959 0.541381 0 0 0.669372 0 0 0 0 0 0.10739 0 0 0 0 0 0.652702 0 0.0600474 0 0 0.1849 0 0 0 0 0 0 0 0 0 0 0 0 0 0 0 0 0 0 0 0 0.708183 0 0.797579 0.296213 0 0
0 0 0 0.549581 0.226767 0 0 0 0 0 0.438021 0.342396 0 0.560867 0 0 0 0 0 0 0 0 0 0 0 0 0 0.19633 0 0 0.680684 0.750421 0 0 0.928477 0.968679 0 0 0 0 0.949057 0.0811031 0 0 0 0 0 0 0 0 0 0 0.4831 0 0.288257 0 0 0.905587 0 0 0 0 0 0 0 0.88145 0 0.736869 0 0 0.820287 0 0 0 0 0 0 0 0 0.878389 0 0 0 0.537192 0 0 0.670917 0.743794 0 0 0.878908 0 0 0 0 0 0 0 0.848032 0.774568
0.302502 0 0 0 0.444792 0 0.347008 0 0 0 0 0 0 0 0 0 0 0.389307 0 0 0 0.372719 0 0 0 0 0.505625 0 0 0 0 0 0 0 0 0 0 0 0 0 0 0 0 0.692074 0 0 0 0 0.692461 0 0 0 0 0 0.71545 0 0 0 0 0 0 0 0.508681 0 0 0 0 0 0 0 0 0 0.949986 0 0 0 0.240605 0 0 0.358982 0 0 0 0 0 0.599765 0 0 0 0.47263 0 0.787583 0 0 0 0 0.327926 0 0 0
0 0 0 0 0 0.5246 0 0 0 0 0 0 0.651946 0 0 0 0 0.739162 0 0 0.372719 0 0 0 0 0 0 0.0592681 0 0.648406 0.101164 0.782816 0 0 0.723899 0.931223 0 0 0.323497 0.075532 0 0.920705 0.25131 0.143741 0 0 0.203783 0 0 0 0 0.553959 0 0.305764 0 0 0 0 0.972145 0 0 0 0.971939 0.383721 0 0.683182 0 0 0 0 0 0 0 0 0.298617 0 0 0 0 0 0.222358 0 0 0 0.434319 0.780613 0 0 0 0 0 0.475123 0 0 0 0 0 0 0 0
0 0.0742823 0 0.51687 0 0 0.813931 0 0.487267 0.859261 0 0 0 0 0 0 0 0 0.744873 0 0 0 0 0 0.482956 0 0 0 0.472242 0 0 0 0.240264 0.277417 0 0 0 0 0 0 0.506921 0 0 0 0 0 0 0 0 0 0 0 0.743311 0 0 0.97903 0 0 0 0 0 0 0 0 0 0 0.196635 0.566925 0 0.432022 0 0.808741 0 0 0 0 0 0.913235 0.938443 0 0.728984 0.51906 0 0.94232 0 0.212245 0 0.511615 0 0 0 0.479718 0 0 0.406509 0 0.406083 0 0.686168 0
0.488657 0 0 0 0 0.372723 0 0.904956 0 0 0 0 0 0.0461869 0 0 0 0 0.479625 0 0 0 0 0 0 0 0 0.591933 0 0.394578 0 0 0 0 0 0.438099 0 0 0 0 0 0 0 0 0 0 0 0 0.223734 0 0 0 0 0 0 0 0 0.742721 0 0 0 0 0 0 0.159256 0 0 0 0 0.639925 0 0 0 0.650394 0 0.762933 0 0 0.423243 0.613394 0 0 0 0.973188 0 0.499968 0.276562 0 0 0 0 0 0 0.518376 0.199975 0 0 0.183076 0 0
0 0 0 0 0 0 0 0 0 0 0 0.139949 0.58303 0 0 0 0 0 0 0 0 0 0.482956 0 0 0 0 0 0.218268 0.53576 0 0 0 0 0 0 0 0 0 0 0 0 0 0 0 0 0 0 0 0 0.106895 0.695391 0 0.33082 0 0 0.325569 0.819047 0.34875 0 0.101534 0 0 0 0 0 0 0 0 0 0 0.0711819 0 0 0 0 0 0 0 0 0 0 0 0.144003 0.811048 0 0.242296 0.229965 0 0 0 0 0 0 0 0.925405 0 0.145221 0 0.937893
0 0 0.677761 0.58428 0.365613 0 0 0 0 0.872177 0 0 0 0.622906 0.916062 0 0 0 0 0 0 0 0 0 0 0 0 0.458367 0 0.429292 0 0.45704 0 0.24593 0 0 0 0 0 0 0 0 0 0.647056 0 0 0 0 0 0 0 0 0 0 0.250458 0.405566 0 0 0 0 0 0.823073 0 0 0 0 0 0 0 0 0.449682 0.397189 0 0 0 0 0 0 0 0 0 0 0 0 0 0 0 0.815005 0.507386 0.730405 0 0 0 0 0 0 0 0 0 0
0 0 0 0 0 0 0.886349 0 0 0.813792 0.403585 0 0 0.479679 0.387894 0 0 0 0 0 0.505625 0 0 0 0 0 0 0.703574 0 0.933867 0.0680134 0.630076 0 0 0 0 0.871138 0 0 0.746704 0 0 0 0.731302 0 0 0 0 0 0 0.808088 0 0 0 0 0 0 0 0 0 0 0 0 0 0 0 0.164922 0 0 0 0 0 0 0.766862 0.691311 0 0.382634 0.585466 0 0 0.181574 0 0 0 0.652095 0 0.443041 0.648699 0 0 0 0 0 0 0.291754 0.585963 0 0 0 0
0 0.343353 0 0 0.429107 0 0 0.0556088 0 0 0 0 0 0.304955 0 0 0 0 0 0.19633 0 0.0592681 0 0.591933 0 0.458367 0.703574 0 0 0.290717 0 0 0 0 0 0.183888 0.355592 0 0.380418 0 0 0.796125 0 0 0 0 0 0.559235 0 0 0 0 0 0 0.34812 0 0 0.216011 0 0.960243 0 0 0 0.905343 0 0.896221 0.97323 0 0 0 0 0 0 0 0 0 0 0 0 0 0 0.230292 0 0 0.846485 0 0 0 0 0 0 0.866531 0 0.167687 0 0 0.672847 0 0 0
0 0 0 0 0.811034 0.667864 0 0 0.0692285 0 0 0.399018 0 0 0 0 0 0 0.963856 0 0 0 0.472242 0 0.218268 0 0 0 0 0.807721 0 0.783867 0.96725 0 0 0 0.479263 0.0713186 0 0 0 0 0 0 0 0 0 0 0 0.934053 0 0.843824 0.0509978 0.624556 0 0.371978 0 0 0.628985 0 0 0 0 0 0.899697 0 0 0 0 0 0 0 0 0 0 0.406597 0.233682 0.551781 0 0 0.828106 0.589341 0 0 0 0 0.257326 0 0 0 0 0 0.932717 0.415687 0 0 0 0 0 0
0 0 0 0 0.582543 0 0 0 0 0 0 0 0 0 0.418594 0 0 0 0 0 0 0.648406 0 0.394578 0.53576 0.429292 0.933867 0.290717 0.807721 0 0.604457 0.931282 0 0 0 0 0 0 0 0 0.528495 0.958799 0 0.633196 0 0 0 0.599277 0.279569 0 0 0.909122 0 0.87989 0.568809 0 0 0 0 0 0 0 0 0 0.0557224 0.496934 0 0 0 0 0 0 0 0 0 0 0.182303 0 0 0 0 0 0.713195 0 0 0 0 0 0 0.62124 0 0.536087 0.515427 0.225325 0 0.713282 0 0.260088 0 0
0 0 0 0.826551 0 0 0.173909 0 0.0572626 0 0 0.904668 0 0 0 0 0 0 0 0.680684 0 0.101164 0 0 0 0 0.0680134 0 0 0.604457 0 0.817852 0 0.200332 0 0 0 0 0 0 0 0 0.858878 0 0.299823 0.276317 0 0.571401 0 0 0 0 0.606729 0 0 0 0 0 0.503991 0 0 0 0 0 0 0 0 0 0 0 0 0.872629 0 0 0 0.511162 0.620735 0 0 0 0 0 0 0 0 0 0 0 0 0 0 0.467744 0 0.572373 0 0.896411 0 0 0 0
0 0 0 0 0 0 0.331421 0.656164 0 0 0 0 0 0.125699 0 0 0 0.736591 0 0.750421 0 0.782816 0 0 0 0.45704 0.630076 0 0.783867 0.931282 0.817852 0 0 0.923612 0 0 0.370876 0 0 0 0.574888 0 0.0494221 0.343153 0 0.979817 0 0 0 0 0 0 0 0 0 0.378136 0 0.511593 0.440255 0 0 0.820012 0 0 0.514842 0 0 0 0.301687 0 0 0.185556 0 0 0 0.240979 0 0 0 0 0 0 0 0.491837 0 0 0 0 0 0 0.77177 0 0 0 0 0 0 0 0 0
0.407303 0 0 0 0 0 0.373237 0.622061 0 0 0 0 0 0.772096 0.429208 0.975611 0 0.314251 0 0 0 0 0.240264 0 0 0 0 0 0.96725 0 0 0 0 0 0 0 0 0 0 0 0 0 0.125646 0 0 0 0 0 0.408876 0.725433 0 0 0 0.352427 0 0 0 0.728735 0.917782 0.35239 0 0 0 0 0 0.794228 0 0 0.409317 0 0 0 0 0 0 0 0 0 0.973259 0 0 0 0.670196 0.653137 0 0.593844 0 0.33738 0.762408 0 0 0 0 0 0 0 0 0 0 0
0 0 0 0 0 0 0 0 0 0.964175 0 0 0 0 0 0 0 0 0.734099 0 0 0 0.277417 0 0 0.24593 0 0 0 0 0.200332 0.923612 0 0 0 0 0.896752 0.342644 0 0.580947 0 0 0 0 0 0.249501 0 0 0 0 0 0.292862 0.311126 0 0 0 0.961784 0 0.60236 0 0.376227 0 0.956628 0 0 0 0.136632 0 0 0 0.867999 0 0 0 0 0 0 0 0 0 0 0 0 0 0 0 0 0.60169 0 0 0 0.983537 0.295445 0 0 0 0 0 0 0
0.198251 0 0 0 0 0 0 0.70605 0.556782 0.642876 0 0.744925 0 0 0 0 0 0 0 0.928477 0 0.723899 0 0 0 0 0 0 0 0 0 0 0 0 0 0 0 0 0.553186 0.220975 0 0.91581 0 0 0 0 0.596589 0 0.363303 0 0 0 0 0 0 0 0 0.307418 0 0 0 0 0.199725 0 0 0 0.387661 0 0.81642 0 0.299302 0 0.918668 0.466298 0 0 0 0.0966926 0 0 0 0.55464 0 0.868435 0 0 0.0992894 0 0 0.218741 0 0 0 0 0 0 0 0 0.679608 0
0 0 0.915516 0.602957 0 0 0 0 0 0 0 0 0.454101 0.688462 0 0 0 0 0 0.968679 0 0.931223 0 0.438099 0 0 0 0.183888 0 0 0 0 0 0 0 0 0 0 0 0 0.528952 0 0 0 0.113028 0 0 0 0 0 0 0.0585205 0 0 0 0 0.974984 0 0.607049 0.806935 0 0.272874 0 0.912973 0 0 0 0 0 0 0 0 0 0 0 0 0 0 0 0 0.901141 0 0 0.115855 0 0.580552 0 0 0 0 0 0 0 0 0 0 0 0 0 0
0.54073 0 0 0 0 0.811162 0.0496299 0 0 0.826881 0 0 0 0 0 0.0897753 0.883647 0 0 0 0 0 0 0 0 0 0.871138 0.355592 0.479263 0 0 0.370876 0 0.896752 0 0 0 0 0 0 0.76879 0 0 0.852548 0.857724 0 0 0 0.214394 0 0 0.900288 0.525373 0 0 0 0 0.366992 0.925468 0 0 0 0.564069 0 0 0 0 0 0.525554 0 0 0 0 0.119406 0 0.179774 0 0 0.449543 0 0.664545 0.790971 0 0 0 0 0 0 0 0 0 0 0 0 0 0 0.920623 0.185647 0 0
0 0 0 0 0.754907 0.952857 0 0.132587 0 0 0 0 0 0 0 0.30667 0 0 0 0 0 0 0 0 0 0 0 0 0.0713186 0 0 0 0 0.342644 0 0 0 0 0.572795 0.469491 0 0 0 0 0 0 0 0 0 0.541151 0 0 0 0 0 0.755835 0.781958 0 0 0 0 0 0 0 0.219017 0 0 0 0.41336 0 0 0.428661 0 0 0 0 0 0 0.936346 0 0 0 0 0 0 0 0 0 0 0 0 0 0 0.684346 0.625304 0 0 0.853753 0 0
0.23471 0 0 0.694025 0 0.536376 0 0 0 0.878513 0 0.637682 0 0 0 0 0 0 0 0 0 0.323497 0 0 0 0 0 0.380418 0 0 0 0 0 0 0.553186 0 0 0.572795 0 0 0 0 0.686478 0 0 0.942978 0 0 0 0 0.427537 0 0 0 0 0 0 0 0 0 0.817809 0 0 0 0 0 0 0 0 0 0.949664 0 0.417454 0 0 0 0 0 0 0.805276 0 0 0 0 0.818456 0.708582 0 0 0 0 0 0 0.101118 0 0 0 0 0 0 0
0 0 0 0 0.62222 0 0.425148 0 0 0.174705 0 0 0 0 0 0 0.34863 0 0 0 0 0.075532 0 0 0 0 0.746704 0 0 0 0 0 0 0.580947 0.220975 0 0 0.469491 0 0 0 0 0 0 0.835082 0.393183 0 0 0 0.688636 0 0 0.463485 0.400217 0 0 0 0.495105 0 0 0 0 0.723604 0 0 0 0 0 0 0.748998 0 0 0 0 0 0 0 0 0 0 0.596187 0 0 0.140745 0 0.0527174 0 0 0.954492 0 0 0 0 0 0.566564 0.933604 0 0 0 0
0 0 0 0.323201 0 0 0 0 0 0 0 0 0.54072 0 0 0 0 0.466585 0.853255 0.949057 0 0 0.506921 0 0 0 0 0 0 0.528495 0 0.574888 0 0 0 0.528952 0.76879 0 0 0 0 0.736865 0 0 0 0.395805 0.594764 0 0 0 0 0.407867 0 0 0.691372 0 0 0.823687 0 0 0 0 0 0 0 0 0 0 0 0 0 0 0 0 0.583015 0.295516 0 0.215357 0 0 0 0 0 0.503586 0.684801 0 0 0 0 0.920234 0.530597 0 0 0 0 0 0 0 0 0
0.584513 0 0 0 0 0.236246 0 0.884317 0 0 0.871759 0.364665 0 0.612503 0 0 0 0 0.17153 0.0811031 0 0.920705 0 0 0 0 0 0.796125 0 0.958799 0 0 0 0 0.91581 0 0 0 0 0 0.736865 0 0 0 0.367653 0 0.619315 0 0 0 0.197661 0 0 0 0 0.114907 0 0 0 0 0 0.66635 0.287222 0 0.449399 0 0 0 0 0 0 0 0 0 0.954531 0 0 0 0 0 0 0 0 0 0.582895 0 0 0 0 0.595849 0.505304 0 0 0.829363 0.0971034 0 0 0.141078 0 0
0.667381 0 0 0 0 0 0.816602 0 0 0 0.701246 0 0.909088 0.405916 0 0 0.594419 0.866448 0 0 0 0.25131 0 0 0 0 0 0 0 0 0.858878 0.0494221 0.125646 0 0 0 0 0 0.686478 0 0 0 0 0.370263 0 0 0 0 0.959725 0 0 0.656882 0 0 0.345733 0 0 0 0 0 0 0 0 0 0 0.805802 0 0.839887 0 0.234556 0 0 0 0 0 0.229373 0 0 0 0.609282 0 0.891228 0 0 0 0 0.242404 0.228463 0 0 0.827665 0 0.211348 0 0 0 0 0.828851 0 0
0 0 0.556998 0.388693 0 0 0 0 0 0.980074 0 0 0.820846 0.889978 0 0 0 0 0 0 0.692074 0.143741 0 0 0 0.647056 0.731302 0 0 0.633196 0 0.343153 0 0 0 0 0.852548 0 0 0 0 0 0.370263 0 0 0 0 0 0 0 0 0 0 0 0 0 0.136234 0 0.780912 0 0 0.457661 0 0 0 0 0 0 0 0.4593 0.462641 0 0 0 0 0 0 0 0 0.925279 0.474034 0.264658 0.894978 0.0546935 0 0 0.513538 0 0.561757 0 0 0.358113 0.0619914 0 0 0.829983 0.857741 0 0 0.955007
0 0 0 0 0 0 0.973219 0 0 0 0 0.802899 0.370989 0 0.845295 0.387055 0.292273 0.935648 0 0 0 0 0 0 0 0 0 0 0 0 0.299823 0 0 0 0 0.113028 0.857724 0 0 0.835082 0 0.367653 0 0 0 0 0 0 0 0 0.666155 0.779229 0 0.601964 0.340927 0.0913769 0 0 0 0 0 0.882091 0.542512 0 0 0 0 0 0 0 0 0.346041 0 0 0 0 0.754249 0.585581 0 0 0.122354 0 0 0 0 0 0 0 0.77449 0 0.699274 0 0.868312 0 0 0 0 0.210092 0 0
0 0 0 0 0 0 0 0.476842 0 0 0 0 0 0 0 0 0.605038 0 0.574934 0 0 0 0 0 0 0 0 0 0 0 0.276317 0.979817 0 0.249501 0 0 0 0 0.942978 0.393183 0.395805 0 0 0 0 0 0.209884 0 0 0 0 0 0 0.920748 0 0 0 0 0 0.353237 0 0 0 0 0.83296 0 0 0 0.109912 0.334918 0.330357 0.885352 0.249325 0 0 0.254896 0 0 0.497583 0 0 0.132696 0.0825968 0 0 0.118222 0 0.461421 0 0 0.689949 0 0 0 0 0 0 0 0 0.500746
0.281517 0 0 0 0 0 0 0.940813 0 0 0 0 0 0 0.271759 0.835399 0 0 0 0 0 0.203783 0 0 0 0 0 0 0 0 0 0 0 0 0.596589 0 0 0 0 0 0.594764 0.619315 0 0 0 0.209884 0 0.76851 0 0 0 0 0 0 0 0 0.659365 0.142984 0.795967 0 0 0 0 0 0 0 0.566361 0 0 0 0 0 0.736933 0.0472628 0 0 0 0.379435 0 0.302792 0 0 0 0 0 0 0 0.972007 0.402301 0 0 0 0 0 0 0 0.65532 0 0 0
0 0 0 0 0 0.262585 0.50431 0 0 0.98204 0 0 0.379064 0 0 0.579449 0.954821 0 0.335793 0 0 0 0 0 0 0 0 0.559235 0 0.599277 0.571401 0 0 0 0 0 0 0 0 0 0 0 0 0 0 0 0.76851 0 0.58564 0 0.310863 0 0 0 0 0.547506 0 0 0.329827 0 0 0 0 0 0.163401 0 0 0 0 0 0.779041 0 0 0 0 0.484823 0 0 0 0.811847 0 0 0 0 0 0.49358 0.956176 0 0 0.514689 0 0 0 0.541732 0.814655 0 0 0 0 0
0 0.411481 0 0 0 0 0 0 0.531791 0.0722448 0 0.63575 0 0 0 0.653114 0 0 0.934458 0 0.692461 0 0 0.223734 0 0 0 0 0 0.279569 0 0 0.408876 0 0.363303 0 0.214394 0 0 0 0 0 0.959725 0 0 0 0 0.58564 0 0 0 0 0 0 0 0 0.134593 0 0.17499 0.921715 0 0 0 0.752494 0 0 0 0.386529 0.980577 0.53323 0 0 0 0 0 0 0 0.758293 0 0 0 0 0 0.474114 0.429064 0 0 0.685725 0 0 0 0 0.80533 0 0 0 0 0 0.313067 0
0 0.65536 0 0.612158 0.692276 0 0.444261 0.201833 0 0 0.387696 0.883957 0.556728 0 0 0 0 0 0 0 0 0 0 0 0 0 0 0 0.934053 0 0 0 0.725433 0 0 0 0 0.541151 0 0.688636 0 0 0 0 0 0 0 0 0 0 0 0 0 0 0 0.949514 0 0 0 0 0.304696 0 0 0 0 0.835426 0 0.680962 0 0 0.0614649 0.734037 0 0 0 0.920415 0 0 0 0 0 0 0.90659 0.0907928 0 0 0 0 0.435434 0 0 0 0 0.677096 0.168879 0 0 0 0 0
0.0551531 0 0 0 0.238744 0.714015 0 0 0 0 0 0 0.377969 0 0.138076 0 0.46759 0 0 0 0 0 0 0 0.106895 0 0.808088 0 0 0 0 0 0 0 0 0 0 0 0.427537 0 0 0.197661 0 0 0.666155 0 0 0.310863 0 0 0 0 0 0 0 0 0 0 0 0 0 0 0.802203 0.785873 0 0 0 0.405167 0.267789 0 0.595988 0.794971 0 0 0 0.921085 0.129674 0 0.462107 0 0.124281 0.166863 0 0 0 0 0.253153 0 0 0 0 0 0 0 0 0 0.953899 0 0 0
0.149789 0 0 0.502282 0 0.354125 0 0 0 0.893009 0 0.765243 0 0.166017 0 0 0 0 0 0 0 0.553959 0 0 0.695391 0 0 0 0.843824 0.909122 0 0 0 0.292862 0 0.0585205 0.900288 0 0 0 0.407867 0 0.656882 0 0.779229 0 0 0 0 0 0 0 0 0 0 0 0.943362 0 0 0 0 0 0 0.495084 0.93109 0 0 0 0 0.202237 0 0.932749 0 0 0.609533 0 0 0.804997 0 0 0 0 0 0 0 0.866338 0 0 0 0 0 0.323825 0 0 0 0.389696 0 0.117529 0 0.844701
0 0 0 0 0 0 0.428217 0 0 0 0 0 0 0 0 0 0 0 0.0946959 0.4831 0 0 0.743311 0 0 0 0 0 0.0509978 0 0.606729 0 0 0.311126 0 0 0.525373 0 0 0.463485 0 0 0 0 0 0 0 0 0 0 0 0 0 0 0.335304 0 0.94996 0 0 0 0 0.21567 0 0 0 0 0 0 0 0 0 0 0 0 0 0 0 0 0 0 0 0.439904 0 0 0 0 0 0 0 0 0 0 0 0 0 0 0 0 0 0
0.820188 0 0.741049 0 0.499996 0 0 0.286815 0 0 0 0 0 0 0.85327 0 0 0 0.541381 0 0 0.305764 0 0 0.33082 0 0 0 0.624556 0.87989 0 0 0.352427 0 0 0 0 0 0 0.400217 0 0 0 0 0.601964 0.920748 0 0 0 0 0 0 0 0 0.87541 0 0 0 0 0 0 0 0 0 0 0 0 0 0 0 0.443552 0.342323 0 0.0926319 0 0.423368 0 0 0 0 0 0 0 0.492488 0 0 0 0 0 0 0 0 0 0 0 0 0.31725 0 0 0
0.49431 0 0 0.91315 0 0.0721728 0.368639 0 0 0 0.0681324 0 0 0 0.741498 0 0.913164 0 0 0.288257 0.71545 0 0 0 0 0.250458 0 0.34812 0 0.568809 0 0 0 0 0 0 0 0 0 0 0.691372 0 0.345733 0 0.340927 0 0 0 0 0 0 0 0.335304 0.87541 0 0 0.799471 0 0.433171 0 0 0 0 0 0 0 0 0.675356 0.138967 0 0 0 0 0 0 0 0 0 0.0803901 0 0.300708 0 0 0 0 0.967072 0 0 0.191042 0.693206 0 0 0 0 0 0 0.717912 0 0 0.365282
0 0 0.0992754 0 0 0.17237 0 0 0.143008 0 0 0 0.679541 0.54804 0 0 0 0 0 0 0 0 0.97903 0 0 0.405566 0 0 0.371978 0 0 0.378136 0 0 0 0 0 0.755835 0 0 0 0.114907 0 0 0.0913769 0 0 0.547506 0 0.949514 0 0 0 0 0 0 0.965727 0 0.51288 0 0 0 0 0 0 0 0 0 0.539588 0 0 0 0 0.729445 0.506049 0 0 0 0 0.627433 0 0 0 0 0 0 0 0 0 0 0 0.484332 0 0 0 0 0 0 0 0
0 0.551463 0 0 0 0 0 0 0 0 0 0 0 0 0 0 0 0 0.669372 0 0 0 0 0 0.325569 0 0 0 0 0 0 0 0 0.961784 0 0.974984 0 0.781958 0 0 0 0 0 0.136234 0 0 0.659365 0 0.134593 0 0 0.943362 0.94996 0 0.799471 0.965727 0 0 0 0 0 0 0 0 0 0 0 0 0.378274 0 0.305159 0 0 0 0.154464 0 0 0 0 0 0 0 0 0 0.465655 0 0.368471 0 0 0 0 0 0 0 0 0 0 0 0.637845 0.82715
0 0 0 0 0 0 0 0.193399 0.208894 0 0 0 0.966458 0 0 0 0 0 0 0.905587 0 0 0 0.742721 0.819047 0 0 0.216011 0 0 0 0.511593 0.728735 0 0.307418 0 0.366992 0 0 0.495105 0.823687 0 0 0 0 0 0.142984 0 0 0 0 0 0 0 0 0 0 0 0 0 0 0.317718 0 0 0 0 0 0.545099 0.362508 0.955734 0 0 0 0.468619 0 0 0 0.409363 0 0 0 0 0 0.931437 0 0 0 0 0 0.232376 0 0 0 0 0 0 0 0 0.255628 0
0.679728 0 0.947559 0 0.840642 0.296597 0 0 0 0 0 0 0 0 0.725029 0.97557 0.300975 0 0 0 0 0.972145 0 0 0.34875 0 0 0 0.628985 0 0.503991 0.440255 0.917782 0.60236 0 0.607049 0.925468 0 0 0 0 0 0 0.780912 0 0 0.795967 0.329827 0.17499 0 0 0 0 0 0.433171 0.51288 0 0 0 0 0 0.73886 0.63138 0 0.767321 0.842441 0 0 0 0 0 0 0 0 0 0 0 0 0.814353 0.912886 0 0 0 0 0 0 0 0.44807 0.105571 0 0 0 0 0 0 0.616763 0.162457 0.723797 0.123458 0.297867
0 0 0 0.511662 0 0 0 0.968121 0 0 0 0.29932 0 0 0 0 0 0 0 0 0 0 0 0 0 0 0 0.960243 0 0 0 0 0.35239 0 0 0.806935 0 0 0 0 0 0 0 0 0 0.353237 0 0 0.921715 0 0 0 0 0 0 0 0 0 0 0 0 0 0 0 0 0.809032 0 0.70786 0 0 0 0.503798 0 0 0 0.753732 0 0 0 0.402182 0.905521 0.67633 0 0.945571 0 0 0 0 0 0.361381 0.108664 0 0 0 0.0586131 0 0 0 0.226386 0
0 0 0 0 0 0 0 0 0 0 0 0.659778 0 0.636439 0 0.35134 0 0 0 0 0 0 0 0 0.101534 0 0 0 0 0 0 0 0 0.376227 0 0 0 0 0.817809 0 0 0 0 0 0 0 0 0 0 0.304696 0 0 0 0 0 0 0 0 0 0 0 0.915371 0 0 0 0 0 0 0 0 0 0 0.190563 0 0 0.782866 0.841145 0 0.941373 0.176469 0 0.659476 0 0 0.328216 0 0 0 0 0 0 0 0.262599 0 0 0 0 0.560051 0.218219 0.620331
0 0 0 0 0 0.102113 0 0 0.707281 0 0.0907623 0.688023 0 0 0 0.0699122 0 0 0 0 0 0 0 0 0 0.823073 0 0 0 0 0 0.820012 0 0 0 0.272874 0 0 0 0 0 0.66635 0 0.457661 0.882091 0 0 0 0 0 0 0 0.21567 0 0 0 0 0.317718 0.73886 0 0.915371 0 0 0 0 0.421786 0 0.48981 0 0.829312 0 0 0.695848 0 0 0 0 0.345005 0 0 0 0 0 0 0.163896 0 0 0.070451 0 0 0.0696262 0 0 0 0.833073 0 0 0.250162 0 0
0 0 0 0 0 0 0 0 0 0 0 0 0 0 0 0 0 0 0.10739 0 0.508681 0.971939 0 0 0 0 0 0 0 0 0 0 0 0.956628 0.199725 0 0.564069 0 0 0.723604 0 0.287222 0 0 0.542512 0 0 0 0 0 0.802203 0 0 0 0 0 0 0 0.63138 0 0 0 0 0 0 0 0.286142 0 0.170008 0 0.763665 0 0 0.115328 0 0 0.208741 0 0 0 0 0.912788 0 0 0 0 0 0 0 0 0 0 0 0 0 0 0 0 0 0
0 0 0 0 0 0 0.537954 0 0 0.439407 0 0 0.396225 0 0 0 0 0 0 0 0 0.383721 0 0 0 0 0 0.905343 0 0 0 0 0 0 0 0.912973 0 0 0 0 0 0 0 0 0 0 0 0 0.752494 0 0.785873 0.495084 0 0 0 0 0 0 0 0 0 0 0 0 0 0 0 0 0 0.311385 0 0 0 0 0 0 0 0 0.821366 0 0 0 0 0 0 0.263332 0.211467 0.880094 0 0 0 0 0 0 0 0 0 0 0 0
0 0.219975 0 0 0 0 0 0 0.782216 0 0 0.657239 0 0 0.220856 0 0 0 0 0 0 0 0 0.159256 0 0 0 0 0.899697 0.0557224 0 0.514842 0 0 0 0 0 0.219017 0 0 0 0.449399 0 0 0 0.83296 0 0.163401 0 0 0 0.93109 0 0 0 0 0 0 0.767321 0 0 0 0 0 0 0 0 0 0.154205 0 0 0 0 0.206745 0 0 0.454792 0 0 0 0.581232 0 0.298849 0 0.315517 0 0 0.210597 0 0 0 0 0 0 0 0 0 0 0 0
0 0 0.639272 0 0 0 0.679141 0 0 0 0.928074 0 0 0 0 0 0 0 0 0.88145 0 0.683182 0 0 0 0 0 0.896221 0 0.496934 0 0 0.794228 0 0 0 0 0 0 0 0 0 0.805802 0 0 0 0 0 0 0.835426 0 0 0 0 0 0 0 0 0.842441 0.809032 0 0.421786 0 0 0 0 0 0 0 0 0 0 0 0.98181 0 0 0 0 0 0.34023 0 0 0 0 0 0 0 0.33401 0.2701 0.786203 0 0.142102 0 0 0 0 0 0 0 0
0.232418 0 0 0 0.478158 0 0 0 0 0 0.28587 0 0 0 0 0 0 0 0 0 0 0 0.196635 0 0 0 0.164922 0.97323 0 0 0 0 0 0.136632 0.387661 0 0 0 0 0 0 0 0 0 0 0 0.566361 0 0 0 0 0 0 0 0 0 0 0 0 0 0 0 0.286142 0 0 0 0 0 0 0.586589 0.548082 0.815463 0 0 0.724538 0 0 0 0.546311 0 0 0 0 0 0.961549 0 0 0.9491 0.398938 0.346651 0.625978 0 0 0 0.220657 0 0 0 0 0.256071
0 0 0 0.98009 0 0 0.950117 0 0.437851 0 0.913113 0 0 0 0 0 0 0 0 0.736869 0 0 0.566925 0 0 0 0 0 0 0 0 0 0 0 0 0 0 0 0 0 0 0 0.839887 0 0 0 0 0 0.386529 0.680962 0.405167 0 0 0 0.675356 0 0 0.545099 0 0.70786 0 0.48981 0 0 0 0 0 0 0 0 0 0 0.968435 0.962351 0 0.05206 0 0 0.6265 0.841859 0 0.694886 0 0 0 0 0.566679 0 0 0.821153 0 0 0 0 0 0 0 0 0 0
0 0.575883 0 0 0 0 0.628607 0 0 0 0.922839 0.258964 0.0988142 0 0.449227 0 0 0 0.652702 0 0 0 0 0 0 0 0 0 0 0 0 0.301687 0.409317 0 0.81642 0 0.525554 0.41336 0 0 0 0 0 0 0 0.109912 0 0 0.980577 0 0.267789 0 0 0 0.138967 0.539588 0.378274 0.362508 0 0 0 0 0.170008 0 0.154205 0 0 0 0 0.307287 0 0 0 0.29926 0 0 0 0 0.767304 0.66911 0 0 0 0.126826 0 0 0 0.951936 0 0.0765948 0 0.378452 0.508278 0 0 0.126228 0.720363 0 0 0.764152
0 0 0 0.404286 0.312258 0 0 0.91373 0 0.921019 0 0 0 0 0 0 0 0 0 0 0 0 0.432022 0.639925 0 0 0 0 0 0 0 0 0 0 0 0 0 0 0 0.748998 0 0 0.234556 0.4593 0 0.334918 0 0 0.53323 0 0 0.202237 0 0 0 0 0 0.955734 0 0 0 0.829312 0 0.311385 0 0 0.586589 0 0.307287 0 0 0.733773 0 0 0.171171 0 0 0 0 0 0.469415 0.0470965 0 0.527127 0 0 0.369604 0 0.305752 0 0 0.590022 0 0 0.329223 0 0 0.924072 0.974227 0.551927
0.55132 0.745005 0.808436 0 0 0.794325 0 0 0 0.525784 0 0 0 0.0983059 0 0.159648 0 0.66762 0.0600474 0.820287 0 0 0 0 0 0.449682 0 0 0 0 0 0 0 0.867999 0.299302 0 0 0 0.949664 0 0 0 0 0.462641 0 0.330357 0 0.779041 0 0.0614649 0.595988 0 0 0.443552 0 0 0.305159 0 0 0 0 0 0.763665 0 0 0 0.548082 0 0 0 0 0 0.120775 0 0.0593482 0.858346 0 0.544706 0 0.768988 0 0 0 0 0.742654 0 0 0 0.694604 0 0.786294 0.570452 0 0 0.0948032 0.785997 0 0 0 0
0 0 0 0 0 0 0 0 0 0 0 0.518245 0.576641 0 0 0.781214 0 0 0 0 0 0 0.808741 0 0.0711819 0.397189 0 0 0 0 0.872629 0.185556 0 0 0 0 0 0.428661 0 0 0 0 0 0 0.346041 0.885352 0 0 0 0.734037 0.794971 0.932749 0 0.342323 0 0 0 0 0 0.503798 0 0 0 0 0 0 0.815463 0 0 0.733773 0 0 0.464027 0.143492 0 0 0 0.094124 0 0 0 0 0.814089 0 0 0 0 0 0.907632 0 0 0 0 0 0 0 0 0 0 0
0 0 0 0.355561 0 0.529119 0.674601 0 0 0 0 0 0 0 0.766611 0 0 0 0 0 0.949986 0 0 0 0 0 0 0 0 0 0 0 0 0 0.918668 0 0 0 0.417454 0 0 0 0 0 0 0.249325 0.736933 0 0 0 0 0 0 0 0 0 0 0 0 0 0.190563 0.695848 0 0 0 0 0 0.968435 0 0 0.120775 0.464027 0 0.486357 0 0 0 0 0 0 0 0 0 0 0 0 0 0 0 0 0 0 0 0.653511 0 0 0.947958 0 0 0.127319
0.254936 0.446856 0 0 0 0 0 0 0.900496 0 0 0 0 0.11386 0.34337 0 0 0 0.1849 0 0 0 0 0.650394 0 0 0.766862 0 0 0 0 0 0 0 0.466298 0 0.119406 0 0 0 0 0 0 0 0 0 0.0472628 0 0 0 0 0 0 0.0926319 0 0.729445 0 0.468619 0 0 0 0 0.115328 0 0.206745 0.98181 0 0.962351 0.29926 0 0 0.143492 0.486357 0 0 0.541876 0.377068 0 0 0 0 0.216047 0 0 0 0 0 0 0.226635 0 0 0.413783 0.0927906 0 0 0.436871 0 0 0 0
0 0 0 0.572419 0 0.538537 0 0 0 0 0 0.142601 0 0 0 0 0 0.0902101 0 0 0 0.298617 0 0 0 0 0.691311 0 0 0 0 0 0 0 0 0 0 0 0 0 0.583015 0.954531 0 0 0 0 0 0 0 0 0 0.609533 0 0 0 0.506049 0.154464 0 0 0 0 0 0 0 0 0 0.724538 0 0 0.171171 0.0593482 0 0 0 0 0.604569 0 0.555166 0.323461 0 0 0.124067 0.16416 0 0 0.67756 0.276454 0.471891 0.827972 0 0 0 0 0.582761 0 0 0.0636454 0 0 0
0 0.792821 0 0 0 0 0.222253 0 0 0 0 0.805954 0 0 0.906241 0 0.251658 0.771796 0 0 0 0 0 0.762933 0 0 0 0 0.406597 0 0.511162 0.240979 0 0 0 0 0.179774 0 0 0 0.295516 0 0.229373 0 0 0.254896 0 0.484823 0 0.920415 0.921085 0 0 0.423368 0 0 0 0 0 0.753732 0.782866 0 0 0 0 0 0 0.05206 0 0 0.858346 0 0 0.541876 0.604569 0 0 0 0 0 0 0 0 0 0.328647 0 0 0 0 0 0.207765 0 0.68957 0 0 0 0 0 0.158175 0
0.522043 0.556994 0 0 0 0 0 0 0 0.265719 0 0 0 0 0 0 0 0 0 0 0.240605 0 0 0 0 0 0.382634 0 0.233682 0.182303 0.620735 0 0 0 0 0 0 0 0 0 0 0 0 0 0.754249 0 0 0 0 0 0.129674 0 0 0 0 0 0 0 0 0 0.841145 0 0.208741 0 0.454792 0 0 0 0 0 0 0 0 0.377068 0 0 0 0 0 0.820269 0 0.962571 0 0 0 0 0 0 0.781057 0 0.0662445 0 0 0 0 0 0.577894 0 0 0
0 0 0 0 0.0893694 0 0 0 0 0 0 0.797473 0 0 0 0 0 0 0 0 0 0 0.913235 0 0 0 0.585466 0 0.551781 0 0 0 0 0 0.0966926 0 0 0 0 0 0.215357 0 0 0 0.585581 0 0.379435 0 0.758293 0 0 0.804997 0 0 0 0 0 0.409363 0 0 0 0.345005 0 0 0 0 0 0 0 0 0.544706 0.094124 0 0 0.555166 0 0 0 0 0 0.683103 0 0 0 0 0 0 0 0.875373 0 0 0 0 0 0 0.394767 0 0 0 0
0 0 0 0 0.680489 0 0 0 0 0 0 0 0 0.701644 0 0.380931 0 0.789373 0 0 0 0 0.938443 0.423243 0 0 0 0 0 0 0 0 0.973259 0 0 0 0.449543 0.936346 0 0 0 0 0 0 0 0.497583 0 0 0 0 0.462107 0 0 0 0.0803901 0 0 0 0.814353 0 0.941373 0 0 0.821366 0 0 0.546311 0.6265 0.767304 0 0 0 0 0 0.323461 0 0 0 0 0 0 0 0 0 0 0 0 0.604602 0 0.572564 0 0 0 0.246897 0 0 0 0 0.370552 0
0 0 0 0 0 0.118234 0.563151 0 0 0 0 0 0.964269 0 0 0 0 0 0 0.878389 0.358982 0 0 0.613394 0 0 0 0 0 0 0 0 0 0 0 0 0 0 0.805276 0 0 0 0.609282 0.925279 0 0 0.302792 0.811847 0 0 0 0 0 0 0 0.627433 0 0 0.912886 0.402182 0.176469 0 0 0 0 0.34023 0 0.841859 0.66911 0 0.768988 0 0 0 0 0 0.820269 0 0 0 0.901826 0 0 0.41938 0 0 0 0.592347 0.635492 0 0 0 0 0.931731 0 0 0.973782 0 0 0
0 0 0 0 0.798769 0.167685 0 0 0 0.343092 0 0.963321 0 0 0 0 0 0 0 0 0 0.222358 0.728984 0 0 0 0.181574 0 0.828106 0 0 0 0 0 0 0.901141 0.664545 0 0 0.596187 0 0 0 0.474034 0.122354 0 0 0 0 0 0.124281 0 0 0 0.300708 0 0 0 0 0.905521 0 0 0 0 0.581232 0 0 0 0 0.469415 0 0 0 0 0 0 0 0.683103 0 0.901826 0 0 0 0.894469 0.821799 0 0 0 0 0.950284 0.184745 0 0.460607 0.602786 0.825092 0 0.116224 0 0 0.432166
0.169522 0 0 0 0 0 0 0 0 0 0.753034 0 0 0.89138 0 0 0 0 0 0 0 0 0.51906 0 0 0 0 0.230292 0.589341 0 0 0 0 0 0.55464 0 0.790971 0 0 0 0 0 0.891228 0.264658 0 0.132696 0 0 0 0 0.166863 0 0.439904 0 0 0 0 0 0 0.67633 0.659476 0 0.912788 0 0 0 0 0.694886 0 0.0470965 0 0 0 0.216047 0.124067 0 0.962571 0 0 0 0 0 0.700089 0 0 0.31874 0 0 0.847554 0 0 0 0 0 0 0.884548 0 0 0.658168 0
0 0 0 0 0 0.473116 0 0.841631 0 0 0 0 0 0 0.371111 0 0.290765 0.958348 0 0 0 0 0 0 0 0 0 0 0 0.713195 0 0 0.670196 0 0 0 0 0 0 0 0 0 0 0.894978 0 0.0825968 0 0 0 0.90659 0 0 0 0 0 0 0 0 0 0 0 0 0 0 0.298849 0 0 0 0 0 0 0.814089 0 0 0.16416 0 0 0 0 0 0 0.700089 0 0.719277 0 0 0.75701 0 0.299638 0 0 0 0 0 0 0 0 0.961737 0 0.926004
0 0 0.546865 0 0 0.975171 0.950956 0 0 0 0 0 0.540851 0 0.824422 0 0 0 0 0.537192 0 0 0.94232 0.973188 0.144003 0 0 0 0 0 0 0.491837 0.653137 0 0.868435 0.115855 0 0 0 0.140745 0.503586 0 0 0.0546935 0 0 0 0 0.474114 0.0907928 0 0 0 0.492488 0 0 0 0.931437 0 0.945571 0 0 0 0 0 0 0 0 0.126826 0.527127 0 0 0 0 0 0 0 0 0 0.41938 0.894469 0 0.719277 0 0 0 0 0 0 0 0 0.131044 0 0.818362 0 0 0.160526 0 0.0941563 0.83041
0 0 0 0 0 0 0.477994 0 0.715422 0 0 0.930647 0 0 0 0 0.358171 0 0 0 0 0.434319 0 0 0.811048 0 0.652095 0.846485 0 0 0 0 0 0 0 0 0 0 0.818456 0 0.684801 0.582895 0 0 0 0 0 0 0.429064 0 0 0 0 0 0 0 0.465655 0 0 0 0.328216 0.163896 0 0 0.315517 0 0.961549 0 0 0 0.742654 0 0 0 0 0.328647 0 0 0 0 0.821799 0 0 0 0 0 0 0 0.425486 0 0.326891 0 0 0 0 0 0 0 0 0
0.0542564 0 0 0 0.271254 0 0 0 0 0 0.909652 0 0.633254 0 0 0.927292 0 0.193668 0 0 0.599765 0.780613 0.212245 0.499968 0 0 0 0 0 0 0 0 0.593844 0 0 0.580552 0 0 0.708582 0.0527174 0 0 0 0 0 0.118222 0 0.49358 0 0 0 0.866338 0 0 0.967072 0 0 0 0 0 0 0 0 0.263332 0 0 0 0 0 0 0 0 0 0 0.67756 0 0 0 0 0 0 0.31874 0 0 0 0 0 0 0 0 0 0 0 0 0 0 0 0.496008 0.898267 0
0 0 0.343324 0 0 0.513881 0 0 0.11033 0 0 0 0.130846 0 0 0 0 0 0 0.670917 0 0 0 0.276562 0.242296 0 0.443041 0 0.257326 0 0 0 0 0 0.0992894 0 0 0 0 0 0 0 0.242404 0.513538 0 0 0 0.956176 0 0 0.253153 0 0 0 0 0 0.368471 0 0 0 0 0 0 0.211467 0 0 0 0.566679 0 0.369604 0 0 0 0 0.276454 0 0 0 0 0 0 0 0.75701 0 0 0 0 0 0 0 0.829245 0 0 0 0 0 0.304317 0.217879 0 0
0.734454 0 0.799056 0 0 0 0 0.154349 0.778063 0 0 0 0 0.69299 0 0.531571 0 0.785885 0 0.743794 0 0 0.511615 0 0.229965 0.815005 0.648699 0 0 0 0 0 0.33738 0.60169 0 0 0 0 0 0 0 0 0.228463 0 0 0.461421 0.972007 0 0.685725 0 0 0 0 0 0 0 0 0 0.44807 0 0 0.070451 0 0.880094 0.210597 0.33401 0.9491 0 0.951936 0 0 0 0 0 0.471891 0 0 0 0.604602 0.592347 0 0 0 0 0 0 0 0 0.0973568 0 0 0 0 0 0 0 0.410648 0 0 0
0 0 0.723892 0.259615 0.708426 0 0 0 0 0.360832 0 0 0.822199 0 0 0 0 0 0 0 0 0 0 0 0 0.507386 0 0 0 0 0 0 0.762408 0 0 0 0 0 0 0.954492 0 0 0 0.561757 0.77449 0 0.402301 0 0 0.435434 0 0 0 0 0.191042 0 0 0 0.105571 0 0 0 0 0 0 0.2701 0.398938 0 0 0.305752 0.694604 0.907632 0 0.226635 0.827972 0 0.781057 0.875373 0 0.635492 0 0.847554 0.299638 0 0.425486 0 0 0.0973568 0 0.845142 0 0 0 0 0 0 0 0 0 0.393778
0.514336 0 0 0 0 0 0 0 0 0 0.408152 0 0 0 0 0 0 0 0 0 0.47263 0 0 0 0 0.730405 0 0 0 0.62124 0 0 0 0 0.218741 0 0 0 0 0 0.920234 0.595849 0 0 0 0 0 0.514689 0 0 0 0 0 0 0.693206 0 0 0.232376 0 0.361381 0 0 0 0 0 0.786203 0.346651 0.821153 0.0765948 0 0 0 0 0 0 0 0 0 0.572564 0 0.950284 0 0 0 0 0 0 0 0.845142 0 0 0 0 0 0 0.874134 0 0 0.887174 0
0.209804 0 0 0 0 0 0 0 0 0 0 0 0.0940978 0 0 0.431009 0.283751 0 0 0.878908 0 0 0 0 0 0 0 0 0 0 0 0.77177 0 0 0 0 0 0 0 0 0.530597 0.505304 0.827665 0 0.699274 0.689949 0 0 0 0 0 0 0 0 0 0 0 0 0 0.108664 0 0.0696262 0 0 0 0 0.625978 0 0 0 0.786294 0 0 0 0 0.207765 0.0662445 0 0 0 0.184745 0 0 0 0.326891 0 0.829245 0 0 0 0 0 0 0.0463111 0 0 0 0 0.467106 0
0 0.819901 0 0 0.549789 0.15812 0 0 0.0493153 0 0 0 0 0.404577 0.790965 0 0 0.408894 0 0 0.787583 0.475123 0.479718 0 0 0 0 0.866531 0 0.536087 0.467744 0 0 0.983537 0 0 0 0 0 0 0 0 0 0.358113 0 0 0 0 0 0 0 0.323825 0 0 0 0.484332 0 0 0 0 0 0 0 0 0 0.142102 0 0 0.378452 0.590022 0.570452 0 0 0.413783 0 0 0 0 0 0 0 0 0 0.131044 0 0 0 0 0 0 0 0 0 0 0 0 0 0 0 0
0 0 0 0.373949 0.322685 0 0 0 0.461578 0 0 0.541647 0.706818 0 0.731752 0 0 0.981128 0 0 0 0 0 0 0 0 0 0 0.932717 0.515427 0 0 0 0.295445 0 0 0 0 0.101118 0 0 0 0.211348 0.0619914 0.868312 0 0 0 0.80533 0 0 0 0 0 0 0 0 0 0 0 0.262599 0 0 0 0 0 0 0 0.508278 0 0 0 0 0.0927906 0 0.68957 0 0 0 0 0.460607 0 0 0 0 0 0 0 0 0 0 0 0 0 0.193025 0 0 0 0 0
0.620034 0 0.798645 0.0797704 0 0.645557 0.76344 0 0 0 0 0 0 0.83287 0.642976 0 0 0 0 0 0 0 0 0.518376 0 0 0 0.167687 0.415687 0.225325 0.572373 0 0 0 0 0 0 0.684346 0 0 0 0.829363 0 0 0 0 0 0.541732 0 0.677096 0 0 0 0 0 0 0 0 0 0 0 0 0 0 0 0 0 0 0 0 0 0 0.653511 0 0.582761 0 0 0 0.246897 0.931731 0.602786 0 0 0.818362 0 0 0 0 0 0 0.0463111 0 0 0 0 0 0 0 0 0
0 0 0 0.0623715 0.727848 0 0 0 0 0 0 0 0 0.353352 0.434164 0 0.781864 0 0.708183 0 0 0 0.406509 0.199975 0 0 0.291754 0 0 0 0 0 0 0 0 0 0 0.625304 0 0.566564 0 0.0971034 0 0 0 0 0 0.814655 0 0.168879 0 0 0 0 0 0 0 0 0 0.0586131 0 0.833073 0 0 0 0 0.220657 0 0 0.329223 0.0948032 0 0 0 0 0 0 0 0 0 0.825092 0 0 0 0 0 0 0 0 0 0 0 0.193025 0 0 0 0 0 0 0
0 0 0 0 0 0.753382 0 0 0 0 0.187077 0 0 0.611484 0 0.0493229 0.603986 0 0 0 0 0 0 0 0.925405 0 0.585963 0 0 0.713282 0.896411 0 0 0 0 0 0 0 0 0.933604 0 0 0 0.829983 0 0 0 0 0 0 0 0.389696 0 0 0 0 0 0 0.616763 0 0 0 0 0 0 0 0 0 0.126228 0 0.785997 0 0 0.436871 0 0 0 0.394767 0 0 0 0.884548 0 0 0 0 0 0 0 0.874134 0 0 0 0 0 0 0 0.271915 0 0
0.261158 0 0 0 0 0 0.487637 0 0 0 0 0 0 0.941251 0.297224 0 0 0 0.797579 0 0.327926 0 0.406083 0 0 0 0 0.672847 0 0 0 0 0 0 0 0 0.920623 0 0 0 0 0 0 0.857741 0 0 0.65532 0 0 0 0.953899 0 0 0.31725 0.717912 0 0 0 0.162457 0 0 0 0 0 0 0 0 0 0.720363 0 0 0 0.947958 0 0.0636454 0 0.577894 0 0 0.973782 0.116224 0 0 0.160526 0 0 0.304317 0.410648 0 0 0 0 0 0 0 0 0 0 0 0.602289
0 0 0 0.1616 0 0 0 0 0 0.370863 0 0 0.0635652 0 0 0 0 0 0.296213 0 0 0 0 0.183076 0.145221 0 0 0 0 0.260088 0 0 0 0 0 0 0.185647 0.853753 0 0 0 0.141078 0.828851 0 0.210092 0 0 0 0 0 0 0.117529 0 0 0 0 0 0 0.723797 0 0.560051 0.250162 0 0 0 0 0 0 0 0.924072 0 0 0 0 0 0 0 0 0 0 0 0 0.961737 0 0 0.496008 0.217879 0 0 0 0 0 0 0 0 0.271915 0 0 0 0.656184
0 0.866443 0 0 0 0 0 0 0.480994 0.53267 0.110775 0 0 0.439713 0 0 0 0 0 0.848032 0 0 0.686168 0 0 0 0 0 0 0 0 0 0 0 0.679608 0 0 0 0 0 0 0 0 0 0 0 0 0 0.313067 0 0 0 0 0 0 0 0.637845 0.255628 0.123458 0.226386 0.218219 0 0 0 0 0 0 0 0 0.974227 0 0 0 0 0 0.158175 0 0 0.370552 0 0 0.658168 0 0.0941563 0 0.898267 0 0 0 0.887174 0.467106 0 0 0 0 0 0 0 0 0
0 0 0 0 0 0 0 0.825131 0 0.114389 0 0 0 0 0 0 0.868591 0.348187 0 0.774568 0 0 0 0 0.937893 0 0 0 0 0 0 0 0 0 0 0 0 0 0 0 0 0 0 0.955007 0 0.500746 0 0 0 0 0 0.844701 0 0 0.365282 0 0.82715 0 0.297867 0 0.620331 0 0 0 0 0 0.256071 0 0.764152 0.551927 0 0 0.127319 0 0 0 0 0 0 0 0.432166 0 0.926004 0.83041 0 0 0 0 0.393778 0 0 0 0 0 0 0 0.602289 0.656184 0 0
