100
0 0 0.391903 0.387513 0 0.831036 0 0.380963 0 0 0 0 0 0 0 0 0 0 0 0 0 0 0 0.488657 0 0 0 0 0 0 0 0 0 0 0.198251 0.891225 0.54073 0 0 0.301417 0 0.584513 0 0 0 0.525244 0 0 0 0 0 0.149789 0 0.109625 0 0 0 0.493504 0.679728 0 0 0 0.531748 0 0 0.922038 0.232418 0 0 0 0.55132 0 0.191014 0 0 0 0.522043 0 0 0 0 0.169522 0 0 0.266557 0.0542564 0 0 0 0 0 0 0 0 0 0 0.261158 0.708849 0 0.628624
0 0 0 0 0 0 0 0 0 0 0 0 0 0 0 0 0 0.798713 0 0 0 0 0.0742823 0 0 0 0 0 0 0 0 0 0 0 0 0 0.715174 0 0 0.35474 0 0 0 0 0 0 0 0 0 0.65536 0.388558 0 0 0 0 0 0.551463 0 0.129048 0 0 0 0 0 0 0 0 0.499146 0.575883 0 0 0 0 0 0 0.792821 0 0 0 0 0 0 0 0 0 0 0 0 0 0.976763 0.704957 0.819901 0 0 0 0 0.807142 0 0 0
0.391903 0 0 0 0.249133 0 0 0.303219 0 0 0 0 0 0 0 0 0.702394 0.498516 0 0 0 0 0 0.0507149 0 0 0 0 0 0.323656 0 0 0 0 0 0.915516 0 0 0.246414 0 0 0 0.133757 0 0 0.861549 0 0 0 0.753305 0.516536 0 0 0 0.32492 0 0 0 0.947559 0 0 0 0 0 0 0.639272 0.14883 0 0 0 0.808436 0 0 0 0.550685 0.502489 0 0.588021 0 0 0.270288 0.85233 0 0.546865 0 0 0.343324 0.799056 0.723892 0 0 0 0 0.798645 0 0 0.46501 0 0 0
0.387513 0 0 0 0 0.84831 0 0 0 0.145074 0.959607 0 0 0 0 0 0.524641 0 0 0.549581 0 0.344937 0 0 0 0.58428 0 0 0 0 0.826551 0 0 0 0 0 0 0 0 0.377952 0.915679 0 0 0 0 0 0 0.453959 0 0 0 0.502282 0 0 0.91315 0 0 0 0 0.64914 0.979383 0.442686 0 0 0 0 0 0 0 0.404286 0 0 0 0 0.572419 0 0 0 0.920975 0 0 0 0 0 0 0 0 0 0 0.507441 0 0 0 0 0 0.656199 0 0 0 0
0 0 0.249133 0 0 0 0.347674 0 0 0 0.727623 0 0 0 0 0 0 0 0 0.226767 0.444792 0 0 0 0 0 0 0.429107 0.811034 0 0 0.851388 0 0.291127 0 0 0.834597 0 0 0.62222 0 0 0.439045 0 0 0.796676 0 0 0 0.692276 0 0 0 0 0 0.933245 0 0 0 0 0 0 0 0 0 0 0 0 0.14388 0 0 0 0 0 0 0 0.79554 0.0893694 0.680489 0 0 0 0 0 0 0 0 0 0.396768 0 0.731938 0 0 0 0.650346 0 0 0 0.814946 0
0.831036 0 0 0.84831 0 0 0.565071 0 0 0 0 0.529622 0 0 0 0 0 0.544503 0 0 0 0 0 0.372723 0 0 0.449546 0 0.667864 0 0.759431 0 0.644281 0 0 0.421063 0 0.302297 0 0 0 0 0 0 0 0 0 0 0 0 0 0 0 0 0.0721728 0.17237 0 0 0 0 0 0.102113 0.443772 0 0.849177 0 0 0 0.257861 0 0.794325 0 0.529119 0 0.538537 0 0 0 0 0 0.167685 0 0.473116 0 0 0 0.513881 0 0 0 0 0.15812 0 0.645557 0.567541 0.753382 0 0 0 0.093609
0 0 0 0 0.347674 0.565071 0 0 0 0.378933 0 0 0 0 0 0 0 0 0.960019 0.146422 0.347008 0 0 0 0.822991 0 0.886349 0.912304 0 0 0 0.331421 0.373237 0.778316 0 0 0.0496299 0 0.927769 0 0 0 0.816602 0 0.973219 0 0 0 0 0 0 0 0.428217 0 0 0.752036 0 0 0 0 0 0.541081 0 0 0 0.679141 0 0.950117 0 0 0 0.401207 0 0 0 0.222253 0 0 0 0 0 0 0 0.950956 0.477994 0.794004 0 0 0 0.652016 0 0.698027 0 0.76344 0 0.501851 0 0.649548 0.848972 0
0.380963 0 0.303219 0 0 0 0 0 0 0.31795 0 0 0 0.708209 0 0 0 0.708092 0 0 0 0 0 0.904956 0 0 0 0 0 0 0.442734 0 0 0.248484 0.70605 0 0 0.945558 0 0 0 0 0.763116 0 0 0 0 0.893905 0.442515 0.204403 0 0 0 0 0.215873 0.82841 0 0 0 0.968121 0 0 0.640035 0 0 0 0.36968 0 0 0.91373 0 0.84982 0 0 0.393545 0 0 0.839776 0.891139 0 0 0 0.841631 0 0 0 0 0.154349 0.45168 0 0 0 0 0 0 0.20279 0 0.493647 0 0.825131
0 0 0 0 0 0 0 0 0 0 0 0 0 0.670749 0 0.113128 0 0 0.1866 0 0 0 0.487267 0 0 0.84239 0 0 0.0692285 0.24666 0.0572626 0 0 0.776603 0 0 0.761094 0 0 0 0 0.787706 0.234921 0 0 0 0.910385 0.60053 0.59911 0 0 0 0 0 0 0 0.636943 0.208894 0 0 0 0.707281 0 0 0 0 0 0 0 0 0 0 0 0 0 0 0.346501 0 0 0 0 0 0 0 0.715422 0 0.11033 0.778063 0 0 0 0 0.461578 0 0 0 0 0 0.480994 0
0 0 0 0.145074 0 0 0.378933 0.31795 0 0 0 0 0.306412 0 0 0 0 0 0 0 0 0 0 0.337833 0 0 0.813792 0 0 0.810861 0 0 0 0.964175 0 0 0.826881 0 0.878513 0 0 0.12921 0 0.221788 0 0 0 0 0 0 0 0.893009 0.822894 0 0.532206 0 0 0 0 0.298913 0 0 0 0 0 0 0 0 0 0.921019 0.525784 0 0 0 0 0 0 0 0.282354 0 0.343092 0.861537 0 0 0 0 0 0 0.360832 0 0.78024 0 0 0.947091 0 0 0 0.370863 0 0.114389
0 0 0 0.959607 0.727623 0 0 0 0 0 0 0 0 0 0 0 0 0 0.896748 0.438021 0.63425 0 0 0 0 0 0 0 0 0 0 0 0 0 0 0 0.188477 0 0 0 0 0.871759 0.926676 0 0 0 0 0.588585 0 0 0 0.892337 0 0.851392 0.0681324 0 0 0 0 0 0 0.0907623 0 0.0483768 0 0 0 0 0 0 0 0 0 0 0 0 0 0 0 0 0 0.753034 0 0 0 0.909652 0 0.4683 0 0 0 0 0 0 0 0.187077 0 0.939604 0.110775 0
0 0 0 0 0 0.529622 0 0 0 0 0 0 0 0.124059 0 0 0.865106 0 0 0.342396 0 0 0 0 0 0 0 0 0 0 0 0 0 0 0.744925 0 0 0 0.637682 0 0 0.364665 0 0 0.802899 0 0 0.432827 0 0.883957 0 0.765243 0 0 0 0 0 0.160603 0 0.29932 0.659778 0.688023 0.748382 0 0.657239 0 0 0 0 0 0 0 0.967613 0 0 0.234425 0 0.797473 0 0 0.963321 0.27216 0.612684 0.758155 0.930647 0 0 0 0 0 0.833018 0 0.541647 0 0 0 0 0 0 0
0 0 0 0 0 0 0 0 0 0.306412 0 0 0 0 0 0.202903 0.190037 0 0.541352 0 0 0.744264 0.848367 0 0 0 0 0 0 0 0 0 0 0 0 0.454101 0 0 0 0 0.54072 0 0 0 0.370989 0 0 0.379064 0 0 0 0 0 0 0 0.679541 0.140285 0.966458 0 0 0.612732 0 0 0 0 0 0 0 0.0988142 0 0.627371 0.401855 0 0 0 0 0 0 0 0.964269 0 0 0 0.540851 0 0.633254 0.130846 0 0 0 0 0 0.706818 0.897168 0.651018 0 0 0 0 0
0 0 0 0 0 0 0 0.708209 0.670749 0 0 0.124059 0 0 0 0.436323 0 0.199276 0 0 0 0.217461 0 0 0 0 0.479679 0 0 0 0.486687 0.125699 0 0 0.511385 0 0 0 0 0 0.256681 0 0.405916 0.889978 0 0 0.286159 0 0 0 0 0 0.980848 0 0.746914 0.54804 0.127365 0 0 0.0903303 0.636439 0 0 0 0.25005 0 0 0 0.488121 0 0 0 0 0 0 0 0 0 0 0 0 0.170032 0 0 0 0 0.517067 0.69299 0 0 0.696619 0 0 0.229278 0.353352 0.162313 0 0 0 0
0 0 0 0 0 0 0 0 0 0 0 0 0 0 0 0 0 0 0.527954 0 0 0 0 0 0 0.103375 0 0 0 0.418594 0 0 0.429208 0 0.730977 0 0.42384 0 0.681421 0.812765 0 0.363793 0 0 0 0 0.271759 0 0 0 0.261887 0 0 0 0 0 0 0 0.725029 0 0 0 0 0 0 0 0.532443 0.175927 0.449227 0.0947399 0.135673 0.644401 0.766611 0.34337 0 0 0 0 0 0 0 0 0 0 0 0 0 0 0 0 0 0 0 0 0 0 0 0.499855 0 0
0 0 0 0 0 0 0 0 0.113128 0 0 0 0.202903 0.436323 0 0 0 0.583768 0 0 0 0 0 0 0 0 0 0 0 0 0 0 0.975611 0 0 0 0.0897753 0.30667 0 0 0 0.0558909 0 0 0.387055 0 0.835399 0 0.653114 0 0 0 0 0 0 0 0 0 0.97557 0 0 0 0 0 0 0 0 0 0 0 0 0.781214 0.279213 0 0 0 0 0 0 0 0 0 0 0 0 0 0 0 0 0 0.431009 0.589158 0.11468 0 0 0.0493229 0 0 0 0.608402
0 0 0.702394 0.524641 0 0 0 0 0 0 0 0.865106 0.190037 0 0 0 0 0 0 0 0 0 0 0 0 0.251384 0 0 0 0 0 0 0.213348 0 0 0 0.883647 0 0 0 0 0 0.594419 0 0 0.819132 0 0 0 0 0.46759 0 0.495521 0 0.913164 0 0 0 0 0.459165 0 0 0 0.735439 0 0 0 0 0 0 0 0.787194 0 0 0 0 0 0 0 0 0 0 0.290765 0 0 0 0 0 0 0 0.283751 0 0 0.534038 0.102458 0.603986 0 0 0 0.868591
0 0.798713 0.498516 0 0 0.544503 0 0.708092 0 0 0 0 0 0.199276 0 0.583768 0 0 0.485836 0 0 0 0 0 0 0.167857 0 0 0 0 0 0 0.314251 0 0 0 0 0 0 0 0 0 0 0 0 0 0 0.369645 0 0 0.328255 0 0.42013 0 0 0 0 0 0 0 0 0.696195 0 0 0.823738 0 0 0 0 0 0.66762 0.933997 0 0 0 0 0 0 0.789373 0 0 0 0 0 0 0.193668 0 0.785885 0 0.474863 0 0 0.92927 0 0 0 0.251831 0 0 0.348187
0 0 0 0 0 0 0.960019 0 0.1866 0 0.896748 0 0.541352 0 0.527954 0 0 0.485836 0 0.663285 0 0 0.744873 0.388738 0.33936 0 0.562911 0 0.963856 0 0 0 0 0 0.213688 0 0.547675 0 0.176929 0 0 0 0 0.97094 0 0.574934 0 0 0.934458 0 0 0 0 0.541381 0 0 0 0 0 0 0 0 0 0.852397 0 0 0 0 0.652702 0 0.741217 0 0 0.1849 0 0.505467 0 0 0 0 0 0.467261 0 0 0 0.676529 0 0 0 0 0 0 0 0 0.708183 0 0 0.296213 0 0
0 0 0 0.549581 0.226767 0 0.146422 0 0 0 0.438021 0.342396 0 0 0 0 0 0 0.663285 0 0 0.579208 0 0 0 0 0 0.19633 0 0 0.773577 0.750421 0 0 0 0 0 0 0 0 0.949057 0.0811031 0 0.635121 0 0 0 0 0 0 0 0 0 0 0.288257 0.623331 0 0 0 0 0 0.146089 0 0 0 0.88145 0 0.736869 0.283329 0.763614 0.871447 0 0 0 0 0 0 0 0 0.878389 0 0 0 0.537192 0 0 0.670917 0.743794 0 0 0.878908 0 0.106327 0 0 0 0 0 0.848032 0.547687
0 0 0 0 0.444792 0 0.347008 0 0 0 0.63425 0 0 0 0 0 0 0 0 0 0 0 0 0 0 0 0.505625 0 0 0 0 0 0 0 0.0545228 0 0 0 0 0 0 0 0.342655 0.692074 0 0 0 0 0 0.560061 0 0 0 0.626633 0 0 0 0.665287 0 0.947966 0 0.710169 0 0 0 0 0 0 0.906859 0 0 0 0 0 0 0.789539 0.505651 0 0 0.358982 0 0 0 0.978397 0 0 0 0 0.624428 0.268007 0 0 0 0 0 0 0 0 0.795059 0
0 0 0 0.344937 0 0 0 0 0 0 0 0 0.744264 0.217461 0 0 0 0 0 0.579208 0 0 0.754979 0 0 0.359334 0 0 0 0 0.101164 0.66606 0 0.541464 0.723899 0.931223 0 0 0.323497 0 0.535231 0 0 0.143741 0 0 0 0 0.871132 0 0 0 0 0 0.409254 0 0 0 0 0.33732 0 0 0.971939 0 0 0.683182 0 0 0 0 0 0 0 0 0.298617 0 0.729194 0 0.894364 0 0.222358 0 0 0 0.434319 0 0 0 0 0.195228 0 0 0 0 0 0.2771 0 0 0 0
0 0.0742823 0 0 0 0 0 0 0.487267 0 0 0 0.848367 0 0 0 0 0 0.744873 0 0 0.754979 0 0 0 0 0 0 0 0 0 0 0.240264 0 0 0 0 0 0 0 0.79179 0 0 0 0 0 0 0.983386 0 0 0 0 0 0 0 0.97903 0 0 0.946928 0 0 0 0 0 0 0 0 0.845037 0 0 0 0.572131 0.757275 0.136859 0 0 0 0 0.938443 0 0 0 0.69863 0.94232 0 0.212245 0.143068 0 0 0 0 0 0 0 0.398036 0 0 0.482673 0.686168 0.552613
0.488657 0 0.0507149 0 0 0.372723 0 0.904956 0 0.337833 0 0 0 0 0 0 0 0 0.388738 0 0 0 0 0 0.651222 0 0 0 0 0.394578 0 0 0 0.10809 0 0 0 0 0 0 0 0 0 0 0.964724 0 0 0 0 0 0 0 0 0 0 0 0.711003 0.742721 0 0 0 0 0 0.70341 0 0 0 0 0.144961 0 0 0.732338 0 0 0 0.79211 0 0 0 0 0 0 0 0.973188 0 0 0.276562 0 0 0 0 0 0.311474 0.518376 0 0 0 0 0 0.839643
0 0 0 0 0 0 0.822991 0 0 0 0 0 0 0 0 0 0 0 0.33936 0 0 0 0 0.651222 0 0 0.19046 0 0 0.980137 0.316353 0.456447 0 0.145979 0 0 0 0 0 0 0 0 0 0 0 0 0 0 0 0 0.106895 0.695391 0 0.33082 0 0 0.325569 0.731581 0.34875 0 0.101534 0 0 0 0 0 0 0 0 0 0 0.0711819 0 0 0 0 0.232621 0 0 0 0.51682 0.889799 0 0.144003 0.811048 0.466657 0 0.229965 0 0.956465 0 0 0 0 0.590881 0 0 0.659138 0.718061 0.937893
0 0 0 0.58428 0 0 0 0 0.84239 0 0 0 0 0 0.103375 0 0.251384 0.167857 0 0 0 0.359334 0 0 0 0 0 0 0 0.429292 0 0.45704 0 0.295558 0 0.164085 0 0 0 0 0 0 0 0.647056 0 0 0 0.943959 0.602658 0 0 0 0 0 0.250458 0.405566 0 0 0 0 0 0.823073 0 0 0.693163 0 0 0 0 0 0.449682 0.397189 0 0 0 0.296827 0 0 0 0 0 0 0 0.642939 0 0 0 0 0.507386 0.730405 0 0 0 0 0.413998 0 0 0 0 0
0 0 0 0 0 0.449546 0.886349 0 0 0.813792 0 0 0 0.479679 0 0 0 0 0.562911 0 0.505625 0 0 0 0.19046 0 0 0 0 0 0 0.630076 0 0 0 0 0.871138 0 0 0 0 0 0.45759 0.470196 0 0 0 0 0 0 0.808088 0 0 0 0 0.0729664 0 0 0 0 0 0 0 0 0 0 0 0 0.538022 0 0 0 0 0 0.691311 0 0.382634 0.585466 0.437358 0 0 0 0 0 0.652095 0 0 0 0.777991 0 0 0 0 0 0.291754 0.585963 0 0 0.414395 0
0 0 0 0 0.429107 0 0.912304 0 0 0 0 0 0 0 0 0 0 0 0 0.19633 0 0 0 0 0 0 0 0 0 0.119498 0 0 0 0 0 0 0 0 0 0 0.270168 0 0.35761 0 0.174259 0 0 0 0 0 0 0 0 0.739321 0 0 0 0 0 0.960243 0 0 0 0.905343 0 0 0.97323 0 0 0.119884 0 0 0.73215 0 0.181444 0 0 0 0 0 0 0 0 0 0.846485 0 0 0 0.902441 0.55936 0 0 0 0 0 0 0 0.0599394 0 0
0 0 0 0 0.811034 0.667864 0 0 0.0692285 0 0 0 0 0 0 0 0 0 0.963856 0 0 0 0 0 0 0 0 0 0 0 0 0.783867 0.96725 0 0 0 0.479263 0.0713186 0.122326 0 0 0 0 0 0 0 0 0 0 0.0547005 0.93576 0.843824 0.0509978 0 0 0.371978 0.10032 0 0.628985 0 0 0 0 0 0 0 0 0.187123 0 0.547682 0 0 0 0 0 0.414712 0 0.551781 0 0 0 0 0 0 0 0 0 0 0 0 0 0 0 0.415687 0 0 0 0 0 0.336905
0 0 0.323656 0 0 0 0 0 0.24666 0.810861 0 0 0 0 0.418594 0 0 0 0 0 0 0 0 0.394578 0.980137 0.429292 0 0.119498 0 0 0.604457 0 0 0.153511 0 0 0 0 0 0 0.657286 0.958799 0 0.633196 0 0 0 0.599277 0 0 0 0 0 0.87989 0 0.520678 0 0 0 0.780284 0 0.49833 0 0 0 0.496934 0 0 0 0 0 0 0 0.957842 0 0 0.182303 0 0 0 0 0.606296 0 0.224523 0.753729 0 0 0 0 0 0 0.536087 0 0 0 0 0 0 0 0.106659
0 0 0 0.826551 0 0.759431 0 0.442734 0.0572626 0 0 0 0 0.486687 0 0 0 0 0 0.773577 0 0.101164 0 0 0.316353 0 0 0 0 0.604457 0 0 0 0.200332 0 0.267204 0 0.940519 0 0.871346 0 0 0.858878 0 0.299823 0 0 0.571401 0 0 0 0 0 0 0 0 0 0 0.503991 0 0.981967 0 0 0.960984 0 0 0 0 0 0.665425 0 0.872629 0.788346 0 0.441998 0.511162 0.552368 0 0 0 0 0 0 0 0 0.534558 0 0 0 0 0 0.467744 0 0 0 0 0.578584 0.6384 0.172787 0
0 0 0 0 0.851388 0 0.331421 0 0 0 0 0 0 0.125699 0 0 0 0 0 0.750421 0 0.66606 0 0 0.456447 0.45704 0.630076 0 0.783867 0 0 0 0 0.923612 0 0 0.370876 0 0 0 0 0 0 0.343153 0.519006 0 0.927185 0.924043 0 0 0 0 0.319951 0 0.070529 0 0 0.511593 0.0519166 0 0.977067 0.820012 0 0 0.610524 0 0.610314 0 0 0 0 0.185556 0 0 0.290443 0.240979 0.936265 0 0 0 0 0.89915 0 0.491837 0 0 0 0.148297 0 0 0.77177 0 0 0 0.11024 0.678179 0 0 0 0
0 0 0 0 0 0.644281 0.373237 0 0 0 0 0 0 0 0.429208 0.975611 0.213348 0.314251 0 0 0 0 0.240264 0 0 0 0 0 0.96725 0 0 0 0 0 0 0 0.146595 0 0 0 0 0 0.222819 0 0 0 0 0 0.408876 0.725433 0 0 0.895565 0.352427 0 0 0 0 0 0 0 0 0 0 0 0 0.771027 0 0 0 0 0 0 0.37643 0 0 0 0 0 0 0 0 0 0.0923268 0 0 0 0 0.762408 0 0 0 0 0.769814 0 0 0 0 0 0
0 0 0 0 0.291127 0 0.778316 0.248484 0.776603 0.964175 0 0 0 0 0 0 0 0 0 0 0 0.541464 0 0.10809 0.145979 0.295558 0 0 0 0.153511 0.200332 0.923612 0 0 0 0 0.896752 0 0 0 0 0 0 0 0 0.249501 0 0 0 0 0 0.540173 0.311126 0.854609 0 0.161047 0.961784 0.921862 0.47034 0 0.376227 0 0 0.334571 0 0 0 0 0 0.524322 0.867999 0.102463 0 0 0 0 0 0 0 0 0.0816714 0 0.925632 0 0 0 0.440916 0 0 0 0 0 0 0 0 0 0.899066 0 0 0
0.198251 0 0 0 0 0 0 0.70605 0 0 0 0.744925 0 0.511385 0.730977 0 0 0 0.213688 0 0.0545228 0.723899 0 0 0 0 0 0 0 0 0 0 0 0 0 0 0 0 0 0.220975 0 0.91581 0 0 0 0.76831 0.596589 0 0 0 0 0 0 0 0 0 0 0.307418 0 0 0 0.190203 0.199725 0 0 0 0 0 0 0 0.299302 0 0.918668 0 0 0 0 0 0 0 0 0 0 0.868435 0 0 0.0992894 0 0.982012 0 0 0 0 0.921546 0 0 0 0 0.679608 0
0.891225 0 0.915516 0 0 0.421063 0 0 0 0 0 0 0.454101 0 0 0 0 0 0 0 0 0.931223 0 0 0 0.164085 0 0 0 0 0.267204 0 0 0 0 0 0.672253 0 0 0 0.528952 0 0 0 0 0 0 0 0 0 0 0.0585205 0 0.853285 0 0 0 0 0.607049 0.806935 0.616864 0 0 0 0 0 0.102143 0 0 0 0 0 0.716459 0 0 0 0 0 0 0 0 0 0 0.115855 0 0 0 0.749622 0 0.221529 0 0 0 0.502573 0 0.269905 0 0 0.885932 0
0.54073 0.715174 0 0 0.834597 0 0.0496299 0 0.761094 0.826881 0.188477 0 0 0 0.42384 0.0897753 0.883647 0 0.547675 0 0 0 0 0 0 0 0.871138 0 0.479263 0 0 0.370876 0.146595 0.896752 0 0.672253 0 0 0 0 0 0.847873 0 0.852548 0 0.566007 0 0 0 0.374777 0 0.333948 0.525373 0.109833 0 0 0.0866506 0.366992 0.925468 0 0 0 0 0 0.760902 0 0.276911 0 0 0.553254 0 0 0 0 0 0.179774 0 0 0 0 0.348169 0.790971 0 0.469623 0 0 0 0 0.582055 0 0 0 0 0 0.528978 0 0.937737 0 0 0
0 0 0 0 0 0.302297 0 0.945558 0 0 0 0 0 0 0 0.30667 0 0 0 0 0 0 0 0 0 0 0 0 0.0713186 0 0.940519 0 0 0 0 0 0 0 0 0.469491 0.600381 0 0 0 0 0 0 0.151993 0 0 0 0 0.796207 0 0 0 0 0 0 0 0 0 0 0 0 0 0 0 0 0.051639 0.754248 0.428661 0 0 0 0 0 0.611551 0 0 0 0 0 0 0.311819 0 0 0 0 0 0 0 0 0 0.625304 0 0 0.853753 0.241964 0
0 0 0.246414 0 0 0 0.927769 0 0 0.878513 0 0.637682 0 0 0.681421 0 0 0 0.176929 0 0 0.323497 0 0 0 0 0 0 0.122326 0 0 0 0 0 0 0 0 0 0 0 0 0.745859 0.686478 0.935051 0 0.380693 0 0 0 0 0.427537 0.286179 0 0.558635 0 0 0 0 0 0.197028 0 0.585047 0 0 0 0 0 0 0 0.715466 0.949664 0 0 0 0 0 0 0 0 0 0 0 0 0 0 0 0.470921 0 0 0 0.420258 0 0 0 0 0 0 0 0 0
0.301417 0.35474 0 0.377952 0.62222 0 0 0 0 0 0 0 0 0 0.812765 0 0 0 0 0 0 0 0 0 0 0 0 0 0 0 0.871346 0 0 0 0.220975 0 0 0.469491 0 0 0 0 0 0 0 0 0 0 0 0 0 0 0.463485 0.400217 0 0 0 0 0 0 0 0.695201 0.723604 0 0 0 0.978506 0 0 0.748998 0 0.697774 0 0.256073 0 0.307509 0 0 0 0.673479 0.596187 0.282104 0 0.140745 0 0 0 0 0.954492 0 0 0.57385 0.0509436 0 0 0.933604 0 0 0 0
0 0 0 0.915679 0 0 0 0 0 0 0 0 0.54072 0.256681 0 0 0 0 0 0.949057 0 0.535231 0.79179 0 0 0 0 0.270168 0 0.657286 0 0 0 0 0 0.528952 0 0.600381 0 0 0 0 0 0 0 0.395805 0 0 0 0.722472 0 0.407867 0 0 0 0 0.901448 0 0 0 0 0 0 0 0 0 0.783802 0 0.831759 0 0 0 0 0 0.583015 0.295516 0 0.215357 0 0 0 0 0 0.503586 0 0 0 0 0 0 0 0 0 0 0.840849 0 0 0 0 0
0.584513 0 0 0 0 0 0 0 0.787706 0.12921 0.871759 0.364665 0 0 0.363793 0.0558909 0 0 0 0.0811031 0 0 0 0 0 0 0 0 0 0.958799 0 0 0 0 0.91581 0 0.847873 0 0.745859 0 0 0 0 0 0.367653 0 0.619315 0 0 0 0.156067 0 0 0 0 0.114907 0 0 0 0 0 0 0.287222 0 0 0 0.466979 0 0 0 0 0 0 0 0 0 0 0 0 0 0 0.120136 0 0 0.372413 0 0 0 0 0 0.505304 0 0.160559 0.829363 0.0971034 0.910972 0 0.72163 0 0
0 0 0.133757 0 0.439045 0 0.816602 0.763116 0.234921 0 0.926676 0 0 0.405916 0 0 0.594419 0 0 0 0.342655 0 0 0 0 0 0.45759 0.35761 0 0 0.858878 0 0.222819 0 0 0 0 0 0.686478 0 0 0 0 0.370263 0 0 0 0 0.0919794 0 0 0.559292 0.675173 0 0.345733 0 0 0 0 0 0 0 0.492153 0 0 0 0 0.0934687 0 0.234556 0 0 0.742619 0 0 0 0.151023 0 0 0.496379 0 0 0 0 0 0 0 0.228463 0 0 0 0 0.211348 0 0.328435 0 0 0.226855 0 0
0 0 0 0 0 0 0 0 0 0.221788 0 0 0 0.889978 0 0 0 0 0.97094 0.635121 0.692074 0.143741 0 0 0 0.647056 0.470196 0 0 0.633196 0 0.343153 0 0 0 0 0.852548 0 0.935051 0 0 0 0.370263 0 0.75752 0 0 0.776449 0 0 0 0 0 0 0 0 0.136234 0 0 0 0.710321 0 0 0 0 0 0.777989 0.958711 0 0 0.462641 0 0 0 0.821435 0 0 0 0 0.236288 0.273883 0 0.894978 0 0.126015 0 0.513538 0 0 0 0 0.358113 0 0 0 0 0 0 0 0
0 0 0 0 0 0 0.973219 0 0 0 0 0.802899 0.370989 0 0 0.387055 0 0 0 0 0 0 0 0.964724 0 0 0 0.174259 0 0 0.299823 0.519006 0 0 0 0 0 0 0 0 0 0.367653 0 0.75752 0 0 0 0 0.891555 0.980711 0.666155 0.779229 0.390727 0.601964 0 0 0.0744948 0 0.982324 0 0 0.882091 0.542512 0 0.941264 0 0 0.828721 0 0 0 0.346041 0 0 0 0 0.432644 0.241399 0 0 0.122354 0.79779 0 0 0 0 0 0 0.77449 0 0.699274 0.318935 0 0 0 0 0.119533 0 0 0
0.525244 0 0.861549 0 0.796676 0 0 0 0 0 0 0 0 0 0 0 0.819132 0 0.574934 0 0 0 0 0 0 0 0 0 0 0 0 0 0 0.249501 0.76831 0 0.566007 0 0.380693 0 0.395805 0 0 0 0 0 0.209884 0 0 0 0 0.0969822 0 0.920748 0.224727 0 0 0 0 0 0 0.747872 0 0 0.83296 0 0 0.353445 0 0.58645 0 0.885352 0 0.305077 0 0.254896 0 0 0.497583 0 0 0 0 0 0 0 0.91896 0 0 0.0931642 0.298656 0.705651 0 0 0 0 0 0 0.128086 0
0 0 0 0 0 0 0 0 0.910385 0 0 0 0 0.286159 0.271759 0.835399 0 0 0 0 0 0 0 0 0 0 0 0 0 0 0 0.927185 0 0 0.596589 0 0 0 0 0 0 0.619315 0 0 0 0.209884 0 0 0 0 0 0 0 0.564055 0 0 0 0.142984 0 0 0 0 0.390455 0.780429 0 0 0 0.737928 0 0 0.530255 0.0954227 0 0 0 0 0.636858 0 0 0.0752217 0 0 0 0 0 0 0 0.612438 0.61501 0 0 0 0 0 0 0 0.65532 0 0 0
0 0 0 0.453959 0 0 0 0.893905 0.60053 0 0.588585 0.432827 0.379064 0 0 0 0 0.369645 0 0 0 0 0.983386 0 0 0.943959 0 0 0 0.599277 0.571401 0.924043 0 0 0 0 0 0.151993 0 0 0 0 0 0.776449 0 0 0 0 0.58564 0.593113 0.310863 0 0 0.478144 0 0.547506 0 0.17152 0 0.761566 0.777974 0 0 0 0 0 0 0 0 0 0 0 0 0 0 0 0 0 0 0 0 0 0 0.508763 0 0.49358 0 0 0 0.514689 0 0.295753 0 0 0 0.129036 0 0 0 0
0 0 0 0 0 0 0 0.442515 0.59911 0 0 0 0 0 0 0.653114 0 0 0.934458 0 0 0.871132 0 0 0 0.602658 0 0 0 0 0 0 0.408876 0 0 0 0 0 0 0 0 0 0.0919794 0 0.891555 0 0 0.58564 0 0 0 0 0.68424 0 0 0 0 0 0.17499 0.921715 0.210143 0 0 0.752494 0 0 0.918794 0 0.980577 0 0 0 0 0 0 0 0.574346 0 0 0 0 0 0 0 0 0 0 0.685725 0 0.646369 0 0.0735719 0.80533 0 0 0 0 0 0 0.586149
0 0.65536 0.753305 0 0.692276 0 0 0.204403 0 0 0 0.883957 0 0 0 0 0 0 0 0 0.560061 0 0 0 0 0 0 0 0.0547005 0 0 0 0.725433 0 0 0 0.374777 0 0 0 0.722472 0 0 0 0.980711 0 0 0.593113 0 0 0 0 0 0 0.18133 0 0 0.700419 0 0 0 0 0 0 0 0.076448 0 0.680962 0 0.736012 0 0 0 0 0 0 0 0 0 0 0 0 0 0 0 0 0 0 0.435434 0 0 0 0 0 0.168879 0 0 0 0 0.299048
0 0.388558 0.516536 0 0 0 0 0 0 0 0 0 0 0 0.261887 0 0.46759 0.328255 0 0 0 0 0 0 0.106895 0 0.808088 0 0.93576 0 0 0 0 0 0 0 0 0 0.427537 0 0 0.156067 0 0 0.666155 0 0 0.310863 0 0 0 0 0 0 0 0 0 0 0 0 0 0 0 0 0 0 0 0.405167 0.267789 0 0.595988 0 0 0 0 0.921085 0 0 0.462107 0.268523 0 0 0 0 0 0 0 0 0 0.281399 0 0 0 0 0 0.348363 0 0 0.64799 0
0.149789 0 0 0.502282 0 0 0 0 0 0.893009 0.892337 0.765243 0 0 0 0 0 0 0 0 0 0 0 0 0.695391 0 0 0 0.843824 0 0 0 0 0.540173 0 0.0585205 0.333948 0 0.286179 0 0.407867 0 0.559292 0 0.779229 0.0969822 0 0 0 0 0 0 0 0.563605 0.237953 0 0.943362 0 0 0 0.487992 0 0 0.495084 0.93109 0 0.334667 0 0.157537 0.202237 0.747323 0 0 0 0 0 0.0828211 0.804997 0 0 0.382152 0 0.55291 0 0 0.866338 0 0.270585 0 0 0 0 0 0 0 0 0 0.117529 0.333655 0.844701
0 0 0 0 0 0 0.428217 0 0 0.822894 0 0 0 0.980848 0 0 0.495521 0.42013 0 0 0 0 0 0 0 0 0 0 0.0509978 0 0 0.319951 0.895565 0.311126 0 0 0.525373 0.796207 0 0.463485 0 0 0.675173 0 0.390727 0 0 0 0.68424 0 0 0 0 0 0 0 0.94996 0 0 0 0 0 0 0 0 0 0 0.611586 0 0 0 0 0 0 0.692709 0 0 0.654893 0 0.493704 0 0.439904 0 0 0 0 0 0 0 0 0 0 0 0 0 0 0 0 0 0
0.109625 0 0 0 0 0 0 0 0 0 0.851392 0 0 0 0 0 0 0 0.541381 0 0.626633 0 0 0 0.33082 0 0 0.739321 0 0.87989 0 0 0.352427 0.854609 0 0.853285 0.109833 0 0.558635 0.400217 0 0 0 0 0.601964 0.920748 0.564055 0.478144 0 0 0 0.563605 0 0 0 0 0 0 0.36642 0 0 0 0 0 0 0 0 0.269511 0 0 0.443552 0 0 0 0 0 0 0 0 0 0 0 0 0.492488 0 0 0.855816 0 0 0 0 0.705541 0 0.09706 0 0 0.31725 0 0.58003 0.749715
0 0 0.32492 0.91315 0 0.0721728 0 0.215873 0 0.532206 0.0681324 0 0 0.746914 0 0 0.913164 0 0 0.288257 0 0.409254 0 0 0 0.250458 0 0 0 0 0 0.070529 0 0 0 0 0 0 0 0 0 0 0.345733 0 0 0.224727 0 0 0 0.18133 0 0.237953 0 0 0 0.82853 0.799471 0 0 0 0.698225 0 0.475915 0 0 0.618978 0 0 0.138967 0 0 0 0 0 0 0 0 0 0.0803901 0 0 0 0 0 0 0 0.302776 0 0.191042 0.693206 0 0 0 0 0 0 0.628537 0 0 0
0 0 0 0 0.933245 0.17237 0.752036 0.82841 0 0 0 0 0.679541 0.54804 0 0 0 0 0 0.623331 0 0 0.97903 0 0 0.405566 0.0729664 0 0.371978 0.520678 0 0 0 0.161047 0 0 0 0 0 0 0 0.114907 0 0 0 0 0 0.547506 0 0 0 0 0 0 0.82853 0 0.965727 0 0 0 0 0 0 0 0 0 0 0.067514 0 0.349537 0 0 0 0 0 0 0 0 0 0 0 0 0.723874 0 0 0 0 0 0 0 0 0 0 0 0 0 0 0 0 0
0 0.551463 0 0 0 0 0 0 0.636943 0 0 0 0.140285 0.127365 0 0 0 0 0 0 0 0 0 0.711003 0.325569 0 0 0 0.10032 0 0 0 0 0.961784 0 0 0.0866506 0 0 0 0.901448 0 0 0.136234 0.0744948 0 0 0 0 0 0 0.943362 0.94996 0 0.799471 0.965727 0 0 0 0.133017 0 0 0 0 0 0 0.709231 0 0 0 0 0 0 0 0.154464 0 0 0 0 0 0 0 0 0 0 0.22704 0 0 0 0.868159 0 0 0 0 0 0 0 0 0.637845 0
0.493504 0 0 0 0 0 0 0 0.208894 0 0 0.160603 0.966458 0 0 0 0 0 0 0 0.665287 0 0 0.742721 0.731581 0 0 0 0 0 0 0.511593 0 0.921862 0.307418 0 0.366992 0 0 0 0 0 0 0 0 0 0.142984 0.17152 0 0.700419 0 0 0 0 0 0 0 0 0 0 0 0.317718 0.6811 0 0 0 0.293785 0 0 0 0.356454 0 0 0 0.180473 0.454687 0.403673 0.17694 0 0 0 0 0 0.931437 0 0 0 0.192121 0 0.232376 0 0 0 0 0 0.755522 0 0 0 0.242648
0.679728 0.129048 0.947559 0 0 0 0 0 0 0 0 0 0 0 0.725029 0.97557 0 0 0 0 0 0 0.946928 0 0.34875 0 0 0 0.628985 0 0.503991 0.0519166 0 0.47034 0 0.607049 0.925468 0 0 0 0 0 0 0 0.982324 0 0 0 0.17499 0 0 0 0 0.36642 0 0 0 0 0 0 0 0 0.63138 0 0.767321 0 0 0 0 0 0 0 0 0 0 0 0 0 0 0 0 0 0 0 0.0635708 0.42588 0 0 0.105571 0 0 0 0 0 0.340852 0 0 0.0632553 0.123458 0.297867
0 0 0 0.64914 0 0 0 0.968121 0 0.298913 0 0.29932 0 0.0903303 0 0 0.459165 0 0 0 0.947966 0.33732 0 0 0 0 0 0.960243 0 0.780284 0 0 0 0 0 0.806935 0 0 0.197028 0 0 0 0 0 0 0 0 0.761566 0.921715 0 0 0 0 0 0 0 0.133017 0 0 0 0 0 0.813423 0 0 0 0 0.70786 0 0 0 0.503798 0 0 0.603734 0 0.947063 0 0 0.211162 0 0.67633 0 0.945571 0 0 0 0 0 0 0.108664 0 0 0 0.0586131 0 0 0 0.226386 0.132045
0 0 0 0.979383 0 0 0 0 0 0 0 0.659778 0.612732 0.636439 0 0 0 0 0 0 0 0 0 0 0.101534 0 0 0 0 0 0.981967 0.977067 0 0.376227 0 0.616864 0 0 0 0 0 0 0 0.710321 0 0 0 0.777974 0.210143 0 0 0.487992 0 0 0.698225 0 0 0 0 0 0 0 0 0 0 0 0 0 0.455649 0 0 0 0.190563 0 0 0 0 0 0.941373 0 0 0 0.698264 0 0.328216 0 0 0 0.816829 0 0 0 0 0 0 0 0 0 0 0.620331
0 0 0 0.442686 0 0.102113 0.541081 0 0.707281 0 0.0907623 0.688023 0 0 0 0 0 0.696195 0 0.146089 0.710169 0 0 0 0 0.823073 0 0 0 0.49833 0 0.820012 0 0 0.190203 0 0 0 0.585047 0.695201 0 0 0 0 0.882091 0.747872 0 0 0 0 0 0 0 0 0 0 0 0.317718 0 0 0 0 0 0.398945 0 0.421786 0 0 0 0 0 0.157343 0.695848 0 0.366005 0 0.187147 0.345005 0 0 0 0 0 0 0 0 0 0.070451 0.355276 0 0.871351 0.749321 0 0 0 0 0 0.250162 0 0
0.531748 0 0 0 0 0.443772 0 0.640035 0 0 0 0.748382 0 0 0 0 0 0 0 0 0 0.971939 0 0 0 0 0 0 0 0 0 0 0 0 0.199725 0 0 0 0 0.723604 0 0.287222 0.492153 0 0.542512 0 0.390455 0 0 0 0 0 0 0 0.475915 0 0 0.6811 0.63138 0.813423 0 0 0 0 0 0 0 0.970628 0.170008 0.942451 0.763665 0 0 0 0 0 0 0 0 0 0 0.912788 0 0 0.486059 0 0 0.538348 0 0 0 0 0.455017 0 0 0 0 0 0 0
0 0 0 0 0 0 0 0 0 0 0.0483768 0 0 0 0 0 0.735439 0 0.852397 0 0 0 0 0.70341 0 0 0 0.905343 0 0 0.960984 0 0 0.334571 0 0 0 0 0 0 0 0 0 0 0 0 0.780429 0 0.752494 0 0 0.495084 0 0 0 0 0 0 0 0 0 0.398945 0 0 0 0 0 0.522165 0 0 0 0 0.28616 0 0 0.27954 0.141564 0 0.48488 0 0 0 0 0.624595 0 0 0 0 0 0 0 0 0 0 0.933672 0 0 0 0.530162 0
0 0 0 0 0 0.849177 0 0 0 0 0 0.657239 0 0.25005 0 0 0 0.823738 0 0 0 0 0 0 0 0.693163 0 0 0 0 0 0.610524 0 0 0 0 0.760902 0 0 0 0 0 0 0 0.941264 0.83296 0 0 0 0 0 0.93109 0 0 0 0 0 0 0.767321 0 0 0 0 0 0 0 0.80115 0.698827 0.154205 0 0 0 0 0.206745 0 0 0.454792 0 0 0 0 0 0 0 0.315517 0 0 0 0 0 0 0 0 0 0 0 0 0 0 0
0.922038 0 0.639272 0 0 0 0.679141 0 0 0 0 0 0 0 0 0 0 0 0 0.88145 0 0.683182 0 0 0 0 0 0 0 0.496934 0 0 0 0 0 0 0 0 0 0 0 0 0 0 0 0 0 0 0 0.076448 0 0 0 0 0.618978 0 0 0 0 0 0 0.421786 0 0 0 0 0 0 0 0 0 0 0 0.98181 0.606362 0 0 0 0 0 0 0 0.511316 0 0 0 0 0 0.2701 0 0 0 0 0 0.44865 0 0 0 0 0
0.232418 0 0.14883 0 0 0 0 0.36968 0 0 0 0 0 0 0.532443 0 0 0 0 0 0 0 0 0 0 0 0 0.97323 0 0 0 0.610314 0.771027 0 0 0.102143 0.276911 0 0 0.978506 0.783802 0.466979 0 0.777989 0 0 0 0 0.918794 0 0 0.334667 0 0 0 0 0.709231 0.293785 0 0 0 0 0 0 0.80115 0 0 0 0 0.586589 0.548082 0 0.851937 0 0 0 0 0 0.546311 0 0 0 0 0 0.489812 0 0.234779 0.9491 0 0 0 0 0 0.895457 0.220657 0.2741 0.423284 0 0 0
0 0.499146 0 0 0 0 0.950117 0 0 0 0 0 0 0 0.175927 0 0 0 0 0.736869 0 0 0.845037 0 0 0 0 0 0.187123 0 0 0 0 0 0 0 0 0 0 0 0 0 0.0934687 0.958711 0.828721 0.353445 0.737928 0 0 0.680962 0.405167 0 0.611586 0.269511 0 0.067514 0 0 0 0.70786 0 0 0.970628 0.522165 0.698827 0 0 0 0 0 0 0.106934 0 0.962351 0.899976 0.595174 0 0 0.6265 0 0 0.694886 0.609899 0 0.301253 0 0 0.696979 0.131106 0.821153 0 0 0 0 0 0 0 0 0 0
0 0.575883 0 0 0.14388 0.257861 0 0 0 0 0 0 0.0988142 0.488121 0.449227 0 0 0 0.652702 0.283329 0.906859 0 0 0.144961 0 0 0.538022 0 0 0 0 0 0 0 0 0 0 0 0 0 0.831759 0 0 0 0 0 0 0 0.980577 0 0.267789 0.157537 0 0 0.138967 0 0 0 0 0 0.455649 0 0.170008 0 0.154205 0 0 0 0 0.307287 0 0 0 0.29926 0 0 0 0 0.767304 0.66911 0 0.258995 0 0 0 0 0 0.951936 0 0 0.552297 0.378452 0.508278 0 0 0 0.720363 0 0 0
0 0 0 0.404286 0 0 0 0.91373 0 0.921019 0 0 0 0 0.0947399 0 0 0 0 0.763614 0 0 0 0 0 0 0 0.119884 0.547682 0 0.665425 0 0 0.524322 0 0 0.553254 0.051639 0.715466 0.748998 0 0 0.234556 0 0 0.58645 0 0 0 0.736012 0 0.202237 0 0 0 0.349537 0 0 0 0 0 0 0.942451 0 0 0 0.586589 0 0.307287 0 0.570478 0 0 0.336796 0.171171 0.322566 0 0 0 0 0 0 0 0.527127 0 0 0.369604 0 0.305752 0 0 0 0 0 0.329223 0 0 0 0 0
0.55132 0 0.808436 0 0 0.794325 0 0 0 0.525784 0 0 0.627371 0 0.135673 0 0 0.66762 0.741217 0.871447 0 0 0 0 0 0.449682 0 0 0 0 0 0 0 0.867999 0.299302 0 0 0.754248 0.949664 0 0 0 0 0.462641 0 0 0.530255 0 0 0 0.595988 0.747323 0 0.443552 0 0 0 0.356454 0 0 0 0 0.763665 0 0 0 0.548082 0 0 0.570478 0 0 0.120775 0 0.0593482 0.858346 0 0.544706 0 0 0 0 0 0 0 0 0 0 0 0 0.786294 0 0 0 0.698218 0.785997 0 0 0 0
0 0 0 0 0 0 0.401207 0.84982 0 0 0 0 0.401855 0 0.644401 0.781214 0.787194 0.933997 0 0 0 0 0.572131 0.732338 0.0711819 0.397189 0 0 0 0 0.872629 0.185556 0 0.102463 0 0 0 0.428661 0 0.697774 0 0 0 0 0.346041 0.885352 0.0954227 0 0 0 0 0 0 0 0 0 0 0 0 0.503798 0 0.157343 0 0 0 0 0 0.106934 0 0 0 0 0.464027 0 0 0 0.851303 0 0 0 0 0 0 0 0.593282 0 0.641223 0 0 0 0 0 0 0 0 0.601487 0.293388 0.530838 0 0
0.191014 0 0 0 0 0.529119 0 0 0 0 0 0.967613 0 0 0.766611 0.279213 0 0 0 0 0 0 0.757275 0 0 0 0 0.73215 0 0 0.788346 0 0 0 0.918668 0.716459 0 0 0 0 0 0 0.742619 0 0 0 0 0 0 0 0 0 0 0 0 0 0 0 0 0 0.190563 0.695848 0 0.28616 0 0 0.851937 0 0 0 0.120775 0.464027 0 0 0 0 0 0 0 0.312118 0 0 0 0 0.78438 0 0.822116 0 0 0 0 0.71766 0 0 0 0 0 0 0 0
0 0 0 0 0 0 0 0 0 0 0 0 0 0 0.34337 0 0 0 0.1849 0 0 0 0.136859 0 0 0 0 0 0 0.957842 0 0 0.37643 0 0 0 0 0 0 0.256073 0 0 0 0 0 0.305077 0 0 0 0 0 0 0 0 0 0 0 0 0 0 0 0 0 0 0.206745 0.98181 0 0.962351 0.29926 0.336796 0 0 0 0 0 0.541876 0.377068 0 0 0.352072 0 0 0 0 0 0 0 0.875805 0.226635 0 0 0 0.0927906 0.243006 0 0 0 0 0 0.82924
0 0 0.550685 0.572419 0 0.538537 0 0.393545 0 0 0 0 0 0 0 0 0 0 0 0 0 0.298617 0 0 0 0 0.691311 0.181444 0 0 0.441998 0.290443 0 0 0 0 0 0 0 0 0.583015 0 0 0.821435 0 0 0 0 0 0 0 0 0.692709 0 0 0 0.154464 0.180473 0 0.603734 0 0.366005 0 0 0 0.606362 0 0.899976 0 0.171171 0.0593482 0 0 0 0 0.604569 0 0 0.323461 0 0 0.124067 0 0 0 0 0.276454 0.471891 0 0.245487 0 0 0 0 0 0 0.0636454 0 0 0.11678
0 0.792821 0.502489 0 0 0 0.222253 0 0 0 0 0.234425 0 0 0 0 0 0 0.505467 0 0.789539 0 0 0.79211 0 0.296827 0 0 0.414712 0 0.511162 0.240979 0 0 0 0 0.179774 0 0 0.307509 0.295516 0 0 0 0 0.254896 0 0 0 0 0.921085 0 0 0 0 0 0 0.454687 0 0 0 0 0 0.27954 0 0 0 0.595174 0 0.322566 0.858346 0 0 0.541876 0.604569 0 0 0 0 0 0 0 0.850665 0 0.328647 0 0 0 0 0 0 0 0.68957 0 0 0 0 0 0 0
0.522043 0 0 0 0.79554 0 0 0 0.346501 0 0 0 0 0 0 0 0 0 0 0 0.505651 0.729194 0 0 0.232621 0 0.382634 0 0 0.182303 0.552368 0.936265 0 0 0 0 0 0 0 0 0 0 0.151023 0 0.432644 0 0.636858 0 0.574346 0 0 0.0828211 0 0 0 0 0 0.403673 0 0.947063 0 0.187147 0 0.141564 0.454792 0 0 0 0 0 0 0.851303 0 0.377068 0 0 0 0 0.42589 0 0 0.962571 0 0 0 0 0 0.854732 0.781057 0.939816 0 0 0.572377 0 0.0693408 0.309992 0.577894 0.152699 0 0
0 0 0.588021 0 0.0893694 0 0 0.839776 0 0 0 0.797473 0 0 0 0 0 0 0 0 0 0 0 0 0 0 0.585466 0 0.551781 0 0 0 0 0 0 0 0 0.611551 0 0 0.215357 0 0 0 0.241399 0 0 0 0 0 0 0.804997 0.654893 0 0 0 0 0.17694 0 0 0 0.345005 0 0 0 0 0 0 0 0 0.544706 0 0 0 0 0 0 0 0 0 0.683103 0 0 0 0 0 0 0 0 0 0 0.363632 0 0 0 0.394767 0.509049 0 0 0
0 0 0 0.920975 0.680489 0 0 0.891139 0 0.282354 0 0 0 0 0 0 0 0.789373 0 0 0 0.894364 0.938443 0 0 0 0.437358 0 0 0 0 0 0 0 0 0 0 0 0 0 0 0 0 0 0 0.497583 0 0 0 0 0.462107 0 0 0 0.0803901 0 0 0 0 0 0.941373 0 0 0.48488 0 0 0.546311 0.6265 0.767304 0 0 0 0 0 0.323461 0 0.42589 0 0 0.91883 0 0 0 0 0 0 0.518944 0.604602 0 0.572564 0 0 0 0 0 0 0 0 0.370552 0
0 0 0 0 0 0 0 0 0 0 0 0 0.964269 0 0 0 0 0 0 0.878389 0.358982 0 0 0 0 0 0 0 0 0 0 0 0 0 0 0 0 0 0 0.673479 0 0 0.496379 0.236288 0 0 0.0752217 0 0 0 0.268523 0 0.493704 0 0 0 0 0 0 0.211162 0 0 0 0 0 0 0 0 0.66911 0 0 0 0.312118 0.352072 0 0 0 0 0.91883 0 0.852061 0 0 0 0.59556 0 0 0.592347 0.635492 0 0 0 0 0 0 0.230594 0 0 0 0
0 0 0.270288 0 0 0.167685 0 0 0 0.343092 0 0.963321 0 0 0 0 0 0 0 0 0 0.222358 0 0 0.51682 0 0 0 0 0 0 0 0 0.0816714 0 0 0.348169 0 0 0.596187 0 0 0 0.273883 0.122354 0 0 0 0 0 0 0.382152 0 0 0 0 0 0 0 0 0 0 0 0 0 0 0 0 0 0 0 0 0 0 0 0 0 0.683103 0 0.852061 0 0.510772 0.228446 0 0 0 0.361562 0.966827 0 0 0.184745 0 0.460607 0 0 0 0 0 0 0
0.169522 0 0.85233 0 0 0 0 0 0 0.861537 0.753034 0.27216 0 0.170032 0 0 0 0 0.467261 0 0 0 0 0 0.889799 0 0 0 0 0.606296 0 0.89915 0 0 0 0 0.790971 0 0 0.282104 0 0.120136 0 0 0.79779 0 0 0 0 0 0 0 0.439904 0 0 0 0 0 0 0.67633 0 0 0.912788 0 0 0 0 0.694886 0.258995 0 0 0 0 0 0.124067 0 0.962571 0 0 0 0.510772 0 0.700089 0 0 0.31874 0 0 0 0 0 0 0 0 0.921685 0.884548 0 0 0 0
0 0 0 0 0 0.473116 0 0.841631 0 0 0 0.612684 0 0 0 0 0.290765 0 0 0 0 0 0.69863 0 0 0 0 0 0 0 0 0 0 0.925632 0 0 0 0 0 0 0 0 0 0.894978 0 0 0 0 0 0 0 0.55291 0 0 0 0.723874 0 0 0 0 0.698264 0 0 0 0 0.511316 0 0.609899 0 0 0 0 0 0 0 0.850665 0 0 0 0 0.228446 0.700089 0 0 0 0 0 0 0 0 0 0 0.286579 0 0 0 0 0 0 0
0 0 0.546865 0 0 0 0.950956 0 0 0 0 0.758155 0.540851 0 0 0 0 0 0 0.537192 0.978397 0 0.94232 0.973188 0.144003 0.642939 0 0 0 0.224523 0 0.491837 0.0923268 0 0.868435 0.115855 0.469623 0 0 0.140745 0.503586 0 0 0 0 0 0 0.508763 0 0 0 0 0 0.492488 0 0 0 0.931437 0 0.945571 0 0 0 0.624595 0 0 0 0 0 0.527127 0 0 0 0 0 0 0 0 0 0 0 0 0 0 0 0 0 0 0 0 0.510143 0.131044 0 0.818362 0.395166 0.0779472 0.160526 0 0 0.83041
0.266557 0 0 0 0 0 0.477994 0 0.715422 0 0 0.930647 0 0 0 0 0 0 0 0 0 0.434319 0 0 0.811048 0 0.652095 0.846485 0 0.753729 0 0 0 0 0 0 0 0.311819 0 0 0 0.372413 0 0.126015 0 0 0 0 0 0 0 0 0 0 0 0 0 0 0.0635708 0 0.328216 0 0.486059 0 0.315517 0 0.489812 0.301253 0 0 0 0.593282 0.78438 0 0 0.328647 0 0 0 0.59556 0 0 0 0 0 0 0 0.0528204 0.425486 0 0.326891 0 0 0 0 0 0 0 0 0
0.0542564 0 0 0 0 0 0.794004 0 0 0 0.909652 0 0.633254 0 0 0 0 0.193668 0.676529 0 0 0 0.212245 0 0.466657 0 0 0 0 0 0.534558 0 0 0 0 0 0 0 0 0 0 0 0 0 0 0 0 0.49358 0 0 0 0.866338 0 0 0 0 0.22704 0 0.42588 0 0 0 0 0 0 0 0 0 0 0 0 0 0 0 0 0 0 0 0 0 0 0.31874 0 0 0 0 0 0 0 0 0 0 0 0.684898 0 0 0.579308 0 0 0.165714
0 0 0.343324 0 0 0.513881 0 0 0.11033 0 0 0 0.130846 0.517067 0 0 0 0 0 0.670917 0 0 0.143068 0.276562 0 0 0 0 0 0 0 0 0 0.440916 0.0992894 0 0 0 0.470921 0 0 0 0 0.513538 0 0.91896 0 0 0 0 0 0 0 0.855816 0.302776 0 0 0 0 0 0 0 0 0 0 0 0.234779 0 0 0.369604 0 0.641223 0.822116 0 0.276454 0 0 0 0.518944 0 0.361562 0 0 0 0 0 0 0.549244 0 0 0 0 0 0.506223 0 0 0 0.217879 0 0
0 0 0.799056 0 0 0 0 0.154349 0.778063 0 0.4683 0 0 0.69299 0 0 0 0.785885 0 0.743794 0 0 0 0 0.229965 0 0 0 0 0 0 0.148297 0 0 0 0.749622 0 0 0 0 0 0 0.228463 0 0 0 0.612438 0 0.685725 0 0 0.270585 0 0 0 0 0 0.192121 0 0 0 0.070451 0.538348 0 0 0 0.9491 0.696979 0.951936 0 0 0 0 0.875805 0.471891 0 0.854732 0 0.604602 0.592347 0.966827 0 0 0 0.0528204 0 0.549244 0 0 0 0 0 0 0 0 0 0 0 0 0
0 0 0.723892 0 0.396768 0 0 0.45168 0 0.360832 0 0 0 0 0 0 0 0 0 0 0.624428 0 0 0 0 0.507386 0.777991 0.902441 0 0 0 0 0.762408 0 0.982012 0 0.582055 0 0 0.954492 0 0 0 0 0.77449 0 0.61501 0 0 0.435434 0 0 0 0 0.191042 0 0 0 0.105571 0 0.816829 0.355276 0 0 0 0.2701 0 0.131106 0 0.305752 0 0 0 0.226635 0 0 0.781057 0 0 0.635492 0 0 0 0 0.425486 0 0 0 0 0.845142 0.635616 0 0.64583 0 0 0.487625 0 0 0.764997 0
0 0.976763 0 0.507441 0 0 0.652016 0 0 0 0 0 0 0 0 0 0 0.474863 0 0 0.268007 0.195228 0 0 0.956465 0.730405 0 0.55936 0 0 0 0 0 0 0 0.221529 0 0 0 0 0 0 0 0 0 0.0931642 0 0.514689 0.646369 0 0.281399 0 0 0 0.693206 0 0.868159 0.232376 0 0 0 0 0 0 0 0 0 0.821153 0 0 0 0 0 0 0.245487 0 0.939816 0 0.572564 0 0 0 0 0 0 0 0 0 0.845142 0 0.966538 0 0.74766 0 0 0.874134 0 0.421402 0.905049 0
0 0.704957 0 0 0.731938 0 0 0 0 0.78024 0 0.833018 0 0.696619 0 0.431009 0.283751 0 0 0.878908 0 0 0 0 0 0 0 0 0 0 0 0.77177 0 0 0 0 0 0 0.420258 0 0 0.505304 0 0 0.699274 0.298656 0 0 0 0 0 0 0 0 0 0 0 0 0 0.108664 0 0.871351 0 0 0 0 0 0 0.552297 0 0.786294 0 0 0 0 0 0 0 0 0 0.184745 0 0 0.510143 0.326891 0 0 0 0.635616 0.966538 0 0 0.141542 0.0463111 0 0 0 0 0.467106 0
0 0.819901 0 0 0 0.15812 0.698027 0 0 0 0 0 0 0 0 0.589158 0 0 0 0 0 0 0 0 0 0 0 0 0 0.536087 0.467744 0 0 0 0 0 0 0 0 0.57385 0 0 0 0.358113 0.318935 0.705651 0 0.295753 0.0735719 0 0 0 0 0.705541 0 0 0 0 0 0 0 0.749321 0 0 0 0 0 0 0.378452 0 0 0 0.71766 0 0 0 0 0.363632 0 0 0 0 0 0.131044 0 0 0 0 0 0 0 0 0.242081 0.405466 0 0 0 0 0.137016 0
0 0 0 0 0 0 0 0 0.461578 0 0 0.541647 0.706818 0 0 0.11468 0 0.92927 0 0.106327 0 0 0 0.311474 0 0 0 0 0 0 0 0 0 0 0 0 0 0 0 0.0509436 0 0.160559 0.211348 0 0 0 0 0 0.80533 0 0 0 0 0 0 0 0 0 0 0 0 0 0.455017 0 0 0 0 0 0.508278 0 0 0 0 0.0927906 0 0.68957 0.572377 0 0 0 0.460607 0 0.286579 0 0 0 0 0 0.64583 0.74766 0.141542 0.242081 0 0.565025 0.193025 0 0 0.577134 0 0
0 0 0.798645 0 0 0.645557 0.76344 0 0 0.947091 0 0 0.897168 0.229278 0 0 0.534038 0 0 0 0 0 0 0.518376 0 0 0 0 0.415687 0 0 0 0.769814 0 0.921546 0.502573 0 0 0 0 0 0.829363 0 0 0 0 0 0 0 0 0 0 0 0.09706 0 0 0 0 0 0 0 0 0 0 0 0 0.895457 0 0 0 0 0 0 0.243006 0 0 0 0 0 0 0 0 0 0.818362 0 0.684898 0.506223 0 0 0 0.0463111 0.405466 0.565025 0 0 0 0 0 0 0
0 0 0 0 0.650346 0.567541 0 0 0 0 0 0 0.651018 0.353352 0 0 0.102458 0 0.708183 0 0 0 0.398036 0 0.590881 0.413998 0.291754 0 0 0 0 0.11024 0 0 0 0 0.528978 0.625304 0 0 0.840849 0.0971034 0.328435 0 0 0 0 0 0 0.168879 0 0 0 0 0 0 0 0 0.340852 0.0586131 0 0 0 0.933672 0 0.44865 0.220657 0 0 0.329223 0.698218 0 0 0 0 0 0.0693408 0 0 0 0 0.921685 0 0.395166 0 0 0 0 0 0 0 0 0.193025 0 0 0.613031 0 0 0 0
0 0 0 0.656199 0 0.753382 0.501851 0.20279 0 0 0.187077 0 0 0.162313 0 0.0493229 0.603986 0 0 0 0 0.2771 0 0 0 0 0.585963 0 0 0 0 0.678179 0 0 0 0.269905 0 0 0 0.933604 0 0.910972 0 0 0 0 0 0.129036 0 0 0.348363 0 0 0 0 0 0 0.755522 0 0 0 0 0 0 0 0 0.2741 0 0 0 0.785997 0.601487 0 0 0 0 0.309992 0.394767 0 0.230594 0 0.884548 0 0.0779472 0 0 0 0 0.487625 0.874134 0 0 0 0 0.613031 0 0 0.271915 0 0
0.261158 0.807142 0.46501 0 0 0 0 0 0 0 0 0 0 0 0 0 0 0.251831 0 0 0 0 0 0 0 0 0 0 0 0 0.578584 0 0 0.899066 0 0 0.937737 0 0 0 0 0 0 0 0.119533 0 0.65532 0 0 0 0 0 0 0.31725 0.628537 0 0 0 0 0 0 0 0 0 0 0 0.423284 0 0.720363 0 0 0.293388 0 0 0.0636454 0 0.577894 0.509049 0 0 0 0 0 0.160526 0 0.579308 0 0 0 0 0 0 0 0 0 0 0 0 0 0.602289
0.708849 0 0 0 0 0 0.649548 0.493647 0 0.370863 0.939604 0 0 0 0.499855 0 0 0 0.296213 0 0 0 0.482673 0 0.659138 0 0 0.0599394 0 0 0.6384 0 0 0 0 0 0 0.853753 0 0 0 0.72163 0.226855 0 0 0 0 0 0 0 0 0.117529 0 0 0 0 0 0 0.0632553 0 0 0.250162 0 0 0 0 0 0 0 0 0 0.530838 0 0 0 0 0.152699 0 0 0 0 0 0 0 0 0 0.217879 0 0 0.421402 0 0 0.577134 0 0 0.271915 0 0 0 0.656184
0 0 0 0 0.814946 0 0.848972 0 0.480994 0 0.110775 0 0 0 0 0 0 0 0 0.848032 0.795059 0 0.686168 0 0.718061 0 0.414395 0 0 0 0.172787 0 0 0 0.679608 0.885932 0 0.241964 0 0 0 0 0 0 0 0.128086 0 0 0 0 0.64799 0.333655 0 0.58003 0 0 0.637845 0 0.123458 0.226386 0 0 0 0.530162 0 0 0 0 0 0 0 0 0 0 0 0 0 0 0.370552 0 0 0 0 0 0 0 0 0 0.764997 0.905049 0.467106 0.137016 0 0 0 0 0 0 0 0
0.628624 0 0 0 0 0.093609 0 0.825131 0 0.114389 0 0 0 0 0 0.608402 0.868591 0.348187 0 0.547687 0 0 0.552613 0.839643 0.937893 0 0 0 0.336905 0.106659 0 0 0 0 0 0 0 0 0 0 0 0 0 0 0 0 0 0 0.586149 0.299048 0 0.844701 0 0.749715 0 0 0 0.242648 0.297867 0.132045 0.620331 0 0 0 0 0 0 0 0 0 0 0 0 0.82924 0.11678 0 0 0 0 0 0 0 0 0.83041 0 0.165714 0 0 0 0 0 0 0 0 0 0 0.602289 0.656184 0 0
