100
0 0 0 0 0 0.860168 0 0.431267 0 0 0 0 0 0 0 0 0 0 0 0 0.358051 0 0 0.470767 0 0 0 0 0 0 0 0 0 0 0.230394 0 0.489183 0 0 0 0 0.615534 0 0 0 0 0 0 0 0 0 0.150729 0 0 0.525927 0 0 0 0.699451 0 0 0 0 0 0 0 0.195938 0 0 0 0.55087 0 0.130498 0 0 0 0.546303 0 0 0 0 0.147801 0 0 0 0.0757984 0 0 0 0 0.197727 0 0 0 0 0 0.246078 0 0 0.60969
0 0 0 0 0 0 0 0 0 0 0 0 0 0 0 0 0 0 0 0 0 0 0.0922303 0 0 0 0 0 0 0 0 0 0 0 0 0 0 0 0 0 0 0 0 0 0 0 0 0 0 0.677711 0 0 0 0 0 0 0.556838 0 0 0 0 0 0 0 0 0 0 0 0.583758 0 0 0 0 0 0 0.836506 0.560914 0 0 0 0 0 0 0 0 0 0 0 0 0 0 0.892847 0 0 0 0 0 0 0 0
0 0 0 0 0.220166 0 0 0 0 0 0 0 0 0 0 0 0.652437 0 0 0 0 0 0 0 0 0 0 0 0 0 0 0 0 0 0 0.913284 0 0 0 0 0 0 0 0 0 0 0 0 0 0.709501 0 0 0 0 0 0 0 0 1.01462 0 0 0 0 0 0 0.608691 0 0 0 0 0.831748 0 0 0 0 0 0 0.63447 0 0 0 0 0 0.530713 0 0 0.263962 0.899607 0.770951 0 0 0 0 0.778468 0 0 0.458489 0 0 0
0 0 0 0 0 0.923685 0 0 0 0 0 0 0 0 0 0.0541081 0 0 0 0.529109 0 0 0 0 0 0.564824 0 0 0 0 0.855396 0 0 0 0 0 0 0 0 0 0 0 0 0.387674 0 0 0 0 0 0 0 0.478687 0 0 0.890092 0 0 0 0 0 0 0 0 0 0 0 0 0 0 0.390159 0 0 0 0 0.608821 0 0 0 0 0 0 0 0 0 0 0 0 0 0 0 0 0 0 0 0 0 0 0 0 0
0 0 0.220166 0 0 0 0.425179 0 0 0 0 0 0 0 0 0 0 0 0 0.191139 0.413282 0 0 0 0 0 0 0.418781 0.780399 0 0 0 0 0 0 0 0 0 0 0.629336 0 0 0 0 0 0 0 0 0 0.685345 0 0.160236 0 0 0 0 0 0 0 0 0 0 0 0 0 0 0 0 0 0 0 0 0 0 0 0 0 0.0771757 0.694715 0 0 0 0 0 0 0.242632 0 0 0 0 0 0.518083 0 0 0 0 0 0 0 0
0.860168 0 0 0.923685 0 0 0 0 0 0 0 0 0 0 0 0 0 0 0 0 0 0.51029 0 0.360804 0 0 0 0 0.587307 0 0 0 0 0 0 0 0 0 0 0 0 0 0 0 0 0 0 0 0 0 0 0 0 0 0.095977 0.239486 0 0 0 0 0 0.0624124 0 0 0 0 0 0 0 0 0.814657 0 0.489274 0 0.545479 0 0 0 0 0 0.205304 0 0.521671 0 0 0 0.578697 0 0 0 0 0.219203 0 0.648192 0 0.745682 0 0 0 0
0 0 0 0 0.425179 0 0 0 0 0.436085 0 0 0 0 0 0 0 0 0.969259 0 0.273365 0 0 0 0.816112 0 0.864278 0.926545 0 0 0 0.284331 0.489161 0 0 0 -0.0255881 0 0 0 0 0 0.811573 0 1.05462 0 0 0.491234 0 0 0 0 0.412994 0 0 0.81447 0 0 0 0 0 0 0 0 0 0.731752 0 0.919918 0 0 0 0 0 0 0 0.240599 0 0 0 0 0 0 0 0.955622 0.507432 0 0 0 0 0 0 0 0 0.744833 0 0 0 0.61044 0 0
0.431267 0 0 0 0 0 0 0 0 0 0 0 0 0 0 0 0 0 0 0 0 0 0 0.924946 0 0 0 0 0 0 0.468896 0 0 0 0.623185 0 0 0 0 0 0 0 0 0 0 0 0.931739 0 0 0 0 0 0 0 0 0 0 0 0 0.913444 0 0 0.660808 0 0 0 0.401474 0 0 0.994497 0 0.895889 0 0 0 0 0 0 0 0 0 0 0.852546 0 0 0 0 0.129376 0.448291 0 0 0 0 0 0 0 0 0.399105 0 0.786465
0 0 0 0 0 0 0 0 0 0 0 0 0 0.609786 0 0 0 0 0.190249 0 0 0 0.492626 0 0 0 0 0 0.0751255 0.21199 0.0819827 0 0 0 0 0 0.773135 0 0 0 0 0 0 0 0 0 0 0 0 0 0 0 0 0 0 0 0 0.177159 0 0 0 0.70142 0 0 0 0 0 0 0 0 0 0 0 0 0 0 0 0 0 0 0 0 0 0 0.764838 0 0.118542 0.755212 0 0 0 0 0.424784 0 0 0 0 0 0.525401 0
0 0 0 0 0 0 0.436085 0 0 0 0 0 0 0 0 0 0 0 0 0 0 0 0 0.34085 0 0 0.787377 0 0 0 0 0 0 0.974761 0.679253 0 0.843466 0 0.86361 0 0 0 0 0 0 0 0 0 0 0 0 0.919874 0 0 0 0 0 0 0 0 0 0 0 0 0 0 0 0 0 0.927049 0.575694 0 0 0 0 0 0 0 0 0 0.341405 0 0 0 0 0 0 0 0.338469 0 0 0 0 0.900025 0 0 0 0.366165 0 0.146209
0 0 0 0 0 0 0 0 0 0 0 0 0 0 0 0 0 0.55881 0 0.488884 0 0 0 0 0 0 0 0 0 0 0 0 0 0 0 0 0.193676 0 0 0 0 0.924899 0 0 0 0 0 0 0 0 0 0 0 0 0.057277 0 0 0 0 0 0 0.093351 0 0.0958385 0 0.901675 0 0.957045 0.928786 0 0 0 0 0 0 0 0 0 0 0 0 0.816529 0 0 0 0.923245 0 0 0 0 0 0 0 0 0 0.174221 0 0 0.0843067 0
0 0 0 0 0 0 0 0 0 0 0 0 0 0.0784001 0 0 0.843562 0.396037 0 0.287374 0 0 0 0 0 0 0 0 0 0 0 0 0 0 0.701702 0 0 0 0.624083 0 0 0.348231 0 0 0.839043 0 0 0 0 0.915541 0 0.740202 0 0 0 0 0 0 0 0.276284 0.71017 0.668882 0 0 0.638622 0 0 0 0 0 0 0 0 0 0.0654252 0 0 0.798109 0 0 0.905393 0 0 0.759589 0.930515 0 0 0 0 0 0 0 0.530562 0 0 0 0 0 0 0
0 0 0 0 0 0 0 0 0 0 0 0 0 0 0 0 0.160184 0 0 0 0 0 0 0 0 0 0 0 0 0 0 0 0 0 0 0.391156 0 0 0 0 0.550321 0 0.881027 0 0.401875 0 0 0.46644 0 0.48336 0 0 0 0 0 0.721259 0 0.965471 0 0 0 0 0 0 0 0 0 0 0.13093 0 0 0 0 0 0 0 0 0 0 0.928992 0 0 0 0.607673 0 0.622514 0.170143 0 0 0 0 0 0.682039 0 0 0 0 0 0 0
0 0 0 0 0 0 0 0 0.609786 0 0 0.0784001 0 0 0 0.437299 0 0.194182 0.612659 0 0 0 0 0.0467514 0 0.57726 0.535681 0 0 0 0 0.113159 0 0 0 0 0 0 0 0 0 0 0.375117 0.913194 0 0 0.302178 0 0 0 0 0 0 0 0.723156 0.506979 0 0 0 0 0.625791 0 0 0 0 0 0 0 0 0 0 0 0 0 0 0 0 0 0 0 0 0 0 0 0 0 0 0.697188 0 0 0 0 0 0 0.332402 0 0 0 0 0
0 0 0 0 0 0 0 0 0 0 0 0 0 0 0 0 0 0 0 0 0 0 0 0 0 0 0 0 0 0.41603 0 0 0.407156 0 0.754989 0 0 0 0 0 0 0 0 0 0 0 0.256786 0 0 0 0 0 0 0.863847 0 0 0 0 0.679544 0 0 0 0 0 0 0 0 0 0.481631 0 0 0 0.763412 0.300696 0 0 0 0 0 0 0 0 0 0 0 0 0 0 0 0 0 0 0 0 0 0 0 0 0 0
0 0 0 0.0541081 0 0 0 0 0 0 0 0 0 0.437299 0 0 0 0.532801 0 0 0 0 0 0 0 0 0 0 0 0 0 0 0.961408 0 0 0 0.110462 0.285284 0 0 0 0 0 0 0.370459 0 0.805401 0.555863 0.645125 0 0 0 0 0 0 0 0 0 0.944241 0 0 0 0 0 0 0 0 0 0 0 0 0.722969 0 0 0 0 0 0 0 0 0 0 0 0 0 0.869376 0 0 0 0 0.427413 0 0.0305002 0 0 0.121231 0 0 0 0
0 0 0.652437 0 0 0 0 0 0 0 0 0.843562 0.160184 0 0 0 0 0 0 0 0 0 0 0 0 0.258916 0 0 0 0 0 0 0 0 0 0 0.91852 0 0 0 0 0 0.648354 0 0 0 0 0 0 0 0.490335 0 0 0 0.971039 0 0 0 0 0 0 0 0 0 0 0 0 0 0 0 0 0 0 0 0 0 0 0 0 0 0 0 0.326592 0 0 0 0 0 0 0 0.243218 0 0 0 0 0.621963 0 0 0 0.865617
0 0 0 0 0 0 0 0 0 0 0.55881 0.396037 0 0.194182 0 0.532801 0 0 0 0 0 0 0 0 0 0 0 0 0 0 0 0 0.25434 0 0 0 0 0 0 0 0 0 0 0 0 0 0 0 0 0 0 0 0 0 0 0 0 0 0 0 0 0 0 0 0 0 0 0 0 0 0.704872 0 0 0 0 0 0 0 0.842824 0 0 0 0 0 0 0.214664 0 0.774745 0 0 0 0 0 0 0 0 0 0 0 0.463508
0 0 0 0 0 0 0.969259 0 0.190249 0 0 0 0 0.612659 0 0 0 0 0 0 0 0 0.788648 0 0 0 0 0 0.991016 0 0 0 0 0.766364 0 0 0 0 0.193394 0 0 0 0 0 0 0.538233 0 0 0.95791 0 0 0 0 0.536105 0 0 0 0 0 0 0 0 0 0 0 0 0 0 0.649505 0 0 0 0 0.218191 0 0 0 0 0 0 0 0 0 0 0 0 0 0 0 0 0 0 0 0 0.673307 0 0 0.202646 0 0
0 0 0 0.529109 0.191139 0 0 0 0 0 0.488884 0.287374 0 0 0 0 0 0 0 0 0 0 0 0 0 0 0 0.242835 0 0 0 0.759136 0 0 0 0 0 0 0 0 0.977441 -0.0113506 0 0 0 0 0 0 0 0 0 0 0.49278 0 0.209587 0 0 0 0 0 0 0 0 0 0 0.846689 0 0.711867 0 0 0 0 0 0 0 0 0 0 0 0.872634 0 0 0 0.567426 0 0 0.662757 0.7022 0 0 0.896636 0 0 0 0 0 0 0 0.873299 0
0.358051 0 0 0 0.413282 0 0.273365 0 0 0 0 0 0 0 0 0 0 0 0 0 0 0 0 0 0 0 0.49085 0 0 0 0 0 0 0 -0.00058213 0 0 0 0 0 0 0 0.328151 0.69507 0 0 0 0 0 0 0 0 0.667639 0 0 0 0 0 0 0.965219 0 0 0 0 0 0 0 0 0 0 0 0 0 0 0 0 0 0 0 0.30097 0 0 0 0 0 0 0 0.776691 0 0 0 0 0 0 0 0 0 0 0 0
0 0 0 0 0 0.51029 0 0 0 0 0 0 0 0 0 0 0 0 0 0 0 0 0 0 0 0 0 0 0 0 0.126694 0 0 0.484995 0.762831 0.98526 0 0 0.325528 0 0 0 0 0.124697 0 0 0 0 0 0 0 0 0 0.327877 0 0 0 0 0 0 0 0 0.963991 0 0 0.623601 0 0 0 0 0 0 0 0 0.347252 0 0.808766 0 0 0 0.267396 0 0 0 0.438566 0 0 0 0 0 0 0 0 0 0 0 0 0 0 0
0 0.0922303 0 0 0 0 0 0 0.492626 0 0 0 0 0 0 0 0 0 0.788648 0 0 0 0 0 0 0 0 0 0.488251 0 0 0 0.198454 0 0 0 0 0 0 0 0 0 0 0 0 0 0 0 0 0 0 0 0 0 0 0.888667 0 0 0 0 0 0 0 0 0 0 0 0 0 0.350411 0 0 0 0 0 0 0 0 1.00017 0 0.727034 0 0 0.855774 0 0.194279 0 0 0 0 0 0 0 0 0 0 0 0 0.683238 0
0.470767 0 0 0 0 0.360804 0 0.924946 0 0.34085 0 0 0 0.0467514 0 0 0 0 0 0 0 0 0 0 0 0 0 0 0 0.424481 0 0 0 0 0 0 0 0 0 0 0 0 0 0 0 0 0 0 0 0 0 0 0 0 0 0 0 0.708555 0 0 0 0 0 0 0 0 0 0 0 0 0 0 0 0 0 0 0 0 0.438072 0 0 0 0 0.949168 0 0 0.305334 0 0 0 0 0 0 0.524386 0 0 0 0 0 0
0 0 0 0 0 0 0.816112 0 0 0 0 0 0 0 0 0 0 0 0 0 0 0 0 0 0 0.723412 0 0 0 0 0 0 0 0 0 0 0 0 0 0 0 0 0 0 0 0 0 0 0 0 0.141845 0.710642 0 0.299909 0 0 0.354428 0 0.401962 0 0.0774494 0 0 0 0 0 0 0 0 0 0 0.057531 0 0 0 0 0 0 0 0 0 0 0 0.0960727 0.840617 0 0.229136 0.226069 0 0.962079 0 0 0 0 0 0.878224 0 0 0 0.94471
0 0 0 0.564824 0 0 0 0 0 0 0 0 0 0.57726 0 0 0.258916 0 0 0 0 0 0 0 0.723412 0 0 0 0 0.377328 0 0.429615 0 0 0 0 0 0 0 0 0 0 0 0.6659 0 0 0 0 0 0 0 0 0 0 0.28762 0.422672 0 0 0 0 0 0.756635 0 0 0 0.54671 0 0 0 0 0.50349 0.384271 0 0 0 0 0 0 0 0 0 0 0 0 0 0 0 0 0.544344 0.78291 0 0 0 0 0 0 0 0 0 0
0 0 0 0 0 0 0.864278 0 0 0.787377 0 0 0 0.535681 0 0 0 0 0 0 0.49085 0 0 0 0 0 0 0 0 0 0 0.583138 0 0.703554 0 0 0.879533 0 0 0 0 0 0 0 0 0 0 0 0 0 0.816216 0 0 0 0 0 0 0 0 0 0 0 0 0 0 0 0 0 0 0 0 0 0 0 0.658882 0 0.474078 0.594559 0 0 0 0 0 0 0.638106 0 0 0 0.839799 0 0 0 0 0 0.295873 0.569989 0 0 0 0
0 0 0 0 0.418781 0 0.926545 0 0 0 0 0 0 0 0 0 0 0 0 0.242835 0 0 0 0 0 0 0 0 0 0 0 0 0 0 0 0 0 0 0 0 0 0.755362 0 0 0 0 0 0 0 0 0 0 0 0 0 0 0 0.150578 0 0.958146 0 0 0 0.866243 0 0 0.929671 0 0 0 0 0 0 0 0 0 0 0 0 0 0 0.28351 0 0 0.878903 0 0 0 0 0 0 0 0 0 0 0 0 0 0 0
0 0 0 0 0.780399 0.587307 0 0 0.0751255 0 0 0 0 0 0 0 0 0 0.991016 0 0 0 0.488251 0 0 0 0 0 0 0 0 0.829468 0.939534 0 0 0 0.486589 0.00707875 0 0.622827 0 0 0 0 0 0 0 0 0 0 0 0.890365 0.0644909 0 0 0.407929 0 0 0.624594 0 0 0 0 0 0 0 0 0.227088 0 0 0 0 0 0 0 0 0.228665 0.615448 0 0.295991 0 0 0 0 0 0 0 0 0 0 0 0 0 0.372738 0 0 0 0 0 0
0 0 0 0 0 0 0 0 0.21199 0 0 0 0 0 0.41603 0 0 0 0 0 0 0 0 0.424481 0 0.377328 0 0 0 0 0.600394 0 0 0 0 0 0 0 0 0 0 0.930247 0 0.677719 0 0 0 0.56977 0.299794 0 0 0.951342 0 0.831777 0 0 0 0 0 0 0 0.616836 0 0 0 0.488492 0 0 0 0 0 0 0 0 0 0 0.186291 0 0 0 0 0 0 0 0 0 0 0 0 0 0 0.480689 0.563525 0 0 0 0 0 0 0
0 0 0 0.855396 0 0 0 0.468896 0.0819827 0 0 0 0 0 0 0 0 0 0 0 0 0.126694 0 0 0 0 0 0 0 0.600394 0 0 0 0.250503 0 0 0 0.993318 0 0 0 0 0.865097 0 0.30638 0 0 0.575489 0 0 0 0 0 0 0 0 0 0 0.521421 0 0 0 0 0 0 0 0 0 0 0 0 0.834125 0 0 0 0.51594 0 0 0 0 0 0 0 0 0 0 0 0 0 0 0 0.464143 0 0 0 0 0.53912 0 0 0
0 0 0 0 0 0 0.284331 0 0 0 0 0 0 0.113159 0 0 0 0 0 0.759136 0 0 0 0 0 0.429615 0.583138 0 0.829468 0 0 0 0 0.9271 0 0 0.376074 0 0 0 0 0 0 0.330163 0 0 0 0 0 0 0 0 0.285988 0 0 0 0 0.514686 0 0 0.963958 0.821756 0 0 0 0 0 0 0 0 0 0.10239 0 0 0 0.205805 0.932238 0 0 0 0 0 0 0.400095 0 0 0 0 0 0 0.728214 0 0 0 0 0 0 0 0 0
0 0 0 0 0 0 0.489161 0 0 0 0 0 0 0 0.407156 0.961408 0 0.25434 0 0 0 0 0.198454 0 0 0 0 0 0.939534 0 0 0 0 0 0 0 0 0 0 0 0 0 0 0 0 0 0 0 0.41172 0.76782 0 0 0.848356 0.328711 0 0 0 0 0 0 0 0 0 0 0 0 0 0 0 0 0 0 0 0 0 0 0 0 0 0 0 0 0 0 0 0.56549 0 0 0.747809 0 0 0 0 0 0 0 0 0 0 0
0 0 0 0 0 0 0 0 0 0.974761 0 0 0 0 0 0 0 0 0.766364 0 0 0.484995 0 0 0 0 0.703554 0 0 0 0.250503 0.9271 0 0 0 0 0.919648 0 0 0.594713 0 0 0 0 0 0.270678 0 0 0 0 0 0 0.302151 0 0 0 0.920481 0 0 0 0.35935 0 0 0 0 0 0 0 0 0 0.974495 0 0 0 0 0 0 0 0 0 0 0 0.973221 0 0 0 0 0.623323 0 0 0 0 0.322769 0 0 0 0 0 0 0
0.230394 0 0 0 0 0 0 0.623185 0 0.679253 0 0.701702 0 0 0.754989 0 0 0 0 0 -0.00058213 0.762831 0 0 0 0 0 0 0 0 0 0 0 0 0 0 0 0 0 0.233985 0 0.823732 0 0 0 0 0.60433 0 0 0 0 0 0 0 0 0 0 0.257717 0 0 0 0 0.1937 0 0 0 0 0 0 0 0.230476 0 0.931293 0 0 0 0 0 0 0 0 0 0 0.876245 0 0 0.0438008 0 0.98371 0 0 0 0 0 0 0 0 0 0.665292 0
0 0 0.913284 0 0 0 0 0 0 0 0 0 0.391156 0 0 0 0 0 0 0 0 0.98526 0 0 0 0 0 0 0 0 0 0 0 0 0 0 0 0 0 0 0.531134 0 0 0 0 0 0 0 0 0 0 0.0243679 0 0 0 0 0 0 0.564389 0.752074 0 0.238897 0 0 0 0 0 0 0.162374 0 0 0 0 0 0 0 0 0 0 0 0 0 0 0.147521 0 0 0 0 0 0 0 0 0 0 0 0 0 0 0 0
0.489183 0 0 0 0 0 -0.0255881 0 0.773135 0.843466 0.193676 0 0 0 0 0.110462 0.91852 0 0 0 0 0 0 0 0 0 0.879533 0 0.486589 0 0 0.376074 0 0.919648 0 0 0 0 0 0 0 0 0 0.834346 0 0 0 0 0 0 0 0 0.544389 0 0 0 0 0.372986 0.946982 0 0 0 0 0 0 0 0 0 0.477904 0 0 0 0 0 0 0.266526 0 0 0 0 0 0.829903 0 0 0 0 0 0 0 0 0 0 0 0 0.517975 0 0 0 0 0
0 0 0 0 0 0 0 0 0 0 0 0 0 0 0 0.285284 0 0 0 0 0 0 0 0 0 0 0 0 0.00707875 0 0.993318 0 0 0 0 0 0 0 0 0.510606 0 0 0 0 0 0 0 0 0 0 0 0 0 0 0 0 0.716397 0 0 0 0 0 0 0 0 0 0 0 0 0 0 0.447053 0 0 0 0 0 0 0 0 0 0 0 0 0 0 0 0 0 0 0 0 0 0 0.665065 0 0 0.858936 0 0
0 0 0 0 0 0 0 0 0 0.86361 0 0.624083 0 0 0 0 0 0 0.193394 0 0 0.325528 0 0 0 0 0 0 0 0 0 0 0 0 0 0 0 0 0 0 0 0 0.633075 0.886891 0 0 0 0 0 0 0.39263 0 0 0 0 0 0 0 0 0 0 0 0 0 0 0 0 0 0 0.721684 0.977287 0 0 0 0 0 0 0 0 0 0 0 0 0 0 0 0 0 0 0 0 0 0 0 0 0 0 0 0 0
0 0 0 0 0.629336 0 0 0 0 0 0 0 0 0 0 0 0 0 0 0 0 0 0 0 0 0 0 0 0.622827 0 0 0 0 0.594713 0.233985 0 0 0.510606 0 0 0 0 0 0 0 0 0 0 0 0 0 0 0.495622 0.382041 0 0 0 0 0 0 0 0 0.6916 0 0 0 1.0008 0 0 0.746891 0 0 0 0.273796 0 0 0 0 0 0 0.555049 0 0 0.164708 0 0 0 0 0.969891 0 0 0 0.0366793 0 0 0.938306 0 0 0 0
0 0 0 0 0 0 0 0 0 0 0 0 0.550321 0 0 0 0 0 0 0.977441 0 0 0 0 0 0 0 0 0 0 0 0 0 0 0 0.531134 0 0 0 0 0 0.746052 0 0 0 0.419608 0.616029 0 0 0.734903 0 0.386632 0 0 0 0 0 0 0 0 0 0 0 0 0 0 0 0 0 0 0 0 0 0 0.655487 0.302617 0 0.235973 0 0 0 0 0 0.472496 0 0 0 0 0 0 0 0 0 0 0 0 0 0 0 0
0.615534 0 0 0 0 0 0 0 0 0 0.924899 0.348231 0 0 0 0 0 0 0 -0.0113506 0 0 0 0 0 0 0 0.755362 0 0.930247 0 0 0 0 0.823732 0 0 0 0 0 0.746052 0 0 0 0.415452 0 0.62068 0 0 0 0 0 0 0 0 0.097328 0 0 0 0 0 0 0.330956 0 0.412269 0 0 0 0 0 0 0 0 0 0 0 0 0 0 0 0 0.140114 0 0 0 0 0 0 0 0 0.483101 0 0 0.811438 0.0949114 0 0 0 0 0
0 0 0 0 0 0 0.811573 0 0 0 0 0 0.881027 0.375117 0 0 0.648354 0 0 0 0.328151 0 0 0 0 0 0 0 0 0 0.865097 0 0 0 0 0 0 0 0.633075 0 0 0 0 0.40112 0 0 0 0 0 0 0 0 0 0 0.299042 0 0 0 0 0 0 0 0 0 0 0 0 0 0 0.253373 0 0 0 0 0 0.273052 0 0 0 0 0 0 0 0 0 0 0 0.16581 0 0 0 0 0.142054 0 0 0 0 0 0 0
0 0 0 0.387674 0 0 0 0 0 0 0 0 0 0.913194 0 0 0 0 0 0 0.69507 0.124697 0 0 0 0.6659 0 0 0 0.677719 0 0.330163 0 0 0 0 0.834346 0 0.886891 0 0 0 0.40112 0 0 0 0 0 0 0 0 0 0 0 0 0 0.142625 0 0 0 0 0.445379 0 0 0 0 0 0 0 0.536548 0.435833 0 0 0 0 0 0 0 0 0 0 0 0.810636 0 0 0 0.524231 0 0 0 0 0.32449 0 0 0 0 0 0 0 0
0 0 0 0 0 0 1.05462 0 0 0 0 0.839043 0.401875 0 0 0.370459 0 0 0 0 0 0 0 0 0 0 0 0 0 0 0.30638 0 0 0 0 0 0 0 0 0 0 0.415452 0 0 0 0 0 0 0 0 0.564394 0.717104 0 0.566069 0 0 0 0 0 0 0 0.951202 0.530175 0 0 0 0 0 0 0 0 0.319145 0 0 0 0 0 0 0 0 0.129682 0 0 0 0 0 0 0 0.721297 0 0.701794 0 0 0 0 0 0 0 0 0
0 0 0 0 0 0 0 0 0 0 0 0 0 0 0 0 0 0 0.538233 0 0 0 0 0 0 0 0 0 0 0 0 0 0 0.270678 0 0 0 0 0 0 0.419608 0 0 0 0 0 0.172948 0 0 0 0 0 0 0.851135 0 0 0 0 0 0 0 0 0 0 0.804207 0 0 0 0 0 0 0.918308 0.208187 0 0 0.284245 0 0 0.509032 0 0 0 0.0583072 0 0 0 0 0 0 0 0 0 0 0 0 0 0 0 0 0
0 0 0 0 0 0 0 0.931739 0 0 0 0 0 0.302178 0.256786 0.805401 0 0 0 0 0 0 0 0 0 0 0 0 0 0 0 0 0 0 0.60433 0 0 0 0 0 0.616029 0.62068 0 0 0 0.172948 0 0 0 0 0 0 0 0 0 0 0 0.191583 0.751019 0 0 0 0 0 0 0 0 0 0 0 0 0 0 0 0 0 0 0 0 0 0 0 0 0.801446 0 0 0 0 0 0 0 0 0 0 0 0 0.662201 0 0 0
0 0 0 0 0 0 0.491234 0 0 0 0 0 0.46644 0 0 0.555863 0 0 0 0 0 0 0 0 0 0 0 0 0 0.56977 0.575489 0 0 0 0 0 0 0 0 0 0 0 0 0 0 0 0 0 0.582816 0 0.273212 0 0 0.431949 0 0.544984 0 0.178362 0 0 0 0 0 0 0.151227 0 0 0 0 0 0 0 0 0 0 0 0 0 0 0 0 0 0 0 0 0.453199 0 0.564756 0 0.50125 0 0 0 0 0.80629 0 0 0 0 0
0 0 0 0 0 0 0 0 0 0 0 0 0 0 0 0.645125 0 0 0.95791 0 0 0 0 0 0 0 0 0 0 0.299794 0 0 0.41172 0 0 0 0 0 0 0 0 0 0 0 0 0 0 0.582816 0 0 0 0 0.684396 0 0 0 0 0 0.231592 0.953185 0 0 0 0.759463 0 0 0 0 0.978574 0 0 0 0 0 0 0 0 0 0 0 0 0 0 0 0 0 0 0.727625 0 0 0.556874 0 0.830225 0 0 0 0 0 0 0
0 0.677711 0.709501 0 0.685345 0 0 0 0 0 0 0.915541 0.48336 0 0 0 0 0 0 0 0 0 0 0 0 0 0 0 0 0 0 0 0.76782 0 0 0 0 0 0 0 0.734903 0 0 0 0 0 0 0 0 0 0 0 0 0 0 0 0 0 0 0 0 0 0 0 0 0 0 0.621718 0 0 0.046716 0 0 0 0 0 0 0 0 0 0 0 0.918143 0 0 0 0 0 0.452081 0 0 0 0 0 0.173217 0 0 0 0 0
0 0 0 0 0 0 0 0 0 0 0 0 0 0 0 0 0.490335 0 0 0 0 0 0 0 0.141845 0 0.816216 0 0 0 0 0 0 0 0 0 0 0 0.39263 0 0 0 0 0 0.564394 0 0 0.273212 0 0 0 0 0 0 0 0 0 0 0 0 0 0 0.823722 0.774257 0 0 0 0.397925 0.309699 0 0.621931 0 0 0 0 0.888781 0 0 0.512737 0.223712 0 0 0 0 0.71913 0 0 0 0 0 0 0 0 0 0 0 0 0 0 0
0.150729 0 0 0.478687 0.160236 0 0 0 0 0.919874 0 0.740202 0 0 0 0 0 0 0 0 0 0 0 0 0.710642 0 0 0 0.890365 0.951342 0 0 0 0 0 0.0243679 0 0 0 0 0.386632 0 0 0 0.717104 0 0 0 0 0 0 0 0 0 0 0 0.856462 0 0 0 0 0 0 0.434346 0.933991 0 0 0 0 0.208893 0 0 0 0 0 0 0 0.774246 0 0 0.430971 0 0 0 0 0.8842 0 0 0 0 0 0 0 0 0 0 0 0.170956 0.340898 0.77888
0 0 0 0 0 0 0.412994 0 0 0 0 0 0 0 0 0 0 0 0 0.49278 0.667639 0 0 0 0 0 0 0 0.0644909 0 0 0.285988 0.848356 0.302151 0 0 0.544389 0 0 0.495622 0 0 0 0 0 0 0 0 0.684396 0 0 0 0 0 0 0 0.978812 0 0 0 0 0 0 0 0 0 0 0 0 0 0 0 0 0 0 0 0 0 0 0 0 0.40991 0 0 0 0 0 0 0 0 0 0 0 0 0 0 0 0 0 0
0 0 0 0 0 0 0 0 0 0 0 0 0 0 0.863847 0 0 0 0.536105 0 0 0.327877 0 0 0.299909 0 0 0 0 0.831777 0 0 0.328711 0 0 0 0 0 0 0.382041 0 0 0 0 0.566069 0.851135 0 0.431949 0 0 0 0 0 0 0 0 0 0 0 0 0 0 0 0 0 0 0 0 0 0 0.404497 0 0 0 0 0 0 0 0 0 0 0 0 0.471186 0 0 0 0 0 0 0 0 0 0 0 0 0.308652 0 0 0
0.525927 0 0 0.890092 0 0.095977 0 0 0 0 0.057277 0 0 0.723156 0 0 0.971039 0 0 0.209587 0 0 0 0 0 0.28762 0 0 0 0 0 0 0 0 0 0 0 0 0 0 0 0 0.299042 0 0 0 0 0 0 0 0 0 0 0 0 0 0.763219 0 0 0 0 0 0 0 0 0 0 0 0.146248 0 0 0 0 0 0 0 0 0 0.0670706 0 0 0 0 0 0 0 0 0 0.174024 0.709126 0 0 0 0 0 0 0 0 0 0
0 0 0 0 0 0.239486 0.81447 0 0 0 0 0 0.721259 0.506979 0 0 0 0 0 0 0 0 0.888667 0 0 0.422672 0 0 0.407929 0 0 0 0 0 0 0 0 0 0 0 0 0.097328 0 0 0 0 0 0.544984 0 0 0 0 0 0 0 0 0.956097 0 0 0 0 0 0 0 0 0 0 0.0313421 0 0 0 0 0 0 0.502573 0 0 0 0 0.66221 0 0 0 0 0 0 0 0 0 0 0 0 0 0 0 0.952956 0 0 0 0
0 0.556838 0 0 0 0 0 0 0 0 0 0 0 0 0 0 0 0 0 0 0 0 0 0 0.354428 0 0 0 0 0 0 0 0 0.920481 0 0 0 0.716397 0 0 0 0 0 0.142625 0 0 0 0 0 0 0 0.856462 0.978812 0 0.763219 0.956097 0 0 0 0 0 0 0 0 0 0 0 0 0 0 0.315324 0 0 0 0.150299 0 0 0 0 0 0 0 0 0 0 0 0.313192 0 0 0 0 0 0 0 0 0 0 0 0.645001 0
0 0 0 0 0 0 0 0 0.177159 0 0 0 0.965471 0 0 0 0 0 0 0 0 0 0 0.708555 0 0 0 0.150578 0 0 0 0.514686 0 0 0.257717 0 0.372986 0 0 0 0 0 0 0 0 0 0.191583 0.178362 0 0 0 0 0 0 0 0 0 0 0 0 0 0.366753 0 0 0 0 0 0 0 0 0 0 0 0 0 0 0 0 0 0 0 0 0 0.891742 0 0 0 0 0 0.245151 0 0 0 0 0 0 0 0 0 0
0.699451 0 1.01462 0 0 0 0 0 0 0 0 0 0 0 0.679544 0.944241 0 0 0 0 0 0 0 0 0.401962 0 0 0 0.624594 0 0.521421 0 0 0 0 0.564389 0.946982 0 0 0 0 0 0 0 0 0 0.751019 0 0.231592 0 0 0 0 0 0 0 0 0 0 0 0 0 0.604229 0 0.728613 0.833444 0 0 0 0 0 0 0 0 0 0 0 0 0 0 0 0 0 0 0 0.387943 0 0 0.0880713 0 0 0 0 0 0 0 0 0 0.129923 0.309574
0 0 0 0 0 0 0 0.913444 0 0 0 0.276284 0 0 0 0 0 0 0 0 0.965219 0 0 0 0 0 0 0.958146 0 0 0 0 0 0 0 0.752074 0 0 0 0 0 0 0 0 0 0 0 0 0.953185 0 0 0 0 0 0 0 0 0 0 0 0 0 0.854851 0 0 0 0 0.671824 0 0 0 0.515631 0 0 0 0 0 0 0 0 0 0.708068 0 0.933848 0 0 0 0 0 0 0.174027 0 0 0 0.0520818 0 0 0 0.274573 0
0 0 0 0 0 0 0 0 0 0 0 0.71017 0 0.625791 0 0 0 0 0 0 0 0 0 0 0.0774494 0 0 0 0 0 0 0.963958 0 0.35935 0 0 0 0 0 0 0 0 0 0 0 0 0 0 0 0 0 0 0 0 0 0 0 0 0 0 0 0 0 0 0 0 0 0 0 0 0 0 0.250072 0 0 0 0 0 0.997994 0 0 0 0 0 0.283713 0 0 0 0 0 0 0 0 0 0 0 0 0.637206 0 0.647283
0 0 0 0 0 0.0624124 0 0 0.70142 0 0.093351 0.668882 0 0 0 0 0 0 0 0 0 0 0 0 0 0.756635 0 0 0 0.616836 0 0.821756 0 0 0 0.238897 0 0 0 0 0 0 0 0.445379 0.951202 0 0 0 0 0 0 0 0 0 0 0 0 0.366753 0 0 0 0 0 0 0 0.399441 0 0 0 0 0 0 0.603602 0 0 0 0.225624 0.325881 0 0 0 0 0 0 0 0 0 -0.0112612 0 0 0 0 0 0 0.821119 0 0 0.232425 0 0
0 0 0 0 0 0 0 0.660808 0 0 0 0 0 0 0 0 0 0 0 0 0 0.963991 0 0 0 0 0 0 0 0 0 0 0 0 0.1937 0 0 0 0 0.6916 0 0.330956 0 0 0.530175 0 0 0 0 0 0.823722 0 0 0 0 0 0 0 0.604229 0.854851 0 0 0 0 0 0 0 0 0.220353 0 0.760036 0 0 0 0 0 0.13024 0 0 0 0 0.8923 0 0 0 0 0 0 0 0 0 0 0 0 0 0 0 0 0 0
0 0 0 0 0 0 0 0 0 0 0.0958385 0 0 0 0 0 0 0 0 0 0 0 0 0 0 0 0 0.866243 0 0 0 0 0 0 0 0 0 0 0 0 0 0 0 0 0 0 0 0 0.759463 0 0.774257 0.434346 0 0 0 0 0 0 0 0 0 0 0 0 0 0 0 0 0 0 0 0 0 0 0 0 0 0 0 0 0 0 0 0.624845 0 0 0 0 0 0 0 0 0 0 0 0 0 0 0 0
0 0 0 0 0 0 0 0 0 0 0 0.638622 0 0 0 0 0 0 0 0 0 0 0 0 0 0 0 0 0 0 0 0 0 0 0 0 0 0 0 0 0 0.412269 0 0 0 0.804207 0 0.151227 0 0 0 0.933991 0 0 0 0 0 0 0.728613 0 0 0 0 0 0 0 0 0 0.116289 0 0 0 0 0.126101 0 0 0.510593 0 0 0 0 0 0 0 0.274588 0 0 0 0 0 0 0 0 0 0 0 0 0 0 0
0 0 0.608691 0 0 0 0.731752 0 0 0 0.901675 0 0 0 0 0 0 0 0 0.846689 0 0.623601 0 0 0 0.54671 0 0 0 0.488492 0 0 0 0 0 0 0 0 0 0 0 0 0 0 0 0 0 0 0 0 0 0 0 0 0 0 0 0 0.833444 0 0 0.399441 0 0 0 0 0 0 0 0 0 0 0 1.02569 0 0 0 0 0 0 0 0 0 0 0 0 0 0 0.232903 0 0 0 0 0 0 0 0 0 0 0
0.195938 0 0 0 0 0 0 0.401474 0 0 0 0 0 0 0 0 0 0 0 0 0 0 0 0 0 0 0 0.929671 0 0 0 0 0 0 0 0 0 0 0 1.0008 0 0 0 0 0 0 0 0 0 0 0 0 0 0 0 0 0 0 0 0 0 0 0 0 0 0 0 0 0 0.621425 0.523179 0 0 0 0 0 0 0 0.550649 0 0 0 0 0 0 0 0 0.92254 0.400193 0 0 0 0 0 0.190511 0 0 0 0 0
0 0 0 0 0 0 0.919918 0 0 0 0.957045 0 0 0 0 0 0 0 0 0.711867 0 0 0 0 0 0 0 0 0.227088 0 0 0 0 0 0 0 0 0 0 0 0 0 0 0 0 0 0 0 0 0.621718 0.397925 0 0 0 0 0.0313421 0 0 0 0.671824 0 0 0 0 0 0 0 0 0 0 0 0 0 0.921253 0 0 0 0 0.643661 0.814459 0 0.79959 0 0 0 0 0 0 0 0.74921 0 0 0 0 0 0 0 0 0 0
0 0.583758 0 0 0 0 0 0 0 0 0.928786 0 0.13093 0 0.481631 0 0 0 0.649505 0 0 0 0 0 0 0 0 0 0 0 0 0 0 0 0 0.162374 0.477904 0 0 0 0 0 0 0 0 0 0 0 0.978574 0 0.309699 0 0 0 0.146248 0 0 0 0 0 0 0 0.220353 0 0.116289 0 0 0 0 0.262077 0 0 0 0.272875 0 0 0 0 0.795248 0.628614 0 0.291761 0 0 0 0 0 0.933925 0 0.0793574 0 0.338042 0.399598 0 0 0 0.701446 0 0 0
0 0 0 0.390159 0 0 0 0.994497 0 0.927049 0 0 0 0 0 0 0 0 0 0 0 0 0.350411 0 0 0 0 0 0 0 0 0 0 0 0 0 0 0 0.721684 0.746891 0 0 0.253373 0.536548 0 0 0 0 0 0 0 0.208893 0 0 0 0 0 0 0 0 0 0 0 0 0 0 0.621425 0 0.262077 0 0 0.805709 0 0 0.171766 0.405712 0 0 0 0 0.483708 0 0 0.566083 0 0 0.337458 0 0.287244 0 0 0.599613 0 0 0.41752 0 0 0 0 0
0.55087 0 0.831748 0 0 0.814657 0 0 0 0.575694 0 0 0 0 0 0 0 0.704872 0 0 0 0 0 0 0 0.50349 0 0 0 0 0 0 0 0.974495 0.230476 0 0 0 0.977287 0 0 0 0 0.435833 0 0 0 0 0 0.046716 0.621931 0 0 0.404497 0 0 0.315324 0 0 0 0 0 0.760036 0 0 0 0.523179 0 0 0 0 0 0.117198 0 0.100158 0.851076 0 0.517332 0 0 0 0 0 0 0 0 0 0 0 0 0.830157 0 0 0 0 0.871296 0 0 0 0
0 0 0 0 0 0 0 0.895889 0 0 0 0 0 0 0 0.722969 0 0 0 0 0 0 0 0 0.057531 0.384271 0 0 0 0 0.834125 0.10239 0 0 0 0 0 0.447053 0 0 0 0 0 0 0.319145 0.918308 0 0 0 0 0 0 0 0 0 0 0 0 0 0.515631 0 0 0 0 0 0 0 0 0 0.805709 0 0 0.47941 0 0 0 0 0 0 0 0 0 0 0 0.566417 0 0 0 0 0 0 0 0 0 0 0 0 0 0 0
0.130498 0 0 0 0 0.489274 0 0 0 0 0 0 0 0 0.763412 0 0 0 0 0 0 0 0 0 0 0 0 0 0 0 0 0 0 0 0.931293 0 0 0 0 0 0 0 0 0 0 0.208187 0 0 0 0 0 0 0 0 0 0 0 0 0 0 0.250072 0.603602 0 0 0 0 0 0 0 0 0.117198 0.47941 0 0 0 0 0 0 0 0 0 0 0 0 0 0 0 0 0 0 0 0 0 0 0 0 0 0 0 0
0 0 0 0 0 0 0 0 0 0 0 0 0 0 0.300696 0 0 0 0.218191 0 0 0 0 0 0 0 0 0 0 0 0 0 0 0 0 0 0 0 0 0.273796 0 0 0 0 0 0 0 0 0 0 0 0 0 0 0 0 0 0 0 0 0 0 0 0 0.126101 1.02569 0 0.921253 0.272875 0 0 0 0 0 0 0.500453 0.388424 0 0 0.331372 0 0 0 0 0 0 0 0.945135 0.224181 0 0 0 0.0773154 0 0 0.414825 0 0 0 0
0 0 0 0.608821 0 0.545479 0 0 0 0 0 0.0654252 0 0 0 0 0 0 0 0 0 0.347252 0 0 0 0 0.658882 0 0 0 0 0 0 0 0 0 0 0 0 0 0.655487 0 0 0 0 0 0 0 0 0 0 0 0 0 0 0.502573 0.150299 0 0 0 0 0 0 0 0 0 0 0 0 0.171766 0.100158 0 0 0 0 0.555914 0 0 0.305144 0 0 0.124657 0 0 0 0.6119 0.293099 0.416747 0 0 0 0 0 0.604514 0 0 0.0342699 0 0 0
0 0.836506 0 0 0 0 0.240599 0 0 0 0 0 0 0 0 0 0 0 0 0 0 0 0 0 0 0 0 0 0 0 0.51594 0.205805 0 0 0 0 0.266526 0 0 0 0.302617 0 0.273052 0 0 0.284245 0 0 0 0 0.888781 0 0 0 0 0 0 0 0 0 0 0 0 0 0 0 0 0 0 0.405712 0.851076 0 0 0.500453 0.555914 0 0 0 0 0 0 0 0.818125 0 0.420499 0 0 0 0 0 0.243161 0 0.710267 0 0 0 0 0 0 0
0.546303 0.560914 0 0 0 0 0 0 0 0 0 0 0 0 0 0 0 0 0 0 0 0.808766 0 0 0 0 0.474078 0 0.228665 0.186291 0 0.932238 0 0 0 0 0 0 0 0 0 0 0 0 0 0 0 0 0 0 0 0 0 0 0 0 0 0 0 0 0 0.225624 0.13024 0 0.510593 0 0 0 0 0 0 0 0 0.388424 0 0 0 0 0 0 0 0.89055 0 0 0 0 0 0 0.753702 0 0 0 0 0 0 0.382751 0.573211 0 0 0
0 0 0.63447 0 0.0771757 0 0 0 0 0 0 0.798109 0 0 0 0 0 0 0 0 0 0 0 0 0 0 0.594559 0 0.615448 0 0 0 0 0 0 0 0 0 0 0 0.235973 0 0 0 0 0 0 0 0 0 0 0.774246 0 0 0 0 0 0 0 0 0 0.325881 0 0 0 0 0 0 0 0 0.517332 0 0 0 0 0 0 0 0 0 0.667808 0 0 0 0 0 0 0 0 0 0 0.358138 0 0 0 0.416958 0 0 0 0
0 0 0 0 0.694715 0 0 0 0 0 0 0 0 0 0 0 0 0.842824 0 0 0 0 1.00017 0.438072 0 0 0 0 0 0 0 0 0 0 0 0 0 0 0 0 0 0 0 0 0 0.509032 0 0 0 0 0.512737 0 0 0 0.0670706 0 0 0 0 0 0.997994 0 0 0 0 0 0.550649 0.643661 0.795248 0 0 0 0 0 0.305144 0 0 0 0 0 0 0 0 0 0 0 0 0.590429 0 0.526086 0 0 0 0 0 0 0 0 0.362129 0
0 0 0 0 0 0 0 0 0 0 0 0 0.928992 0 0 0 0 0 0 0.872634 0.30097 0 0 0 0 0 0 0 0.295991 0 0 0 0 0 0 0 0 0 0 0 0 0 0 0 0 0 0 0 0 0 0.223712 0 0 0 0 0.66221 0 0 0 0 0 0 0 0 0 0 0 0.814459 0.628614 0 0 0 0 0.331372 0 0 0 0 0 0 0 0 0 0 0 0 0 0.57224 0.655175 0 0 0 0 0 0 0 0 0 0 0
0 0 0 0 0 0.205304 0 0 0 0.341405 0 0.905393 0 0 0 0 0 0 0 0 0 0.267396 0.727034 0 0 0 0 0 0 0 0 0 0 0 0 0 0 0 0 0.555049 0 0 0 0 0.129682 0 0 0 0 0 0 0.430971 0 0 0 0 0 0 0 0 0 0 0 0 0 0 0 0 0 0.483708 0 0 0 0 0 0 0 0.667808 0 0 0 0.537542 0 0 0 0 0 0 0 0 0.185267 0 0.448317 0 0 0 0 0 0 0
0.147801 0 0 0 0 0 0 0 0 0 0.816529 0 0 0 0 0 0 0 0 0 0 0 0 0 0 0 0 0.28351 0 0 0 0 0 0 0 0 0.829903 0 0 0 0 0.140114 0 0 0 0 0 0 0 0 0 0 0.40991 0 0 0 0 0 0 0.708068 0 0 0.8923 0 0 0 0 0.79959 0.291761 0 0 0 0 0 0.124657 0 0.89055 0 0 0 0.537542 0 0.686843 0 0 0.300653 0 0 0 0 0 0 0 0 0 0.819302 0 0 0 0
0 0 0 0 0 0.521671 0 0.852546 0 0 0 0 0 0 0 0 0.326592 0 0 0 0 0 0 0 0 0 0 0 0 0 0 0 0 0.973221 0 0 0 0 0 0 0 0 0 0.810636 0 0.0583072 0 0 0 0.918143 0 0 0 0 0 0 0 0 0 0 0 0 0 0 0 0 0 0 0 0 0 0 0 0 0 0.818125 0 0 0 0 0 0.686843 0 0.744844 0 0 0 0 0.294899 0 0 0 0 0 0 0 0 0 0 0
0 0 0.530713 0 0 0 0.955622 0 0 0 0 0.759589 0.607673 0 0 0 0 0 0 0.567426 0 0 0.855774 0.949168 0.0960727 0 0 0 0 0 0 0.400095 0 0 0.876245 0.147521 0 0 0 0.164708 0.472496 0 0 0 0 0 0.801446 0 0 0 0 0 0 0.471186 0 0 0 0.891742 0 0.933848 0 0 0 0.624845 0 0 0 0 0 0.566083 0 0 0 0 0 0 0 0 0 0 0 0 0.744844 0 0 0 0 0 0 0 0 0.0952929 0 0.794393 0 0 0.1754 0 0 0.759645
0 0 0 0 0 0 0.507432 0 0.764838 0 0 0.930515 0 0 0 0 0 0 0 0 0 0.438566 0 0 0.840617 0 0.638106 0.878903 0 0 0 0 0 0 0 0 0 0 0 0 0 0 0 0 0 0 0 0 0 0 0.71913 0 0 0 0 0 0 0 0 0 0.283713 0 0 0 0.274588 0 0 0 0 0 0 0.566417 0 0 0 0.420499 0 0 0 0 0 0 0 0 0 0 0 0 0.399765 0 0.356186 0 0 0 0 0 0 0 0 0
0.0757984 0 0 0 0.242632 0 0 0 0 0 0.923245 0 0.622514 0 0 0.869376 0 0.214664 0 0 0 0 0.194279 0 0 0 0 0 0 0 0 0 0.56549 0 0 0 0 0 0 0 0 0 0 0 0 0 0 0.453199 0 0 0 0.8842 0 0 0 0 0 0 0.387943 0 0 0 0 0 0 0 0 0 0 0 0 0 0 0 0.6119 0 0 0 0 0 0 0.300653 0 0 0 0 0 0 0 0 0 0 0 0 0 0 0 0 0 0.123853
0 0 0.263962 0 0 0.578697 0 0 0.118542 0 0 0 0.170143 0 0 0 0 0 0 0.662757 0 0 0 0.305334 0.229136 0 0 0 0 0 0 0 0 0 0.0438008 0 0 0 0 0 0 0 0 0.524231 0 0 0 0 0 0 0 0 0 0 0 0 0.313192 0 0 0 0 0 0 0 0 0 0 0 0 0.337458 0 0 0 0 0.293099 0 0 0 0 0 0 0 0 0 0 0 0 0.583404 0 0 0 0 0 0 0 0 0 0.193074 0 0
0 0 0.899607 0 0 0 0 0.129376 0.755212 0 0 0 0 0.697188 0 0 0 0.774745 0 0.7022 0.776691 0 0 0 0.226069 0 0 0 0 0 0 0 0 0.623323 0 0 0 0 0 0 0 0 0.16581 0 0 0 0 0.564756 0.727625 0 0 0 0 0 0 0 0 0 0 0 0 -0.0112612 0 0 0 0 0.92254 0 0.933925 0 0 0 0 0.945135 0.416747 0 0 0 0.590429 0.57224 0 0 0 0 0 0 0.583404 0 0.109933 0 0 0 0 0 0 0 0 0 0 0
0 0 0.770951 0 0 0 0 0.448291 0 0.338469 0 0 0 0 0 0 0 0 0 0 0 0 0 0 0 0.544344 0.839799 0 0 0 0 0 0.747809 0 0.98371 0 0 0 0 0.969891 0 0 0 0 0.721297 0 0 0 0 0.452081 0 0 0 0 0.174024 0 0 0 0.0880713 0 0 0 0 0 0 0.232903 0.400193 0 0 0.287244 0 0 0 0.224181 0 0 0.753702 0 0 0.655175 0 0 0.294899 0 0.399765 0 0 0.109933 0 0.873051 0 0 0 0 0 0 0 0 0 0
0 0 0 0 0 0 0 0 0 0 0 0 0 0 0 0 0 0 0 0 0 0 0 0 0.962079 0.78291 0 0 0 0 0 0 0 0 0 0 0 0 0 0 0 0 0 0 0 0 0 0.50125 0 0 0 0 0 0 0.709126 0 0 0.245151 0 0 0 0 0 0 0 0 0 0.74921 0.0793574 0 0 0 0 0 0 0 0 0 0.526086 0 0 0 0 0 0 0 0 0 0.873051 0 0 0 0 0 0 0.86958 0 0 0 0
0.197727 0 0 0 0 0 0 0 0 0 0 0 0 0 0 0.427413 0.243218 0 0 0.896636 0 0 0 0 0 0 0 0 0 0 0 0.728214 0 0 0 0 0 0 0 0 0 0.483101 0 0 0.701794 0 0 0 0.556874 0 0 0 0 0 0 0 0 0 0 0.174027 0 0 0 0 0 0 0 0 0 0 0.830157 0 0 0 0 0.243161 0 0 0 0 0.185267 0 0 0 0.356186 0 0 0 0 0 0 0 0 0.0851553 0 0 0 0 0.533004 0
0 0.892847 0 0 0.518083 0.219203 0 0 0 0 0 0 0 0 0 0 0 0 0 0 0 0 0 0 0 0 0 0 0 0.480689 0.464143 0 0 0 0 0 0 0 0 0 0 0 0 0.32449 0 0 0 0 0 0 0 0 0 0 0 0 0 0 0 0 0 0 0 0 0 0 0 0 0.338042 0.599613 0 0 0 0 0 0 0 0.358138 0 0 0 0 0 0.0952929 0 0 0 0 0 0 0 0 0 0 0 0 0 0 0 0
0 0 0 0 0 0 0 0 0.424784 0 0 0.530562 0.682039 0 0 0.0305002 0 0 0 0 0 0 0 0 0 0 0 0 0 0.563525 0 0 0 0.322769 0 0 0 0 0 0.0366793 0 0 0.142054 0 0 0 0 0 0.830225 0 0 0 0 0 0 0 0 0 0 0 0 0 0 0 0 0 0 0 0.399598 0 0 0 0 0.0773154 0 0.710267 0 0 0 0 0.448317 0 0 0 0 0 0 0 0 0 0 0 0 0.577387 0.190279 0 0 0 0 0
0 0 0.778468 0 0 0.648192 0.744833 0 0 0.900025 0 0 0 0 0 0 0 0 0 0 0 0 0 0.524386 0 0 0 0 0.372738 0 0 0 0 0 0 0 0 0 0 0 0 0.811438 0 0 0 0 0 0 0 0 0 0 0 0 0 0 0 0 0 0 0 0 0 0 0 0 0 0 0 0 0 0 0 0 0.604514 0 0 0 0 0 0 0 0 0.794393 0 0 0 0 0 0 0.0851553 0 0.577387 0 0 0 0 0 0 0
0 0 0 0 0 0 0 0 0 0 0 0 0 0.332402 0 0 0 0 0.673307 0 0 0 0 0 0 0 0.295873 0 0 0 0 0 0 0 0 0 0.517975 0.665065 0 0 0 0.0949114 0 0 0 0 0 0.80629 0 0.173217 0 0 0 0 0 0 0 0 0 0.0520818 0 0.821119 0 0 0 0 0.190511 0 0 0.41752 0 0 0 0 0 0 0 0 0 0 0 0 0 0 0 0 0 0 0 0 0 0 0.190279 0 0 0 0 0 0 0
0 0 0 0 0 0.745682 0 0 0 0 0.174221 0 0 0 0 0.121231 0.621963 0 0 0 0 0 0 0 0.878224 0 0.569989 0 0 0 0 0 0 0 0 0 0 0 0 0.938306 0 0 0 0 0 0 0 0 0 0 0 0 0 0 0 0.952956 0 0 0 0 0 0 0 0 0 0 0 0 0 0 0.871296 0 0 0.414825 0 0 0.382751 0.416958 0 0 0 0.819302 0 0 0 0 0 0 0 0.86958 0 0 0 0 0 0 0 0.257873 0 0
0.246078 0 0.458489 0 0 0 0 0 0 0 0 0 0 0 0 0 0 0 0 0 0 0 0 0 0 0 0 0 0 0 0.53912 0 0 0 0 0 0 0 0 0 0 0 0 0 0 0 0.662201 0 0 0 0 0 0 0.308652 0 0 0 0 0 0 0 0 0 0 0 0 0 0 0.701446 0 0 0 0 0 0.0342699 0 0.573211 0 0 0 0 0 0 0.1754 0 0 0 0 0 0 0 0 0 0 0 0 0 0 0 0.583319
0 0 0 0 0 0 0.61044 0.399105 0 0.366165 0 0 0 0 0 0 0 0 0.202646 0 0 0 0 0 0 0 0 0 0 0 0 0 0 0 0 0 0 0.858936 0 0 0 0 0 0 0 0 0 0 0 0 0 0.170956 0 0 0 0 0 0 0 0 0.637206 0.232425 0 0 0 0 0 0 0 0 0 0 0 0 0 0 0 0 0 0 0 0 0 0 0 0 0.193074 0 0 0 0 0 0 0 0 0.257873 0 0 0 0.651563
0 0 0 0 0 0 0 0 0.525401 0 0.0843067 0 0 0 0 0 0 0 0 0.873299 0 0 0.683238 0 0 0 0 0 0 0 0 0 0 0 0.665292 0 0 0 0 0 0 0 0 0 0 0 0 0 0 0 0 0.340898 0 0 0 0 0.645001 0 0.129923 0.274573 0 0 0 0 0 0 0 0 0 0 0 0 0 0 0 0 0 0 0.362129 0 0 0 0 0 0 0 0 0 0 0 0.533004 0 0 0 0 0 0 0 0 0
0.60969 0 0 0 0 0 0 0.786465 0 0.146209 0 0 0 0 0 0 0.865617 0.463508 0 0 0 0 0 0 0.94471 0 0 0 0 0 0 0 0 0 0 0 0 0 0 0 0 0 0 0 0 0 0 0 0 0 0 0.77888 0 0 0 0 0 0 0.309574 0 0.647283 0 0 0 0 0 0 0 0 0 0 0 0 0 0 0 0 0 0 0 0 0 0 0.759645 0 0.123853 0 0 0 0 0 0 0 0 0 0 0.583319 0.651563 0 0
