100
0 0 0 0 0 0 0 0 0 0 0 0 0 0 0 0 0.634933 0 0 0 0 0 0 0 0 0 0 0 0 0.133735 0 0 0 0 0 0 0.901801 0.114641 0 0 0.75567 0 0.876704 0 0 0 0 0 0 0 0 0 0 0.148797 0 0 0 0 0 0 0.615878 0 0 0 0 0 0 0 0 0 0 0.739663 0 0 0 0 0 0 0 0 0 0 0 0.264802 0.32028 1.01456 0 0 0 0 0.501197 0 0 0 0 0 0 0 0 0
0 0 0 0 0 0 0 0 0 0 0 0 0 0 0 0 0.133399 0 0 0 0 0 0 0 0 0 0 0 0 0 0 0 0 0 0.30757 0 0 0.575409 0.31892 0 0 0 0 0 0.880933 0 0 0 0 0 0 0 0 0.394306 0 0 0 0 0 0.666685 0 0 0 0 0 0 0 0 0 0 0.196077 0 0 0 0 0 0 0 0 0 0 0 0 0 0 0 0 0 0 0 0 0 0 0.824733 0 0 0 0 0 0
0 0 0 0 0 0 0 0 0 0 0 0 0 0 0 0 0 0 0 0 0 0 0 0 0 0 0 0 0 0 0.228984 0 0 0 0 0 0 0 0 0.550885 0 0 0 0 0.600978 0.715976 0 0 0 0 0 0 0 0 0 0 0 0 0 0 0 0 0 0 0 0 0 0 0 0 0 0 0 0 0 0 0 0 0 0 0 0 0 0 0 0 0 0 0 0 0 0 0 0 0 0 0 0 0 0
0 0 0 0 0 0 0 0 0 0 0 0 0 0.624156 0 0 0 0 0 0 0 0.557376 0 0 0.426963 0 0 0 0 0 0 0 0 0 0.422808 0.317485 0 0 0 0 0 0 0.875603 0 0 0 0 0 0 0 0 0 0 0 0 0 0 0.426658 0 0 0 0 0 0 0 0 0 0 0 0 0 0 0 0 0 0 0 0 0 0 0 0 0 0 0 0 0 0 0.678768 0.234965 0 0 0 0 0 0 0.738855 0 0 0
0 0 0 0 0 0 0 0 0 0 0 0 0.123871 0.504849 0 0 0 0 0 0 0.897894 0 0 0 0.874724 0.683611 0 0 0 0.179192 0 0 0 0 0 0 0 0 0 0 0 0 0 0 0 0 0 0 0 0.376056 0 0 0 0 0 0 0 0 0 0 0 0 0 0 0 0.309325 0 0 0 0 0 0 0 0 0 0 0 0 0 0 0 0 0 0 0 0 0.344984 0 0 0 0 0 0 0 0 0 0 0.866596 0.253322 0
0 0 0 0 0 0 0 0 0 0 0 0.624344 0 0 0 0 0 0 0 0 0 0 0 0 0 0 0 0 0.949005 0 0 0 0.178488 0 0.219113 0 0 0 0.862751 0.265837 0 0 0 0.69099 0 0 0 0 0 0 0 0 0 0 0 0 0 0 0 0 0 0 0 0 0.34684 0 0 0 0 0 0 0 0 0 0 0 0 0.905461 0 0 0 0 0.954121 0 0 0 0 0 0 0.809442 0 0 0 0 0 0 0 0 0 0
0 0 0 0 0 0 0 0 0 0 0 0 0.947012 0 0 0 0 0 0 0 1.01609 0 0 0 0 0 0 0 0 0 0 0 0 0 0 0 0 0 0 0 0 0 0 0.91247 0 0 0 0 0 0 0 0 0 0.740503 0 0 0 0 0 0 0 0 0 0 0 0 0 0 0.919448 0 0 0 0 0 0 0 0 0 0 0 0 0 0 0 0 0 0 0 0 0 0.584647 0 0 0 0 0 0 0 0 0
0 0 0 0 0 0 0 0 0 0 0 0 0 0.283595 0 0 0 0 0 0.43373 0 0 0 0 0 0 0 0 0 0 0 0 0 0 0 0 0 0 0 0 0 0 0 0 0 0 0.374682 0 0 0 0 0 0 0 0 0 0 0 0 0 0 0 0 0 0.535234 0 0 0 0 0.310509 0 0 0 0 0 0 0 0 0 0 0 0 0 0 0 0 0 0 0 0 0 0 0 0 0 0.411343 0 0 0 0
0 0 0 0 0 0 0 0 0 0 0 0 0 0 0 0 0 0 0 0 0.575153 0 0 0 0 0 0 0 0 0 0 0 0 0 0.937371 0 0 0 0 0 0 0 0 0 0 0 0 0 0 0 0 0 0 0 0 0 0 0 0 0 0 0 0 0 0 0 0 0 0 0.316685 0 0 0 0 0 0 0 0 0 0 0 0.543847 0 0 0 0 0 0 0 0 0 0 0.572893 0 0 0 0 0.497707 0 0
0 0 0 0 0 0 0 0 0 0 0 0 0 0 0 0 0 0 0 0 0 0 0 0 0 0.271239 0 0 0 0 0 0 0.629068 0 0 0 0 0 0 0 0 0 0 0 0 0 0 0 0 0 0 0 0 0 0 0 0 0 0 0 0 0 0 0 0 0 0 0 0 0 0 0 0.481988 0 0 0 0 0.600249 0 0 0 0 0 0 0 0 0 0 0 0 0.178776 0 0 0 0 0 0 0 0 0.867366
0 0 0 0 0 0 0 0 0 0 0 0 0 0 0.820774 0 0 0 0 0 0 0.825096 0 0 0 0 0 0 0 0.541815 0 0 0 0.858999 0 0 0 0 0 0 0 0.320911 0 0 0 0 0.224181 0 0 0 0 0 0 0 0 0 0 0 0 0 0 0.789243 0 0 0 0 0 0 0 0 0 0 0.751065 0 0 0 0 0 0 0 0 0 0.270926 0 0 0.66048 0 0.7681 0 0 0 0 0 0 0 0 0 0 0 0
0 0 0 0 0 0.624344 0 0 0 0 0 0 0 0 0.349573 0 0 0 0 0 0 0 0 0 0 0 0 0 0 0 0 0 0 0.339109 0 0 0.423742 0 0 0 0.502686 0 0.407881 0 0 0 0 0 0 0 0 0 0 0 0 0 0 0 0 0 0 0 0 0 0 0.887358 0 0 0 0 0 0.424923 0 0 0 0 0 0 0 0 0 0 0 0 0 0 0 0 0.556936 0 0 0 0 0 0 0 0 0 0.608026 0
0 0 0 0 0.123871 0 0.947012 0 0 0 0 0 0 0 0 0 0 0 0 0 0 0 0.474697 0 0 0 0 0 0 0 0 0 0 0 0 0 0 0 0.653054 0 0 0 0.312629 0 0 0 0 0 0 0 0 0 0 0.119238 0 0 0 0 0 0 0 0 0 0 0 0 0 0 0 0 0 0 0 0 0 0 0 0 0.896076 0.7824 0 0 0 0.551068 0 0 0 0 0 0 0 0 0 0 0 0 0 0 0 0
0 0 0 0.624156 0.504849 0 0 0.283595 0 0 0 0 0 0 0 0 0 0 0 0 0 0 0 0 0 0.194197 0 0.610145 0 0.788588 0 0 0 0 0 0 0 0 0 0 0 0 0 0 0 0 0 0 0 0 0 0 0 0 0 0 0.74876 0 0 0 0.385989 0 0 0 0 0 0 0 0 0 0 0 0 0 0 0 0 0 0 0 0 0 0 0 0 0 0 0 0 0 0 0 0 0 0 0 0 0 0 0
0 0 0 0 0 0 0 0 0 0 0.820774 0.349573 0 0 0 0 0 0.664705 0 0 0 0 0 0 0 0 0 0 0 0 0 0 0 0 0.422259 0.565636 0 0 0 0 0 0 0 0 0 0 0 0 0 0.753395 0.206399 0 0 0 0 0 0 0 0 0 0 0 0 0 0 0 0 0 0 0 0.593574 0 0 0 0 0 0 0 0 0 0 0.393206 0 0 0 0 0 0 0 0 0 0 0.435009 0 0 0 0 0 0 0
0 0 0 0 0 0 0 0 0 0 0 0 0 0 0 0 0 0 0 0 0.274993 0 0 0 0 0 0 0 0 0 0 0 0 0 0 0 0 0 0.655248 0 0 0 0.193509 0.250853 0 0 0.243752 0 0 0.84799 0 0 0 0 0.835354 0 0.0642186 0 0 0 0 0 0 0 0 0 0 0 0 0 0 0 0 0 0 0 0 0 0 0 0 0 0 0 0 0 0 0 0 0 0 0 0 0 0 0 0 0 0 0
0.634933 0.133399 0 0 0 0 0 0 0 0 0 0 0 0 0 0 0 0 0 0 0 0 0 0 0 0 0 0 0 0 0 0.372856 0 0 0 0 0.69472 0 0 0 0 0 0 0 0 0 0 0 0 0 0 0 0 0.504131 0.1393 0 0 0 0 0 0 0 0 0 0 0 0 0 0 0 0 0 0.802324 0 0 0 0 0 0 0.916515 0 0 0 0 0 0 0.408299 0 0 0 0 0 0 0 0 0.677766 0 0 0 0.571722
0 0 0 0 0 0 0 0 0 0 0 0 0 0 0.664705 0 0 0 0 0 0 0 0 0 0 0 0 0.356079 0 0 0 0 0 0 0 0 0 0 0 0 0 0 0 0 0 0 0 0 0 0.994702 0 0 0 0.685161 0 0 0 0 0 0 0 0 0.801451 0 0 0 0 0 1.00742 0 0 0 0 0 0.462124 0.716486 0 0 0.738727 0 0 0 0 0 0 0 0 0 0 0 0 0 0 0 0 0 0 0 0.313714 0
0 0 0 0 0 0 0 0 0 0 0 0 0 0 0 0 0 0 0 0 0 0 0 0 0.840581 0 0 0 0 0 0 0 0 0 0.683721 0 0 0 0 0.877597 0 0 0.272371 0 0 0 0 0 0 0 0 0 0 0 0 0 0 0.234773 0 0 0 0 0 0 0 0 0 0 0 0 0.282957 0 0 0 0 0 0 0 0 0.281637 0 0 0 0 0 0 0 0 0 0 0 0 0 0 0 0 0 0 0 0.491227
0 0 0 0 0 0 0 0.43373 0 0 0 0 0 0 0 0 0 0 0 0 0 0 0 0 0 0 0 0 0 0 0 0 0 0 0.38752 0 0 0 0 0.845779 0 0 0 0 0 0 0 0.799325 0 0 0 0.64651 0 0 0 0 0 0 0 0 0 0 0 0.532782 0 0 0.393243 0 0 0 0 0 0 0 0 0 0 0 0 0 0 0 0.153148 0 0 0 0 0 0 0 0 0 0 0 0 0 0 0 0 0
0 0 0 0 0.897894 0 1.01609 0 0.575153 0 0 0 0 0 0 0.274993 0 0 0 0 0 0 0 0 0 0 0 0 0 0 0 0 0 0 0 0 0 0 0 0 0 0 0 0 0 0 0 0 0.776704 0 0 1.00975 0 0 0 0 0 0.62514 0 0 0 0 0 0 0 0 0 0 0 0 0 0 0 0 0.882229 0 0 0 0 0 0.47826 0 0 0 0 0 0 0 0 0 0 0 0.93625 0 0 0 0 0 0 0
0 0 0 0.557376 0 0 0 0 0 0 0.825096 0 0 0 0 0 0 0 0 0 0 0 0.286865 0 0 0 0 0 0 0 0 0 0 0 0 0 0 0 0 0 0 0 0 0 0 0 0 0 0 0 0.135972 0.860138 0 0 0 0 0 0 0 0 0.729201 0 0 0 0.43605 0 0 0 0 0 0 0 0 0 0.644035 0 0 0 0 0 0 0 0 0 0 0 0 0 0 0 0 0 0 0.387234 0 0 0 0 0 0
0 0 0 0 0 0 0 0 0 0 0 0 0.474697 0 0 0 0 0 0 0 0 0.286865 0 0 0 0 0 0 0 0 0 0 0 0 0 0 0 0 0.486988 0 0 0 0 0.676611 0 0 0 0.736403 0 0 0 0 0 0 0 0 0 0 0 0 0 0 0 0 0 0 0 0 0.761545 0 0 0 0 0 0.311752 0 0 0 0.522239 0 0 0 0 0 0 0 0 0 0 1.00197 0 0 0 0 0 0 0 0 0 0
0 0 0 0 0 0 0 0 0 0 0 0 0 0 0 0 0 0 0 0 0 0 0 0 0 0 0 0 0 0.225698 0 0.43011 0 0 0 0 0 0 0 0 0 0 0 0 0 0 0 0 0 0 0 0 0 0 0 0 0 0 0 0 0 0 0 0 0 0 0 0 0 0 0 0 0 0 0 0 0 0 0 0.433112 0 0 0 0 0 0 0 0 0 0 0 0 0 0 0 0 0 0 0 0
0 0 0 0.426963 0.874724 0 0 0 0 0 0 0 0 0 0 0 0 0 0.840581 0 0 0 0 0 0 0.251922 0 0 0 0 0 0 0 0 0 0.569834 0 0 0 0 0 0 0.511067 0 0 0 0 0 0 0 0 0 0 0 0 0 0 0.267417 0 0 0 0 0 0 0 0 0 0 0 0 0 0 0 0 0 0 0 0.186975 0 0.794182 0 0 0 0 0 0 0 0 0 0 0 0 0 0 0 0 0 0 0 0
0 0 0 0 0.683611 0 0 0 0 0.271239 0 0 0 0.194197 0 0 0 0 0 0 0 0 0 0 0.251922 0 0 0.573843 0 0 0 0 0 0 0 0.785721 0 0 0 0 0 0 0 0 0 0 0 0 0 0 0 0 0 0 0 0 0.977306 0 0 0 0 0 0 0 0 0 0 0 0 0 0 0 0 0 0 0 0 0 0 0.739353 0 0 0.920095 0 0 0 0.954506 0 0 0 0.730462 0 0 0 0.683104 0 0 0 0 0
0 0 0 0 0 0 0 0 0 0 0 0 0 0 0 0 0 0 0 0 0 0 0 0 0 0 0 0 0 0 0 0 0.745331 0 0 0 0 0 0 0 0 0 0 0 0 0 0 0.396282 0 0 0.5253 0 0 0 0 0 0 0 0 0 0 0 0 0 0 0 0 0 0.682961 0 0 0 0 0.848507 0 0 0 0 0 0 0 0 0 0 0 0 0 0 0 0 0 0 0.862186 0 0 0 0 0 0 0
0 0 0 0 0 0 0 0 0 0 0 0 0 0.610145 0 0 0 0.356079 0 0 0 0 0 0 0 0.573843 0 0 0 0 0 0 0 0.886466 0 0 0 0 0 0.231477 0 0 0.605117 0 0 0 0 0 0 0 0 0 0 0.421717 0 0 0 0 0 0 0 0 0 0 0 0 0 0 0 0.70966 0.133771 0 0 0 0 0 0 0.133065 0 0 0 0 0 0.15788 0 0 0 0 0.509267 0 0 0 0 0 0 0 0 0 0 0
0 0 0 0 0 0.949005 0 0 0 0 0 0 0 0 0 0 0 0 0 0 0 0 0 0 0 0 0 0 0 0 0.926919 0 0 0.389095 0 0 0 0 0.222172 0 0 0 0 0 0 0.664141 0 0.654186 0.873005 0.221242 0.617995 0 0 0 0.39735 0 0 0 0 0.735261 0 0 0 0 0 0 0 0 0 0 0 0 0.447198 0 0 0 0 0 0 0.215549 0 0 0.235599 0 0 0 0 0 0 0.538856 0 0 0 0 0 0 0 0 0 0
0.133735 0 0 0 0.179192 0 0 0 0 0 0.541815 0 0 0.788588 0 0 0 0 0 0 0 0 0 0.225698 0 0 0 0 0 0 0 0 0 0.280993 0 0 0 0 0 0.341755 0.166184 0 0 0 0 0 0 0.811408 0 0 0 0 0 0 0 0 0 0 0 0 0 0.27267 0 0 0 0 0 0 0.672015 0 0 0 0 0 0 0.395328 0 0.487785 0 0 0 0 0 0 0 0 0 0.168673 0 0 0 0 0 0 0 0 0 0 0 0
0 0 0.228984 0 0 0 0 0 0 0 0 0 0 0 0 0 0 0 0 0 0 0 0 0 0 0 0 0 0.926919 0 0 0 0 0 0 0 0 0 0 0 0 0 0 0.568835 0 0 0 0 0 0 0 0 0 0 0 0 0 0 0 0 0 0 0 0 0 0 0.328207 0 0 0 0 0.927765 0 0 0 0 0 0 0 0 0 0 0 0 0 0 0 0 0 0 0 0 0 0 0.541874 0 0.700902 0 0 0.369069
0 0 0 0 0 0 0 0 0 0 0 0 0 0 0 0 0.372856 0 0 0 0 0 0 0.43011 0 0 0 0 0 0 0 0 0 0 0 0.32801 0 0 0 0 0 0.569283 0 0.643553 0.597233 0 0 0 0 0 0.938396 0 0 0 0 0 0 0 0 0 0 0 0 0 0 0 0 0 0 0 0 0 0 0 0 0 0 0 0.260408 0 0.715271 0 0 0 0 0.732097 0.831794 0 0 0 0 0 0 0 0.768265 0 0 0 0 0
0 0 0 0 0 0.178488 0 0 0 0.629068 0 0 0 0 0 0 0 0 0 0 0 0 0 0 0 0 0.745331 0 0 0 0 0 0 0 0 0 0 0 0 0 0 0 0 0 0 0 0 0 0 0 0 0 0 0 0 0 0.770892 0 0 0 0 0 0.76753 0 0 0 0.597859 0 0 0 0 0 0 0 0.413783 0 0 0 0 0 0 0 0.569876 0 0 0 0 0 0 0 0 0 0 0.792517 0 0 0 0.903273 0 0
0 0 0 0 0 0 0 0 0 0 0.858999 0.339109 0 0 0 0 0 0 0 0 0 0 0 0 0 0 0 0.886466 0.389095 0.280993 0 0 0 0 0 0 0 0 0 0 0 0 0 0 0 0 0 0 0 0 0 0 0 0 0.628813 0 0.286134 0 0 0 0 0 0 0 0.290927 0 0 0 0 0.973622 0 0 0 0 0 0.313243 0 0 0 0 0.496311 0 0 0 0 0 0 0 0 0 0 0 0 0 0 0 0 0.460937 0 0
0 0.30757 0 0.422808 0 0.219113 0 0 0.937371 0 0 0 0 0 0.422259 0 0 0 0.683721 0.38752 0 0 0 0 0 0 0 0 0 0 0 0 0 0 0 0 0 0 0.361462 0 0 0 0 0 0 0.694801 0 0 0 0 0 0 0 0 0 0 0.166718 0 0 0 0 0 0 0 0 0 0 0 0 0 0 0 0 0 0 0 0 0 0 0 0 0 0 0 0 0 0 0 0 0 0 0 0 0 0 0 0 0 0 0
0 0 0 0.317485 0 0 0 0 0 0 0 0 0 0 0.565636 0 0 0 0 0 0 0 0 0 0.569834 0.785721 0 0 0 0 0 0.32801 0 0 0 0 0 0.753851 0 0 0 0 0.523059 0.953603 0 0 0 0 0 0 0 0 0 0 0 0 0 0 0 0 0 0.401527 0 0.529843 0 0 0.91052 0 0 0 0 0.61215 0 0 0 0 0 0.643584 0 0 0 0 0 0 0.943603 0 0 0 0 0 0 0 0 0 0 0 0 0 0 0
0.901801 0 0 0 0 0 0 0 0 0 0 0.423742 0 0 0 0 0.69472 0 0 0 0 0 0 0 0 0 0 0 0 0 0 0 0 0 0 0 0 0 0 0 0 0 0 0.90659 0 0 0 0 0 0 0.792203 0 0 0 0 0 0 0 0 0.785444 0 0 0 0 0 0 0 0 0 0 0.568971 0 0.98468 0 0 0 0 0 0 0.44613 0 0 0 0 0 0 0 0.11116 0 0.967712 0 0 0 0 0 0 0 0 0 0
0.114641 0.575409 0 0 0 0 0 0 0 0 0 0 0 0 0 0 0 0 0 0 0 0 0 0 0 0 0 0 0 0 0 0 0 0 0 0.753851 0 0 0 0 0 0 0 0 0 0 0 0 0 0 0 0 0 0.755055 0 0 0 0 0 0 0 0 0 0 0 0 0 0 0 0 0 0 0 0 0 0 0 0 0 0 0 0 0 0 0 0 0 0 0 0 0 0 0 0 0 0 0.696498 0 0 0.312505
0 0.31892 0 0 0 0.862751 0 0 0 0 0 0 0.653054 0 0 0.655248 0 0 0 0 0 0 0.486988 0 0 0 0 0 0.222172 0 0 0 0 0 0.361462 0 0 0 0 0 0 0.721366 0 0 0 0 0 0.342131 0 0 0.86599 0 0 0 0.492664 0 0 0.722739 0 0 0 0 0 0 0 0 0 0 0 0 0 0.771433 0 0 0 0 0 0 0 0 0 0 0 0 0 0 0 0 0 0 0 0 0 0 0 0 0 0 0 0
0 0 0.550885 0 0 0.265837 0 0 0 0 0 0 0 0 0 0 0 0 0.877597 0.845779 0 0 0 0 0 0 0 0.231477 0 0.341755 0 0 0 0 0 0 0 0 0 0 0 0 0 0 0 0 0 0 0 0 0 0 0 0 0.416038 0 0 0 0 0 0 0 0 0 0 0 0 0 0 0.809111 0 0 0 0 0 0 0 0 0.660201 0 0.178215 0 0 0 0 0 0 0 0 0 0 0.999236 0 0.13939 0.610586 0 0 0 0 0
0.75567 0 0 0 0 0 0 0 0 0 0 0.502686 0 0 0 0 0 0 0 0 0 0 0 0 0 0 0 0 0 0.166184 0 0 0 0 0 0 0 0 0 0 0 0 0 0 0 0 0 0.801206 0 0.877401 0 0 0 0 0 0.677224 0 0 0 0 0 0 0 0 0 0 0 0 0 0.330946 0 0 0 0 0 0 0 0 0 0 0 0 0 0 0 0 0 0 0 0.477983 0.714777 0 0 0 0 0 0.847844 0 0 0
0 0 0 0 0 0 0 0 0 0 0.320911 0 0 0 0 0 0 0 0 0 0 0 0 0 0 0 0 0 0 0 0 0.569283 0 0 0 0 0 0 0.721366 0 0 0 0 0 0 0 0 0.972413 0 0 0.811709 0 0 0 0 0 0.832624 0 0 0 0 0 0 0 0 0.662265 0 0 0 0 0.157088 0 0 0 0.351388 0 0 0 0 0 0 0 0 0 0 0.479773 0 0 0 0 0 0 0 0 0.941474 0 0 0.232519 0 0
0.876704 0 0 0.875603 0 0 0 0 0 0 0 0.407881 0.312629 0 0 0.193509 0 0 0.272371 0 0 0 0 0 0.511067 0 0 0.605117 0 0 0 0 0 0 0 0.523059 0 0 0 0 0 0 0 0 0 0 0 0 0.782888 0 0 0.541062 0 0 0 0 0 0.741285 0 0 0.156547 0 0 0.243723 0 0 0.154059 0 0 0 0 0.774645 0 0 0 0 0 0 0 0 0 0 0 0 0 0 0 0 0.133847 0 0.888625 0 0.701524 0 0 0 0 0 0 0
0 0 0 0 0 0.69099 0.91247 0 0 0 0 0 0 0 0 0.250853 0 0 0 0 0 0 0.676611 0 0 0 0 0 0 0 0.568835 0.643553 0 0 0 0.953603 0.90659 0 0 0 0 0 0 0 0 0 0 0 0.793651 0 0 0.62801 0 0 0 0 0 0 0.380292 0 0 0 0 0 0 0 0 0 0 0 0 0 0 0 0 0 0 0.28391 0 0 0 0 0 0 0.538315 0 0 0 0 0.194144 0 0 0 0 0 0 0 0.297616 0.887771 0
0 0.880933 0.600978 0 0 0 0 0 0 0 0 0 0 0 0 0 0 0 0 0 0 0 0 0 0 0 0 0 0 0 0 0.597233 0 0 0 0 0 0 0 0 0 0 0 0 0 0 0 0 0 0 0 0 0 0.886007 0 0 0 0 0 0 0 0 0.950511 0 0 0 0 0 0 0 0 0.06504 0 0 0.961596 0 0 0 0 0 0 0.61266 0 0 0 0 0 0 0 0 0 0 0 0 0 0 0 0 0 0
0 0 0.715976 0 0 0 0 0 0 0 0 0 0 0 0 0 0 0 0 0 0 0 0 0 0 0 0 0 0.664141 0 0 0 0 0 0.694801 0 0 0 0 0 0 0 0 0 0 0 0 0 0 0 0 0 0 0 0 0 0 0 0.667017 0 0 0 0.755058 0 0 0 0 0 0 0 0 0 0 0 0 0 0.342534 0 0 0.238436 0 0 0 0 0 0 0 0 0 0 0 0 0 0 0 0 0.80314 0 0 0
0 0 0 0 0 0 0 0.374682 0 0 0.224181 0 0 0 0 0.243752 0 0 0 0 0 0 0 0 0 0 0 0 0 0 0 0 0 0 0 0 0 0 0 0 0 0 0 0 0 0 0 0 0 0 0.490219 0 0 0 0 0 0.473584 0.500375 0 0 0 0 0 0 0.783063 0 0 0 0 0 0 0 0 0 0 0 0 0 0 0 0 0 0 0 0 0 0 0 0 0 0 0 0 1.02325 0 0 0 0 0 0
0 0 0 0 0 0 0 0 0 0 0 0 0 0 0 0 0 0 0 0.799325 0 0 0.736403 0 0 0 0.396282 0 0.654186 0.811408 0 0 0 0 0 0 0 0 0.342131 0 0.801206 0.972413 0 0 0 0 0 0 0 0 0 0 0 0 0.155115 0 0 0 0 0 0 0 0 0 0 0 0 0.156872 0 0 0 0.709109 0 0 0 0 0 0 0 0 0 0.455104 0 0.36159 0 0 0.530768 0 0 0 0.484525 0.501597 0 0 0 0 0 0 0 0
0 0 0 0 0 0 0 0 0 0 0 0 0 0 0 0 0 0 0 0 0.776704 0 0 0 0 0 0 0 0.873005 0 0 0 0 0 0 0 0 0 0 0 0 0 0.782888 0.793651 0 0 0 0 0 0 0 0 0 0 0.841378 0 0 0 0 0 0 0 0 0.180088 0.932669 0 0.746702 0 0 0 0 0 0 0 0 0 0 0 0 0 0 0 0 0 0 0 0 0 0 0 0 0 0 0 0 0 0 0.860886 0 0
0 0 0 0 0.376056 0 0 0 0 0 0 0 0 0 0.753395 0.84799 0 0.994702 0 0 0 0 0 0 0 0 0 0 0.221242 0 0 0 0 0 0 0 0 0 0 0 0.877401 0 0 0 0 0 0 0 0 0 0 0 0 0 0 0 0 0 0 0 0 0.146643 0 0 0 0 0 0 0.819413 0 0 0 0 0 0 0 0 0 0 0 0 0 0 0 0 0 0 0.775181 0 0 0 0 0 0 0 0 0 0 0 0
0 0 0 0 0 0 0 0 0 0 0 0 0 0 0.206399 0 0 0 0 0 0 0.135972 0 0 0 0 0.5253 0 0.617995 0 0 0.938396 0 0 0 0 0.792203 0 0.86599 0 0 0.811709 0 0 0 0 0.490219 0 0 0 0 0 0 0 0 0 0 0 0 0 0.772022 0.820794 0 0 0 0 0 0 0 0 0 0 0 0 0 0 0 0 0 0 0 0 0 0 0.824439 0 0 0 0 0 0 0 0 0 0 0 0 0 0 0
0 0 0 0 0 0 0 0 0 0 0 0 0 0 0 0 0 0 0 0.64651 1.00975 0.860138 0 0 0 0 0 0 0 0 0 0 0 0 0 0 0 0 0 0 0 0 0.541062 0.62801 0 0 0 0 0 0 0 0 0 0 0 0 0 0 0 0 0.207606 0.27574 0 0 0 0 0 0 0 0 0 0 0 0 0.918606 0 0 0 0 0 0.917814 0 0 0 0 0.691427 0 0 0 0 0 0 0.798808 0 0 0 0 0 0 0
0 0 0 0 0 0 0 0 0 0 0 0 0 0 0 0 0 0 0 0 0 0 0 0 0 0 0 0 0 0 0 0 0 0 0 0 0 0 0 0 0 0 0 0 0 0 0 0 0 0 0 0 0 0 0 0 0 0 0 0 0 0.299845 0 0 0 0 0.400497 0 0 0 0 0 0 0 0 0 0 0 0 0 0 0 0 0 0 0 0.527064 0 0 0 0.564364 0 0 0 0 0 0 0 0 0
0.148797 0.394306 0 0 0 0 0.740503 0 0 0 0 0 0.119238 0 0 0 0.504131 0.685161 0 0 0 0 0 0 0 0 0 0.421717 0 0 0 0 0 0 0 0 0 0.755055 0 0 0 0 0 0 0.886007 0 0 0 0 0 0 0 0 0 0 0.499222 0 0 0 0 0.359008 0 0 0 0 0 0 0.386595 0 0 0 0 0 0.880455 0 0 0 0.938983 0 0 0 0 0 0 0 0 0 0 0 0 0 0 0 0 0 0 0 0.529911 0 0
0 0 0 0 0 0 0 0 0 0 0 0 0 0 0 0.835354 0.1393 0 0 0 0 0 0 0 0 0 0 0 0.39735 0 0 0 0 0.628813 0 0 0 0 0.492664 0.416038 0 0 0 0 0 0 0 0.155115 0.841378 0 0 0 0 0 0 0 0 0 0 0 0 0.751549 0 0 0 0 0 0.504824 0 0 0 0.862541 0.178612 0 0.684508 0 0 0 0 0 0 0 0 0 0 0 0 0 0.500546 0 0 0 0 0 0 0 0.495062 0 0 0
0 0 0 0 0 0 0 0 0 0 0 0 0 0 0 0 0 0 0 0 0 0 0 0 0 0 0 0 0 0 0 0 0 0 0 0 0 0 0 0 0.677224 0 0 0 0 0 0 0 0 0 0 0 0 0.499222 0 0 0 0.561755 0 0 0 0 0 0 0 0 0 0 0 0 0 0 0 0 0 0 0 0 0 0 0 0 0 0 0.78405 0 0.670725 0 0 0 0 0 0 0 0 0 0 0 0 0
0 0 0 0 0 0 0 0 0 0 0 0 0 0.74876 0 0.0642186 0 0 0 0 0 0 0 0 0 0.977306 0 0 0 0 0 0 0.770892 0.286134 0.166718 0 0 0 0 0 0 0.832624 0 0 0 0 0.473584 0 0 0 0 0 0 0 0 0 0 0 0 0 0 0 0 0 0 0 0.562072 0.972862 0 0 0.745876 0 0 0 0.424585 0 0 0 0.533394 0 0 0 0 0 0 0 0 0.245903 0 0 0 0 0.518737 0 0 0 0 0.653984 0 0
0 0 0 0.426658 0 0 0 0 0 0 0 0 0 0 0 0 0 0 0.234773 0 0.62514 0 0 0 0.267417 0 0 0 0 0 0 0 0 0 0 0 0 0 0.722739 0 0 0 0.741285 0 0 0 0.500375 0 0 0 0 0 0 0 0 0.561755 0 0 0 0 0 0 0 0 0 0 0.640616 0 0 0 0 0 0 0.192357 0 0 0 0 0 0 0 0 0 0 0 0 0 0.495954 0 0 0 0 0 0 0 0 0 0 0 0
0 0 0 0 0 0 0 0 0 0 0 0 0 0 0 0 0 0 0 0 0 0 0 0 0 0 0 0 0 0 0 0 0 0 0 0 0 0 0 0 0 0 0 0.380292 0 0.667017 0 0 0 0 0 0 0 0 0 0 0 0 0 0 0 0 0 0 0 0 0 0 0 0 0 0 0 0.682867 0 0 0 0 0.183498 0 0 0 0 0.190395 0 0 0.383432 0 0 0 0 0 0 0 0 0 0 0 0 0
0 0.666685 0 0 0 0 0 0 0 0 0 0 0 0 0 0 0 0 0 0 0 0 0 0 0 0 0 0 0.735261 0 0 0 0 0 0 0 0.785444 0 0 0 0 0 0 0 0 0 0 0 0 0 0 0 0 0 0 0 0 0 0 0 0 0 0 0 0 0 0 0 0 0 0 0 0 0 0 0 0 1.01064 0 0 0 0 0 0 0 0 0 0 0.50395 0 0 0 0 0 0 0 0 0 0 0
0.615878 0 0 0 0 0 0 0 0 0 0 0 0 0.385989 0 0 0 0 0 0 0 0.729201 0 0 0 0 0 0 0 0 0 0 0 0 0 0 0 0 0 0 0 0 0.156547 0 0 0 0 0 0 0 0.772022 0.207606 0 0.359008 0 0 0 0 0 0 0 0 0 0 0 0 0 0 0 0 0 0 0 0 0 0 0.545578 0 0 0 0.572303 0 0 0 0 0 0 0 0 0 0 0 0 0 0 0 0 0 0 0
0 0 0 0 0 0 0 0 0 0 0.789243 0 0 0 0 0 0 0 0 0 0 0 0 0 0 0 0 0 0 0.27267 0 0 0 0 0 0.401527 0 0 0 0 0 0 0 0 0 0 0 0 0 0.146643 0.820794 0.27574 0.299845 0 0.751549 0 0 0 0 0 0 0 0 0 0 0.910691 0 0 0 0 0.905305 0 0 0 0 0 0 0 0 0 0 0 0 0 0 0 0 0 0 0 0 0 0 0 0 0 0 0 0 0
0 0 0 0 0 0 0 0 0 0 0 0 0 0 0 0 0 0.801451 0 0 0 0 0 0 0 0 0 0 0 0 0 0 0.76753 0 0 0 0 0 0 0 0 0 0 0 0.950511 0.755058 0 0 0 0 0 0 0 0 0 0 0 0 0 0 0 0 0 0 0 0 0 0 0 0 0 0 0 0 0 0.559137 0 0 0 0 0 0 0 0 0 0 0.337935 0 0 0 0 0 0 0 0 0 0 0 0 0
0 0 0 0 0 0 0 0 0 0 0 0 0 0 0 0 0 0 0 0.532782 0 0 0 0 0 0 0 0 0 0 0 0 0 0 0 0.529843 0 0 0 0 0 0 0.243723 0 0 0 0 0 0.180088 0 0 0 0 0 0 0 0 0 0 0 0 0 0 0 0 0 0.940617 0 0 0 0 0 0 0 0.823118 0 0 0 0 0 0 0 0 0 0 0.527466 0 0 0 0 0 0 0 0 0 0 0 0 0.654095 0
0 0 0 0 0 0.34684 0 0.535234 0 0 0 0 0 0 0 0 0 0 0 0 0 0.43605 0 0 0 0 0 0 0 0 0 0 0 0.290927 0 0 0 0 0 0 0 0 0 0 0 0 0.783063 0 0.932669 0 0 0 0 0 0 0 0 0 0 0 0 0 0 0 0 0 0 0 0 0 0 0.208916 0 0 0 0 0 0 0 0 0 0 0 0 0 0 0 0 0 0 0.642625 0 0 0 0 0 0 0 0 0
0 0 0 0 0.309325 0 0 0 0 0 0 0.887358 0 0 0 0 0 0 0 0 0 0 0 0 0 0 0 0 0 0 0 0 0 0 0 0 0 0 0 0 0 0.662265 0 0 0 0 0 0 0 0 0 0 0 0 0 0 0 0 0 0 0 0.910691 0 0 0 0 0 0 0 0 0 0 0 0 0.32284 0 0 0 0 0 0 0 0 0 0.639873 0 0 0.77162 0 0 0.290875 0 0 0 0 0 0 0 0 0
0 0 0 0 0 0 0 0 0 0 0 0 0 0 0 0 0 0 0 0.393243 0 0 0 0 0 0 0 0 0 0 0.328207 0 0.597859 0 0 0.91052 0 0 0 0 0 0 0.154059 0 0 0 0 0 0.746702 0 0 0 0.400497 0 0 0 0.562072 0.640616 0 0 0 0 0 0.940617 0 0 0 0 0 0 0 0 0 0 0 1.01624 0 0 0 0 0 0 0 0 0 0 0 0 0 0 0 0.281445 0 0 0 0.204198 0 0 0 0
0 0 0 0 0 0 0 0 0 0 0 0 0 0 0 0 0 0 0 0 0 0 0 0 0 0 0 0 0 0 0 0 0 0 0 0 0 0 0 0 0 0 0 0 0 0 0 0.156872 0 0 0 0 0 0.386595 0.504824 0 0.972862 0 0 0 0 0 0 0 0 0 0 0 0 0 0 0 0 0 0 0.843996 0 0 0 0 0 0 0 0 0 0 0 0.461164 0 0 0 0 0 0 0 0 0 0 0 0
0 0 0 0 0 0 0.919448 0 0 0 0 0 0 0 0 0 0 1.00742 0 0 0 0 0.761545 0 0 0 0.682961 0 0 0.672015 0 0 0 0 0 0 0 0 0 0 0 0 0 0 0 0 0 0 0 0.819413 0 0 0 0 0 0 0 0 0 0 0 0 0 0 0 0 0 0 0 0 0 0 0 0 0 0 0.718893 0 0 0 0.321926 0 0 0 0 0 0 0 0.658052 0 0 0 0 0 0 0 0 0 0.81806 0
0 0 0 0 0 0 0 0.310509 0.316685 0 0 0 0 0 0 0 0 0 0 0 0 0 0 0 0 0 0 0.70966 0 0 0 0 0 0.973622 0 0 0 0 0 0.809111 0.330946 0 0 0 0 0 0 0 0 0 0 0 0 0 0 0 0 0 0 0 0 0 0 0 0 0 0 0 0 0 0 0 0 0 0 0 0 0 0 0 0 0 0 0 0 0 0 0 0 0 0 0 0 0.64465 0.897264 0 0 0 0 0
0 0.196077 0 0 0 0 0 0 0 0 0 0 0 0 0.593574 0 0 0 0.282957 0 0 0 0 0 0 0 0 0.133771 0 0 0 0 0 0 0 0 0.568971 0 0 0 0 0.157088 0 0 0 0 0 0 0 0 0 0 0 0 0 0 0.745876 0 0 0 0 0.905305 0 0 0 0 0 0 0 0 0 0 0 0 0 0 0 0 0.137114 0 0 0 0 0.95312 0 0 0 0 0.829749 0 0.931694 0 0 0 0 0.603437 0 0 0 0
0.739663 0 0 0 0 0 0 0 0 0 0 0.424923 0 0 0 0 0 0 0 0 0 0 0 0 0 0 0 0 0 0 0.927765 0 0 0 0 0.61215 0 0 0.771433 0 0 0 0.774645 0 0.06504 0 0 0.709109 0 0 0 0 0 0 0.862541 0 0 0 0 0 0 0 0 0 0.208916 0 0 0 0 0 0 0 0 0.850223 0 0 0 0 0 0 0 0 0 0 0 0 0 0 0 0 0 0 0 0.178037 0 0 0 0 0 0
0 0 0 0 0 0 0 0 0 0.481988 0.751065 0 0 0 0 0 0.802324 0 0 0 0 0 0 0 0 0 0 0 0.447198 0 0 0 0 0 0 0 0.98468 0 0 0 0 0 0 0 0 0 0 0 0 0 0 0 0 0 0.178612 0 0 0 0 0 0 0 0 0 0 0 0 0 0 0 0 0 0 0 0.622757 0 0 0 0 0 0 0 0 0 0 0 0 0.387211 0 0 0 0.802703 0 0 0 0 0 0 0 0
0 0 0 0 0 0 0 0 0 0 0 0 0 0 0 0 0 0 0 0 0 0 0 0 0 0 0.848507 0 0 0 0 0 0 0 0 0 0 0 0 0 0 0 0 0 0 0 0 0 0 0 0 0 0 0.880455 0 0 0 0.192357 0.682867 0 0 0 0 0 0 0 0 0 0 0 0 0.850223 0 0 0 0 0 0 0 0 0 0 0 0.227112 0 0 0 0 0 0 0 0 0 0 0 0 0 0 0 0
0 0 0 0 0 0 0 0 0 0 0 0 0 0 0 0 0 0.462124 0 0 0.882229 0.644035 0.311752 0 0 0 0 0 0 0 0 0 0.413783 0 0 0 0 0 0 0 0 0.351388 0 0 0.961596 0 0 0 0 0 0 0.918606 0 0 0.684508 0 0.424585 0 0 0 0 0 0 0.823118 0 0.32284 0 0 0 0 0 0 0.622757 0 0 0 0 0 0.335551 0 0 0 0.91371 0 0 0 0 0 0 0 0 0 0 0 0.852204 0 0.451418 0 0.857571 0
0 0 0 0 0 0 0 0 0 0 0 0 0 0 0 0 0 0.716486 0 0 0 0 0 0 0 0 0 0 0 0.395328 0 0 0 0.313243 0 0 0 0 0 0 0 0 0 0 0 0 0 0 0 0 0 0 0 0 0 0 0 0 0 0 0 0 0.559137 0 0 0 1.01624 0.843996 0 0 0 0 0 0 0 0 0 0 0 0 0 0 0 0 0 0 0 0 0 0 0 0 0 0 0 0 0 0 0 0
0 0 0 0 0 0 0 0 0 0 0 0 0 0 0 0 0 0 0 0 0 0 0 0 0 0 0 0 0 0 0 0 0 0 0 0 0 0 0 0 0 0 0 0 0 0.342534 0 0 0 0 0 0 0 0 0 0 0 0 0 0 0.545578 0 0 0 0 0 0 0 0.718893 0 0 0 0 0 0 0 0 0 0 0 0 0 0 0 0 0 0 0 0 0 0 0 0 0 0 0 0 0 0.778857 0
0 0 0 0 0 0.905461 0 0 0 0.600249 0 0 0 0 0 0 0 0 0 0 0 0 0 0 0.186975 0 0 0.133065 0 0.487785 0 0 0 0 0 0.643584 0 0 0 0 0 0 0 0.28391 0 0 0 0 0 0 0 0 0 0.938983 0 0 0 0 0 1.01064 0 0 0 0 0 0 0 0 0 0 0 0 0 0 0 0 0 0 0.156304 0 0 0 0 0 0 0 0.721453 0 0 0 0 0 0 0 0 0 0.317934 0 0 0
0 0 0 0 0 0 0 0 0 0 0 0 0.896076 0 0 0 0 0.738727 0 0 0 0 0.522239 0 0 0 0 0 0 0 0 0.260408 0 0 0 0 0 0 0 0.660201 0 0 0 0 0 0 0 0 0 0 0 0 0 0 0 0 0.533394 0 0.183498 0 0 0 0 0 0 0 0 0 0 0 0.137114 0 0 0 0.335551 0 0 0.156304 0 0.935799 0 0.411332 0 0 0 0 0 0 0 0.606732 0.299472 0 0 0.734323 0.873659 0 0 0 0 0
0 0 0 0 0 0 0 0 0 0 0 0 0.7824 0 0 0 0.916515 0 0.281637 0 0 0 0 0.433112 0.794182 0.739353 0 0 0.215549 0 0 0 0 0 0 0 0.44613 0 0 0 0 0 0 0 0 0.238436 0 0 0 0 0 0 0 0 0 0 0 0 0 0 0 0 0 0 0 0 0 0 0 0 0 0 0 0 0 0 0 0 0.935799 0 0 0 0 0 0 0 0 0 0 0 0 0 0 0 0 0 0.727025 0 0 0
0 0 0 0 0 0 0 0 0 0 0 0 0 0 0 0 0 0 0 0 0.47826 0 0 0 0 0 0 0 0 0 0 0.715271 0 0.496311 0 0 0 0 0 0.178215 0 0 0 0 0 0 0 0 0 0 0 0.917814 0 0 0 0 0 0 0 0 0.572303 0 0 0 0 0 0 0 0.321926 0 0 0 0 0 0 0 0 0 0 0 0 0 0 0 0 0 0.200161 0 0 0 0 0 0 0 0 0 0 0 0 0
0 0 0 0 0 0 0 0 0.543847 0 0 0 0 0 0.393206 0 0 0 0 0 0 0 0 0 0 0 0 0 0 0 0 0 0 0 0 0 0 0 0 0 0 0 0 0 0.61266 0 0 0.455104 0 0 0 0 0 0 0 0 0 0 0 0 0 0 0 0 0 0 0 0 0 0 0 0 0 0 0 0 0 0 0.411332 0 0 0 0 0.714731 0 0 0 0 0 0 0 0 0 0 0 0 0 0.945714 0 0
0 0 0 0 0 0.954121 0 0 0 0 0.270926 0 0 0 0 0 0 0 0 0.153148 0 0 0 0 0 0.920095 0 0 0.235599 0 0 0 0.569876 0 0 0 0 0 0 0 0 0 0 0 0 0 0 0 0 0 0 0 0 0 0 0 0 0 0 0 0 0 0 0 0 0 0 0 0 0 0 0 0 0 0.91371 0 0 0 0 0 0 0 0 0.222877 0 0 0 0 0 0 0 0 0 0 0 0 0 0 0 0
0.264802 0 0 0 0 0 0 0 0 0 0 0 0.551068 0 0 0 0 0 0 0 0 0 0 0 0 0 0 0.15788 0 0 0 0 0 0 0 0 0 0 0 0 0 0 0 0 0 0 0 0.36159 0 0 0 0 0 0 0 0 0 0 0.190395 0 0 0 0 0 0 0 0 0 0 0 0.95312 0 0 0.227112 0 0 0 0 0 0 0 0.714731 0.222877 0 0 0 0 0.720174 0 0 0 0 0 0 0 0 0.548897 0 0 0
0.32028 0 0 0 0 0 0 0 0 0 0 0 0 0 0 0 0 0 0 0 0 0 0 0 0 0 0 0 0 0 0 0 0 0 0 0.943603 0 0 0 0 0 0 0 0.538315 0 0 0 0 0 0 0.824439 0 0 0 0 0.78405 0 0 0 0 0 0 0 0 0 0.639873 0 0 0 0 0 0 0 0 0 0 0 0 0 0 0 0 0 0 0 0 0 0 0.912737 0 0.847325 0.134151 0 0 0 0 0 0 0 0
1.01456 0 0 0 0 0 0 0 0 0 0.66048 0 0 0 0 0 0 0 0 0 0 0 0 0 0 0 0 0 0 0 0 0.732097 0 0 0 0 0 0 0 0 0 0.479773 0 0 0 0 0 0 0 0 0 0.691427 0 0 0 0 0 0 0 0 0 0 0 0.527466 0 0 0 0 0 0 0 0 0 0 0 0 0 0 0 0 0 0 0 0 0 0 0 0 0 0 0.169699 0 0 0 0 0 0 0 0 0
0 0 0 0 0.344984 0 0 0 0 0 0 0 0 0 0 0 0.408299 0 0 0 0 0 0 0 0 0.954506 0 0 0 0 0 0.831794 0 0 0 0 0 0 0 0 0 0 0 0 0 0 0 0.530768 0 0 0 0 0.527064 0 0 0.670725 0 0 0.383432 0 0 0 0.337935 0 0 0 0 0 0 0 0 0 0 0 0 0 0 0.721453 0 0 0.200161 0 0 0 0 0 0 0 0 0 0 0 0 0 0 0 0.195057 0 0 0
0 0 0 0 0 0 0 0 0 0 0.7681 0 0 0 0 0 0 0 0 0 0 0 0 0 0 0 0 0 0 0.168673 0 0 0 0 0 0 0.11116 0 0 0 0 0 0 0 0 0 0 0 0 0.775181 0 0 0 0 0 0 0.245903 0.495954 0 0 0 0 0 0 0 0.77162 0 0.461164 0 0 0 0 0.387211 0 0 0 0 0 0 0 0 0 0 0.720174 0 0 0 0 0 0 0 0 0 0 0 0 0 0 0 0
0 0 0 0.678768 0 0 0 0 0 0 0 0.556936 0 0 0 0 0 0 0 0 0 0 0 0 0 0 0 0.509267 0 0 0 0 0 0 0 0 0 0 0 0 0 0 0.133847 0 0 0 0 0 0 0 0 0 0 0 0.500546 0 0 0 0 0.50395 0 0 0 0 0 0 0 0 0.658052 0 0.829749 0 0 0 0 0 0 0 0 0 0 0 0 0 0.912737 0 0 0 0 0 0 0 0 0 0 0 0 0 0 0
0 0 0 0.234965 0 0.809442 0 0 0 0 0 0 0 0 0 0 0 0 0 0 0 0 1.00197 0 0 0 0 0 0.538856 0 0 0 0 0 0 0 0.967712 0 0 0 0.477983 0 0 0.194144 0 0 0 0 0 0 0 0 0 0 0 0 0 0 0 0 0 0 0 0 0 0 0 0 0 0 0 0 0 0 0 0 0 0 0.606732 0 0 0 0 0 0 0 0 0 0 0 0 0 0 0 0 0.727558 0 0.584419 0 0
0.501197 0 0 0 0 0 0.584647 0 0 0.178776 0 0 0 0 0 0 0 0 0 0 0 0 0 0 0 0.730462 0 0 0 0 0 0 0 0 0 0 0 0 0 0 0.714777 0 0.888625 0 0 0 0 0.484525 0 0 0 0 0.564364 0 0 0 0 0 0 0 0 0 0 0 0.642625 0.290875 0 0 0 0 0.931694 0 0 0 0 0 0 0 0.299472 0 0 0 0 0 0.847325 0.169699 0 0 0 0 0 0 0 0 0 0 0 0 0 0
0 0 0 0 0 0 0 0 0 0 0 0 0 0 0 0 0 0 0 0 0 0 0 0 0 0 0 0 0 0 0 0 0 0 0 0 0 0 0 0.999236 0 0 0 0 0 0 0 0.501597 0 0 0 0 0 0 0 0 0 0 0 0 0 0 0 0 0 0 0.281445 0 0 0 0 0 0.802703 0 0 0 0 0 0 0 0 0 0 0 0.134151 0 0 0 0 0 0 0 0 0.532413 0 0 0 0 0 0
0 0 0 0 0 0 0 0 0.572893 0 0 0 0 0 0.435009 0 0 0 0 0 0.93625 0 0 0 0 0 0.862186 0 0 0 0 0 0 0 0 0 0 0 0 0 0 0 0.701524 0 0 0 0 0 0 0 0 0.798808 0 0 0 0 0.518737 0 0 0 0 0 0 0 0 0 0 0 0 0 0 0 0 0 0 0 0 0 0 0 0 0 0 0 0 0 0 0 0 0 0 0 0 0 0 0 0 0 0 0
0 0.824733 0 0 0 0 0 0 0 0 0 0 0 0 0 0 0 0 0 0 0 0.387234 0 0 0 0 0 0 0 0 0 0 0.792517 0 0 0 0 0 0 0.13939 0 0 0 0 0 0 1.02325 0 0 0 0 0 0 0 0 0 0 0 0 0 0 0 0 0 0 0 0 0 0 0.64465 0 0.178037 0 0 0 0 0 0 0.734323 0 0 0 0 0 0 0 0 0 0 0 0 0.532413 0 0 0 0 0 0 0 0
0 0 0 0 0 0 0 0 0 0 0 0 0 0 0 0 0 0 0 0 0 0 0 0 0 0.683104 0 0 0 0 0.541874 0.768265 0 0 0 0 0 0 0 0.610586 0 0.941474 0 0 0 0 0 0 0 0 0 0 0 0 0 0 0 0 0 0 0 0 0 0 0 0 0 0 0 0.897264 0 0 0 0 0.852204 0 0 0 0.873659 0 0 0 0 0 0 0 0 0 0 0 0 0 0 0 0 0 0 0 0.252997 0
0 0 0 0 0 0 0 0.411343 0 0 0 0 0 0 0 0 0.677766 0 0 0 0 0 0 0 0 0 0 0 0 0 0 0 0 0 0 0 0 0 0 0 0 0 0 0 0 0 0 0 0 0 0 0 0 0 0 0 0 0 0 0 0 0 0 0 0 0 0.204198 0 0 0 0.603437 0 0 0 0 0 0 0 0 0 0 0 0 0 0 0 0 0 0 0.727558 0 0 0 0 0 0 0 0 0 0
0 0 0 0.738855 0 0 0 0 0 0 0 0 0 0 0 0 0 0 0 0 0 0 0 0 0 0 0 0 0 0 0.700902 0 0 0 0 0 0 0.696498 0 0 0.847844 0 0 0 0 0.80314 0 0 0 0 0 0 0 0 0.495062 0 0 0 0 0 0 0 0 0 0 0 0 0 0 0 0 0 0 0 0.451418 0 0 0.317934 0 0.727025 0 0 0 0.548897 0 0 0.195057 0 0 0 0 0 0 0 0 0 0 1.01459 0.383565 0
0 0 0 0 0.866596 0 0 0 0.497707 0 0 0 0 0 0 0 0 0 0 0 0 0 0 0 0 0 0 0 0 0 0 0 0.903273 0.460937 0 0 0 0 0 0 0 0.232519 0 0.297616 0 0 0 0 0.860886 0 0 0 0 0.529911 0 0 0.653984 0 0 0 0 0 0 0 0 0 0 0 0 0 0 0 0 0 0 0 0 0 0 0 0 0.945714 0 0 0 0 0 0 0 0.584419 0 0 0 0 0 0 1.01459 0 0 0
0 0 0 0 0.253322 0 0 0 0 0 0 0.608026 0 0 0 0 0 0.313714 0 0 0 0 0 0 0 0 0 0 0 0 0 0 0 0 0 0 0 0 0 0 0 0 0 0.887771 0 0 0 0 0 0 0 0 0 0 0 0 0 0 0 0 0 0 0 0.654095 0 0 0 0 0.81806 0 0 0 0 0 0.857571 0 0.778857 0 0 0 0 0 0 0 0 0 0 0 0 0 0 0 0 0 0.252997 0 0.383565 0 0 0.577309
0 0 0 0 0 0 0 0 0 0.867366 0 0 0 0 0 0 0.571722 0 0.491227 0 0 0 0 0 0 0 0 0 0 0 0.369069 0 0 0 0 0 0 0.312505 0 0 0 0 0 0 0 0 0 0 0 0 0 0 0 0 0 0 0 0 0 0 0 0 0 0 0 0 0 0 0 0 0 0 0 0 0 0 0 0 0 0 0 0 0 0 0 0 0 0 0 0 0 0 0 0 0 0 0 0 0.577309 0
