100
0 0 0 0 0 0 0 0 0 0 0 0.794347 0 0 0.787078 0 0.575603 0 0 0 0.135494 0 0 0 0 0 0 0 0 0.141767 0 0 0 0 0 0.542351 0.858868 0.157329 0.23221 0 0.72361 0 0.875255 0 0 0 0 0 0 0 0 0 0 0.171407 0 0 0 0 0 0.524583 0.605107 0 0 0 0 0 0.306974 0 0 0 0 0.762646 0 0 0 0 0 0 0 0 0 0 0.242985 0.236522 0.33481 0.94763 0 0 0 0 0 0.463021 0 0 0 0 0 0.43758 0.367378 0
0 0 0 0 0 0 0 0 0 0 0.135865 0 0 0 0 0 0.180042 0 0 0.752833 0 0 0 0 0 0.833478 0.19653 0 0 0 0.863349 0 0 0.47641 0.266111 0 0 0.642758 0 0.532519 0 0 0 0 0.88536 0 0 0 0 0 0 0 0 0.410148 0 0 0.232793 0 0.78108 0 0 0 0 0 0 0 0 0 0 0 0 0 0 0 0 0 0 0 0.674775 0 0 0.701282 0 0.357889 0 0 0 0 0 0 0 0 0 0.850828 0 0 0 0 0 0
0 0 0 0.791554 0 0 0.556663 0.606218 0 0 0 0 0 0 0.467264 0 0 0 0 0.970982 0 0 0 0 0 0.523848 0 0 0 0 0 0 0 0.840035 0 0 0 0 0 0.46969 0 0 0 0 0 0.648995 0 0 0 0 0 0 0 0 0 0 0.444504 0.457027 0 0.61195 0 0 0 0 0 0 0 0 0 0 0 0 0 0 0 0 0 0 0 0 0 0 0 0 0 0 0.492655 0 0 0 0 0 0 0 0 0 0 0 0.297632 0
0 0 0.791554 0 0 0 0 0 0 0 0 0 0 0.54303 0.913399 0.137136 0 0 0 0 0 0.504762 0 0 0.490784 0 0 0 0.262271 0 0 0 0.832976 0 0.38738 0.299115 0 0.495595 0 0 0.677851 0 0.845352 0 0 0 0.16093 0 0 0.203917 0 0 0 0 0 0 0.898793 0.364685 0 0 0 0 0 0 0 0 0 0 0 0 0 0 0 0 0 0 0 0 0 0 0 0.520008 0.952917 0 0 0 0 0 0.691937 0.240466 0 0 0.558668 0 0 0 0.749497 0 0 0
0 0 0 0 0 0 0.655312 0 0 0 0 0 0.130644 0.495107 0 0 0 0 0 0 0.936693 0 0 0 0.82868 0.667228 0.443692 0 0 0.155689 0.472864 0 0 0 0 0 0 0 0 0 0 0 0 0 0 0 0 0 0.645327 0.364658 0 0.629532 0 0 0 0 0 0 0 0 0 0 0 0.642412 0 0.307019 0 0 0 0 0 0.341266 0 0 0.759371 0.873506 0 0 0 0 0 0 0 0 0 0 0.344683 0 0 0 0 0 0 0 0 0 0 0.812703 0.297322 0
0 0 0 0 0 0 0.652961 0 0 0 0 0.622536 0 0 0 0 0 0 0 0 0 0 0 0 0 0 0.235109 0 0.927076 0 0 0 0 0 0.227867 0 0 0 0.862716 0.306664 0 0 0 0.629658 0 0 0 0 0 0 0 0 0 0 0.454901 0 0 0 0 0 0 0 0.405281 0 0.321168 0 0.152064 0 0 0 0 0.911878 0 0 0.707263 0 0 0.915212 0 0 0 0 0.97704 0 0 0.934178 0 0 0 0.829137 0 0 0 0 0 0 0 0 0 0
0 0 0.556663 0 0.655312 0.652961 0 0 0 0 0 0.545658 0.927386 0 0 0 0 0 0 0.174795 0 0 0 0 0 0 0 0 0 0 0 0 0 0 0 0 0 0 0 0 0 0 0 0.890064 0 0 0 0 0 0 0 0 0 0.73764 0 0 0 0 0 0 0 0 0.145839 0 0 0 0.72358 0 0.861353 0 0 0.21148 0 0 0 0 0 0.829698 0 0 0 0 0 0 0.18281 0 0 0 0 0 0.615569 0 0.980967 0 0 0 0.981166 0 0 0
0 0 0.606218 0 0 0 0 0 0 0 0 0 0 0.303264 0 0 0 0 0 0.415032 0 0 0 0 0 0 0 0 0 0 0 0 0 0 0 0 0 0 0.390465 0 0 0 0 0 0 0 0.288258 0 0 0 0 0 0 0.679782 0 0 0 0 0 0 0 0.533258 0.817893 0 0.485788 0 0 0 0 0.383441 0 0 0 0 0 0 0.491589 0.388588 0 0 0 0 0.920489 0 0 0 0 0 0 0 0 0 0 0 0 0.304286 0.449243 0 0 0
0 0 0 0 0 0 0 0 0 0 0 0 0 0 0 0 0 0 0 0 0.550556 0 0 0 0 0 0 0 0 0 0.820777 0 0 0 0.928821 0 0 0 0 0 0 0.290688 0 0 0 0 0.298778 0 0 0.905122 0 0 0 0 0 0 0 0 0 0 0 0 0 0 0.434339 0 0 0 0 0.3168 0 0 0 0 0 0 0 0 0 0 0 0.586652 0 0 0 0 0 0 0 0 0 0 0.537594 0 0 0 0 0.544975 0 0
0 0 0 0 0 0 0 0 0 0 0 0 0 0 0 0 0 0 0 0 0 0 0 0 0 0.224958 0 0 0 0 0 0 0.671791 0 0 0 0 0.492522 0 0 0.802412 0 0 0 0 0 0 0 0 0 0 0 0 0 0 0 0 0 0 0 0 0 0 0 0 0 0 0 0 0.423574 0 0 0.458355 0 0 0 0 0.67847 0 0 0 0 0 0 0 0 0 0 0 0 0.143599 0 0 0 0 0 0 0 0 0.834221
0 0.135865 0 0 0 0 0 0 0 0 0 0 0 0 0 0 0 0 0 0 0 0.838314 0 0 0 0 0 0.728706 0.248258 0.57439 0 0 0 0.914947 0 0 0 0 0 0 0 0.291095 0 0 0 0 0.177693 0 0 0 0 0 0 0 0 0 0 0 0 0 0 0.807856 0 0 0 0 0.651064 0 0 0 0 0 0.687273 0 0 0 0 0 0 0 0 0.805489 0.34143 0 0 0.618959 0 0 0 0 0 0 0 0 0 0 0 0 0 0
0.794347 0 0 0 0 0.622536 0.545658 0 0 0 0 0 0 0 0.437412 0 0 0 0 0 0 0 0 0 0.390054 0.655545 0 0 0 0 0 0 0 0.302816 0 0 0.410588 0 0.268679 0 0.489335 0 0.396321 0 0 0 0 0 0 0 0 0 0 0 0.769826 0 0 0.692384 0 0 0 0 0 0 0 0.869813 0 0 0 0 0 0.400833 0 0 0 0 0 0 0 0 0 0 0 0 0 0 0 0 0.52024 0 0.295243 0 0 0.359587 0 0 0 0 0.563409 0
0 0 0 0 0.130644 0 0.927386 0 0 0 0 0 0 0 0.48357 0 0.558019 0 0 0 0 0 0.466601 0 0.723971 0 0 0 0 0 0 0 0 0 0 0 0 0 0.594781 0 0 0 0 0 0 0.936765 0 0 0 0 0 0 0 0.190293 0 0 0 0 0 0 0 0 0 0 0 0.914836 0.477367 0 0 0 0 0.644374 0 0 0 0 0 0 0.859907 0.804161 0 0 0 0.484602 0 0 0 0.633026 0 0 0 0 0.503159 0 0 0 0 0 0.375054 0.207568
0 0 0 0.54303 0.495107 0 0 0.303264 0 0 0 0 0 0 0 0.992865 0 0 0 0 0 0 0 0 0.132623 0.239594 0 0.529736 0.882219 0 0 0 0 0 0 0 0 0 0 0.957391 0.224809 0 0 0 0 0.423408 0 0 0 0 0 0 0 0 0 0 0.709567 0 0 0 0.345525 0 0 0 0 0 0 0.667439 0 0 0 0 0 0 0.569299 0 0 0 0.597124 0 0 0 0 0 0 0 0 0 0 0 0 0.329237 0 0 0 0 0 0 0 0
0.787078 0 0.467264 0.913399 0 0 0 0 0 0 0 0.437412 0.48357 0 0 0 0 0 0 0 0 0 0 0 0 0 0.33361 0 0 0 0 0 0 0 0.459903 0.558091 0 0 0 0 0 0 0 0 0 0 0 0 0 0.715502 0.188138 0 0 0 0 0.948464 0 0 0 0 0 0.641856 0 0 0 0 0 0 0 0 0.568829 0 0 0 0.629132 0 0.643062 0 0 0 0.709489 0.493669 0 0 0 0 0 0 0 0.403523 0 0 0.421827 0 0 0 0 0 0 0
0 0 0 0.137136 0 0 0 0 0 0 0 0 0 0.992865 0 0 0 0 0 0 0.250444 0 0 0 0 0.776874 0.477049 0 0 0 0 0 0 0 0.550175 0 0 0 0.710354 0.503552 0 0 0.196189 0.322061 0 0 0.327611 0 0 0.852946 0 0 0 0.622042 0.819613 0 0.134987 0 0 0 0 0 0 0 0 0 0 0 0 0 0 0 0.617719 0 0 0 0 0 0 0 0 0 0 0 0 0 0.432284 0 0 0 0 0 0 0 0 0 0 0 0 0
0.575603 0.180042 0 0 0 0 0 0 0 0 0 0 0.558019 0 0 0 0 0 0 0 0 0 0 0 0 0 0 0 0 0 0 0.327073 0 0 0 0 0.618161 0 0.769845 0 0 0 0.947757 0 0 0 0 0 0 0 0 0 0 0.478375 0.185299 0 0.690594 0.532579 0 0 0 0 0 0 0 0 0 0 0 0 0 0.865583 0.801094 0.676093 0 0 0 0 0 0.926151 0 0 0 0 0 0 0.372323 0 0.649487 0.758532 0 0 0 0 0 0.692093 0 0 0.361978 0.612361
0 0 0 0 0 0 0 0 0 0 0 0 0 0 0 0 0 0 0 0 0.886372 0 0 0 0 0 0 0.3939 0 0 0 0 0 0 0 0 0 0 0 0 0 0.345244 0 0 0 0 0 0 0 0.94778 0 0 0 0.710619 0 0 0 0 0 0 0 0 0.739271 0 0 0 0 0 0.974751 0 0 0 0 0 0.466999 0.685771 0 0 0 0.375224 0 0 0 0 0 0 0 0 0 0 0 0 0.610115 0 0.980311 0 0 0 0.361027 0
0 0 0 0 0 0 0 0 0 0 0 0 0 0 0 0 0 0 0 0 0 0 0 0 0.825317 0 0 0 0 0.336321 0 0 0 0 0.77232 0 0 0 0 0.894815 0.75711 0 0.289172 0 0 0 0.175537 0.759772 0.390441 0 0 0 0 0 0 0 0 0.215446 0 0 0 0 0 0.52597 0 0 0 0 0 0 0.327418 0 0 0 0.401835 0 0 0 0 0.354513 0 0 0 0 0 0 0 0 0 0 0 0 0 0 0 0 0 0 0 0.554148
0 0.752833 0.970982 0 0 0 0.174795 0.415032 0 0 0 0 0 0 0 0 0 0 0 0 0 0 0 0 0 0 0 0 0 0 0 0 0 0 0.422119 0 0 0 0 0.848064 0 0 0 0 0 0 0 0.818349 0 0.18356 0 0.679943 0 0 0 0 0 0 0.937601 0 0 0 0 0.514874 0 0 0.312591 0 0 0 0.526252 0 0 0 0 0 0.786614 0 0 0 0 0 0.152501 0 0 0 0 0 0 0 0 0 0 0 0 0 0 0 0 0
0.135494 0 0 0 0.936693 0 0 0 0.550556 0 0 0 0 0 0 0.250444 0 0.886372 0 0 0 0 0 0 0 0 0 0 0 0 0 0 0 0 0 0 0 0 0 0 0 0 0 0 0.410884 0 0 0 0.710546 0 0 0.985505 0 0 0 0 0.578512 0.633444 0 0 0 0 0 0 0.626931 0 0 0 0 0 0.576634 0 0 0 0.880792 0 0 0 0 0 0.447451 0 0 0 0 0.276384 0 0 0 0 0 0 0.936477 0 0 0 0 0 0.41621 0
0 0 0 0.504762 0 0 0 0 0 0 0.838314 0 0 0 0 0 0 0 0 0 0 0 0.243265 0 0 0 0 0 0 0 0 0 0.565358 0 0 0 0 0 0 0 0 0 0 0 0 0 0 0 0 0 0.16108 0.865767 0 0.60959 0 0 0 0 0 0 0.781015 0 0 0 0.406415 0 0 0.728449 0 0.807063 0 0 0 0 0.686642 0 0 0 0 0 0.880712 0.253062 0 0 0 0.861624 0.725005 0 0 0 0 0 0 0.405756 0 0 0 0 0 0.614995
0 0 0 0 0 0 0 0 0 0 0 0 0.466601 0 0 0 0 0 0 0 0 0.243265 0 0 0 0 0 0 0 0 0 0 0 0.966178 0.810426 0 0 0 0.549251 0 0 0 0 0.68485 0 0 0 0.765552 0 0.33967 0 0 0 0 0 0 0 0 0.587212 0 0 0 0 0 0 0 0 0 0.700256 0.657899 0 0 0 0 0.33321 0 0 0 0.545719 0 0 0 0 0 0 0 0 0 0 0.927735 0 0 0 0 0 0 0 0 0 0
0 0 0 0 0 0 0 0 0 0 0 0 0 0 0 0 0 0 0 0 0 0 0 0 0 0 0 0 0 0.185668 0 0.441036 0 0 0 0 0 0 0 0.476701 0 0 0 0 0 0.9077 0.764191 0.752236 0.468192 0 0 0 0 0 0 0 0 0 0 0 0 0 0.149182 0 0 0 0 0 0 0 0 0 0.485955 0.363366 0 0 0 0 0 0.395214 0.242235 0 0.162523 0 0 0 0 0 0 0 0 0 0 0 0.237889 0 0 0 0.165958 0
0 0 0 0.490784 0.82868 0 0 0 0 0 0 0.390054 0.723971 0.132623 0 0 0 0 0.825317 0 0 0 0 0 0 0.247485 0 0 0 0 0 0 0 0 0 0.618257 0 0 0 0 0 0 0.547892 0 0 0 0 0 0 0 0 0 0 0 0 0 0 0.222218 0 0 0 0 0 0 0 0 0 0 0 0 0 0 0 0 0.784678 0 0.840216 0.177062 0 0.763613 0 0 0.146531 0 0 0 0 0 0 0 0 0 0 0 0 0.806918 0 0 0.939177 0
0 0.833478 0.523848 0 0.667228 0 0 0 0 0.224958 0 0.655545 0 0.239594 0 0.776874 0 0 0 0 0 0 0 0 0.247485 0 0 0 0 0.140882 0 0 0 0 0.440496 0.758039 0 0 0 0.522703 0 0 0 0.453739 0 0.757014 0 0 0 0 0 0 0 0 0 0 0.93136 0.87439 0 0.846294 0 0.427499 0 0 0 0.507939 0 0 0 0 0 0 0 0 0 0 0 0 0 0 0 0 0.919937 0 0 0 0.915416 0 0 0 0 0 0 0 0.748 0 0 0 0 0
0 0.19653 0 0 0.443692 0.235109 0 0 0 0 0 0 0 0 0.33361 0.477049 0 0 0 0 0 0 0 0 0 0 0 0.355406 0 0 0 0 0.672161 0 0 0 0 0 0 0 0 0 0 0 0 0 0 0.378181 0 0 0.510012 0 0 0 0 0 0 0 0.279593 0 0 0 0 0 0 0 0 0 0.645579 0 0 0 0 0.831707 0.486623 0 0 0 0 0.649401 0 0 0 0 0 0 0 0 0 0 0 0 0.887431 0 0 0 0.967672 0 0 0
0 0 0 0 0 0 0 0 0 0 0.728706 0 0 0.529736 0 0 0 0.3939 0 0 0 0 0 0 0 0 0.355406 0 0 0.489303 0 0 0 0.924167 0 0 0 0 0 0.231388 0 0 0.628277 0 0.399928 0.422651 0 0 0 0 0 0 0 0.463057 0 0 0 0 0 0 0 0 0 0 0 0 0 0 0 0.672707 0.167032 0 0 0 0 0 0 0 0 0 0 0 0 0.133971 0 0 0 0 0.54618 0 0 0.16821 0 0 0 0 0 0 0 0
0 0 0 0.262271 0 0.927076 0 0 0 0 0.248258 0 0 0.882219 0 0 0 0 0 0 0 0 0 0 0 0 0 0 0 0 0.920864 0 0.907188 0 0.906097 0 0 0 0.202262 0 0 0 0 0 0 0.63629 0 0 0.861867 0 0.621199 0 0 0 0 0 0 0 0 0.750716 0 0 0 0 0.204745 0 0 0 0 0 0 0.381303 0.434613 0 0 0 0.433477 0 0 0.207078 0 0 0.203624 0 0 0 0 0 0 0.511213 0 0 0 0 0 0 0 0 0 0
0.141767 0 0 0 0.155689 0 0 0 0 0 0.57439 0 0 0 0 0 0 0 0.336321 0 0 0 0 0.185668 0 0.140882 0 0.489303 0 0 0 0 0 0.318111 0 0 0 0 0 0 0.13418 0 0 0.808335 0 0 0 0.818535 0 0 0 0 0.543782 0 0.414249 0 0.786363 0 0 0 0 0.29516 0 0 0 0 0 0 0.625576 0 0 0 0 0 0 0.407775 0 0.557868 0 0 0 0 0 0 0 0 0 0.133712 0 0 0 0 0 0 0.171924 0 0 0 0 0
0 0.863349 0 0 0.472864 0 0 0 0.820777 0 0 0 0 0 0 0 0 0 0 0 0 0 0 0 0 0 0 0 0.920864 0 0 0 0 0 0 0 0.205456 0 0 0 0 0 0 0 0 0 0 0 0 0 0 0 0 0 0 0 0 0 0 0 0 0 0.357142 0.819829 0 0 0.308995 0 0 0 0 0.957364 0 0 0 0 0 0.678315 0 0 0 0 0 0 0.231646 0.79551 0 0 0 0 0 0 0 0.825228 0.523192 0 0.672756 0 0 0.321217
0 0 0 0 0 0 0 0 0 0 0 0 0 0 0 0 0.327073 0 0 0 0 0 0 0.441036 0 0 0 0 0 0 0 0 0 0 0 0.226911 0 0.712536 0 0 0 0.535478 0 0.64436 0 0 0 0 0 0 0.914638 0 0 0 0 0 0 0 0.915673 0 0 0 0 0 0 0 0 0 0 0 0 0 0 0 0 0 0 0 0.171883 0 0.735765 0 0 0 0 0.770923 0 0 0 0 0 0 0 0 0.749689 0 0 0 0 0
0 0 0 0.832976 0 0 0 0 0 0.671791 0 0 0 0 0 0 0 0 0 0 0 0.565358 0 0 0 0 0.672161 0 0.907188 0 0 0 0 0 0 0 0 0 0 0 0 0 0 0 0 0 0 0 0 0 0 0 0 0 0 0 0.768019 0 0 0 0 0.59704 0.798223 0 0 0 0.609089 0 0 0 0.297716 0 0 0 0.394938 0 0 0 0 0 0.477787 0.695843 0.538475 0 0 0 0 0 0 0 0 0.200664 0 0.760912 0 0 0 0.876602 0 0
0 0.47641 0.840035 0 0 0 0 0 0 0 0.914947 0.302816 0 0 0 0 0 0 0 0 0 0 0.966178 0 0 0 0 0.924167 0 0.318111 0 0 0 0 0 0 0 0 0 0 0 0.234153 0 0 0 0 0 0 0 0 0 0 0.880018 0 0.583507 0 0.312649 0 0 0 0 0 0 0 0.230918 0 0 0 0 0.978646 0 0 0 0 0 0.277245 0 0 0.132072 0 0.487759 0 0 0 0 0.706234 0 0 0 0 0 0 0.639487 0 0 0 0 0.525645 0 0
0 0.266111 0 0.38738 0 0.227867 0 0 0.928821 0 0 0 0 0 0.459903 0.550175 0 0 0.77232 0.422119 0 0 0.810426 0 0 0.440496 0 0 0.906097 0 0 0 0 0 0 0 0 0 0.387096 0 0 0 0 0.252572 0 0.636545 0 0.299366 0 0 0 0 0 0 0 0 0.214679 0 0 0 0 0 0 0 0 0 0 0 0 0.521305 0.818064 0 0 0 0 0 0 0 0 0 0 0 0 0 0.664292 0 0 0 0.638695 0 0 0 0 0 0 0 0.439089 0 0.378486 0
0.542351 0 0 0.299115 0 0 0 0 0 0 0 0 0 0 0.558091 0 0 0 0 0 0 0 0 0 0.618257 0.758039 0 0 0 0 0 0.226911 0 0 0 0 0.97353 0.755135 0.415713 0 0 0 0.498106 0.960723 0.436276 0 0 0 0 0 0 0 0 0 0 0 0 0 0 0 0 0.410694 0.678231 0.480822 0 0 0.877178 0 0 0 0 0.616601 0 0 0 0 0 0.688873 0 0 0 0 0 0 0.962318 0 0 0 0 0 0 0 0 0.874776 0 0 0 0.498819 0 0
0.858868 0 0 0 0 0 0 0 0 0 0 0.410588 0 0 0 0 0.618161 0 0 0 0 0 0 0 0 0 0 0 0 0 0.205456 0 0 0 0 0.97353 0 0 0 0 0 0.157851 0 0.918773 0 0 0 0 0.281651 0 0.786564 0 0 0 0 0 0.14233 0 0 0.79402 0 0 0 0 0 0 0 0.988894 0 0 0.579086 0 0.94559 0 0 0 0 0 0 0 0 0 0 0 0 0.529683 0 0.131663 0 0.988854 0 0 0 0 0 0 0 0 0 0
0.157329 0.642758 0 0.495595 0 0 0 0 0 0.492522 0 0 0 0 0 0 0 0 0 0 0 0 0 0 0 0 0 0 0 0 0 0.712536 0 0 0 0.755135 0 0 0 0.975249 0 0 0 0 0 0.198101 0 0 0.81862 0 0 0 0 0.812985 0 0 0 0 0 0 0 0 0 0 0 0.835756 0 0 0 0 0 0 0 0 0 0 0 0 0 0 0.630055 0 0 0 0 0 0 0 0 0 0 0 0 0 0.548677 0 0 0 0 0.318261
0.23221 0 0 0 0 0.862716 0 0.390465 0 0 0 0.268679 0.594781 0 0 0.710354 0.769845 0 0 0 0 0 0.549251 0 0 0 0 0 0.202262 0 0 0 0 0 0.387096 0.415713 0 0 0 0 0 0.69156 0 0 0 0 0.628805 0.36236 0 0 0.900833 0 0 0 0.522027 0 0 0.72495 0 0 0 0 0 0 0 0 0 0 0 0 0 0 0 0 0 0.436371 0 0 0.833017 0 0 0 0 0.681858 0.906409 0 0.45565 0 0 0 0.319606 0 0 0.256884 0 0 0 0.607556 0 0
0 0.532519 0.46969 0 0 0.306664 0 0 0 0 0 0 0 0.957391 0 0.503552 0 0 0.894815 0.848064 0 0 0 0.476701 0 0.522703 0 0.231388 0 0 0 0 0 0 0 0 0 0.975249 0 0 0 0 0 0 0 0 0 0 0 0 0 0 0 0 0.353906 0.84215 0.478409 0 0 0 0 0 0 0.608738 0.955958 0 0 0 0 0.826328 0 0 0.560121 0 0 0 0 0 0.668482 0 0.251552 0 0 0 0 0 0 0 0 0.627346 0.752683 0.96657 0 0.165792 0.60046 0 0 0 0.67458 0
0.72361 0 0 0.677851 0 0 0 0 0 0.802412 0 0.489335 0 0.224809 0 0 0 0 0.75711 0 0 0 0 0 0 0 0 0 0 0.13418 0 0 0 0 0 0 0 0 0 0 0 0 0 0 0 0 0 0.761779 0 0 0 0 0 0 0 0.613698 0 0 0 0 0 0 0 0.646444 0.673287 0 0 0 0 0.381989 0.658779 0 0 0 0 0 0 0 0 0 0 0 0 0 0 0 0 0 0 0.476369 0.736871 0 0 0 0 0 0.863517 0 0 0
0 0 0 0 0 0 0 0 0.290688 0 0.291095 0 0 0 0 0 0 0.345244 0 0 0 0 0 0 0 0 0 0 0 0 0 0.535478 0 0.234153 0 0 0.157851 0 0.69156 0 0 0 0 0 0 0.615021 0 0.990201 0 0 0.839709 0 0 0 0 0 0.850773 0 0 0 0 0 0 0 0.484535 0.582113 0 0 0 0 0.186157 0 0 0 0.304677 0 0 0 0 0 0 0 0 0 0 0.509172 0 0 0 0 0 0 0 0 0.925474 0 0 0.189043 0 0.639208
0.875255 0 0 0.845352 0 0 0 0 0 0 0 0.396321 0 0 0 0.196189 0.947757 0 0.289172 0 0 0 0 0 0.547892 0 0 0.628277 0 0 0 0 0 0 0 0.498106 0 0 0 0 0 0 0 0 0 0 0.16405 0 0.796776 0 0 0.559464 0 0 0 0 0.614689 0.734731 0 0 0 0 0 0.255475 0 0.670114 0.129 0 0 0 0 0.855207 0 0 0 0 0 0 0 0 0 0 0 0 0 0.640799 0 0 0.142261 0.946068 0 0 0.717426 0 0 0 0 0 0 0
0 0 0 0 0 0.629658 0.890064 0 0 0 0 0 0 0 0 0.322061 0 0 0 0 0 0 0.68485 0 0 0.453739 0 0 0 0.808335 0 0.64436 0 0 0.252572 0.960723 0.918773 0 0 0 0 0 0 0 0 0 0 0 0 0 0 0.672933 0 0 0 0 0 0 0.394122 0.226987 0 0.842726 0 0 0 0 0 0 0 0.783148 0 0 0 0 0 0 0 0.270558 0 0 0 0 0 0 0.574733 0 0 0 0 0.197981 0 0.221891 0 0 0.626628 0 0 0.325179 0.807841 0
0 0.88536 0 0 0 0 0 0 0 0 0 0 0 0 0 0 0 0 0 0 0.410884 0 0 0 0 0 0 0.399928 0 0 0 0 0 0 0 0.436276 0 0 0 0 0 0 0 0 0 0 0.962676 0 0 0 0 0 0 0.863712 0 0 0 0.405945 0 0 0 0 0.8854 0 0 0 0 0 0 0 0 0.184215 0 0 0.940501 0 0.356688 0 0 0 0 0.56349 0 0 0.714871 0 0 0.937366 0 0 0 0.551435 0 0 0 0 0 0 0 0.322048
0 0 0.648995 0 0 0 0 0 0 0 0 0 0.936765 0.423408 0 0 0 0 0 0 0 0 0 0.9077 0 0.757014 0 0.422651 0.63629 0 0 0 0 0 0.636545 0 0 0.198101 0 0 0 0.615021 0 0 0 0 0 0 0 0 0 0 0 0 0 0 0 0 0.680294 0 0 0 0.687989 0 0 0.781033 0 0 0 0 0 0 0.9128 0 0 0 0.353564 0 0 0.197006 0 0 0 0 0 0 0 0 0 0 0 0 0 0.171308 0 0 0.843695 0 0 0
0 0 0 0.16093 0 0 0 0.288258 0.298778 0 0.177693 0 0 0 0 0.327611 0 0 0.175537 0 0 0 0 0.764191 0 0 0 0 0 0 0 0 0 0 0 0 0 0 0.628805 0 0 0 0.16405 0 0.962676 0 0 0 0 0 0.406763 0 0 0 0 0 0.489694 0.433182 0 0 0 0 0 0 0.782832 0 0 0 0 0 0 0 0 0 0 0 0 0 0 0 0 0 0 0 0 0 0 0 0 0.683874 0 0 0 0 0 0 0 0 0 0
0 0 0 0 0 0 0 0 0 0 0 0 0 0 0 0 0 0 0.759772 0.818349 0 0 0.765552 0.752236 0 0 0.378181 0 0 0.818535 0 0 0 0 0.299366 0 0 0 0.36236 0 0.761779 0.990201 0 0 0 0 0 0 0 0 0 0.698836 0 0.714235 0.150513 0 0 0 0 0 0 0 0 0 0 0 0 0.168792 0 0.462599 0 0.714858 0 0 0 0 0 0 0 0 0 0.471276 0 0.327046 0 0 0.536017 0 0 0 0 0 0 0.832109 0 0.627065 0 0 0 0
0 0 0 0 0.645327 0 0 0 0 0 0 0 0 0 0 0 0 0 0.390441 0 0.710546 0 0 0.468192 0 0 0 0 0.861867 0 0 0 0 0 0 0 0.281651 0.81862 0 0 0 0 0.796776 0 0 0 0 0 0 0 0 0 0 0 0.799744 0 0 0 0.622281 0 0 0 0 0.152279 0.862145 0 0.82466 0.171617 0 0 0 0 0.377118 0.313461 0 0 0 0 0 0 0.429336 0.307375 0 0 0.267371 0 0 0 0 0.435165 0 0 0.207676 0 0 0 0 0.918472 0 0
0 0 0 0.203917 0.364658 0 0 0 0.905122 0 0 0 0 0 0.715502 0.852946 0 0.94778 0 0.18356 0 0 0.33967 0 0 0 0 0 0 0 0 0 0 0 0 0 0 0 0 0 0 0 0 0 0 0 0 0 0 0 0 0 0 0.37347 0 0.389254 0 0 0 0.953089 0 0.164003 0 0 0 0 0 0.876967 0 0 0 0 0 0 0 0.182528 0.571809 0 0 0 0 0 0 0 0.169212 0 0 0.795928 0 0 0 0 0.761043 0 0 0 0 0 0 0
0 0 0 0 0 0 0 0 0 0 0 0 0 0 0.188138 0 0 0 0 0 0 0.16108 0 0 0 0 0.510012 0 0.621199 0 0 0.914638 0 0 0 0 0.786564 0 0.900833 0 0 0.839709 0 0 0 0 0.406763 0 0 0 0 0 0 0 0 0.678661 0 0 0 0.846781 0.688226 0.854816 0 0 0 0 0 0 0 0 0 0 0 0 0 0 0 0 0 0 0 0 0 0 0.863944 0 0 0 0 0 0 0 0 0 0 0 0 0 0.792389 0.81742
0 0 0 0 0.629532 0 0 0 0 0 0 0 0 0 0 0 0 0 0 0.679943 0.985505 0.865767 0 0 0 0 0 0 0 0 0 0 0 0 0 0 0 0 0 0 0 0 0.559464 0.672933 0 0 0 0.698836 0 0 0 0 0.282781 0 0 0 0 0 0 0 0 0.24476 0 0.371996 0 0 0 0 0.63052 0 0 0.265799 0 0 0.894814 0 0 0 0 0 0.889947 0 0 0 0 0.578861 0 0 0 0 0 0.489115 0.752348 0 0 0 0 0 0 0
0 0 0 0 0 0 0 0 0 0 0 0 0 0 0 0 0 0 0 0 0 0 0 0 0 0 0 0 0 0.543782 0 0 0 0.880018 0 0 0 0 0 0 0 0 0 0 0 0 0 0 0 0 0 0.282781 0 0.177226 0.634788 0 0 0 0 0 0 0.333646 0 0 0 0 0.324753 0 0 0 0 0 0 0 0 0 0 0 0 0 0 0 0 0 0 0 0.50989 0 0 0 0.530974 0 0 0 0.905308 0 0 0 0 0
0.171407 0.410148 0 0 0 0 0.73764 0.679782 0 0 0 0 0.190293 0 0 0.622042 0.478375 0.710619 0 0 0 0.60959 0 0 0 0 0 0.463057 0 0 0 0 0 0 0 0 0 0.812985 0 0 0 0 0 0 0.863712 0 0 0.714235 0 0.37347 0 0 0.177226 0 0 0.504538 0 0 0 0.779111 0.314346 0.663933 0 0 0 0 0 0.38175 0 0 0 0 0 0.877223 0 0 0 0.980409 0 0 0 0 0 0 0 0 0 0 0 0 0 0 0 0 0 0.921865 0 0.520343 0 0
0 0 0 0 0 0.454901 0 0 0 0 0 0.769826 0 0 0 0.819613 0.185299 0 0 0 0 0 0 0 0 0 0 0 0 0.414249 0 0 0 0.583507 0 0 0 0 0.522027 0.353906 0 0 0 0 0 0 0 0.150513 0.799744 0 0 0 0.634788 0 0 0 0 0 0 0 0 0.781513 0 0 0.494278 0 0 0.474489 0 0 0 0.917422 0.176101 0 0.701174 0 0 0.254939 0 0 0 0 0 0 0 0 0 0.368901 0.420646 0 0 0 0 0 0 0.631999 0.520193 0.332099 0 0.48797
0 0 0 0 0 0 0 0 0 0 0 0 0 0 0.948464 0 0 0 0 0 0 0 0 0 0 0 0 0 0 0 0 0 0 0 0 0 0 0 0 0.84215 0.613698 0 0 0 0 0 0 0 0 0.389254 0.678661 0 0 0.504538 0 0 0 0.500327 0 0 0 0 0 0 0 0 0 0 0 0 0 0.537224 0 0 0 0 0 0 0 0 0 0 0 0 0.786169 0 0.704504 0 0 0 0 0 0 0 0 0 0 0 0 0
0 0.232793 0.444504 0.898793 0 0 0 0 0 0 0 0 0 0.709567 0 0.134987 0.690594 0 0 0 0.578512 0 0 0 0 0.93136 0 0 0 0.786363 0 0 0.768019 0.312649 0.214679 0 0.14233 0 0 0.478409 0 0.850773 0.614689 0 0 0 0.489694 0 0 0 0 0 0 0 0 0 0 0 0 0 0 0 0 0 0 0 0.55097 0.934531 0 0 0.640301 0.517151 0 0 0.407269 0 0 0 0.509277 0 0 0 0 0 0 0.212699 0 0.207267 0 0 0 0 0.554827 0 0 0.148431 0 0.639814 0 0
0 0 0.457027 0.364685 0 0 0 0 0 0 0 0.692384 0 0 0 0 0.532579 0 0.215446 0 0.633444 0 0 0 0.222218 0.87439 0 0 0 0 0 0 0 0 0 0 0 0 0.72495 0 0 0 0.734731 0 0.405945 0 0.433182 0 0 0 0 0 0 0 0 0.500327 0 0 0 0 0 0.464139 0.521716 0 0 0 0.614983 0 0.570986 0 0 0 0.899246 0 0 0 0 0 0 0 0 0 0 0 0.545192 0 0 0.464511 0 0 0 0 0 0 0 0 0 0 0 0
0 0.78108 0 0 0 0 0 0 0 0 0 0 0 0 0 0 0 0 0 0.937601 0 0 0.587212 0 0 0 0.279593 0 0 0 0 0.915673 0 0 0 0 0 0 0 0 0 0 0 0.394122 0 0.680294 0 0 0.622281 0 0 0 0 0 0 0 0 0 0 0 0 0 0 0 0 0 0 0 0 0 0 0 0 0.698443 0 0 0 0 0.216041 0 0 0 0 0.223604 0 0.481376 0.384991 0 0 0.645059 0 0 0 0 0 0 0 0 0 0
0.524583 0 0.61195 0 0 0 0 0 0 0 0 0 0 0 0 0 0 0 0 0 0 0 0 0 0 0.846294 0 0 0.750716 0 0 0 0 0 0 0 0.79402 0 0 0 0 0 0 0.226987 0 0 0 0 0 0.953089 0.846781 0 0 0.779111 0 0 0 0 0 0 0 0 0.413745 0 0 0 0 0 0 0 0 0 0 0 0 0 0 0.980175 0 0 0 0 0 0 0.412218 0.478039 0 0 0.488386 0 0 0 0 0 0 0 0 0 0.197395 0
0.605107 0 0 0 0 0 0 0 0 0 0 0 0 0.345525 0 0 0 0 0 0 0 0.781015 0 0 0 0 0 0 0 0 0 0 0 0 0 0 0 0 0 0 0 0 0 0 0 0 0 0 0 0 0.688226 0 0 0.314346 0 0 0 0 0 0 0 0 0 0 0 0 0.729162 0 0 0 0 0 0 0 0 0 0.52849 0.230962 0 0 0.640358 0 0 0 0 0 0 0 0 0 0 0.728358 0 0 0 0 0 0 0 0
0 0 0 0 0 0 0 0.533258 0 0 0.807856 0 0 0 0.641856 0 0 0 0 0 0 0 0 0 0 0.427499 0 0 0 0.29516 0 0 0.59704 0 0 0.410694 0 0 0 0 0 0 0 0.842726 0 0 0 0 0 0.164003 0.854816 0.24476 0.333646 0.663933 0.781513 0 0 0.464139 0 0 0 0 0 0 0 0.906208 0 0 0 0 0.879081 0 0 0 0 0 0.699408 0 0 0 0 0 0 0 0 0 0 0 0 0 0 0 0 0 0 0 0 0 0 0
0 0 0 0 0 0.405281 0.145839 0.817893 0 0 0 0 0 0 0 0 0 0.739271 0 0 0 0 0 0.149182 0 0 0 0 0 0 0.357142 0 0.798223 0 0 0.678231 0 0 0 0 0 0 0 0 0.8854 0.687989 0 0 0 0 0 0 0 0 0 0 0 0.521716 0 0.413745 0 0 0 0 0 0 0 0 0 0 0 0 0 0 0 0.559077 0 0.543624 0 0 0 0 0.828138 0 0 0 0.316706 0 0 0 0 0 0 0 0 0 0 0 0 0
0 0 0 0 0.642412 0 0 0 0 0 0 0 0 0 0 0 0 0 0.52597 0.514874 0 0 0 0 0 0 0 0 0 0 0.819829 0 0 0 0 0.480822 0 0 0 0.608738 0.646444 0 0.255475 0 0 0 0 0 0.152279 0 0 0.371996 0 0 0 0 0 0 0 0 0 0 0 0 0 0 0.976426 0.772699 0 0 0 0 0 0 0.821339 0 0.209222 0 0 0 0 0 0 0 0.885143 0.459588 0.766102 0 0.305381 0 0 0 0 0 0 0 0 0 0.657492 0
0 0 0 0 0 0.321168 0 0.485788 0.434339 0 0 0 0 0 0 0 0 0 0 0 0.626931 0.406415 0 0 0 0 0 0 0.204745 0 0 0 0 0.230918 0 0 0 0 0 0.955958 0.673287 0.484535 0 0 0 0 0.782832 0 0.862145 0 0 0 0 0 0.494278 0 0 0 0 0 0 0 0 0 0 0 0 0 0 0 0 0.192047 0 0 0 0 0 0 0 0 0 0 0.569047 0 0 0 0 0 0 0 0.61335 0.752808 0 0 0 0 0 0 0 0
0 0 0 0 0.307019 0 0 0 0 0 0 0.869813 0.914836 0 0 0 0 0 0 0 0 0 0 0 0 0.507939 0 0 0 0 0 0 0 0 0 0 0 0.835756 0 0 0 0.582113 0.670114 0 0 0.781033 0 0 0 0 0 0 0 0 0 0 0 0 0 0 0 0.906208 0 0 0 0 0 0 0 0 0 0 0 0 0.360315 0 0 0.178122 0 0 0 0 0.526527 0.617372 0 0 0 0.773908 0 0 0.317835 0 0 0 0 0 0 0 0 0
0.306974 0 0 0 0 0.152064 0.72358 0 0 0 0.651064 0 0.477367 0 0 0 0 0 0 0.312591 0 0 0 0 0 0 0 0 0 0 0.308995 0 0.609089 0 0 0.877178 0 0 0 0 0 0 0.129 0 0 0 0 0 0.82466 0 0 0 0.324753 0 0 0 0.55097 0.614983 0 0 0.729162 0 0 0.976426 0 0 0 0 0 0 0 0 0 0 0 0.9667 0 0 0 0 0.92032 0 0 0 0.356644 0 0 0 0 0 0 0.294822 0 0 0 0.281435 0 0 0.807716 0
0 0 0 0 0 0 0 0 0 0 0 0 0 0.667439 0 0 0 0 0 0 0 0.728449 0 0 0 0 0 0 0 0 0 0 0 0 0 0 0.988894 0 0 0 0 0 0 0 0 0 0 0.168792 0.171617 0.876967 0 0 0 0.38175 0.474489 0 0.934531 0 0 0 0 0 0 0.772699 0 0 0 0 0 0 0 0 0 0 0 0.827115 0 0 0 0 0 0.215437 0 0 0 0 0 0.401051 0 0 0 0 0 0 0 0 0 0 0 0
0 0 0 0 0 0 0.861353 0 0 0 0 0 0 0 0 0 0 0.974751 0 0 0 0 0.700256 0 0 0 0.645579 0 0 0.625576 0 0 0 0 0 0 0 0 0 0 0 0 0 0 0 0 0 0 0 0 0 0.63052 0 0 0 0 0 0.570986 0 0 0 0 0 0 0 0 0 0 0 0 0 0 0.974008 0 0 0 0 0 0 0 0.422855 0 0 0 0 0.71676 0 0 0.621264 0 0 0 0 0.183845 0 0 0 0 0.786701 0
0 0 0 0 0 0 0 0.383441 0.3168 0.423574 0 0 0 0 0 0 0 0 0 0 0 0.807063 0.657899 0 0 0 0 0.672707 0 0 0 0 0 0.978646 0.521305 0 0 0 0 0.826328 0.381989 0 0 0.783148 0 0 0 0.462599 0 0 0 0 0 0 0 0 0 0 0 0 0 0 0 0 0 0 0 0 0 0 0 0 0 0 0.221002 0 0 0 0 0 0 0 0 0 0 0 0 0 0 0 0 0 0 0.645239 0.913175 0 0 0 0 0
0 0 0 0 0 0 0 0 0 0 0 0 0 0 0.568829 0 0 0 0.327418 0.526252 0.576634 0 0 0 0 0 0 0.167032 0 0 0 0 0.297716 0 0.818064 0 0.579086 0 0 0 0.658779 0.186157 0 0 0 0 0 0 0 0 0 0 0 0 0 0 0.640301 0 0 0 0 0.879081 0 0 0 0 0 0 0 0 0 0 0 0 0 0 0 0 0.186662 0 0 0.286613 0 0.92342 0 0 0 0 0 0 0.968517 0 0 0 0 0.561968 0 0 0 0
0.762646 0 0 0 0.341266 0.911878 0.21148 0 0 0 0 0.400833 0.644374 0 0 0 0.865583 0 0 0 0 0 0 0 0 0 0 0 0.381303 0 0.957364 0 0 0 0 0.616601 0 0 0 0 0 0 0.855207 0 0.184215 0 0 0.714858 0 0 0 0.265799 0 0 0.917422 0.537224 0.517151 0 0 0 0 0 0 0 0.192047 0 0 0 0 0 0 0 0 0 0.906983 0 0 0 0 0 0 0 0 0 0 0 0 0 0 0.616676 0 0 0 0.20626 0.315941 0 0 0 0 0
0 0 0 0 0 0 0 0 0 0.458355 0.687273 0 0 0 0 0.617719 0.801094 0 0 0 0 0 0 0.485955 0 0 0 0 0.434613 0 0 0 0 0 0 0 0.94559 0 0 0.560121 0 0 0 0 0 0.9128 0 0 0.377118 0 0 0 0 0 0.176101 0 0 0.899246 0 0 0 0 0 0 0 0 0 0 0.974008 0 0 0 0 0.818969 0.608733 0 0 0 0 0 0 0 0.562783 0 0 0 0 0.375407 0 0 0 0.808349 0 0 0 0 0 0 0 0
0 0 0 0 0 0 0 0 0 0 0 0 0 0 0 0 0.676093 0 0 0 0 0 0 0.363366 0 0 0.831707 0 0 0 0 0 0 0 0 0 0 0 0 0 0 0 0 0 0 0 0 0 0.313461 0 0 0 0 0.877223 0 0 0 0 0.698443 0 0 0 0 0 0 0 0 0 0 0 0 0 0.818969 0 0.187873 0 0 0 0 0 0 0.58578 0 0.202557 0 0 0 0 0 0 0 0 0 0 0.416531 0 0 0 0 0
0 0 0 0 0.759371 0.707263 0 0 0 0 0 0 0 0.569299 0.629132 0 0 0.466999 0.401835 0 0.880792 0.686642 0.33321 0 0.784678 0 0.486623 0 0 0 0 0 0.394938 0 0 0 0 0 0 0 0 0.304677 0 0 0.940501 0 0 0 0 0 0 0.894814 0 0 0.701174 0 0.407269 0 0 0 0 0 0 0.821339 0 0.360315 0 0 0 0.221002 0 0.906983 0.608733 0.187873 0 0 0 0 0.337543 0 0.149593 0 0.942827 0 0 0 0 0 0 0.616279 0.979867 0.697571 0 0 0.81214 0 0.508514 0 0.804113 0
0 0 0 0 0.873506 0 0 0 0 0 0 0 0 0 0 0 0 0.685771 0 0 0 0 0 0 0 0 0 0 0 0.407775 0 0 0 0.277245 0 0 0 0 0.436371 0 0 0 0 0 0 0 0 0 0 0.182528 0 0 0 0 0 0 0 0 0 0 0 0 0.559077 0 0 0 0.9667 0.827115 0 0 0 0 0 0 0 0 0.882379 0 0 0 0 0 0 0 0 0 0 0 0 0 0 0 0 0 0 0.908421 0 0 0 0
0 0 0 0 0 0 0 0.491589 0 0 0 0 0 0 0.643062 0 0 0 0 0.786614 0 0 0 0 0.840216 0 0 0 0.433477 0 0 0 0 0 0 0 0 0 0 0 0 0 0 0 0.356688 0.353564 0 0 0 0.571809 0 0 0 0 0 0 0 0 0 0 0.52849 0.699408 0 0.209222 0 0 0 0 0 0 0 0 0 0 0 0.882379 0 0 0 0.502306 0 0 0 0 0 0 0 0 0 0 0 0 0 0 0 0 0 0 0.75121 0
0 0 0 0 0 0.915212 0.829698 0.388588 0 0.67847 0 0 0 0 0 0 0 0 0 0 0 0 0 0 0.177062 0 0 0 0 0.557868 0.678315 0 0 0 0 0.688873 0 0 0 0 0 0 0 0.270558 0 0 0 0 0 0 0 0 0 0.980409 0.254939 0 0 0 0 0.980175 0.230962 0 0.543624 0 0 0.178122 0 0 0 0 0 0 0 0 0 0 0 0 0.128352 0 0 0 0 0 0 0 0.705697 0 0 0 0.612038 0 0 0 0 0 0.285644 0 0 0.453144
0 0.674775 0 0 0 0 0 0 0 0 0 0 0.859907 0.597124 0 0 0 0 0 0 0 0 0.545719 0 0 0 0 0 0 0 0 0.171883 0 0.132072 0 0 0 0 0.833017 0.668482 0 0 0 0 0 0 0 0 0 0 0 0 0 0 0 0 0.509277 0 0.216041 0 0 0 0 0 0 0 0 0 0 0 0.186662 0 0 0 0.337543 0 0 0.128352 0 0 0.871082 0 0 0 0 0 0 0 0 0.605267 0.329061 0 0 0.748449 0.900747 0.814875 0 0 0 0.738188
0 0 0 0 0 0 0 0 0 0 0 0 0.804161 0 0 0 0.926151 0.375224 0.354513 0 0 0 0 0.395214 0.763613 0 0.649401 0 0.207078 0 0 0 0 0 0 0 0 0 0 0 0 0 0 0 0 0.197006 0 0 0 0 0 0 0 0 0 0 0 0 0 0 0 0 0 0 0 0 0 0 0 0 0 0 0 0 0 0 0.502306 0 0 0 0.83598 0 0 0 0 0 0 0 0 0 0 0 0 0 0.987977 0 0 0 0 0
0 0 0 0 0 0 0 0 0 0 0 0 0 0 0.709489 0 0 0 0 0 0.447451 0.880712 0 0.242235 0 0 0 0 0 0 0 0.735765 0.477787 0.487759 0 0 0 0.630055 0 0.251552 0 0 0 0 0 0 0 0 0.429336 0 0 0.889947 0 0 0 0 0 0 0 0 0.640358 0 0 0 0 0 0.92032 0 0.422855 0 0 0 0 0 0.149593 0 0 0 0.871082 0.83598 0 0 0 0 0 0 0.239433 0.750171 0 0 0 0.544082 0 0 0 0 0 0 0.980249 0.595061
0 0.701282 0 0.520008 0 0 0 0 0.586652 0 0.805489 0 0 0 0.493669 0 0 0 0 0 0 0.253062 0 0 0 0 0 0 0 0 0 0 0.695843 0 0 0 0 0 0 0 0 0 0 0 0.56349 0 0 0.471276 0.307375 0 0 0 0 0 0 0 0 0 0 0 0 0 0 0 0 0 0 0.215437 0 0 0.286613 0 0 0.58578 0 0 0 0 0 0 0 0 0 0.605944 0 0 0 0 0.145985 0 0 0 0 0 0 0 0.812959 0.888439 0.900072 0
0.242985 0 0 0.952917 0 0.97704 0 0.920489 0 0 0.34143 0 0 0 0 0 0 0 0 0.152501 0 0 0 0.162523 0.146531 0.919937 0 0 0.203624 0 0 0 0.538475 0 0 0 0 0 0 0 0 0 0 0 0 0 0 0 0 0 0 0 0 0 0 0 0 0 0 0 0 0 0.828138 0 0.569047 0.526527 0 0 0 0 0 0 0.562783 0 0.942827 0 0 0 0 0 0 0 0 0.260074 0 0 0 0 0.388159 0 0 0 0.153775 0 0.8817 0 0 0 0 0
0.236522 0.357889 0 0 0 0 0 0 0 0 0 0 0.484602 0 0 0 0 0 0 0 0 0 0 0 0 0 0 0.133971 0 0 0 0 0 0 0 0 0 0 0.681858 0 0 0 0 0 0 0 0 0.327046 0 0 0 0 0 0 0 0 0 0 0.223604 0 0 0 0 0 0 0.617372 0 0 0 0 0.92342 0 0 0.202557 0 0 0 0 0 0 0 0.605944 0.260074 0 0 0 0.214955 0.702552 0 0 0 0 0 0 0 0 0.526464 0 0 0
0.33481 0 0 0 0 0 0.18281 0 0 0 0 0 0 0 0 0 0 0 0 0 0 0 0 0 0 0 0 0 0 0 0.231646 0 0 0 0.664292 0.962318 0 0 0.906409 0 0 0 0 0.574733 0.714871 0 0 0 0.267371 0.169212 0.863944 0 0 0 0 0.786169 0 0.545192 0 0.412218 0 0 0 0.885143 0 0 0.356644 0 0 0 0 0 0 0 0 0 0 0 0 0 0 0 0 0 0 0 0 0 0.854888 0 0.843736 0.159212 0 0 0 0 0.301986 0.931731 0 0
0.94763 0 0 0 0 0.934178 0 0 0 0 0.618959 0 0 0 0 0 0 0 0 0 0.276384 0.861624 0 0 0 0 0 0 0 0 0.79551 0.770923 0 0.706234 0 0 0.529683 0 0 0 0 0.509172 0.640799 0 0 0 0 0 0 0 0 0.578861 0 0 0 0 0.212699 0 0.481376 0.478039 0 0 0 0.459588 0 0 0 0 0.71676 0 0 0 0 0 0 0 0 0 0 0 0 0 0 0 0 0 0 0 0 0 0.138579 0 0 0 0 0 0 0 0 0
0 0 0.492655 0 0.344683 0 0 0 0 0 0 0 0 0 0 0.432284 0.372323 0 0 0 0 0.725005 0 0 0 0.915416 0 0 0 0 0 0 0 0 0 0 0 0 0.45565 0 0 0 0 0 0 0 0 0.536017 0 0 0 0 0.50989 0 0 0.704504 0 0 0.384991 0 0 0 0.316706 0.766102 0 0 0 0 0 0 0 0 0 0 0 0 0 0.705697 0 0 0.239433 0 0 0.214955 0 0 0 0 0 0 0 0 0 0 0 0.147788 0.211994 0 0 0
0 0 0 0 0 0 0 0 0 0 0 0 0.633026 0 0 0 0 0 0 0 0 0 0 0 0 0 0 0 0 0.133712 0 0 0 0 0 0 0.131663 0 0 0 0 0 0 0 0.937366 0 0 0 0 0.795928 0 0 0 0 0.368901 0 0.207267 0.464511 0 0 0 0 0 0 0 0.773908 0 0.401051 0 0 0 0 0.375407 0 0 0 0 0 0 0 0.750171 0 0 0.702552 0 0 0 0 0 0 0 0 0 0 0 0 0 0 0 0
0 0 0 0.691937 0 0 0 0 0 0 0 0.52024 0 0 0 0 0.649487 0 0 0 0 0 0 0 0 0 0 0.54618 0 0 0 0 0 0 0.638695 0 0 0 0 0 0 0 0.142261 0 0 0 0 0 0 0 0 0 0 0 0.420646 0 0 0 0 0.488386 0 0 0 0.305381 0 0 0 0 0.621264 0 0 0 0 0 0 0 0 0 0 0 0 0.145985 0.388159 0 0.854888 0 0 0 0 0 0 0 0 0 0 0 0 0 0 0
0 0 0 0.240466 0 0.829137 0 0 0 0 0 0 0 0 0.403523 0 0.758532 0 0 0 0 0 0.927735 0 0 0 0 0 0.511213 0 0 0 0 0 0 0 0.988854 0 0 0.627346 0.476369 0 0.946068 0.197981 0 0 0.683874 0 0.435165 0 0 0 0 0 0 0 0 0 0.645059 0 0 0 0 0 0 0 0 0 0 0 0 0.616676 0 0 0.616279 0 0 0 0.605267 0 0 0 0 0 0 0 0 0 0 0 0 0 0 0 0 0.759871 0 0.602721 0.337871 0
0 0 0 0 0 0 0.615569 0 0 0.143599 0 0.295243 0 0 0 0 0 0 0 0 0 0 0 0 0 0 0 0 0 0 0 0 0 0 0 0 0 0 0.319606 0.752683 0.736871 0 0 0 0 0 0 0 0 0 0 0 0.530974 0 0 0 0 0 0 0 0 0 0 0 0.61335 0.317835 0 0 0 0 0.968517 0 0 0 0.979867 0 0 0.612038 0.329061 0 0 0 0 0 0.843736 0.138579 0 0 0 0 0 0 0 0 0 0 0 0 0 0
0.463021 0 0 0 0 0 0 0 0 0 0 0 0 0.329237 0 0 0 0 0 0 0 0 0 0 0 0 0 0.16821 0 0 0 0 0.200664 0 0 0 0 0 0 0.96657 0 0 0 0.221891 0.551435 0 0 0 0 0 0 0.489115 0 0 0 0 0 0 0 0 0.728358 0 0 0 0.752808 0 0.294822 0 0 0 0 0 0.808349 0 0.697571 0 0 0 0 0 0.544082 0 0 0 0.159212 0 0 0 0 0 0 0 0 0.429724 0 0 0 0.778014 0 0
0 0 0 0.558668 0 0 0.980967 0 0.537594 0 0 0 0.503159 0 0.421827 0 0 0.610115 0 0 0.936477 0 0 0 0 0 0.887431 0 0 0 0 0 0 0.639487 0 0 0 0 0 0 0 0 0.717426 0 0 0 0 0 0.207676 0.761043 0 0.752348 0 0 0 0 0.554827 0 0 0 0 0 0 0 0 0 0 0 0 0 0 0 0 0 0 0 0 0 0 0 0 0 0.153775 0 0 0 0 0 0 0 0 0 0 0 0 0 0.31214 0 0 0
0 0.850828 0 0 0 0 0 0 0 0 0 0.359587 0 0 0 0 0 0 0 0 0 0.405756 0 0 0 0 0 0 0 0 0.825228 0 0.760912 0 0 0.874776 0 0 0.256884 0.165792 0 0 0 0 0 0.171308 0 0.832109 0 0 0 0 0 0 0 0 0 0 0 0 0 0 0 0 0 0 0 0 0.183845 0.645239 0 0.20626 0 0 0 0 0 0 0.748449 0 0 0 0 0 0 0 0 0 0 0 0 0.429724 0 0 0 0 0 0.587184 0 0.156705
0 0 0 0 0 0 0 0 0 0 0 0 0 0 0 0 0 0.980311 0 0 0 0 0 0.237889 0 0.748 0 0 0 0.171924 0.523192 0.749689 0 0 0 0 0 0.548677 0 0.60046 0 0.925474 0 0.626628 0 0 0 0 0 0 0 0 0.905308 0 0 0 0 0 0 0 0 0 0 0 0 0 0 0 0 0.913175 0 0.315941 0 0.416531 0.81214 0 0 0 0.900747 0.987977 0 0 0.8817 0 0 0 0 0 0 0 0 0 0 0 0 0 0 0 0.27525 0
0 0 0 0 0 0 0 0.304286 0 0 0 0 0 0 0 0 0.692093 0 0 0 0 0 0 0 0.806918 0 0 0 0 0 0 0 0 0 0 0 0 0 0 0 0 0 0 0 0 0 0 0.627065 0 0 0 0 0 0.921865 0.631999 0 0.148431 0 0 0 0 0 0 0 0 0 0.281435 0 0 0 0.561968 0 0 0 0 0.908421 0 0 0.814875 0 0 0 0 0 0 0 0.147788 0 0 0.759871 0 0 0 0 0 0 0 0 0 0
0 0 0 0.749497 0 0 0.981166 0.449243 0 0 0 0 0 0 0 0 0 0 0 0 0 0 0 0 0 0 0.967672 0 0 0 0.672756 0 0 0 0.439089 0 0 0 0 0 0.863517 0 0 0 0 0.843695 0 0 0 0 0 0 0 0 0.520193 0 0 0 0 0 0 0 0 0 0 0 0 0 0 0 0 0 0 0 0.508514 0 0 0.285644 0 0 0 0.812959 0 0.526464 0.301986 0 0.211994 0 0 0 0 0 0.31214 0 0 0 0 0.921048 0.426745 0
0.43758 0 0 0 0.812703 0 0 0 0.544975 0 0 0 0 0 0 0 0 0 0 0 0 0 0 0 0 0 0 0 0 0 0 0 0.876602 0.525645 0 0.498819 0 0 0.607556 0 0 0.189043 0 0.325179 0 0 0 0 0.918472 0 0 0 0 0.520343 0.332099 0 0.639814 0 0 0 0 0 0 0 0 0 0 0 0 0 0 0 0 0 0 0 0 0 0 0 0 0.888439 0 0 0.931731 0 0 0 0 0.602721 0 0.778014 0 0.587184 0 0 0.921048 0 0 0
0.367378 0 0.297632 0 0.297322 0 0 0 0 0 0 0.563409 0.375054 0 0 0 0.361978 0.361027 0 0 0.41621 0 0 0.165958 0.939177 0 0 0 0 0 0 0 0 0 0.378486 0 0 0 0 0.67458 0 0 0 0.807841 0 0 0 0 0 0 0.792389 0 0 0 0 0 0 0 0 0.197395 0 0 0 0.657492 0 0 0.807716 0 0.786701 0 0 0 0 0 0.804113 0 0.75121 0 0 0 0.980249 0.900072 0 0 0 0 0 0 0 0.337871 0 0 0 0 0.27525 0 0.426745 0 0 0.611459
0 0 0 0 0 0 0 0 0 0.834221 0 0 0.207568 0 0 0 0.612361 0 0.554148 0 0 0.614995 0 0 0 0 0 0 0 0 0.321217 0 0 0 0 0 0 0.318261 0 0 0 0.639208 0 0 0.322048 0 0 0 0 0 0.81742 0 0 0 0.48797 0 0 0 0 0 0 0 0 0 0 0 0 0 0 0 0 0 0 0 0 0 0 0.453144 0.738188 0 0.595061 0 0 0 0 0 0 0 0 0 0 0 0 0.156705 0 0 0 0 0.611459 0
