100
0 0 0 0 0 0 0 0 0 0 0 0 0 0 0 0 0.611016 0 0 0 0 0 0 0 0 0 0 0 0 0.172949 0 0 0 0 0 0 0.84547 0.223451 0 0 0.693683 0 0.884632 0 0 0 0 0 0 0 0 0 0 0.123056 0 0 0 0 0 0 0.587372 0 0 0 0 0 0 0 0 0 0 0.739205 0 0 0 0 0 0 0 0 0 0 0 0.247565 0.360094 0.965142 0 0 0 0 0.562524 0 0 0 0 0 0 0 0 0
0 0 0 0 0 0 0 0 0 0 0 0 0 0 0 0 0.194488 0 0 0 0 0 0 0 0 0 0 0 0 0 0 0 0 0 0.358707 0 0 0.685325 0.317169 0 0 0 0 0 0.856575 0 0 0 0 0 0 0 0 0.376014 0 0 0 0 0 0.604694 0 0 0 0 0 0 0 0 0 0 0.134064 0 0 0 0 0 0 0 0 0 0 0 0 0 0 0 0 0 0 0 0 0 0 0.890708 0 0 0 0 0 0
0 0 0 0 0 0 0 0 0 0 0 0 0 0 0 0 0 0 0 0 0 0 0 0 0 0 0 0 0 0 0.137812 0 0 0 0 0 0 0 0 0.492481 0 0 0 0 0.658143 0.646661 0 0 0 0 0 0 0 0 0 0 0 0 0 0 0 0 0 0 0 0 0 0 0 0 0 0 0 0 0 0 0 0 0 0 0 0 0 0 0 0 0 0 0 0 0 0 0 0 0 0 0 0 0 0
0 0 0 0 0 0 0 0 0 0 0 0 0 0.530822 0 0 0 0 0 0 0 0.506892 0 0 0.506186 0 0 0 0 0 0 0 0 0 0.485902 0.33217 0 0 0 0 0 0 0.804924 0 0 0 0 0 0 0 0 0 0 0 0 0 0 0.371326 0 0 0 0 0 0 0 0 0 0 0 0 0 0 0 0 0 0 0 0 0 0 0 0 0 0 0 0 0 0 0.674997 0.270521 0 0 0 0 0 0 0.794348 0 0 0
0 0 0 0 0 0 0 0 0 0 0 0 0.195142 0.510248 0 0 0 0 0 0 0.904689 0 0 0 0.797024 0.680129 0 0 0 0.164662 0 0 0 0 0 0 0 0 0 0 0 0 0 0 0 0 0 0 0 0.338861 0 0 0 0 0 0 0 0 0 0 0 0 0 0 0 0.257457 0 0 0 0 0 0 0 0 0 0 0 0 0 0 0 0 0 0 0 0 0.305472 0 0 0 0 0 0 0 0 0 0 0.791154 0.363789 0
0 0 0 0 0 0 0 0 0 0 0 0.59524 0 0 0 0 0 0 0 0 0 0 0 0 0 0 0 0 0.93385 0 0 0 0.226829 0 0.233865 0 0 0 0.826609 0.277158 0 0 0 0.621773 0 0 0 0 0 0 0 0 0 0 0 0 0 0 0 0 0 0 0 0 0.296144 0 0 0 0 0 0 0 0 0 0 0 0 0.859521 0 0 0 0 0.953563 0 0 0 0 0 0 0.831118 0 0 0 0 0 0 0 0 0 0
0 0 0 0 0 0 0 0 0 0 0 0 0.910096 0 0 0 0 0 0 0 1.01082 0 0 0 0 0 0 0 0 0 0 0 0 0 0 0 0 0 0 0 0 0 0 0.858828 0 0 0 0 0 0 0 0 0 0.738401 0 0 0 0 0 0 0 0 0 0 0 0 0 0 0.906324 0 0 0 0 0 0 0 0 0 0 0 0 0 0 0 0 0 0 0 0 0 0.612192 0 0 0 0 0 0 0 0 0
0 0 0 0 0 0 0 0 0 0 0 0 0 0.295783 0 0 0 0 0 0.448725 0 0 0 0 0 0 0 0 0 0 0 0 0 0 0 0 0 0 0 0 0 0 0 0 0 0 0.280858 0 0 0 0 0 0 0 0 0 0 0 0 0 0 0 0 0 0.486878 0 0 0 0 0.447021 0 0 0 0 0 0 0 0 0 0 0 0 0 0 0 0 0 0 0 0 0 0 0 0 0 0.270314 0 0 0 0
0 0 0 0 0 0 0 0 0 0 0 0 0 0 0 0 0 0 0 0 0.534629 0 0 0 0 0 0 0 0 0 0 0 0 0 0.988722 0 0 0 0 0 0 0 0 0 0 0 0 0 0 0 0 0 0 0 0 0 0 0 0 0 0 0 0 0 0 0 0 0 0 0.348613 0 0 0 0 0 0 0 0 0 0 0 0.558956 0 0 0 0 0 0 0 0 0 0 0.519669 0 0 0 0 0.452433 0 0
0 0 0 0 0 0 0 0 0 0 0 0 0 0 0 0 0 0 0 0 0 0 0 0 0 0.279677 0 0 0 0 0 0 0.650962 0 0 0 0 0 0 0 0 0 0 0 0 0 0 0 0 0 0 0 0 0 0 0 0 0 0 0 0 0 0 0 0 0 0 0 0 0 0 0 0.45178 0 0 0 0 0.712417 0 0 0 0 0 0 0 0 0 0 0 0 0.192996 0 0 0 0 0 0 0 0 0.910489
0 0 0 0 0 0 0 0 0 0 0 0 0 0 0.796658 0 0 0 0 0 0 0.809888 0 0 0 0 0 0 0 0.618254 0 0 0 0.906652 0 0 0 0 0 0 0 0.316985 0 0 0 0 0.175914 0 0 0 0 0 0 0 0 0 0 0 0 0 0 0.749659 0 0 0 0 0 0 0 0 0 0 0.732708 0 0 0 0 0 0 0 0 0 0.346935 0 0 0.632979 0 0.794747 0 0 0 0 0 0 0 0 0 0 0 0
0 0 0 0 0 0.59524 0 0 0 0 0 0 0 0 0.390622 0 0 0 0 0 0 0 0 0 0 0 0 0 0 0 0 0 0 0.28291 0 0 0.397707 0 0 0 0.497599 0 0.424442 0 0 0 0 0 0 0 0 0 0 0 0 0 0 0 0 0 0 0 0 0 0 0.853118 0 0 0 0 0 0.342006 0 0 0 0 0 0 0 0 0 0 0 0 0 0 0 0 0.544462 0 0 0 0 0 0 0 0 0 0.53389 0
0 0 0 0 0.195142 0 0.910096 0 0 0 0 0 0 0 0 0 0 0 0 0 0 0 0.498763 0 0 0 0 0 0 0 0 0 0 0 0 0 0 0 0.563923 0 0 0 0.230881 0 0 0 0 0 0 0 0 0 0 0.240226 0 0 0 0 0 0 0 0 0 0 0 0 0 0 0 0 0 0 0 0 0 0 0 0 0.783552 0.781592 0 0 0 0.482082 0 0 0 0 0 0 0 0 0 0 0 0 0 0 0 0
0 0 0 0.530822 0.510248 0 0 0.295783 0 0 0 0 0 0 0 0 0 0 0 0 0 0 0 0 0 0.230515 0 0.477843 0 0.819743 0 0 0 0 0 0 0 0 0 0 0 0 0 0 0 0 0 0 0 0 0 0 0 0 0 0 0.76437 0 0 0 0.42146 0 0 0 0 0 0 0 0 0 0 0 0 0 0 0 0 0 0 0 0 0 0 0 0 0 0 0 0 0 0 0 0 0 0 0 0 0 0 0
0 0 0 0 0 0 0 0 0 0 0.796658 0.390622 0 0 0 0 0 0.676759 0 0 0 0 0 0 0 0 0 0 0 0 0 0 0 0 0.462602 0.518386 0 0 0 0 0 0 0 0 0 0 0 0 0 0.75885 0.174351 0 0 0 0 0 0 0 0 0 0 0 0 0 0 0 0 0 0 0 0.590346 0 0 0 0 0 0 0 0 0 0 0.465572 0 0 0 0 0 0 0 0 0 0 0.410545 0 0 0 0 0 0 0
0 0 0 0 0 0 0 0 0 0 0 0 0 0 0 0 0 0 0 0 0.220633 0 0 0 0 0 0 0 0 0 0 0 0 0 0 0 0 0 0.669226 0 0 0 0.244143 0.316264 0 0 0.311508 0 0 0.878092 0 0 0 0 0.903176 0 0.14194 0 0 0 0 0 0 0 0 0 0 0 0 0 0 0 0 0 0 0 0 0 0 0 0 0 0 0 0 0 0 0 0 0 0 0 0 0 0 0 0 0 0 0
0.611016 0.194488 0 0 0 0 0 0 0 0 0 0 0 0 0 0 0 0 0 0 0 0 0 0 0 0 0 0 0 0 0 0.359832 0 0 0 0 0.613779 0 0 0 0 0 0 0 0 0 0 0 0 0 0 0 0 0.451303 0.257189 0 0 0 0 0 0 0 0 0 0 0 0 0 0 0 0 0 0.824152 0 0 0 0 0 0 0.939958 0 0 0 0 0 0 0.381756 0 0 0 0 0 0 0 0 0.669098 0 0 0 0.598683
0 0 0 0 0 0 0 0 0 0 0 0 0 0 0.676759 0 0 0 0 0 0 0 0 0 0 0 0 0.394418 0 0 0 0 0 0 0 0 0 0 0 0 0 0 0 0 0 0 0 0 0 0.979169 0 0 0 0.684025 0 0 0 0 0 0 0 0 0.775421 0 0 0 0 0 0.977719 0 0 0 0 0 0.481199 0.691846 0 0 0.807404 0 0 0 0 0 0 0 0 0 0 0 0 0 0 0 0 0 0 0 0.397043 0
0 0 0 0 0 0 0 0 0 0 0 0 0 0 0 0 0 0 0 0 0 0 0 0 0.874935 0 0 0 0 0 0 0 0 0 0.729953 0 0 0 0 0.855099 0 0 0.250967 0 0 0 0 0 0 0 0 0 0 0 0 0 0 0.264512 0 0 0 0 0 0 0 0 0 0 0 0 0.348908 0 0 0 0 0 0 0 0 0.349738 0 0 0 0 0 0 0 0 0 0 0 0 0 0 0 0 0 0 0 0.537391
0 0 0 0 0 0 0 0.448725 0 0 0 0 0 0 0 0 0 0 0 0 0 0 0 0 0 0 0 0 0 0 0 0 0 0 0.443249 0 0 0 0 0.855096 0 0 0 0 0 0 0 0.809468 0 0 0 0.689505 0 0 0 0 0 0 0 0 0 0 0 0.520471 0 0 0.301712 0 0 0 0 0 0 0 0 0 0 0 0 0 0 0 0.149131 0 0 0 0 0 0 0 0 0 0 0 0 0 0 0 0 0
0 0 0 0 0.904689 0 1.01082 0 0.534629 0 0 0 0 0 0 0.220633 0 0 0 0 0 0 0 0 0 0 0 0 0 0 0 0 0 0 0 0 0 0 0 0 0 0 0 0 0 0 0 0 0.688008 0 0 0.967849 0 0 0 0 0 0.676857 0 0 0 0 0 0 0 0 0 0 0 0 0 0 0 0 0.923569 0 0 0 0 0 0.395835 0 0 0 0 0 0 0 0 0 0 0 0.945371 0 0 0 0 0 0 0
0 0 0 0.506892 0 0 0 0 0 0 0.809888 0 0 0 0 0 0 0 0 0 0 0 0.250551 0 0 0 0 0 0 0 0 0 0 0 0 0 0 0 0 0 0 0 0 0 0 0 0 0 0 0 0.148327 0.866524 0 0 0 0 0 0 0 0 0.758752 0 0 0 0.387691 0 0 0 0 0 0 0 0 0 0.670199 0 0 0 0 0 0 0 0 0 0 0 0 0 0 0 0 0 0 0.359315 0 0 0 0 0 0
0 0 0 0 0 0 0 0 0 0 0 0 0.498763 0 0 0 0 0 0 0 0 0.250551 0 0 0 0 0 0 0 0 0 0 0 0 0 0 0 0 0.551841 0 0 0 0 0.648281 0 0 0 0.664638 0 0 0 0 0 0 0 0 0 0 0 0 0 0 0 0 0 0 0 0 0.680239 0 0 0 0 0 0.355462 0 0 0 0.601531 0 0 0 0 0 0 0 0 0 0 0.98321 0 0 0 0 0 0 0 0 0 0
0 0 0 0 0 0 0 0 0 0 0 0 0 0 0 0 0 0 0 0 0 0 0 0 0 0 0 0 0 0.215975 0 0.48953 0 0 0 0 0 0 0 0 0 0 0 0 0 0 0 0 0 0 0 0 0 0 0 0 0 0 0 0 0 0 0 0 0 0 0 0 0 0 0 0 0 0 0 0 0 0 0 0.429881 0 0 0 0 0 0 0 0 0 0 0 0 0 0 0 0 0 0 0 0
0 0 0 0.506186 0.797024 0 0 0 0 0 0 0 0 0 0 0 0 0 0.874935 0 0 0 0 0 0 0.258011 0 0 0 0 0 0 0 0 0 0.573447 0 0 0 0 0 0 0.552718 0 0 0 0 0 0 0 0 0 0 0 0 0 0 0.188164 0 0 0 0 0 0 0 0 0 0 0 0 0 0 0 0 0 0 0 0.158421 0 0.762604 0 0 0 0 0 0 0 0 0 0 0 0 0 0 0 0 0 0 0 0
0 0 0 0 0.680129 0 0 0 0 0.279677 0 0 0 0.230515 0 0 0 0 0 0 0 0 0 0 0.258011 0 0 0.620583 0 0 0 0 0 0 0 0.755847 0 0 0 0 0 0 0 0 0 0 0 0 0 0 0 0 0 0 0 0 0.869285 0 0 0 0 0 0 0 0 0 0 0 0 0 0 0 0 0 0 0 0 0 0 0.780375 0 0 0.954197 0 0 0 0.910798 0 0 0 0.741088 0 0 0 0.762869 0 0 0 0 0
0 0 0 0 0 0 0 0 0 0 0 0 0 0 0 0 0 0 0 0 0 0 0 0 0 0 0 0 0 0 0 0 0.683448 0 0 0 0 0 0 0 0 0 0 0 0 0 0 0.30436 0 0 0.503807 0 0 0 0 0 0 0 0 0 0 0 0 0 0 0 0 0 0.659499 0 0 0 0 0.82232 0 0 0 0 0 0 0 0 0 0 0 0 0 0 0 0 0 0 0.827125 0 0 0 0 0 0 0
0 0 0 0 0 0 0 0 0 0 0 0 0 0.477843 0 0 0 0.394418 0 0 0 0 0 0 0 0.620583 0 0 0 0 0 0 0 0.910003 0 0 0 0 0 0.254689 0 0 0.541339 0 0 0 0 0 0 0 0 0 0 0.488855 0 0 0 0 0 0 0 0 0 0 0 0 0 0 0 0.707506 0.244658 0 0 0 0 0 0 0.188042 0 0 0 0 0 0.170392 0 0 0 0 0.547264 0 0 0 0 0 0 0 0 0 0 0
0 0 0 0 0 0.93385 0 0 0 0 0 0 0 0 0 0 0 0 0 0 0 0 0 0 0 0 0 0 0 0 0.90582 0 0 0.447345 0 0 0 0 0.216549 0 0 0 0 0 0 0.648925 0 0.590576 0.871835 0.333943 0.633382 0 0 0 0.41471 0 0 0 0 0.769541 0 0 0 0 0 0 0 0 0 0 0 0 0.39667 0 0 0 0 0 0 0.161144 0 0 0.189411 0 0 0 0 0 0 0.470681 0 0 0 0 0 0 0 0 0 0
0.172949 0 0 0 0.164662 0 0 0 0 0 0.618254 0 0 0.819743 0 0 0 0 0 0 0 0 0 0.215975 0 0 0 0 0 0 0 0 0 0.306137 0 0 0 0 0 0.482384 0.18188 0 0 0 0 0 0 0.8173 0 0 0 0 0 0 0 0 0 0 0 0 0 0.296999 0 0 0 0 0 0 0.637449 0 0 0 0 0 0 0.477594 0 0.56516 0 0 0 0 0 0 0 0 0 0.129647 0 0 0 0 0 0 0 0 0 0 0 0
0 0 0.137812 0 0 0 0 0 0 0 0 0 0 0 0 0 0 0 0 0 0 0 0 0 0 0 0 0 0.90582 0 0 0 0 0 0 0 0 0 0 0 0 0 0 0.64586 0 0 0 0 0 0 0 0 0 0 0 0 0 0 0 0 0 0 0 0 0 0 0.307807 0 0 0 0 0.952822 0 0 0 0 0 0 0 0 0 0 0 0 0 0 0 0 0 0 0 0 0 0 0.566435 0 0.677135 0 0 0.334674
0 0 0 0 0 0 0 0 0 0 0 0 0 0 0 0 0.359832 0 0 0 0 0 0 0.48953 0 0 0 0 0 0 0 0 0 0 0 0.202835 0 0 0 0 0 0.471921 0 0.626288 0.485412 0 0 0 0 0 0.979614 0 0 0 0 0 0 0 0 0 0 0 0 0 0 0 0 0 0 0 0 0 0 0 0 0 0 0 0.208198 0 0.750125 0 0 0 0 0.80669 0.761814 0 0 0 0 0 0 0 0.772835 0 0 0 0 0
0 0 0 0 0 0.226829 0 0 0 0.650962 0 0 0 0 0 0 0 0 0 0 0 0 0 0 0 0 0.683448 0 0 0 0 0 0 0 0 0 0 0 0 0 0 0 0 0 0 0 0 0 0 0 0 0 0 0 0 0 0.807225 0 0 0 0 0 0.872466 0 0 0 0.600289 0 0 0 0 0 0 0 0.355128 0 0 0 0 0 0 0 0.527 0 0 0 0 0 0 0 0 0 0 0.792331 0 0 0 0.868114 0 0
0 0 0 0 0 0 0 0 0 0 0.906652 0.28291 0 0 0 0 0 0 0 0 0 0 0 0 0 0 0 0.910003 0.447345 0.306137 0 0 0 0 0 0 0 0 0 0 0 0 0 0 0 0 0 0 0 0 0 0 0 0 0.592697 0 0.307232 0 0 0 0 0 0 0 0.212486 0 0 0 0 1.0651 0 0 0 0 0 0.332034 0 0 0 0 0.436803 0 0 0 0 0 0 0 0 0 0 0 0 0 0 0 0 0.500715 0 0
0 0.358707 0 0.485902 0 0.233865 0 0 0.988722 0 0 0 0 0 0.462602 0 0 0 0.729953 0.443249 0 0 0 0 0 0 0 0 0 0 0 0 0 0 0 0 0 0 0.421376 0 0 0 0 0 0 0.568348 0 0 0 0 0 0 0 0 0 0 0.185051 0 0 0 0 0 0 0 0 0 0 0 0 0 0 0 0 0 0 0 0 0 0 0 0 0 0 0 0 0 0 0 0 0 0 0 0 0 0 0 0 0 0 0
0 0 0 0.33217 0 0 0 0 0 0 0 0 0 0 0.518386 0 0 0 0 0 0 0 0 0 0.573447 0.755847 0 0 0 0 0 0.202835 0 0 0 0 0 0.786417 0 0 0 0 0.484131 0.985863 0 0 0 0 0 0 0 0 0 0 0 0 0 0 0 0 0 0.43862 0 0.439897 0 0 0.845373 0 0 0 0 0.604586 0 0 0 0 0 0.688145 0 0 0 0 0 0 1.0056 0 0 0 0 0 0 0 0 0 0 0 0 0 0 0
0.84547 0 0 0 0 0 0 0 0 0 0 0.397707 0 0 0 0 0.613779 0 0 0 0 0 0 0 0 0 0 0 0 0 0 0 0 0 0 0 0 0 0 0 0 0 0 0.910495 0 0 0 0 0 0 0.740217 0 0 0 0 0 0 0 0 0.824851 0 0 0 0 0 0 0 0 0 0 0.554263 0 0.916251 0 0 0 0 0 0 0.500433 0 0 0 0 0 0 0 0.15958 0 0.960306 0 0 0 0 0 0 0 0 0 0
0.223451 0.685325 0 0 0 0 0 0 0 0 0 0 0 0 0 0 0 0 0 0 0 0 0 0 0 0 0 0 0 0 0 0 0 0 0 0.786417 0 0 0 0 0 0 0 0 0 0 0 0 0 0 0 0 0 0.838456 0 0 0 0 0 0 0 0 0 0 0 0 0 0 0 0 0 0 0 0 0 0 0 0 0 0 0 0 0 0 0 0 0 0 0 0 0 0 0 0 0 0 0.659834 0 0 0.359775
0 0.317169 0 0 0 0.826609 0 0 0 0 0 0 0.563923 0 0 0.669226 0 0 0 0 0 0 0.551841 0 0 0 0 0 0.216549 0 0 0 0 0 0.421376 0 0 0 0 0 0 0.718319 0 0 0 0 0 0.368765 0 0 0.891989 0 0 0 0.440843 0 0 0.716372 0 0 0 0 0 0 0 0 0 0 0 0 0 0.75243 0 0 0 0 0 0 0 0 0 0 0 0 0 0 0 0 0 0 0 0 0 0 0 0 0 0 0 0
0 0 0.492481 0 0 0.277158 0 0 0 0 0 0 0 0 0 0 0 0 0.855099 0.855096 0 0 0 0 0 0 0 0.254689 0 0.482384 0 0 0 0 0 0 0 0 0 0 0 0 0 0 0 0 0 0 0 0 0 0 0 0 0.319844 0 0 0 0 0 0 0 0 0 0 0 0 0 0 0.846363 0 0 0 0 0 0 0 0 0.671714 0 0.264528 0 0 0 0 0 0 0 0 0 0 0.95953 0 0.15344 0.602941 0 0 0 0 0
0.693683 0 0 0 0 0 0 0 0 0 0 0.497599 0 0 0 0 0 0 0 0 0 0 0 0 0 0 0 0 0 0.18188 0 0 0 0 0 0 0 0 0 0 0 0 0 0 0 0 0 0.76075 0 0.944492 0 0 0 0 0 0.618972 0 0 0 0 0 0 0 0 0 0 0 0 0 0.312367 0 0 0 0 0 0 0 0 0 0 0 0 0 0 0 0 0 0 0 0.44001 0.728496 0 0 0 0 0 0.963729 0 0 0
0 0 0 0 0 0 0 0 0 0 0.316985 0 0 0 0 0 0 0 0 0 0 0 0 0 0 0 0 0 0 0 0 0.471921 0 0 0 0 0 0 0.718319 0 0 0 0 0 0 0 0 0.960726 0 0 0.810652 0 0 0 0 0 0.893362 0 0 0 0 0 0 0 0 0.645519 0 0 0 0 0.173341 0 0 0 0.273356 0 0 0 0 0 0 0 0 0 0 0.528339 0 0 0 0 0 0 0 0 0.965136 0 0 0.225342 0 0
0.884632 0 0 0.804924 0 0 0 0 0 0 0 0.424442 0.230881 0 0 0.244143 0 0 0.250967 0 0 0 0 0 0.552718 0 0 0.541339 0 0 0 0 0 0 0 0.484131 0 0 0 0 0 0 0 0 0 0 0 0 0.782199 0 0 0.563225 0 0 0 0 0 0.719815 0 0 0.149098 0 0 0.263529 0 0 0.103829 0 0 0 0 0.87909 0 0 0 0 0 0 0 0 0 0 0 0 0 0 0 0 0.177353 0 0.852154 0 0.705737 0 0 0 0 0 0 0
0 0 0 0 0 0.621773 0.858828 0 0 0 0 0 0 0 0 0.316264 0 0 0 0 0 0 0.648281 0 0 0 0 0 0 0 0.64586 0.626288 0 0 0 0.985863 0.910495 0 0 0 0 0 0 0 0 0 0 0 0.685513 0 0 0.659803 0 0 0 0 0 0 0.420823 0 0 0 0 0 0 0 0 0 0 0 0 0 0 0 0 0 0 0.245107 0 0 0 0 0 0 0.513348 0 0 0 0 0.123182 0 0 0 0 0 0 0 0.322798 0.761858 0
0 0.856575 0.658143 0 0 0 0 0 0 0 0 0 0 0 0 0 0 0 0 0 0 0 0 0 0 0 0 0 0 0 0 0.485412 0 0 0 0 0 0 0 0 0 0 0 0 0 0 0 0 0 0 0 0 0 0.896605 0 0 0 0 0 0 0 0 0.841009 0 0 0 0 0 0 0 0 0.173528 0 0 0.896199 0 0 0 0 0 0 0.624028 0 0 0 0 0 0 0 0 0 0 0 0 0 0 0 0 0 0
0 0 0.646661 0 0 0 0 0 0 0 0 0 0 0 0 0 0 0 0 0 0 0 0 0 0 0 0 0 0.648925 0 0 0 0 0 0.568348 0 0 0 0 0 0 0 0 0 0 0 0 0 0 0 0 0 0 0 0 0 0 0 0.700881 0 0 0 0.618387 0 0 0 0 0 0 0 0 0 0 0 0 0 0.322991 0 0 0.254047 0 0 0 0 0 0 0 0 0 0 0 0 0 0 0 0 0.792366 0 0 0
0 0 0 0 0 0 0 0.280858 0 0 0.175914 0 0 0 0 0.311508 0 0 0 0 0 0 0 0 0 0 0 0 0 0 0 0 0 0 0 0 0 0 0 0 0 0 0 0 0 0 0 0 0 0 0.327225 0 0 0 0 0 0.437118 0.406944 0 0 0 0 0 0 0.760231 0 0 0 0 0 0 0 0 0 0 0 0 0 0 0 0 0 0 0 0 0 0 0 0 0 0 0 0 0.967931 0 0 0 0 0 0
0 0 0 0 0 0 0 0 0 0 0 0 0 0 0 0 0 0 0 0.809468 0 0 0.664638 0 0 0 0.30436 0 0.590576 0.8173 0 0 0 0 0 0 0 0 0.368765 0 0.76075 0.960726 0 0 0 0 0 0 0 0 0 0 0 0 0.0457583 0 0 0 0 0 0 0 0 0 0 0 0 0.143928 0 0 0 0.728532 0 0 0 0 0 0 0 0 0 0.452665 0 0.299726 0 0 0.588005 0 0 0 0.619939 0.467686 0 0 0 0 0 0 0 0
0 0 0 0 0 0 0 0 0 0 0 0 0 0 0 0 0 0 0 0 0.688008 0 0 0 0 0 0 0 0.871835 0 0 0 0 0 0 0 0 0 0 0 0 0 0.782199 0.685513 0 0 0 0 0 0 0 0 0 0 0.86131 0 0 0 0 0 0 0 0 0.110896 0.877778 0 0.805039 0 0 0 0 0 0 0 0 0 0 0 0 0 0 0 0 0 0 0 0 0 0 0 0 0 0 0 0 0 0 0.911354 0 0
0 0 0 0 0.338861 0 0 0 0 0 0 0 0 0 0.75885 0.878092 0 0.979169 0 0 0 0 0 0 0 0 0 0 0.333943 0 0 0 0 0 0 0 0 0 0 0 0.944492 0 0 0 0 0 0 0 0 0 0 0 0 0 0 0 0 0 0 0 0 0.192326 0 0 0 0 0 0 0.765202 0 0 0 0 0 0 0 0 0 0 0 0 0 0 0 0 0 0 0.741833 0 0 0 0 0 0 0 0 0 0 0 0
0 0 0 0 0 0 0 0 0 0 0 0 0 0 0.174351 0 0 0 0 0 0 0.148327 0 0 0 0 0.503807 0 0.633382 0 0 0.979614 0 0 0 0 0.740217 0 0.891989 0 0 0.810652 0 0 0 0 0.327225 0 0 0 0 0 0 0 0 0 0 0 0 0 0.687899 0.828669 0 0 0 0 0 0 0 0 0 0 0 0 0 0 0 0 0 0 0 0 0 0 0.837765 0 0 0 0 0 0 0 0 0 0 0 0 0 0 0
0 0 0 0 0 0 0 0 0 0 0 0 0 0 0 0 0 0 0 0.689505 0.967849 0.866524 0 0 0 0 0 0 0 0 0 0 0 0 0 0 0 0 0 0 0 0 0.563225 0.659803 0 0 0 0 0 0 0 0 0 0 0 0 0 0 0 0 0.273027 0.269976 0 0 0 0 0 0 0 0 0 0 0 0 0.955113 0 0 0 0 0 0.822426 0 0 0 0 0.535405 0 0 0 0 0 0 0.763171 0 0 0 0 0 0 0
0 0 0 0 0 0 0 0 0 0 0 0 0 0 0 0 0 0 0 0 0 0 0 0 0 0 0 0 0 0 0 0 0 0 0 0 0 0 0 0 0 0 0 0 0 0 0 0 0 0 0 0 0 0 0 0 0 0 0 0 0 0.388741 0 0 0 0 0.309993 0 0 0 0 0 0 0 0 0 0 0 0 0 0 0 0 0 0 0 0.527916 0 0 0 0.599511 0 0 0 0 0 0 0 0 0
0.123056 0.376014 0 0 0 0 0.738401 0 0 0 0 0 0.240226 0 0 0 0.451303 0.684025 0 0 0 0 0 0 0 0 0 0.488855 0 0 0 0 0 0 0 0 0 0.838456 0 0 0 0 0 0 0.896605 0 0 0 0 0 0 0 0 0 0 0.497435 0 0 0 0 0.322899 0 0 0 0 0 0 0.439476 0 0 0 0 0 0.826235 0 0 0 0.924421 0 0 0 0 0 0 0 0 0 0 0 0 0 0 0 0 0 0 0 0.49603 0 0
0 0 0 0 0 0 0 0 0 0 0 0 0 0 0 0.903176 0.257189 0 0 0 0 0 0 0 0 0 0 0 0.41471 0 0 0 0 0.592697 0 0 0 0 0.440843 0.319844 0 0 0 0 0 0 0 0.0457583 0.86131 0 0 0 0 0 0 0 0 0 0 0 0 0.799799 0 0 0 0 0 0.465648 0 0 0 0.889948 0.132263 0 0.666212 0 0 0 0 0 0 0 0 0 0 0 0 0 0.386909 0 0 0 0 0 0 0 0.538833 0 0 0
0 0 0 0 0 0 0 0 0 0 0 0 0 0 0 0 0 0 0 0 0 0 0 0 0 0 0 0 0 0 0 0 0 0 0 0 0 0 0 0 0.618972 0 0 0 0 0 0 0 0 0 0 0 0 0.497435 0 0 0 0.50415 0 0 0 0 0 0 0 0 0 0 0 0 0 0 0 0 0 0 0 0 0 0 0 0 0 0 0.78861 0 0.739858 0 0 0 0 0 0 0 0 0 0 0 0 0
0 0 0 0 0 0 0 0 0 0 0 0 0 0.76437 0 0.14194 0 0 0 0 0 0 0 0 0 0.869285 0 0 0 0 0 0 0.807225 0.307232 0.185051 0 0 0 0 0 0 0.893362 0 0 0 0 0.437118 0 0 0 0 0 0 0 0 0 0 0 0 0 0 0 0 0 0 0 0.610216 0.944262 0 0 0.648872 0 0 0 0.451179 0 0 0 0.569029 0 0 0 0 0 0 0 0 0.207507 0 0 0 0 0.605304 0 0 0 0 0.629309 0 0
0 0 0 0.371326 0 0 0 0 0 0 0 0 0 0 0 0 0 0 0.264512 0 0.676857 0 0 0 0.188164 0 0 0 0 0 0 0 0 0 0 0 0 0 0.716372 0 0 0 0.719815 0 0 0 0.406944 0 0 0 0 0 0 0 0 0.50415 0 0 0 0 0 0 0 0 0 0 0.619866 0 0 0 0 0 0 0.180621 0 0 0 0 0 0 0 0 0 0 0 0 0 0.455226 0 0 0 0 0 0 0 0 0 0 0 0
0 0 0 0 0 0 0 0 0 0 0 0 0 0 0 0 0 0 0 0 0 0 0 0 0 0 0 0 0 0 0 0 0 0 0 0 0 0 0 0 0 0 0 0.420823 0 0.700881 0 0 0 0 0 0 0 0 0 0 0 0 0 0 0 0 0 0 0 0 0 0 0 0 0 0 0 0.705287 0 0 0 0 0.246216 0 0 0 0 0.315409 0 0 0.4347 0 0 0 0 0 0 0 0 0 0 0 0 0
0 0.604694 0 0 0 0 0 0 0 0 0 0 0 0 0 0 0 0 0 0 0 0 0 0 0 0 0 0 0.769541 0 0 0 0 0 0 0 0.824851 0 0 0 0 0 0 0 0 0 0 0 0 0 0 0 0 0 0 0 0 0 0 0 0 0 0 0 0 0 0 0 0 0 0 0 0 0 0 0 0 0.962758 0 0 0 0 0 0 0 0 0 0 0.450623 0 0 0 0 0 0 0 0 0 0 0
0.587372 0 0 0 0 0 0 0 0 0 0 0 0 0.42146 0 0 0 0 0 0 0 0.758752 0 0 0 0 0 0 0 0 0 0 0 0 0 0 0 0 0 0 0 0 0.149098 0 0 0 0 0 0 0 0.687899 0.273027 0 0.322899 0 0 0 0 0 0 0 0 0 0 0 0 0 0 0 0 0 0 0 0 0 0 0.58521 0 0 0 0.638581 0 0 0 0 0 0 0 0 0 0 0 0 0 0 0 0 0 0 0
0 0 0 0 0 0 0 0 0 0 0.749659 0 0 0 0 0 0 0 0 0 0 0 0 0 0 0 0 0 0 0.296999 0 0 0 0 0 0.43862 0 0 0 0 0 0 0 0 0 0 0 0 0 0.192326 0.828669 0.269976 0.388741 0 0.799799 0 0 0 0 0 0 0 0 0 0 0.893334 0 0 0 0 0.787807 0 0 0 0 0 0 0 0 0 0 0 0 0 0 0 0 0 0 0 0 0 0 0 0 0 0 0 0 0
0 0 0 0 0 0 0 0 0 0 0 0 0 0 0 0 0 0.775421 0 0 0 0 0 0 0 0 0 0 0 0 0 0 0.872466 0 0 0 0 0 0 0 0 0 0 0 0.841009 0.618387 0 0 0 0 0 0 0 0 0 0 0 0 0 0 0 0 0 0 0 0 0 0 0 0 0 0 0 0 0 0.510853 0 0 0 0 0 0 0 0 0 0 0.353296 0 0 0 0 0 0 0 0 0 0 0 0 0
0 0 0 0 0 0 0 0 0 0 0 0 0 0 0 0 0 0 0 0.520471 0 0 0 0 0 0 0 0 0 0 0 0 0 0 0 0.439897 0 0 0 0 0 0 0.263529 0 0 0 0 0 0.110896 0 0 0 0 0 0 0 0 0 0 0 0 0 0 0 0 0 1.00371 0 0 0 0 0 0 0 0.797157 0 0 0 0 0 0 0 0 0 0 0.465745 0 0 0 0 0 0 0 0 0 0 0 0 0.703094 0
0 0 0 0 0 0.296144 0 0.486878 0 0 0 0 0 0 0 0 0 0 0 0 0 0.387691 0 0 0 0 0 0 0 0 0 0 0 0.212486 0 0 0 0 0 0 0 0 0 0 0 0 0.760231 0 0.877778 0 0 0 0 0 0 0 0 0 0 0 0 0 0 0 0 0 0 0 0 0 0 0.223587 0 0 0 0 0 0 0 0 0 0 0 0 0 0 0 0 0 0 0.59116 0 0 0 0 0 0 0 0 0
0 0 0 0 0.257457 0 0 0 0 0 0 0.853118 0 0 0 0 0 0 0 0 0 0 0 0 0 0 0 0 0 0 0 0 0 0 0 0 0 0 0 0 0 0.645519 0 0 0 0 0 0 0 0 0 0 0 0 0 0 0 0 0 0 0 0.893334 0 0 0 0 0 0 0 0 0 0 0 0 0.371009 0 0 0 0 0 0 0 0 0 0.687468 0 0 0.857972 0 0 0.289625 0 0 0 0 0 0 0 0 0
0 0 0 0 0 0 0 0 0 0 0 0 0 0 0 0 0 0 0 0.301712 0 0 0 0 0 0 0 0 0 0 0.307807 0 0.600289 0 0 0.845373 0 0 0 0 0 0 0.103829 0 0 0 0 0 0.805039 0 0 0 0.309993 0 0 0 0.610216 0.619866 0 0 0 0 0 1.00371 0 0 0 0 0 0 0 0 0 0 0 1.00225 0 0 0 0 0 0 0 0 0 0 0 0 0 0 0 0.278518 0 0 0 0.267327 0 0 0 0
0 0 0 0 0 0 0 0 0 0 0 0 0 0 0 0 0 0 0 0 0 0 0 0 0 0 0 0 0 0 0 0 0 0 0 0 0 0 0 0 0 0 0 0 0 0 0 0.143928 0 0 0 0 0 0.439476 0.465648 0 0.944262 0 0 0 0 0 0 0 0 0 0 0 0 0 0 0 0 0 0 0.768493 0 0 0 0 0 0 0 0 0 0 0 0.44054 0 0 0 0 0 0 0 0 0 0 0 0
0 0 0 0 0 0 0.906324 0 0 0 0 0 0 0 0 0 0 0.977719 0 0 0 0 0.680239 0 0 0 0.659499 0 0 0.637449 0 0 0 0 0 0 0 0 0 0 0 0 0 0 0 0 0 0 0 0.765202 0 0 0 0 0 0 0 0 0 0 0 0 0 0 0 0 0 0 0 0 0 0 0 0 0 0 0.73164 0 0 0 0.413096 0 0 0 0 0 0 0 0.611083 0 0 0 0 0 0 0 0 0 0.695421 0
0 0 0 0 0 0 0 0.447021 0.348613 0 0 0 0 0 0 0 0 0 0 0 0 0 0 0 0 0 0 0.707506 0 0 0 0 0 1.0651 0 0 0 0 0 0.846363 0.312367 0 0 0 0 0 0 0 0 0 0 0 0 0 0 0 0 0 0 0 0 0 0 0 0 0 0 0 0 0 0 0 0 0 0 0 0 0 0 0 0 0 0 0 0 0 0 0 0 0 0 0 0 0.641032 0.885166 0 0 0 0 0
0 0.134064 0 0 0 0 0 0 0 0 0 0 0 0 0.590346 0 0 0 0.348908 0 0 0 0 0 0 0 0 0.244658 0 0 0 0 0 0 0 0 0.554263 0 0 0 0 0.173341 0 0 0 0 0 0 0 0 0 0 0 0 0 0 0.648872 0 0 0 0 0.787807 0 0 0 0 0 0 0 0 0 0 0 0 0 0 0 0 0.171316 0 0 0 0 0.951038 0 0 0 0 0.778022 0 1.03201 0 0 0 0 0.584403 0 0 0 0
0.739205 0 0 0 0 0 0 0 0 0 0 0.342006 0 0 0 0 0 0 0 0 0 0 0 0 0 0 0 0 0 0 0.952822 0 0 0 0 0.604586 0 0 0.75243 0 0 0 0.87909 0 0.173528 0 0 0.728532 0 0 0 0 0 0 0.889948 0 0 0 0 0 0 0 0 0 0.223587 0 0 0 0 0 0 0 0 0.916812 0 0 0 0 0 0 0 0 0 0 0 0 0 0 0 0 0 0 0 0.165625 0 0 0 0 0 0
0 0 0 0 0 0 0 0 0 0.45178 0.732708 0 0 0 0 0 0.824152 0 0 0 0 0 0 0 0 0 0 0 0.39667 0 0 0 0 0 0 0 0.916251 0 0 0 0 0 0 0 0 0 0 0 0 0 0 0 0 0 0.132263 0 0 0 0 0 0 0 0 0 0 0 0 0 0 0 0 0 0 0 0.608177 0 0 0 0 0 0 0 0 0 0 0 0 0.342968 0 0 0 0.75895 0 0 0 0 0 0 0 0
0 0 0 0 0 0 0 0 0 0 0 0 0 0 0 0 0 0 0 0 0 0 0 0 0 0 0.82232 0 0 0 0 0 0 0 0 0 0 0 0 0 0 0 0 0 0 0 0 0 0 0 0 0 0 0.826235 0 0 0 0.180621 0.705287 0 0 0 0 0 0 0 0 0 0 0 0 0.916812 0 0 0 0 0 0 0 0 0 0 0 0.146498 0 0 0 0 0 0 0 0 0 0 0 0 0 0 0 0
0 0 0 0 0 0 0 0 0 0 0 0 0 0 0 0 0 0.481199 0 0 0.923569 0.670199 0.355462 0 0 0 0 0 0 0 0 0 0.355128 0 0 0 0 0 0 0 0 0.273356 0 0 0.896199 0 0 0 0 0 0 0.955113 0 0 0.666212 0 0.451179 0 0 0 0 0 0 0.797157 0 0.371009 0 0 0 0 0 0 0.608177 0 0 0 0 0 0.303173 0 0 0 1.00224 0 0 0 0 0 0 0 0 0 0 0 0.843598 0 0.491176 0 0.82403 0
0 0 0 0 0 0 0 0 0 0 0 0 0 0 0 0 0 0.691846 0 0 0 0 0 0 0 0 0 0 0 0.477594 0 0 0 0.332034 0 0 0 0 0 0 0 0 0 0 0 0 0 0 0 0 0 0 0 0 0 0 0 0 0 0 0 0 0.510853 0 0 0 1.00225 0.768493 0 0 0 0 0 0 0 0 0 0 0 0 0 0 0 0 0 0 0 0 0 0 0 0 0 0 0 0 0 0 0 0
0 0 0 0 0 0 0 0 0 0 0 0 0 0 0 0 0 0 0 0 0 0 0 0 0 0 0 0 0 0 0 0 0 0 0 0 0 0 0 0 0 0 0 0 0 0.322991 0 0 0 0 0 0 0 0 0 0 0 0 0 0 0.58521 0 0 0 0 0 0 0 0.73164 0 0 0 0 0 0 0 0 0 0 0 0 0 0 0 0 0 0 0 0 0 0 0 0 0 0 0 0 0 0.746015 0
0 0 0 0 0 0.859521 0 0 0 0.712417 0 0 0 0 0 0 0 0 0 0 0 0 0 0 0.158421 0 0 0.188042 0 0.56516 0 0 0 0 0 0.688145 0 0 0 0 0 0 0 0.245107 0 0 0 0 0 0 0 0 0 0.924421 0 0 0 0 0 0.962758 0 0 0 0 0 0 0 0 0 0 0 0 0 0 0 0 0 0 0.142237 0 0 0 0 0 0 0 0.709314 0 0 0 0 0 0 0 0 0 0.367142 0 0 0
0 0 0 0 0 0 0 0 0 0 0 0 0.783552 0 0 0 0 0.807404 0 0 0 0 0.601531 0 0 0 0 0 0 0 0 0.208198 0 0 0 0 0 0 0 0.671714 0 0 0 0 0 0 0 0 0 0 0 0 0 0 0 0 0.569029 0 0.246216 0 0 0 0 0 0 0 0 0 0 0 0.171316 0 0 0 0.303173 0 0 0.142237 0 1.03456 0 0.372937 0 0 0 0 0 0 0 0.618272 0.421716 0 0 0.801925 0.909265 0 0 0 0 0
0 0 0 0 0 0 0 0 0 0 0 0 0.781592 0 0 0 0.939958 0 0.349738 0 0 0 0 0.429881 0.762604 0.780375 0 0 0.161144 0 0 0 0 0 0 0 0.500433 0 0 0 0 0 0 0 0 0.254047 0 0 0 0 0 0 0 0 0 0 0 0 0 0 0 0 0 0 0 0 0 0 0 0 0 0 0 0 0 0 0 0 1.03456 0 0 0 0 0 0 0 0 0 0 0 0 0 0 0 0 0 0.755169 0 0 0
0 0 0 0 0 0 0 0 0 0 0 0 0 0 0 0 0 0 0 0 0.395835 0 0 0 0 0 0 0 0 0 0 0.750125 0 0.436803 0 0 0 0 0 0.264528 0 0 0 0 0 0 0 0 0 0 0 0.822426 0 0 0 0 0 0 0 0 0.638581 0 0 0 0 0 0 0 0.413096 0 0 0 0 0 0 0 0 0 0 0 0 0 0 0 0 0 0.146534 0 0 0 0 0 0 0 0 0 0 0 0 0
0 0 0 0 0 0 0 0 0.558956 0 0 0 0 0 0.465572 0 0 0 0 0 0 0 0 0 0 0 0 0 0 0 0 0 0 0 0 0 0 0 0 0 0 0 0 0 0.624028 0 0 0.452665 0 0 0 0 0 0 0 0 0 0 0 0 0 0 0 0 0 0 0 0 0 0 0 0 0 0 0 0 0 0 0.372937 0 0 0 0 0.584392 0 0 0 0 0 0 0 0 0 0 0 0 0 0.830547 0 0
0 0 0 0 0 0.953563 0 0 0 0 0.346935 0 0 0 0 0 0 0 0 0.149131 0 0 0 0 0 0.954197 0 0 0.189411 0 0 0 0.527 0 0 0 0 0 0 0 0 0 0 0 0 0 0 0 0 0 0 0 0 0 0 0 0 0 0 0 0 0 0 0 0 0 0 0 0 0 0 0 0 0 1.00224 0 0 0 0 0 0 0 0 0.249141 0 0 0 0 0 0 0 0 0 0 0 0 0 0 0 0
0.247565 0 0 0 0 0 0 0 0 0 0 0 0.482082 0 0 0 0 0 0 0 0 0 0 0 0 0 0 0.170392 0 0 0 0 0 0 0 0 0 0 0 0 0 0 0 0 0 0 0 0.299726 0 0 0 0 0 0 0 0 0 0 0.315409 0 0 0 0 0 0 0 0 0 0 0 0.951038 0 0 0.146498 0 0 0 0 0 0 0 0.584392 0.249141 0 0 0 0 0.706501 0 0 0 0 0 0 0 0 0.525584 0 0 0
0.360094 0 0 0 0 0 0 0 0 0 0 0 0 0 0 0 0 0 0 0 0 0 0 0 0 0 0 0 0 0 0 0 0 0 0 1.0056 0 0 0 0 0 0 0 0.513348 0 0 0 0 0 0 0.837765 0 0 0 0 0.78861 0 0 0 0 0 0 0 0 0 0.687468 0 0 0 0 0 0 0 0 0 0 0 0 0 0 0 0 0 0 0 0 0 0 0.842386 0 0.839948 0.224095 0 0 0 0 0 0 0 0
0.965142 0 0 0 0 0 0 0 0 0 0.632979 0 0 0 0 0 0 0 0 0 0 0 0 0 0 0 0 0 0 0 0 0.80669 0 0 0 0 0 0 0 0 0 0.528339 0 0 0 0 0 0 0 0 0 0.535405 0 0 0 0 0 0 0 0 0 0 0 0.465745 0 0 0 0 0 0 0 0 0 0 0 0 0 0 0 0 0 0 0 0 0 0 0 0 0 0 0.188324 0 0 0 0 0 0 0 0 0
0 0 0 0 0.305472 0 0 0 0 0 0 0 0 0 0 0 0.381756 0 0 0 0 0 0 0 0 0.910798 0 0 0 0 0 0.761814 0 0 0 0 0 0 0 0 0 0 0 0 0 0 0 0.588005 0 0 0 0 0.527916 0 0 0.739858 0 0 0.4347 0 0 0 0.353296 0 0 0 0 0 0 0 0 0 0 0 0 0 0 0.709314 0 0 0.146534 0 0 0 0 0 0 0 0 0 0 0 0 0 0 0 0.211642 0 0 0
0 0 0 0 0 0 0 0 0 0 0.794747 0 0 0 0 0 0 0 0 0 0 0 0 0 0 0 0 0 0 0.129647 0 0 0 0 0 0 0.15958 0 0 0 0 0 0 0 0 0 0 0 0 0.741833 0 0 0 0 0 0 0.207507 0.455226 0 0 0 0 0 0 0 0.857972 0 0.44054 0 0 0 0 0.342968 0 0 0 0 0 0 0 0 0 0 0.706501 0 0 0 0 0 0 0 0 0 0 0 0 0 0 0 0
0 0 0 0.674997 0 0 0 0 0 0 0 0.544462 0 0 0 0 0 0 0 0 0 0 0 0 0 0 0 0.547264 0 0 0 0 0 0 0 0 0 0 0 0 0 0 0.177353 0 0 0 0 0 0 0 0 0 0 0 0.386909 0 0 0 0 0.450623 0 0 0 0 0 0 0 0 0.611083 0 0.778022 0 0 0 0 0 0 0 0 0 0 0 0 0 0.842386 0 0 0 0 0 0 0 0 0 0 0 0 0 0 0
0 0 0 0.270521 0 0.831118 0 0 0 0 0 0 0 0 0 0 0 0 0 0 0 0 0.98321 0 0 0 0 0 0.470681 0 0 0 0 0 0 0 0.960306 0 0 0 0.44001 0 0 0.123182 0 0 0 0 0 0 0 0 0 0 0 0 0 0 0 0 0 0 0 0 0 0 0 0 0 0 0 0 0 0 0 0 0 0 0.618272 0 0 0 0 0 0 0 0 0 0 0 0 0 0 0 0 0.804858 0 0.579471 0 0
0.562524 0 0 0 0 0 0.612192 0 0 0.192996 0 0 0 0 0 0 0 0 0 0 0 0 0 0 0 0.741088 0 0 0 0 0 0 0 0 0 0 0 0 0 0 0.728496 0 0.852154 0 0 0 0 0.619939 0 0 0 0 0.599511 0 0 0 0 0 0 0 0 0 0 0 0.59116 0.289625 0 0 0 0 1.03201 0 0 0 0 0 0 0 0.421716 0 0 0 0 0 0.839948 0.188324 0 0 0 0 0 0 0 0 0 0 0 0 0 0
0 0 0 0 0 0 0 0 0 0 0 0 0 0 0 0 0 0 0 0 0 0 0 0 0 0 0 0 0 0 0 0 0 0 0 0 0 0 0 0.95953 0 0 0 0 0 0 0 0.467686 0 0 0 0 0 0 0 0 0 0 0 0 0 0 0 0 0 0 0.278518 0 0 0 0 0 0.75895 0 0 0 0 0 0 0 0 0 0 0 0.224095 0 0 0 0 0 0 0 0 0.407725 0 0 0 0 0 0
0 0 0 0 0 0 0 0 0.519669 0 0 0 0 0 0.410545 0 0 0 0 0 0.945371 0 0 0 0 0 0.827125 0 0 0 0 0 0 0 0 0 0 0 0 0 0 0 0.705737 0 0 0 0 0 0 0 0 0.763171 0 0 0 0 0.605304 0 0 0 0 0 0 0 0 0 0 0 0 0 0 0 0 0 0 0 0 0 0 0 0 0 0 0 0 0 0 0 0 0 0 0 0 0 0 0 0 0 0 0
0 0.890708 0 0 0 0 0 0 0 0 0 0 0 0 0 0 0 0 0 0 0 0.359315 0 0 0 0 0 0 0 0 0 0 0.792331 0 0 0 0 0 0 0.15344 0 0 0 0 0 0 0.967931 0 0 0 0 0 0 0 0 0 0 0 0 0 0 0 0 0 0 0 0 0 0 0.641032 0 0.165625 0 0 0 0 0 0 0.801925 0 0 0 0 0 0 0 0 0 0 0 0 0.407725 0 0 0 0 0 0 0 0
0 0 0 0 0 0 0 0 0 0 0 0 0 0 0 0 0 0 0 0 0 0 0 0 0 0.762869 0 0 0 0 0.566435 0.772835 0 0 0 0 0 0 0 0.602941 0 0.965136 0 0 0 0 0 0 0 0 0 0 0 0 0 0 0 0 0 0 0 0 0 0 0 0 0 0 0 0.885166 0 0 0 0 0.843598 0 0 0 0.909265 0 0 0 0 0 0 0 0 0 0 0 0 0 0 0 0 0 0 0 0.315722 0
0 0 0 0 0 0 0 0.270314 0 0 0 0 0 0 0 0 0.669098 0 0 0 0 0 0 0 0 0 0 0 0 0 0 0 0 0 0 0 0 0 0 0 0 0 0 0 0 0 0 0 0 0 0 0 0 0 0 0 0 0 0 0 0 0 0 0 0 0 0.267327 0 0 0 0.584403 0 0 0 0 0 0 0 0 0 0 0 0 0 0 0 0 0 0 0.804858 0 0 0 0 0 0 0 0 0 0
0 0 0 0.794348 0 0 0 0 0 0 0 0 0 0 0 0 0 0 0 0 0 0 0 0 0 0 0 0 0 0 0.677135 0 0 0 0 0 0 0.659834 0 0 0.963729 0 0 0 0 0.792366 0 0 0 0 0 0 0 0 0.538833 0 0 0 0 0 0 0 0 0 0 0 0 0 0 0 0 0 0 0 0.491176 0 0 0.367142 0 0.755169 0 0 0 0.525584 0 0 0.211642 0 0 0 0 0 0 0 0 0 0 0.94356 0.49395 0
0 0 0 0 0.791154 0 0 0 0.452433 0 0 0 0 0 0 0 0 0 0 0 0 0 0 0 0 0 0 0 0 0 0 0 0.868114 0.500715 0 0 0 0 0 0 0 0.225342 0 0.322798 0 0 0 0 0.911354 0 0 0 0 0.49603 0 0 0.629309 0 0 0 0 0 0 0 0 0 0 0 0 0 0 0 0 0 0 0 0 0 0 0 0 0.830547 0 0 0 0 0 0 0 0.579471 0 0 0 0 0 0 0.94356 0 0 0
0 0 0 0 0.363789 0 0 0 0 0 0 0.53389 0 0 0 0 0 0.397043 0 0 0 0 0 0 0 0 0 0 0 0 0 0 0 0 0 0 0 0 0 0 0 0 0 0.761858 0 0 0 0 0 0 0 0 0 0 0 0 0 0 0 0 0 0 0 0.703094 0 0 0 0 0.695421 0 0 0 0 0 0.82403 0 0.746015 0 0 0 0 0 0 0 0 0 0 0 0 0 0 0 0 0 0.315722 0 0.49395 0 0 0.576431
0 0 0 0 0 0 0 0 0 0.910489 0 0 0 0 0 0 0.598683 0 0.537391 0 0 0 0 0 0 0 0 0 0 0 0.334674 0 0 0 0 0 0 0.359775 0 0 0 0 0 0 0 0 0 0 0 0 0 0 0 0 0 0 0 0 0 0 0 0 0 0 0 0 0 0 0 0 0 0 0 0 0 0 0 0 0 0 0 0 0 0 0 0 0 0 0 0 0 0 0 0 0 0 0 0 0.576431 0
