100
0 0 0 0 0 0 0 0 0 0 0 0 0 0 0 0 0.575603 0 0 0.784114 0.334495 0 0 0 0 0.495156 0 0 0 0.141767 0 0 0.472245 0 0 0 0.858868 0.157329 0 0 0.72361 0 0 0 0 0.151575 0.271489 0 0 0 0 0 0 0.171407 0.815571 0 0 0 0 0 0.605107 0 0 0 0 0 0.749727 0 0 0 0 0.762646 0 0 0 0 0 0 0.414501 0 0 0 0 0.236522 0.33481 0.94763 0 0.788949 0 0 0.552825 0 0 0 0 0.32922 0 0 0 0
0 0 0 0 0 0 0 0 0 0.197251 0 0 0 0 0 0 0.180042 0.98973 0.930166 0 0 0 0 0 0 0 0 0 0 0 0 0 0.973241 0.166152 0.266111 0 0.426966 0.642758 0.312874 0 0 0 0 0 0.88536 0 0 0 0 0 0 0 0 0.410148 0 0 0 0 0 0.675018 0 0 0 0 0 0.657773 0 0 0 0 0.182475 0 0 0 0 0 0 0 0 0 0.635859 0 0 0 0 0 0 0 0 0 0 0 0 0.850828 0 0 0.713374 0 0 0
0 0 0 0 0 0.328414 0 0.841904 0 0 0 0.512558 0 0 0.81673 0 0 0 0 0 0 0 0 0 0 0 0 0 0 0 0 0 0 0 0 0 0 0 0 0.46969 0 0 0 0 0.635082 0.648995 0.523876 0 0 0 0 0 0 0 0 0 0 0 0 0 0.311751 0.17647 0 0 0 0 0 0 0 0 0 0.537229 0 0 0 0 0 0 0.674851 0 0 0 0.156343 0 0 0.255476 0 0 0 0 0 0 0 0 0 0 0 0 0 0.984757
0 0 0 0 0.310325 0 0 0 0 0.827539 0 0 0 0.54303 0 0 0.496312 0 0.521234 0 0 0.504762 0 0 0.490784 0 0 0 0 0.552881 0 0 0 0 0.38738 0.299115 0.636679 0 0 0 0 0 0.845352 0 0 0 0.402437 0 0 0.739788 0 0 0 0 0 0 0 0.364685 0 0 0 0 0 0 0 0 0 0 0 0 0 0 0 0.546075 0 0 0 0 0.882978 0 0 0 0 0 0 0 0 0 0.691937 0.240466 0 0 0 0 0.49645 0 0.749497 0 0 0
0 0 0 0.310325 0 0.825534 0 0 0 0 0 0 0.130644 0.495107 0.972986 0 0 0 0 0 0.936693 0 0 0 0.82868 0.667228 0 0 0 0.155689 0 0 0 0 0 0 0 0 0 0 0 0 0 0 0 0 0 0.887361 0 0.364658 0 0 0 0 0 0 0 0 0.669834 0 0 0 0 0 0 0.307019 0 0 0 0 0 0 0 0 0 0 0 0.478586 0 0.558229 0 0 0 0 0 0 0.344683 0 0 0 0 0.926309 0 0.160635 0 0.833332 0 0.812703 0.297322 0
0 0 0.328414 0 0.825534 0 0 0 0 0 0.269613 0.622536 0 0 0 0 0 0 0 0 0 0 0 0 0 0.632445 0 0 0.927076 0 0 0 0.177626 0 0.227867 0 0 0 0.862716 0.306664 0.58199 0.72154 0 0.629658 0 0 0 0 0 0 0 0 0 0 0.989914 0.849119 0 0 0 0 0 0 0.704586 0 0.321168 0 0 0 0 0 0 0.615743 0 0.509223 0 0 0 0.915212 0 0 0 0 0.97704 0 0 0 0 0 0 0.829137 0 0.457506 0 0 0 0 0 0 0 0
0 0 0 0 0 0 0 0 0 0 0 0 0 0 0 0 0 0 0.990652 0 0.987838 0 0 0 0 0 0 0 0 0 0 0 0 0 0 0 0 0 0 0 0 0 0 0.890064 0 0 0 0 0 0 0 0 0 0.73764 0.41995 0 0 0 0 0 0 0 0 0 0 0 0 0 0.861353 0 0 0 0 0 0 0 0 0 0 0 0 0 0 0 0 0 0 0 0 0 0 0 0 0 0 0 0 0 0.45789 0
0 0 0.841904 0 0 0 0 0 0 0 0 0 0 0.303264 0 0 0 0 0 0.415032 0 0 0 0 0 0 0 0 0 0 0 0 0 0 0 0 0 0 0 0.205996 0 0 0.628832 0 0.23575 0 0.288258 0 0 0 0 0 0 0 0 0 0 0 0 0.149413 0 0 0 0 0.485788 0 0 0 0 0 0 0 0.622026 0 0 0 0 0 0 0 0 0 0 0 0 0 0 0 0 0 0 0 0 0 0.688097 0.304286 0 0 0 0
0 0 0 0 0 0 0 0 0 0.624719 0 0 0 0 0 0 0.648346 0 0.75867 0 0.550556 0 0 0 0 0 0 0 0 0 0 0 0 0 0.928821 0 0 0 0 0.739884 0 0 0 0 0 0 0 0 0.881461 0 0 0.304299 0 0 0 0 0 0 0 0 0 0 0 0 0 0 0 0 0 0.3168 0 0 0 0 0 0 0 0 0 0 0 0.586652 0.527523 0 0 0 0 0 0 0 0 0 0.537594 0 0 0 0 0.544975 0 0
0 0.197251 0 0.827539 0 0 0 0 0.624719 0 0 0 0 0 0 0 0 0 0 0 0 0 0 0.541808 0 0.224958 0.472473 0 0 0 0 0 0.671791 0 0 0 0 0 0 0 0.461899 0 0 0 0 0 0.586195 0 0 0.364995 0 0 0 0 0 0 0 0 0 0 0 0 0.906023 0 0.943727 0 0 0 0 0.658803 0.612615 0 0.458355 0 0 0 0 0.67847 0 0 0.684369 0 0 0 0 0 0 0 0 0 0.143599 0 0 0 0.644987 0 0 0 0 0
0 0 0 0 0 0.269613 0 0 0 0 0 0.42382 0 0 0.802934 0 0 0.613515 0 0 0 0.838314 0 0 0 0 0 0 0 0 0 0 0 0.914947 0 0 0.370364 0 0 0 0 0.291095 0 0 0 0 0.177693 0 0 0 0.991129 0 0 0 0 0 0 0 0 0 0 0.807856 0 0 0 0.589279 0 0 0 0 0 0 0.687273 0 0 0 0 0 0 0 0 0 0.34143 0.904417 0 0.618959 0 0.770873 0 0 0 0 0 0 0 0.358643 0 0 0 0
0 0 0.512558 0 0 0.622536 0 0 0 0 0.42382 0 0 0 0.437412 0 0 0 0 0 0 0 0 0 0 0 0 0 0 0 0 0.806119 0 0.302816 0 0 0 0 0 0 0.489335 0 0.396321 0 0 0 0 0.624092 0 0 0 0 0 0 0.503423 0 0 0.7344 0 0 0 0 0 0 0 0.869813 0 0 0 0 0 0.400833 0 0 0.810211 0 0 0 0 0 0 0 0 0 0 0 0 0 0 0 0 0 0 0 0 0 0 0 0.563409 0
0 0 0 0 0.130644 0 0 0 0 0 0 0 0 0 0 0.677707 0 0 0.563687 0.477531 0 0 0.466601 0 0 0 0 0 0 0 0 0 0 0 0 0 0 0.264533 0.594781 0 0 0 0.278159 0 0 0 0 0 0 0.133271 0 0 0 0.190293 0 0 0 0 0 0.787297 0 0.258047 0 0 0 0 0 0 0 0.372381 0 0 0 0 0 0 0 0 0.859907 0.804161 0 0 0 0.484602 0 0 0 0 0 0 0 0 0.194844 0 0 0 0 0 0 0
0 0 0 0.54303 0.495107 0 0 0.303264 0 0 0 0 0 0 0 0.885481 0 0 0 0 0 0 0 0 0 0.239594 0 0.529736 0 0 0 0 0.404322 0 0.193809 0.639709 0 0.646719 0 0 0 0 0 0.412604 0 0 0 0 0 0 0 0 0 0 0.57523 0 0.709567 0 0.32759 0.393392 0.345525 0 0 0 0 0 0 0 0 0 0 0.797587 0 0 0 0 0 0 0 0 0 0 0 0 0 0 0.874362 0 0 0 0.388972 0.298548 0 0 0 0 0 0 0 0
0 0 0.81673 0 0.972986 0 0 0 0 0 0.802934 0.437412 0 0 0 0.469024 0 0.640142 0 0 0 0 0 0 0 0 0 0 0.501621 0 0 0 0 0 0.459903 0 0 0 0 0 0 0 0 0 0.196106 0 0 0 0 0.715502 0.188138 0 0 0 0 0.180383 0 0 0 0 0 0 0.477612 0 0 0 0 0 0 0 0.568829 0 0 0 0 0 0 0 0 0.941395 0 0.493669 0 0 0 0 0 0 0 0 0 0 0.421827 0 0 0 0 0 0 0
0 0 0 0 0 0 0 0 0 0 0 0 0.677707 0.885481 0.469024 0 0 0 0 0.765443 0 0 0 0 0 0 0.617451 0 0 0 0 0 0 0 0.465957 0 0 0 0.710354 0 0 0 0.196189 0.322061 0 0 0.327611 0 0 0.852946 0 0 0 0 0.819613 0 0.134987 0 0 0 0 0 0 0 0 0 0 0 0 0 0 0 0 0 0 0 0 0 0 0 0 0 0 0 0 0 0 0.84082 0 0 0 0 0 0 0.648965 0 0 0 0 0.302582
0.575603 0.180042 0 0.496312 0 0 0 0 0.648346 0 0 0 0 0 0 0 0 0 0 0 0 0 0 0 0 0 0.506297 0 0 0 0 0.327073 0 0 0 0 0.618161 0 0 0.645483 0 0 0 0 0 0 0 0 0 0.198166 0 0 0 0.478375 0.185299 0 0 0 0.517035 0.652343 0.791439 0 0 0 0.348141 0 0 0 0 0 0 0 0.801094 0 0 0 0 0 0 0.926151 0 0 0 0 0 0 0 0 0 0 0 0 0 0 0 0.692093 0.732901 0 0 0.612361
0 0.98973 0 0 0 0 0 0 0 0 0.613515 0 0 0 0.640142 0 0 0 0.687043 0 0 0 0 0 0 0 0 0.3939 0 0 0 0 0 0 0 0.6997 0 0 0 0 0 0 0 0 0.582845 0 0 0 0 0.94778 0.137115 0 0 0.710619 0 0 0 0 0 0 0 0 0 0 0 0 0 0 0.974751 0 0 0.467063 0 0 0.466999 0.685771 0 0 0.777547 0 0 0 0.341201 0.485272 0 0 0.148439 0 0 0 0.904122 0 0 0 0 0.64927 0 0 0.361027 0
0 0.930166 0 0.521234 0 0 0.990652 0 0.75867 0 0 0 0.563687 0 0 0 0 0.687043 0 0 0 0 0 0 0.825317 0.581513 0 0 0 0 0 0 0.660129 0 0.77232 0 0 0 0 0.894815 0 0 0.289172 0 0 0 0 0 0 0 0 0 0 0 0 0 0 0.215446 0 0 0 0 0 0 0 0 0 0 0 0 0.327418 0 0 0.938742 0.485844 0.378874 0 0 0 0.354513 0 0 0 0 0 0.891403 0 0 0.660127 0 0 0 0 0 0 0 0 0 0 0.554148
0.784114 0 0 0 0 0 0 0.415032 0 0 0 0 0.477531 0 0 0.765443 0 0 0 0 0 0.604677 0 0 0 0 0 0 0 0 0.218125 0 0 0 0.422119 0 0 0 0.447803 0.848064 0 0 0 0 0 0.534359 0 0.818349 0.933598 0 0 0.679943 0 0 0 0 0.8064 0 0 0 0 0 0.59947 0 0 0 0.312591 0.62987 0 0 0.805307 0 0 0.179252 0 0 0 0 0 0 0 0 0.152501 0 0 0.146043 0 0 0 0 0.818762 0 0 0 0 0 0 0 0 0
0.334495 0 0 0 0.936693 0 0.987838 0 0.550556 0 0 0 0 0 0 0 0 0 0 0 0 0 0 0 0 0 0 0 0 0 0.610575 0.754274 0 0 0 0 0 0 0 0 0 0 0 0.937368 0 0.373103 0.460831 0 0.710546 0.214043 0 0.985505 0 0 0 0.184796 0 0.633444 0 0 0 0 0 0 0 0 0 0 0.775677 0 0 0 0.817235 0 0.880792 0 0 0.672387 0 0 0.447451 0 0 0 0 0.963592 0.774294 0 0 0 0 0 0.936477 0 0 0 0 0 0 0
0 0 0 0.504762 0 0 0 0 0 0 0.838314 0 0 0 0 0 0 0 0 0.604677 0 0 0.243265 0 0 0 0 0 0 0 0 0 0 0 0 0 0 0 0 0 0.711644 0 0 0 0 0 0 0 0 0 0.16108 0.865767 0 0.247511 0 0 0 0 0 0 0.781015 0 0 0.337489 0.406415 0 0 0 0 0 0 0.62532 0 0 0.686642 0 0 0 0 0 0 0 0 0 0 0 0 0 0 0 0 0 0.988461 0.405756 0 0 0 0.704075 0 0
0 0 0 0 0 0 0 0 0 0 0 0 0.466601 0 0 0 0 0 0 0 0 0.243265 0 0.992703 0 0 0 0 0 0 0 0 0 0 0 0 0 0 0.549251 0 0 0 0 0.68485 0 0 0 0.765552 0 0 0 0 0 0 0 0 0 0 0.453094 0 0 0 0 0 0 0 0 0.806145 0.700256 0 0 0 0 0 0.33321 0 0.256959 0 0.545719 0.222731 0 0 0 0 0 0 0 0 0 0.927735 0 0 0 0 0 0 0 0 0 0
0 0 0 0 0 0 0 0 0 0.541808 0 0 0 0 0 0 0 0 0 0 0 0 0.992703 0 0 0 0 0 0 0.185668 0 0.441036 0 0 0 0 0 0 0 0 0 0 0 0 0 0 0 0 0.752775 0 0 0 0 0 0 0 0 0 0 0 0 0 0 0 0 0 0 0 0 0 0 0 0 0 0.615457 0 0 0 0 0 0 0 0 0 0 0 0 0 0.91036 0 0 0 0 0.241116 0 0 0 0 0 0
0 0 0 0.490784 0.82868 0 0 0 0 0 0 0 0 0 0 0 0 0 0.825317 0 0 0 0 0 0 0 0 0 0 0 0 0 0 0 0 0.618257 0.435233 0 0 0 0 0.787051 0.547892 0 0 0 0 0 0 0 0 0 0 0 0 0 0 0.222218 0 0 0 0 0 0 0 0 0 0 0 0 0 0 0 0 0 0 0 0.177062 0 0.763613 0 0 0 0 0 0 0 0 0 0 0 0 0 0.675426 0 0 0.765875 0 0 0
0.495156 0 0 0 0.667228 0.632445 0 0 0 0.224958 0 0 0 0.239594 0 0 0 0 0.581513 0 0 0 0 0 0 0 0 0.606818 0 0 0.242679 0 0 0 0.753812 0.758039 0 0.516404 0 0 0 0 0 0 0 0 0 0 0 0 0 0 0.174312 0 0 0 0.93136 0 0 0 0 0 0 0 0 0.320584 0 0 0 0 0 0 0 0 0 0 0 0 0 0.789855 0.573924 0 0 0 0 0 0.915416 0 0 0 0.775287 0 0 0 0 0 0 0 0 0
0 0 0 0 0 0 0 0 0 0.472473 0 0 0 0 0 0.617451 0.506297 0 0 0 0 0 0 0 0 0 0 0 0.638854 0.265651 0 0 0.672161 0.657747 0 0 0 0 0 0 0 0 0 0 0 0.411561 0 0.378181 0 0 0 0 0 0 0 0 0 0 0 0 0 0 0 0 0 0 0 0 0.645579 0 0 0 0 0.831707 0.871373 0 0 0 0 0 0 0 0 0 0 0 0 0 0 0 0 0 0 0 0 0 0 0 0 0
0 0 0 0 0 0 0 0 0 0 0 0 0 0.529736 0 0 0 0.3939 0 0 0 0 0 0 0 0.606818 0 0 0 0 0 0 0.223087 0.924167 0 0 0 0 0 0.231388 0.331002 0 0.628277 0 0 0 0 0 0 0 0 0 0 0 0 0.193874 0 0 0 0 0 0.461894 0 0 0 0 0.898301 0 0 0.672707 0.167032 0 0 0 0 0 0 0.178916 0 0 0 0 0 0.133971 0 0 0 0 0.54618 0 0 0 0 0 0 0 0 0 0 0.13709
0 0 0 0 0 0.927076 0 0 0 0 0 0 0 0 0.501621 0 0 0 0 0 0 0 0 0 0 0 0.638854 0 0 0 0.920864 0 0 0.423989 0 0.719041 0 0 0.202262 0 0 0 0 0 0 0.63629 0 0.64096 0.861867 0.258016 0.621199 0 0 0 0.400981 0 0 0 0 0.750716 0 0 0 0 0 0 0 0 0 0 0 0 0.434613 0 0.435324 0 0 0 0 0.207078 0 0 0.203624 0 0 0 0 0 0 0.511213 0 0 0 0 0 0 0 0 0 0
0.141767 0 0 0.552881 0.155689 0 0 0 0 0 0 0 0 0 0 0 0 0 0 0 0 0 0 0.185668 0 0 0.265651 0 0 0 0 0 0 0 0 0 0.629523 0.225888 0 0.470445 0.13418 0 0 0 0 0 0 0.818535 0.65276 0 0 0 0 0 0 0 0 0 0 0.160335 0 0.29516 0 0 0 0 0.835859 0 0.625576 0 0 0 0 0 0 0.407775 0 0.557868 0.974999 0 0 0 0.584419 0.733627 0 0 0 0.133712 0 0.404628 0 0.786011 0 0 0 0 0 0 0 0
0 0 0 0 0 0 0 0 0 0 0 0 0 0 0 0 0 0 0 0.218125 0.610575 0 0 0 0 0.242679 0 0 0.920864 0 0 0.155266 0 0 0 0 0 0 0 0 0 0 0 0.589443 0 0 0.735681 0 0 0 0 0 0 0 0 0 0 0 0 0 0 0 0 0 0 0.98399 0.308995 0 0.168105 0 0.367985 0.957364 0 0 0 0 0 0 0 0 0 0 0 0 0 0 0 0 0 0 0 0 0 0 0.523192 0 0.672756 0 0 0.321217
0 0 0 0 0 0 0 0 0 0 0 0.806119 0 0 0 0 0.327073 0 0 0 0.754274 0 0 0.441036 0 0 0 0 0 0 0.155266 0 0 0 0 0.226911 0 0 0 0 0 0.535478 0 0.64436 0 0.885877 0.916911 0 0 0 0.914638 0 0 0 0 0 0 0.948169 0 0 0.456855 0.742612 0 0 0 0 0 0 0 0 0 0 0 0 0 0 0.572056 0 0.171883 0 0.735765 0 0.94022 0 0.604337 0.770923 0.819759 0 0 0 0 0 0 0 0.749689 0 0 0 0 0
0.472245 0.973241 0 0 0 0.177626 0 0 0 0.671791 0 0 0 0.404322 0 0 0 0 0.660129 0 0 0 0 0 0 0 0.672161 0.223087 0 0 0 0 0 0 0 0.584068 0 0 0.650386 0 0 0.131865 0 0 0 0 0 0 0 0 0 0 0 0 0 0 0.768019 0.343007 0 0 0 0 0.798223 0 0 0 0.609089 0.504964 0 0 0 0 0 0 0.394938 0 0 0 0 0 0 0 0.538475 0 0 0 0 0 0 0.363453 0 0 0 0.760912 0 0 0 0.876602 0 0
0 0.166152 0 0 0 0 0 0 0 0 0.914947 0.302816 0 0 0 0 0 0 0 0 0 0 0 0 0 0 0.657747 0.924167 0.423989 0 0 0 0 0 0 0 0.319372 0 0 0 0 0 0 0 0 0 0 0 0 0 0 0 0 0 0 0 0.312649 0 0 0.887145 0 0 0 0.532825 0.230918 0 0 0 0.863884 0.978646 0 0 0 0 0.791242 0.277245 0 0 0 0 0.487759 0 0 0 0 0 0 0 0 0.604189 0 0 0 0 0 0 0 0.525645 0 0.913686
0 0.266111 0 0.38738 0 0.227867 0 0 0.928821 0 0 0 0 0.193809 0.459903 0.465957 0 0 0.77232 0.422119 0 0 0 0 0 0.753812 0 0 0 0 0 0 0 0 0 0 0 0 0.387096 0 0 0 0 0 0 0 0 0 0 0 0 0 0 0 0 0 0.214679 0 0 0 0 0 0 0 0 0 0 0 0.196183 0 0.387433 0 0 0 0.202176 0 0 0 0 0 0 0 0 0 0 0 0 0 0 0 0 0 0 0 0 0 0 0 0 0
0 0 0 0.299115 0 0 0 0 0 0 0 0 0 0.639709 0 0 0 0.6997 0 0 0 0 0 0 0.618257 0.758039 0 0 0.719041 0 0 0.226911 0.584068 0 0 0 0 0.755135 0 0 0 0 0.498106 0.960723 0 0 0 0 0 0.927288 0 0 0 0 0 0 0 0 0.909 0.916986 0 0.410694 0 0.480822 0 0 0.877178 0 0 0 0 0.616601 0 0.54016 0.470286 0 0 0.688873 0 0.638439 0 0 0 0.317403 0.962318 0 0 0 0 0 0.417843 0 0 0.137719 0 0 0 0 0 0
0.858868 0.426966 0 0.636679 0 0 0 0 0 0 0.370364 0 0 0 0 0 0.618161 0 0 0 0 0 0 0 0.435233 0 0 0 0 0.629523 0 0 0 0.319372 0 0 0 0 0 0 0 0 0 0.918773 0 0 0 0 0 0 0.786564 0 0 0 0 0 0 0 0 0.79402 0 0 0 0 0 0 0 0 0 0 0.579086 0 0.94559 0 0 0 0 0 0 0.443615 0 0 0 0 0 0 0.646714 0.131663 0.705259 0.988854 0.834943 0 0 0 0 0.152501 0 0 0 0
0.157329 0.642758 0 0 0 0 0 0 0 0 0 0 0.264533 0.646719 0 0 0 0 0 0 0 0 0 0 0 0.516404 0 0 0 0.225888 0 0 0 0 0 0.755135 0 0 0 0 0 0 0 0 0 0 0 0 0 0 0 0 0 0.812985 0 0 0 0 0 0 0 0 0 0 0 0 0 0 0 0 0 0 0 0 0 0.532001 0 0 0 0 0 0.659316 0 0 0 0 0 0 0 0 0 0 0 0.865275 0 0 0.642113 0 0 0.318261
0 0.312874 0 0 0 0.862716 0 0 0 0 0 0 0.594781 0 0 0.710354 0 0 0 0.447803 0 0 0.549251 0 0 0 0 0 0.202262 0 0 0 0.650386 0 0.387096 0 0 0 0 0 0 0.69156 0 0 0 0 0 0.36236 0 0 0.900833 0 0 0 0.522027 0 0.894803 0.72495 0 0 0.95193 0.38206 0.854063 0 0 0 0 0 0 0 0 0.781718 0 0 0 0 0 0 0 0 0 0 0 0 0.470329 0 0 0 0 0 0 0 0 0.451094 0 0 0.78215 0 0 0
0 0 0.46969 0 0 0.306664 0 0.205996 0.739884 0 0 0 0 0 0 0 0.645483 0 0.894815 0.848064 0 0 0 0 0 0 0 0.231388 0 0.470445 0 0 0 0 0 0 0 0 0 0 0 0 0 0.380003 0 0 0 0 0 0 0 0 0 0 0.353906 0 0 0 0.819935 0 0 0.699221 0 0 0 0 0 0 0 0.826328 0 0 0 0 0 0 0 0 0.668482 0.222475 0.251552 0 0 0 0.982956 0 0.789726 0 0 0 0 0.96657 0 0.165792 0 0 0 0 0 0
0.72361 0 0 0 0 0.58199 0 0 0 0.461899 0 0.489335 0 0 0 0 0 0 0 0 0 0.711644 0 0 0 0 0 0.331002 0 0.13418 0 0 0 0 0 0 0 0 0 0 0 0 0 0.294944 0.542816 0 0.87105 0.761779 0 0.934573 0 0.414506 0 0 0 0.613698 0 0 0 0 0 0 0 0 0 0 0 0 0.680385 0.381989 0 0 0 0 0 0 0 0 0 0 0 0 0 0 0 0 0 0 0 0.476369 0.736871 0 0 0 0 0 0.863517 0 0 0
0 0 0 0 0 0.72154 0 0 0 0 0.291095 0 0 0 0 0 0 0 0 0 0 0 0 0 0.787051 0 0 0 0 0 0 0.535478 0.131865 0 0 0 0 0 0.69156 0 0 0 0 0 0 0 0 0.990201 0 0 0.839709 0 0 0.693195 0 0 0.850773 0 0 0 0 0 0 0 0 0.582113 0 0 0 0 0.186157 0 0 0 0.304677 0 0 0 0 0 0 0 0 0 0 0.509172 0 0 0 0 0 0 0 0 0.925474 0 0 0.189043 0 0.181957
0 0 0 0.845352 0 0 0 0.628832 0 0 0 0.396321 0.278159 0 0 0.196189 0 0 0.289172 0 0 0 0 0 0.547892 0 0 0.628277 0 0 0 0 0 0 0 0.498106 0 0 0 0 0 0 0 0 0 0 0 0 0.796776 0 0 0.559464 0 0.663315 0 0 0 0.734731 0 0 0.186071 0 0 0.255475 0 0 0 0 0 0 0 0.855207 0 0 0 0 0.700247 0 0 0 0 0 0 0 0 0 0 0 0.142261 0 0.865007 0 0.717426 0 0 0 0 0 0 0
0 0 0 0 0 0.629658 0.890064 0 0 0 0 0 0 0.412604 0 0.322061 0 0 0 0 0.937368 0 0.68485 0 0 0 0 0 0 0 0.589443 0.64436 0 0 0 0.960723 0.918773 0 0 0.380003 0.294944 0 0 0 0 0 0.975649 0 0.73678 0 0 0.672933 0 0 0 0 0 0 0.394122 0 0.34851 0.187154 0 0 0 0 0 0 0 0 0 0.836006 0 0 0 0 0 0.270558 0 0 0 0.173673 0 0 0.574733 0 0 0 0 0.197981 0 0 0 0 0 0 0 0.325179 0 0
0 0.88536 0.635082 0 0 0 0 0.23575 0 0 0 0 0 0 0.196106 0 0 0.582845 0 0 0 0 0 0 0 0 0 0 0 0 0 0 0 0 0 0 0 0 0 0 0.542816 0 0 0 0 0 0 0.582712 0 0 0 0 0 0.863712 0 0 0.839589 0 0 0 0 0 0.8854 0 0 0 0 0 0 0 0 0.184215 0 0 0.940501 0 0 0 0 0 0 0.56349 0 0 0 0 0 0 0 0 0 0 0 0 0 0.820048 0 0 0 0
0.151575 0 0.648995 0 0 0 0 0 0 0 0 0 0 0 0 0 0 0 0 0.534359 0.373103 0 0 0 0 0 0.411561 0 0.63629 0 0 0.885877 0 0 0 0 0 0 0 0 0 0 0 0 0 0 0 0 0 0 0 0.646042 0 0 0 0 0 0 0.680294 0 0 0.947191 0.687989 0 0 0 0 0 0 0 0 0 0 0 0 0 0.353564 0 0 0.197006 0.66584 0 0 0 0 0 0 0 0 0.625252 0 0 0 0 0 0 0.843695 0 0 0
0.271489 0 0.523876 0.402437 0 0 0 0.288258 0 0.586195 0.177693 0 0 0 0 0.327611 0 0 0 0 0.460831 0 0 0 0 0 0 0 0 0 0.735681 0.916911 0 0 0 0 0 0 0 0 0.87105 0 0 0.975649 0 0 0 0 0.456333 0 0.406763 0 0 0 0.137664 0 0.489694 0.433182 0 0 0 0 0 0 0.782832 0 0 0 0 0 0 0 0 0 0 0 0 0 0 0 0 0 0.329396 0 0 0 0 0 0 0 0.455533 0 0 0.97975 0 0.317845 0.637722 0 0 0
0 0 0 0 0.887361 0 0 0 0 0 0 0.624092 0 0 0 0 0 0 0 0.818349 0 0 0.765552 0 0 0 0.378181 0 0.64096 0.818535 0 0 0 0 0 0 0 0 0.36236 0 0.761779 0.990201 0 0 0.582712 0 0 0 0 0 0 0 0 0 0.150513 0 0.180889 0 0 0 0 0 0 0 0.619461 0 0 0.168792 0.447213 0 0 0.714858 0 0 0 0 0 0 0 0 0 0.471276 0 0.327046 0 0.738005 0.536017 0 0 0 0.557887 0.49983 0 0.314955 0 0 0 0 0 0
0 0 0 0 0 0 0 0 0.881461 0 0 0 0 0 0 0 0 0 0 0.933598 0.710546 0 0 0.752775 0 0 0 0 0.861867 0.65276 0 0 0 0 0 0 0 0 0 0 0 0 0.796776 0.73678 0 0 0.456333 0 0 0 0 0 0 0 0.799744 0 0 0 0 0 0 0 0 0.152279 0.862145 0 0.82466 0 0 0 0 0.610943 0 0 0 0.914873 0 0 0 0 0 0 0 0 0 0 0 0 0 0 0 0 0 0 0.855602 0 0.909685 0.918472 0 0
0 0 0 0.739788 0.364658 0 0 0 0 0.364995 0 0 0.133271 0 0.715502 0.852946 0.198166 0.94778 0 0 0.214043 0 0 0 0 0 0 0 0.258016 0 0 0 0 0 0 0.927288 0 0 0 0 0.934573 0 0 0 0 0 0 0 0 0 0 0 0 0 0 0 0.979081 0 0.776637 0 0 0.164003 0 0 0 0 0 0.914674 0.789933 0 0 0 0 0 0 0 0 0 0 0.870491 0 0 0 0 0 0 0 0.795928 0 0 0 0 0 0 0 0 0 0 0 0.325965
0 0 0 0 0 0 0 0 0 0 0.991129 0 0 0 0.188138 0 0 0.137115 0 0 0 0.16108 0 0 0 0 0 0 0.621199 0 0 0.914638 0 0 0 0 0.786564 0 0.900833 0 0 0.839709 0 0 0 0 0.406763 0 0 0 0 0 0 0 0 0 0 0 0 0 0.688226 0.854816 0 0 0 0 0 0 0 0 0 0 0 0 0 0 0 0 0 0 0 0 0 0 0.863944 0 0 0 0 0 0 0 0 0.381386 0 0 0 0 0.465231 0
0 0 0 0 0 0 0 0 0.304299 0 0 0 0 0 0 0 0 0 0 0.679943 0.985505 0.865767 0 0 0 0 0 0 0 0 0 0 0 0 0 0 0 0 0 0 0.414506 0 0.559464 0.672933 0 0.646042 0 0 0 0 0 0 0 0 0 0 0 0.492723 0 0.409318 0.2471 0.24476 0 0 0 0 0 0 0.797906 0 0 0 0 0 0.894814 0 0.964266 0 0 0 0.889947 0 0 0 0 0.578861 0 0 0.439287 0 0 0 0.752348 0 0 0 0 0 0 0
0 0 0 0 0 0 0 0 0 0 0 0 0 0 0 0 0 0 0 0 0 0 0 0 0 0.174312 0 0 0 0 0 0 0 0 0 0 0 0 0 0 0 0 0 0 0 0 0 0 0 0 0 0 0 0 0.286214 0 0 0 0.836979 0 0 0 0 0 0 0 0.324753 0 0 0 0 0 0 0 0 0 0 0 0 0 0.93168 0 0 0 0 0 0.50989 0 0 0 0.530974 0.19273 0 0.749087 0 0.571133 0 0 0 0
0.171407 0.410148 0 0 0 0 0.73764 0 0 0 0 0 0.190293 0 0 0 0.478375 0.710619 0 0 0 0.247511 0 0 0 0 0 0 0 0 0 0 0 0 0 0 0 0.812985 0 0 0 0.693195 0.663315 0 0.863712 0 0 0 0 0 0 0 0 0 0 0.504538 0 0 0 0 0.314346 0 0 0.25006 0 0 0 0.38175 0 0 0 0 0 0.877223 0.389262 0 0 0.980409 0 0 0 0 0 0.361522 0 0 0.621275 0 0 0 0 0 0 0 0 0 0 0.520343 0 0
0.815571 0 0 0 0 0.989914 0.41995 0 0 0 0 0.503423 0 0.57523 0 0.819613 0.185299 0 0 0 0 0 0 0 0 0 0 0 0.400981 0 0 0 0 0 0 0 0 0 0.522027 0.353906 0 0 0 0 0 0 0.137664 0.150513 0.799744 0 0 0 0.286214 0 0 0 0 0 0 0 0 0.781513 0 0 0 0 0 0.474489 0 0 0 0.917422 0.176101 0 0.701174 0 0 0 0 0 0 0 0 0 0 0.328452 0 0 0.420646 0 0 0 0 0 0 0 0 0.728659 0.726616 0
0 0 0 0 0 0.849119 0 0 0 0 0 0 0 0 0.180383 0 0 0 0 0 0.184796 0 0 0 0 0 0 0.193874 0 0 0 0 0 0 0 0 0 0 0 0 0.613698 0 0 0 0 0 0 0 0 0 0 0 0 0.504538 0 0 0 0.500327 0 0 0 0 0 0 0 0 0 0 0 0.466165 0 0 0 0 0 0 0 0 0 0 0 0 0 0.28439 0.786169 0 0.704504 0 0 0 0 0 0 0.774796 0 0 0 0 0 0
0 0 0 0 0 0 0 0 0 0 0 0 0 0.709567 0 0.134987 0 0 0 0.8064 0 0 0 0 0 0.93136 0 0 0 0 0 0 0.768019 0.312649 0.214679 0 0 0 0.894803 0 0 0.850773 0 0 0.839589 0 0.489694 0.180889 0 0.979081 0 0 0 0 0 0 0 0 0.549793 0 0 0 0 0.796123 0 0 0.55097 0.934531 0 0 0.640301 0 0 0 0.407269 0 0.553799 0 0 0 0 0 0 0.446571 0 0 0 0.207267 0 0 0 0.773617 0.554827 0 0.591135 0 0 0.639814 0 0
0 0 0 0.364685 0 0 0 0 0 0 0 0.7344 0 0 0 0 0 0 0.215446 0 0.633444 0 0 0 0.222218 0 0 0 0 0 0 0.948169 0.343007 0 0 0 0 0 0.72495 0 0 0 0.734731 0 0 0 0.433182 0 0 0 0 0.492723 0 0 0 0.500327 0 0 0 0 0 0 0 0 0.666726 0 0.614983 0 0 0 0 0 0 0.193774 0 0.647768 0 0 0 0 0 0 0 0 0 0 0 0.464511 0 0 0 0 0 0 0.854746 0 0 0 0.678625 0
0 0 0 0 0.669834 0 0 0 0 0 0 0 0 0.32759 0 0 0.517035 0 0 0 0 0 0.453094 0 0 0 0 0 0 0 0 0 0 0 0 0.909 0 0 0 0.819935 0 0 0 0.394122 0 0.680294 0 0 0 0.776637 0 0 0.836979 0 0 0 0.549793 0 0 0 0 0 0 0.868528 0 0 0 0 0 0 0 0 0 0 0.897225 0.46187 0 0 0.216041 0 0 0 0.786975 0.223604 0 0 0.384991 0.390031 0 0 0 0 0 0 0 0.306402 0.515219 0 0 0
0 0.675018 0 0 0 0 0 0.149413 0 0 0 0 0.787297 0.393392 0 0 0.652343 0 0 0 0 0 0 0 0 0 0 0 0.750716 0.160335 0 0 0 0.887145 0 0.916986 0.79402 0 0 0 0 0 0 0 0 0 0 0 0 0 0 0.409318 0 0 0 0 0 0 0 0 0 0 0 0.378993 0 0 0 0 0 0 0 0 0 0 0.825791 0.386243 0 0.980175 0 0 0 0 0 0 0 0 0 0 0.488386 0 0 0 0 0 0 0 0 0 0 0
0.605107 0 0.311751 0 0 0 0 0 0 0 0 0 0 0.345525 0 0 0.791439 0 0 0 0 0.781015 0 0 0 0 0 0 0 0 0 0.456855 0 0 0 0 0 0 0.95193 0 0 0 0.186071 0.34851 0 0 0 0 0 0 0.688226 0.2471 0 0.314346 0 0 0 0 0 0 0 0 0.965993 0 0 0 0.770648 0 0 0 0 0 0 0 0.529109 0 0.52849 0 0 0 0.640358 0.510645 0.197197 0 0.506134 0 0 0 0 0 0 0 0 0 0 0 0 0 0 0
0 0 0.17647 0 0 0 0 0 0 0 0.807856 0 0.258047 0 0 0 0 0 0 0 0 0 0 0 0 0 0 0.461894 0 0.29516 0 0.742612 0 0 0 0.410694 0 0 0.38206 0.699221 0 0 0 0.187154 0 0.947191 0 0 0 0.164003 0.854816 0.24476 0 0 0.781513 0 0 0 0 0 0 0 0 0 0 0.906208 0 0 0 0 0.879081 0 0 0 0 0 0 0 0 0.781027 0 0 0 0 0 0 0 0 0 0 0 0 0 0 0 0 0 0 0 0
0 0 0 0 0 0.704586 0 0 0 0.906023 0 0 0 0 0.477612 0 0 0 0 0.59947 0 0 0 0 0 0 0 0 0 0 0 0 0.798223 0 0 0 0 0 0.854063 0 0 0 0 0 0.8854 0.687989 0 0 0 0 0 0 0 0 0 0 0 0 0 0 0.965993 0 0 0.315711 0 0 0 0 0 0 0.776645 0 0 0 0 0.559077 0 0 0 0 0 0.521146 0 0 0 0 0.316706 0 0 0 0.292344 0 0 0 0.880938 0.984245 0.44476 0 0 0
0 0 0 0 0 0 0 0 0 0 0 0 0 0 0 0 0 0 0 0 0 0.337489 0 0 0 0 0 0 0 0 0 0 0 0.532825 0 0.480822 0 0 0 0 0 0 0.255475 0 0 0 0 0 0.152279 0 0 0 0 0.25006 0 0 0.796123 0 0.868528 0.378993 0 0 0.315711 0 0 0 0.976426 0 0 0 0 0 0 0 0.821339 0 0 0 0 0 0 0 0 0 0 0.459588 0 0 0 0 0 0 0 0 0 0 0 0 0.657492 0
0 0 0 0 0 0.321168 0 0.485788 0 0.943727 0 0 0 0 0 0 0.348141 0 0 0 0 0.406415 0 0 0 0 0 0 0 0 0 0 0 0.230918 0 0 0 0 0 0 0 0 0 0 0 0 0.782832 0.619461 0.862145 0 0 0 0 0 0 0 0 0.666726 0 0 0 0 0 0 0 0 0 0 0 0 0 0.192047 0 0 0 0 0 0 0 0 0 0.275242 0 0 0 0.497602 0 0 0 0 0.61335 0 0 0 0 0 0.530114 0 0.886874 0
0 0.657773 0 0 0.307019 0 0 0 0 0 0.589279 0.869813 0 0 0 0 0 0 0 0 0 0 0 0 0 0.320584 0 0 0 0 0.98399 0 0 0 0 0 0 0 0 0 0 0.582113 0 0 0 0 0 0 0 0 0 0 0 0 0 0 0 0 0 0 0 0.906208 0 0 0 0 0 0 0 0.155118 0 0 0 0 0.360315 0 0 0 0 0 0 0 0 0 0.661086 0 0 0.773908 0 0 0.317835 0 0 0 0 0 0 0 0 0.939583
0.749727 0 0 0 0 0 0 0 0 0 0 0 0 0 0 0 0 0 0 0.312591 0 0 0 0 0 0 0 0.898301 0 0.835859 0.308995 0 0.609089 0 0 0.877178 0 0 0 0 0 0 0 0 0 0 0 0 0.82466 0 0 0 0.324753 0 0 0 0.55097 0.614983 0 0 0.770648 0 0 0.976426 0 0 0 0 0 0.436348 0.984428 0 0 0 0 0.9667 0 0 0 0 0 0 0 0.273785 0 0 0 0 0 0 0 0.294822 0 0 0 0 0.141802 0 0 0
0 0 0 0 0 0 0 0 0 0 0 0 0 0 0 0 0 0 0 0.62987 0 0 0.806145 0 0 0 0 0 0 0 0 0 0.504964 0 0 0 0 0 0 0 0 0 0 0 0 0 0 0.168792 0 0.914674 0 0 0 0.38175 0.474489 0 0.934531 0 0 0 0 0 0 0 0 0 0 0 0 0 0.190054 0 0 0 0 0.827115 0.160461 0 0 0.844698 0 0 0.342487 0 0 0 0 0.401051 0 0 0.913134 0 0 0 0 0 0 0 0 0
0 0 0 0 0 0 0.861353 0 0 0 0 0 0 0 0 0 0 0.974751 0 0 0.775677 0 0.700256 0 0 0 0.645579 0 0 0.625576 0.168105 0 0 0.863884 0.196183 0 0 0 0 0 0.680385 0 0 0 0 0 0 0.447213 0 0.789933 0 0.797906 0 0 0 0 0 0 0 0 0 0 0 0 0 0 0 0 0 0 0 0 0 0 0 0 0.66795 0 0.450083 0.2117 0.422855 0 0 0 0 0 0.730576 0 0.621264 0 0 0 0 0 0 0 0 0 0 0.597559
0 0 0 0 0 0 0 0 0.3168 0.658803 0 0 0.372381 0 0 0 0 0 0 0 0 0 0 0 0 0 0 0.672707 0 0 0 0 0 0.978646 0 0 0 0 0 0.826328 0.381989 0 0 0 0 0 0 0 0 0 0 0 0 0 0 0.466165 0 0 0 0 0 0 0 0 0 0.155118 0.436348 0 0 0 0 0 0 0 0.423935 0 0 0 0.476097 0 0 0 0 0 0 0 0 0 0 0.783965 0 0 0 0.645239 0.913175 0.483256 0 0 0 0
0 0.182475 0 0 0 0 0 0 0 0.612615 0 0 0 0 0.568829 0 0 0 0.327418 0.805307 0 0 0 0 0 0 0 0.167032 0 0 0.367985 0 0 0 0.387433 0 0.579086 0 0 0 0 0.186157 0 0 0 0 0 0 0 0 0 0 0 0 0 0 0.640301 0 0 0 0 0.879081 0.776645 0 0 0 0.984428 0.190054 0 0 0 0 0 0 0 0 0.786597 0 0.186662 0 0 0 0 0.92342 0 0 0.665496 0 0.858254 0 0.968517 0 0 0 0 0.561968 0 0 0 0
0.762646 0 0.537229 0 0 0.615743 0 0 0 0 0 0.400833 0 0.797587 0 0 0 0.467063 0 0 0 0.62532 0 0 0 0 0 0 0 0 0.957364 0 0 0 0 0.616601 0 0 0.781718 0 0 0 0.855207 0.836006 0.184215 0 0 0.714858 0.610943 0 0 0 0 0 0.917422 0 0 0 0 0 0 0 0 0 0.192047 0 0 0 0 0 0 0 0 0.905446 0 0 0 0 0 0 0 0 0 0 0 0 0 0 0 0 0 0.648161 0 0.20626 0 0 0 0 0 0
0 0 0 0 0 0 0 0.622026 0 0.458355 0.687273 0 0 0 0 0 0.801094 0 0 0 0.817235 0 0 0 0 0 0 0 0.434613 0 0 0 0 0 0 0 0.94559 0 0 0 0 0 0 0 0 0 0 0 0 0 0 0 0 0 0.176101 0 0 0 0 0 0 0 0 0 0 0 0 0 0 0 0 0 0 0 0.608733 0 0.326725 0 0 0 0 0 0 0 0 0 0 0.375407 0 0 0 0.808349 0 0 0 0 0.547768 0 0 0
0 0 0 0.546075 0 0.509223 0 0 0 0 0 0 0 0 0 0 0 0 0.938742 0.179252 0 0 0 0 0 0 0.831707 0 0 0 0 0 0 0 0 0.54016 0 0 0 0 0 0 0 0 0 0 0 0 0 0 0 0 0 0.877223 0 0 0 0.193774 0 0 0 0 0 0 0 0 0 0 0 0 0 0.905446 0 0 0 0 0 0 0 0 0 0 0 0 0 0 0 0 0 0.770437 0 0 0 0 0 0.620583 0 0 0 0
0 0 0 0 0 0 0 0 0 0 0 0.810211 0 0 0 0 0 0.466999 0.485844 0 0.880792 0.686642 0.33321 0.615457 0 0 0.871373 0 0.435324 0 0 0 0.394938 0.791242 0.202176 0.470286 0 0 0 0 0 0.304677 0 0 0.940501 0 0 0 0 0 0 0.894814 0 0.389262 0.701174 0 0.407269 0 0.897225 0.825791 0.529109 0 0 0.821339 0 0.360315 0 0 0 0.423935 0 0 0.608733 0 0 0 0 0.969342 0.337543 0 0 0 0.942827 0.254232 0 0 0 0 0 0 0 0 0 0 0.81214 0 0.508514 0 0.804113 0
0 0 0 0 0 0 0 0 0 0 0 0 0 0 0 0 0 0.685771 0.378874 0 0 0 0 0 0 0 0 0 0 0.407775 0 0 0 0.277245 0 0 0 0.532001 0 0 0 0 0 0 0 0 0 0 0.914873 0 0 0 0 0 0 0 0 0.647768 0.46187 0.386243 0 0 0.559077 0 0 0 0.9667 0.827115 0 0 0 0 0 0 0 0 0 0.626471 0 0 0 0 0 0 0 0 0 0 0 0 0 0 0 0 0.562867 0 0 0 0 0
0 0 0 0 0 0 0 0 0 0 0 0 0 0 0 0 0 0 0 0 0 0 0.256959 0 0 0 0 0 0 0 0 0.572056 0 0 0 0 0 0 0 0 0 0 0.700247 0 0 0.353564 0 0 0 0 0 0.964266 0 0 0 0 0.553799 0 0 0 0.52849 0 0 0 0 0 0 0.160461 0.66795 0 0.786597 0 0.326725 0 0 0 0 0 0.140139 0 0 0 0 0 0 0 0 0 0 0 0 0 0 0 0 0 0 0 0 0
0 0 0 0 0.478586 0.915212 0 0 0 0.67847 0 0 0 0 0 0 0 0 0 0 0.672387 0 0 0 0.177062 0 0 0.178916 0 0.557868 0 0 0 0 0 0.688873 0 0 0 0 0 0 0 0.270558 0 0 0 0 0 0 0 0 0 0.980409 0 0 0 0 0 0.980175 0 0 0 0 0 0 0 0 0 0 0 0 0 0 0.969342 0.626471 0 0 0.128352 0.134408 0 0 0 0 0 0 0 0 0 0 0 0 0 0 0 0 0.285644 0.195449 0 0.285556
0.414501 0 0.674851 0.882978 0 0 0 0 0 0 0 0 0.859907 0 0 0 0 0.777547 0 0 0 0 0.545719 0 0 0 0 0 0 0.974999 0 0.171883 0 0 0 0 0 0 0 0.668482 0 0 0 0 0 0 0 0 0 0 0 0 0 0 0 0 0 0 0.216041 0 0 0 0 0 0 0 0 0 0.450083 0.476097 0.186662 0 0 0 0.337543 0 0.140139 0.128352 0 0.951896 0 0 0 0 0 0 0 0.506365 0 0.605267 0.329061 0 0.846132 0.748449 0.900747 0 0 0 0 0
0 0 0 0 0.558229 0 0 0 0 0 0 0 0.804161 0 0.941395 0 0.926151 0 0.354513 0 0 0 0.222731 0 0.763613 0.789855 0 0 0.207078 0 0 0 0 0 0 0.638439 0.443615 0 0 0.222475 0 0 0 0 0 0.197006 0 0 0 0.870491 0 0 0 0 0 0 0 0 0 0 0 0.781027 0 0 0 0 0 0.844698 0.2117 0 0 0 0 0 0 0 0 0.134408 0.951896 0 0 0 0 0 0 0 0 0.879571 0 0 0 0 0 0 0 0 0.729704 0 0 0
0 0.635859 0 0 0 0 0 0 0 0.684369 0 0 0 0 0 0 0 0 0 0 0.447451 0 0 0 0 0.573924 0 0 0 0 0 0.735765 0 0.487759 0 0 0 0 0 0.251552 0 0 0 0 0 0.66584 0 0 0 0 0 0.889947 0.93168 0 0 0 0 0 0 0 0.640358 0 0 0 0 0 0 0 0.422855 0 0 0 0 0 0 0 0 0 0 0 0 0 0 0 0 0 0.239433 0 0 0.172065 0.697682 0 0 0 0 0 0 0 0 0
0 0 0 0 0 0 0 0 0.586652 0 0 0 0 0 0.493669 0 0 0 0 0 0 0 0 0 0 0 0 0 0 0 0 0 0 0 0 0 0 0.659316 0 0 0 0 0 0.173673 0.56349 0 0 0.471276 0 0 0 0 0 0 0 0 0 0 0 0 0.510645 0 0.521146 0 0.275242 0 0 0 0 0 0 0 0 0 0 0 0 0 0 0 0 0 0 0.605944 0 0 0 0 0 0.139891 0 0 0 0 0 0 0 0 0 0
0 0 0.156343 0 0 0.97704 0 0 0.527523 0 0.34143 0 0 0 0 0 0 0.341201 0 0.152501 0 0 0 0 0 0 0 0 0.203624 0.584419 0 0.94022 0.538475 0 0 0 0 0 0 0 0 0 0 0 0 0 0.329396 0 0 0 0 0 0 0 0 0 0 0 0.786975 0 0.197197 0 0 0 0 0 0 0.342487 0 0 0 0 0 0 0.942827 0 0 0 0 0 0 0 0 0.260074 0 0 0 0 0 0 0 0 0 0 0 0 0.510389 0.750663 0 0
0.236522 0 0 0 0 0 0 0 0 0 0.904417 0 0.484602 0 0 0 0 0.485272 0 0 0 0 0 0 0 0 0 0.133971 0 0.733627 0 0 0 0 0 0.317403 0 0 0 0 0 0 0 0 0 0 0 0.327046 0 0 0 0 0 0.361522 0 0.28439 0.446571 0 0.223604 0 0 0 0 0 0 0 0.273785 0 0 0 0.92342 0 0 0 0.254232 0 0 0 0 0 0 0.605944 0.260074 0 0 0 0 0.702552 0 0 0 0 0 0 0 0 0.526464 0 0.550277 0
0.33481 0 0 0 0 0 0 0 0 0 0 0 0 0 0 0 0 0 0 0 0 0 0 0 0 0 0 0 0 0 0 0.604337 0 0 0 0.962318 0 0 0.470329 0.982956 0 0 0 0.574733 0 0 0 0 0 0 0.863944 0 0 0 0 0.786169 0 0 0 0 0.506134 0 0 0 0 0.661086 0 0 0 0 0 0 0 0 0 0 0 0 0 0 0 0 0 0 0 0 0 0 0.854888 0 0.843736 0.159212 0 0 0 0 0 0 0 0.285487
0.94763 0 0.255476 0 0 0 0 0 0 0 0.618959 0 0 0 0 0 0 0 0.891403 0.146043 0.963592 0 0 0 0 0 0 0 0 0 0 0.770923 0 0 0 0 0 0 0 0 0 0.509172 0 0 0 0 0 0.738005 0 0 0 0.578861 0 0 0.328452 0 0 0 0 0 0 0 0 0.459588 0.497602 0 0 0 0 0 0 0 0 0 0 0 0 0 0 0 0 0 0 0 0 0 0 0.442569 0 0.713725 0.138579 0.503394 0 0 0 0 0 0 0 0
0 0 0 0 0.344683 0 0 0 0 0 0 0 0 0.874362 0 0 0 0.148439 0 0 0.774294 0 0 0 0 0.915416 0 0 0 0 0 0.819759 0 0 0 0 0.646714 0 0 0.789726 0 0 0 0 0 0 0 0.536017 0 0 0 0 0.50989 0.621275 0 0.704504 0 0 0.384991 0 0 0 0.316706 0 0 0 0 0 0.730576 0 0.665496 0 0 0 0 0 0 0 0 0 0.239433 0 0 0 0 0 0 0 0 0 0.598413 0 0 0 0 0.146275 0.211994 0 0 0
0.788949 0 0 0 0 0 0 0 0 0 0.770873 0 0 0 0 0.84082 0 0 0 0 0 0 0 0 0 0 0 0 0 0.133712 0 0 0 0 0 0 0.131663 0 0 0 0 0 0 0 0 0 0 0 0 0.795928 0 0 0 0 0 0 0.207267 0.464511 0.390031 0 0 0 0 0 0 0.773908 0 0.401051 0 0 0 0 0.375407 0 0 0 0 0 0.506365 0.879571 0 0 0 0.702552 0 0.442569 0 0 0 0 0 0.940297 0.915466 0 0 0 0 0 0 0
0 0 0 0.691937 0 0 0 0 0 0 0 0 0 0 0 0 0 0 0.660127 0 0 0 0 0.91036 0 0 0 0.54618 0 0 0 0 0 0 0 0 0.705259 0 0 0 0 0 0.142261 0 0 0 0 0 0 0 0 0.439287 0 0 0.420646 0 0 0 0 0.488386 0 0 0 0 0 0 0 0 0.621264 0 0.858254 0 0 0 0 0 0 0 0 0 0 0 0 0 0.854888 0 0 0 0 0 0 0 0 0 0.410497 0 0 0 0 0
0 0 0 0.240466 0 0.829137 0 0 0 0 0 0 0 0 0 0 0 0 0 0 0 0 0.927735 0 0 0 0 0 0.511213 0.404628 0 0 0.363453 0.604189 0 0 0.988854 0 0 0 0.476369 0 0 0.197981 0 0.625252 0 0 0 0 0 0 0 0 0 0 0 0 0 0 0 0 0 0 0 0 0 0 0 0.783965 0 0 0 0.770437 0 0 0 0 0.605267 0 0.172065 0.139891 0 0 0 0.713725 0 0 0 0 0 0 0 0 0 0.759871 0.96242 0.602721 0 0
0.552825 0 0 0 0 0 0 0 0 0.143599 0 0 0 0.388972 0 0 0 0.904122 0 0.818762 0 0 0 0 0 0.775287 0 0 0 0 0 0 0 0 0 0.417843 0.834943 0 0 0 0.736871 0 0.865007 0 0 0 0.455533 0.557887 0 0 0 0 0.530974 0 0 0 0 0 0 0 0 0 0.292344 0 0.61335 0.317835 0 0.913134 0 0 0.968517 0 0 0 0 0 0 0 0.329061 0 0.697682 0 0 0 0.843736 0.138579 0.598413 0 0 0 0 0 0 0.933197 0 0 0 0 0 0
0 0 0 0 0.926309 0.457506 0 0 0 0 0 0 0 0.298548 0 0 0 0 0 0 0 0 0 0 0 0 0 0 0 0.786011 0 0 0 0 0 0 0 0 0 0.96657 0 0 0 0 0 0 0 0.49983 0 0 0 0 0.19273 0 0 0 0.773617 0 0 0 0 0 0 0 0 0 0.294822 0 0 0 0 0.648161 0.808349 0 0 0 0 0 0 0 0 0 0 0 0.159212 0.503394 0 0.940297 0 0 0 0 0 0.429724 0 0 0 0 0.926117 0
0 0 0 0 0 0 0 0 0.537594 0 0 0 0.194844 0 0.421827 0 0 0 0 0 0.936477 0.988461 0 0 0 0 0 0 0 0 0 0 0 0 0 0 0 0 0 0 0 0 0.717426 0 0 0 0 0 0 0 0 0.752348 0 0 0 0 0.554827 0 0 0 0 0 0 0 0 0 0 0 0 0 0 0 0 0 0 0 0 0 0.846132 0 0 0 0 0 0 0 0 0.915466 0 0 0 0 0 0 0 0 0 0.797285 0 0
0 0.850828 0 0 0.160635 0 0 0 0 0 0 0 0 0 0 0 0 0 0 0 0 0.405756 0 0.241116 0.675426 0 0 0 0 0 0 0 0.760912 0 0 0.137719 0 0.865275 0.451094 0.165792 0 0 0 0 0 0 0.97975 0.314955 0 0 0.381386 0 0.749087 0 0 0.774796 0 0 0 0 0 0 0 0 0 0 0 0 0 0.645239 0 0.20626 0 0 0 0 0 0 0.748449 0 0 0 0 0 0 0 0 0 0 0 0.933197 0.429724 0 0 0 0 0 0 0 0
0 0 0 0.49645 0 0 0 0.688097 0 0.644987 0 0 0 0 0 0.648965 0 0 0 0 0 0 0 0 0 0 0 0 0 0 0.523192 0.749689 0 0 0 0 0 0 0 0 0 0.925474 0 0 0 0 0 0 0.855602 0 0 0 0 0 0 0 0.591135 0.854746 0 0 0 0 0.880938 0 0 0 0 0 0 0.913175 0 0 0 0 0.81214 0.562867 0 0 0.900747 0 0 0 0 0 0 0 0 0 0.410497 0 0 0 0 0 0 0 0 0 0.27525 0
0.32922 0 0 0 0.833332 0 0 0.304286 0 0 0.358643 0 0 0 0 0 0.692093 0.64927 0 0 0 0 0 0 0 0 0 0 0 0 0 0 0 0 0 0 0.152501 0 0 0 0 0 0 0 0.820048 0 0.317845 0 0 0 0 0 0.571133 0 0 0 0 0 0.306402 0 0 0 0.984245 0 0 0 0 0 0 0.483256 0.561968 0 0 0.620583 0 0 0 0 0 0 0 0 0 0 0 0 0.146275 0 0 0.759871 0 0 0 0 0 0 0.586307 0 0 0
0 0.713374 0 0.749497 0 0 0 0 0 0 0 0 0 0 0 0 0.732901 0 0 0 0 0 0 0 0.765875 0 0 0 0 0 0.672756 0 0 0 0 0 0 0.642113 0.78215 0 0.863517 0 0 0 0 0.843695 0.637722 0 0.909685 0 0 0 0 0 0 0 0 0 0.515219 0 0 0 0.44476 0 0.530114 0 0.141802 0 0 0 0 0 0.547768 0 0.508514 0 0 0.285644 0 0.729704 0 0 0.510389 0.526464 0 0 0.211994 0 0 0.96242 0 0 0 0 0 0.586307 0 0.921048 0.426745 0
0 0 0 0 0.812703 0 0 0 0.544975 0 0 0 0 0 0 0 0 0 0 0 0 0.704075 0 0 0 0 0 0 0 0 0 0 0.876602 0.525645 0 0 0 0 0 0 0 0.189043 0 0.325179 0 0 0 0 0.918472 0 0 0 0 0.520343 0.728659 0 0.639814 0 0 0 0 0 0 0 0 0 0 0 0 0 0 0 0 0 0 0 0 0.195449 0 0 0 0 0.750663 0 0 0 0 0 0 0.602721 0 0 0.797285 0 0 0 0.921048 0 0 0
0 0 0 0 0.297322 0 0.45789 0 0 0 0 0.563409 0 0 0 0 0 0.361027 0 0 0 0 0 0 0 0 0 0 0 0 0 0 0 0 0 0 0 0 0 0 0 0 0 0 0 0 0 0 0 0 0.465231 0 0 0 0.726616 0 0 0.678625 0 0 0 0 0 0.657492 0.886874 0 0 0 0 0 0 0 0 0 0.804113 0 0 0 0 0 0 0 0 0.550277 0 0 0 0 0 0 0 0.926117 0 0 0.27525 0 0.426745 0 0 0.611459
0 0 0.984757 0 0 0 0 0 0 0 0 0 0 0 0 0.302582 0.612361 0 0.554148 0 0 0 0 0 0 0 0 0.13709 0 0 0.321217 0 0 0.913686 0 0 0 0.318261 0 0 0 0.181957 0 0 0 0 0 0 0 0.325965 0 0 0 0 0 0 0 0 0 0 0 0 0 0 0 0.939583 0 0 0.597559 0 0 0 0 0 0 0 0 0.285556 0 0 0 0 0 0 0.285487 0 0 0 0 0 0 0 0 0 0 0 0 0 0.611459 0
