100
0 0 0 0 0 0 0 0 0 0 0 0 0 0 0 0 0 0 0 0 0 0 0 1.23609 0 0 0 0 0 0 0 0 0 0 0.687432 0 0.769274 0 0 0 0 0 0 0 0 0 0 0 0.166685 0 0 0.651897 0 0 0 0 0.670395 0 0 0 0 0 0 0 0 0.495535 0 0 0 0 0 0 0 0 0 0 0 0 0.219277 0 0 0 0 0 0 0 0 0 0 0 0 0 0 0 0 0 0 0 0 0
0 0 0 0 0 0 0 0 0.284428 0 0 0 0 0 0 0 0 0.646814 0 0 0 0 0 0 0 0 0 0 0.7569 0 0 0 0 0 0 0 0 0 0 0 0 0 0 0 0 0 0 0 0 0.676639 0 0 0 0.0622738 0 0 0 0.631466 0 0 0.839728 0 0.800847 0.422303 0.834806 0 0.501129 0 0 0 0 0 0 0 0 0 0.659854 0 0 0 0 0 0 0 0 0 0 0 0 0 0 0 0 0 0.583775 0 0 0 0 0
0 0 0 0 0 0 0 0 0 0 0 0 0 0 0 0 0 0 0 0 0 0 0 1.01445 0 0 0 0 0 0 0 0 0 0 0 0 0 0 0 0 0 0 0 0 0 0 0 0 0 0 0 0 0 0 0 0 0 0 0.916171 0 0.532194 0 0 0 0 0.181552 0 0 0 0 0 0 0 0 0 0 0 0 0 0 0 0 0 0 0 0 0.64767 0 0 0 0 0 0 0 0 0 0 0.923556 0.823397 0
0 0 0 0 0.158183 0 0 0 0 0 0 0.553943 0 0 0 0 0 0 0 0 0 0 0 0 0 0 0.637164 0 0 0 0 0.567117 0 0 0 0 0.27367 0.771733 0 0 0 0 0.14002 0 0 0 0.727479 0 0 0 0 0 0 0 0 0 0.832215 0 0 0 0 0 0 0 0 0 0 0 0 0 0 0 0 0 0 0 0 0 0 0 0 0 0 0 0 0 0 0 0 0 0 0 0 0 0 0 0 0 0 0
0 0 0 0.158183 0 0 0 0 0 0 0 0 0 0.372287 0 0 0 0 0 0.545082 0 0 0 0 0 0 0 0 0.230565 0 0 0.419039 0 0 0 0 0 0 0 0 0 0 0 0 0 0 0 0.664076 0 0 0 0 0 0 0 0 0 0 0 0 0 0 0 0 0 0 0 0 0 0 0 0 0.608383 0 0 0 0 0 0 0 0 0 0 0.244345 0 0 0 0 0 0 0 0 0 0 0 0 0 0 0 0
0 0 0 0 0 0 0 0 0 0 0 0 0 0.397196 0 0 0 0 0 0 0 0 0 0 0.300931 0 0 0.876968 0 0 0 0 0 0 0 0 0 0 0 0 0 0 0 0 0 0.373266 0 0 0 0 0 0 0 0 0.416953 0.580056 0 0 0 0 0 0 0 0 0.366878 0 0 0 0 0.287917 0 0 0 0 0 0 0 0 0 0 0 0 0 0 0 0 0 0 0 0 0 0 0 0 0 0 0 0.713481 0 0
0 0 0 0 0 0 0 0.935408 0.421245 0 0.921036 0 0 0 0 0 0 0 0 0 0 0.339165 0 0 0 0 0 0 0 0 0 0 0 0 0 0 0 0 0 0 0 0 0.357945 0 0 0 0 0 0 0 0.696155 0 0 0 0 0 0 0 0.610601 0 0 0 0 0.100325 0 0 0 0 0 0 0.861345 0 0 0 0 0 0 0 0 0.62054 0 0 0 0 0 0 0 0 0 0 0 0 0 0 0 0 0 0 0 0
0 0 0 0 0 0 0.935408 0 0 0 0 0 0 0 0 0 0 0 0 0 0 0 0 0 0 0 0 0 0.392593 0 0 0 0 0 0 0 0 0 0 0 0 0 0 0 0 0 0 0 0.439489 0 0 0 0 0 0 0 0 0 0 0 0 0 0 0 0 0 0 0 0.721451 0 0 0 0 0 0 0 0.894822 0 0 0.53988 0 0 0 0 0 0 0 0 0 0 0 0 0.541567 0 0 0 0 0 0 0
0 0.284428 0 0 0 0 0.421245 0 0 0 0 0 0.216316 0 0 0 0.276977 0 0 0 0 0.272564 0.504991 0 0 0 0.450941 0 0 0 0 0 0 0 0 0 0 0 0 0 0 0 0 0 0.793037 0.243213 0 0 0 0 0.292066 0 0 0 0 0 0 0 0 0 0 0 0 0 0.605343 0 0 0 0 0 0 0 0 0 0 0 0 0 0 0 0 0 0 0 0 0 0 0 0 0 0 0.549794 0 0 0 0 0.625434 0 0 0
0 0 0 0 0 0 0 0 0 0 0 0 0 0 0 1.01992 0 0.750277 0 0 0 0 0 0 0 0 0 0 0 0 0 0 0 0 0 0 0 0 0.563976 0 0 0 0 0 0 0 0 0 0 0 0 0 0 0 0.844581 0 0 0.452923 0 0 0 0 0 0 0 0 0.833213 0 0 0 0 0 0 0 0 0 0 0 0 0 0 0 0 0 0 0 0 0.572906 0 0 0 0 0 0 0 0.978638 0 0 0.386451 0
0 0 0 0 0 0 0.921036 0 0 0 0 0 0 0 0 0 0 0 0 0 0 0.581896 0 0 0 0 0 0 0 0 0 0 0 0.439784 0.555283 0 0 0 0 0 0 0.711525 0 0 0 0 0 0 0.168304 0 0.727762 0 0 0 0 0 0 0 0 0 0 0 0 0 0 0 0 0 0 0 0 0 0 0 0 0 0 0.949821 0 0 0 0 0 0 0 0 0.715054 0 0 0 0.935444 0 0 0 0 0 0 0 0 0
0 0 0 0.553943 0 0 0 0 0 0 0 0 0 0 0 0 0 0 0 0 0 0 0 0 0 0 0.245084 0 0 0 0 0 0 0 0 0 0.820953 0 0 0.430825 0 0 0.470379 0 0.502105 0 0 0 0 0 0 0 0.199912 0 0 0 0 0 0 0 0 0 0 0 0 0 0 0 0 0 0 0 0 0 0.790792 0 0 0 0 0 0 0 0 0 0 0 0 0 0 0 0 0 0 0 0 0 0 0 0 0
0 0 0 0 0 0 0 0 0.216316 0 0 0 0 0 0 0 0.490393 0.608884 0 0 0 0 0 0 0 0 0 0 0 0 0 0 0.480304 0.434105 0 0 0 0 0 0 0.54169 0 0 0 0 0 0.600482 0 0 0 0 0 0 0 0 0 0 0 0 0 0 0 0 0 0 0 0 0 0 0.754541 0 0 0 0 0 0 0 0 0 0 0 0 0 0 0.429396 0 0 0 0 0 0 0 0 0 0 0 0 0.487251 0 0
0 0 0 0 0.372287 0.397196 0 0 0 0 0 0 0 0 0 0 0 0 0 0 0 0 0.740166 0 0 0 0 0 0 0 0 0 0 0 0 0 0 0 0 0 0.461024 0 0 0 0 0 0 0 0 0.278181 0 0 0 0 0 0 0 0 0 0.57104 0 0.696115 0 0 0 0 0 0 0 0 0 0 0 0 0 0 0 0 0 0.346963 0 0 0 0 0 0.398225 0 0 0 0 0 0.328309 0 0 0 0 0 0.749317 0.646242 0
0 0 0 0 0 0 0 0 0 0 0 0 0 0 0 0 0 0 0 0 0 0 0 0 0 0 0 0 0 0 0 0 0.385837 0 0 0.714334 0 0 0 0 0 0 0 0 0 0 0 0 0 0 0 0 0 0 0 0 0 0 0 0 0 1.01823 0 0 0.722465 0 0 0 0 0 0 0 0 0 0 0 0 0 0.435684 0 0 0 0 0 0 0 0.748287 0 0.795847 0 0.483599 0 0 0 0 0 0 0 0 0
0 0 0 0 0 0 0 0 0 1.01992 0 0 0 0 0 0 0 0 0 0 0 0 0 0 0 0 0 0 0 0 0 0 0 0 0 0 0 0 0 0 0 0 0 0 0 0 0.503335 0 0.46404 0 0 0 0 0.861936 0 0.573185 0 0.634635 0 0 0 0 0.861269 0 0 0 0 0 0 0.125887 0 0 0 0 0 0 0 0 0 0 0 0 0.403004 0 0 0 0 0 0 0 0 0 0 0 0 0 0 0 0 0
0 0 0 0 0 0 0 0 0.276977 0 0 0 0.490393 0 0 0 0 0 0 0 0 0 0 0 0 0 0.182321 0.593263 0 0 0 0 0 0 0 0 0 0 0 0 0 0 0 0 0.768052 0 0 0 0.522715 0 0.238028 0 0 0 0 0 0 0 0 0 0 0 0 0 0 0 0 0 0 0 0 0 0 0 0 0 0 0 0 0 0 0 0 0 0 0 0 0 0 0 0 0 0 0.122861 0 0 0 0 0 0
0 0.646814 0 0 0 0 0 0 0 0.750277 0 0 0.608884 0 0 0 0 0 0 0 0 0 0.76918 0 0 0 0 0 0 0 0.514775 0 0 0 0 0 0 0 0.721748 0 0.404024 0 0 0 0 0 0 0 0 0 0 0 0 0 0 0 0 0 0 0 0 0 0 0 0 0 0.348687 0 0 0 0 0 0 0.251476 0 0 0 0 0 0.406662 0 0 0 0 0 0.4622 0 0 0 0.566633 0 0 0 0 0 0 0.387361 0 0 0
0 0 0 0 0 0 0 0 0 0 0 0 0 0 0 0 0 0 0 0 0 0 0 0 0 0.0966416 0 0 0 0 0.20781 0 0 0 0.509416 0.534347 0 0 0 0 0 0 0 0 0 0 0 0 0 0 0 0.521585 0 0 0 0 0.499207 0 0 0 0 0 0 0 0 0 0 0 0 0 0 0 0 0 0 0 0 0 0 0 0 0 0 0 0 0 0 0 0 0 0 0 0.668186 0.607613 0 0 0 0 0 0
0 0 0 0 0.545082 0 0 0 0 0 0 0 0 0 0 0 0 0 0 0 0 0 0.267033 0 0 0 0 0 0 0 0 0 0 0 0 0.682745 0 0 0 0 0 0 0 0 0.923902 0 0 0 0 0 0.704873 0 0 0.444452 0 0 1.10144 0 0 0 0 0 0.530767 0.0995646 0 0.846742 0 0 0 0.969848 0 0 0 0 0 0 0 0 0.837183 0 0 0 0 0 0 0 0 0 0 0.260788 0 0 0 0 0 0 0 0 0 0
0 0 0 0 0 0 0 0 0 0 0 0 0 0 0 0 0 0 0 0 0 0 0 0 0 0 0.421242 0.30564 0 0 0.201629 0 0 0 0 0 0 0 0 0 0 0 0 0.536392 0 0 0 0 0 0 0 0.434354 0 0 0 0 0 0 0 0 0 0 0 0 0.328707 0 0 0 0 0 0 0 0 0 0 0 0 0 0 0 0 0 0 0 0 0 0 0 0 0 0 0 0 0 0 0 0.0957297 0 0 0
0 0 0 0 0 0 0.339165 0 0.272564 0 0.581896 0 0 0 0 0 0 0 0 0 0 0 0.309925 0 0 0 0 0 0 0 0 0 0.246239 0 0 0 0.369412 0.678403 0 0 0 0 0 0 0 0 0 0 0 0 0 0 0 0 0.530446 0 0 0 0 0.382809 0 0 0.275707 0 0 0 0 0 0 0.597225 0 0 0 0 0 0 0 0 0 0 0 0 0.320015 0 0 0 0 0.600482 0 0 0 0 0 0 0 0 0 0 0 0
0 0 0 0 0 0 0 0 0.504991 0 0 0 0 0.740166 0 0 0 0.76918 0 0.267033 0 0.309925 0 0 0 0 0 0 0 0 0 0 0 0 0 0 0 0 0 0 0 0 0 0 0 0 0 0.729477 0 0.954961 0 0 0 0 0.82753 0 0 0 0.768612 0 0 0 0 0 0 0.780621 0 0 0.86346 0 0 0 0 0 0 0 0 0 0 0 0 0 0 0 0 0 0 0 0 0 0 0 0 0 0 0 0 0 0 0
1.23609 0 1.01445 0 0 0 0 0 0 0 0 0 0 0 0 0 0 0 0 0 0 0 0 0 0 0 0 0 0 0 0 0 0 0 0 0 0 0 0 0.679589 0 0 0 0 0 0 0 0 0 0 0.386371 0.650165 0.785752 0 0 0 0 0 0 0 0 0 0 0 0 0 0 0 0.181428 0 0.889001 0.772356 0 0 0 0 0 0 0 0 0 0 0.784429 0 0.929571 0 0 0 0 0 0 0 0 0 0 0 0 0.0969738 0 0
0 0 0 0 0 0.300931 0 0 0 0 0 0 0 0 0 0 0 0 0 0 0 0 0 0 0 0 0 0 0 0 0 0 0 0 0 0 0 0 0 0 0 0 0 0.576454 0 0 0 0 0 0 0.331732 0 0 0 0 0.284022 0 0 0 0 0 0 0 0 0 0 0 0 0 0 0 0 0 0.26492 0 0 0 0 0 0.470193 0 0 0 0 0 0 0 0 0 0.530154 0 0 0 0.193008 0 0 0 0 0 0
0 0 0 0 0 0 0 0 0 0 0 0 0 0 0 0 0 0 0.0966416 0 0 0 0 0 0 0 0 0 0 0 0 0 0 0 0 0 0 0 0 0 0 0 0 0 0 0 0 0 0 0 0 0 0 0 0 0 0 0 0 0 0 0 0.40575 0 0 0 0 0 0 0 0 0 0 0 0 0.486053 0 0 0 0 0 0 0.311564 0 0 0 0 0 0 0 0 0 0 0.661866 0 0 0 0 0 0
0 0 0 0.637164 0 0 0 0 0.450941 0 0 0.245084 0 0 0 0 0.182321 0 0 0 0.421242 0 0 0 0 0 0 0 0 0 0 0 0 0 0 0 0 0 0 0 0 0.399562 0.513586 0 0 0 0 0 0 0 0 0.529507 0 0 0 0 0 0 0 0 0 0 0 0 0 0 0 0 0.609235 0 0 0 0 0 0 0 0 0 0.418735 0 0 0 0 0 0 0 0 0.651373 0 0 0 0 0 0 0 0 0 0 0 0
0 0 0 0 0 0.876968 0 0 0 0 0 0 0 0 0 0 0.593263 0 0 0 0.30564 0 0 0 0 0 0 0 0 0.870959 0 0 0 0 0 0 0 0 0.868419 0.798842 0 0 0 0 0 0.599384 0 0 0 0 0 0 0 0 0 0 0 0 0 0 0 0 0 0 0 0.537286 0 0.568563 0 0 0 0 0.73795 0 0 0 0 0 0 0 0 0 0 0 0 0 0.647671 0.8451 0 0 0 0 0.630902 0 0 0 0 0 0 0
0 0.7569 0 0 0.230565 0 0 0.392593 0 0 0 0 0 0 0 0 0 0 0 0 0 0 0 0 0 0 0 0 0 0 0 0 0 0 0 0 0 0 0 0 0 0 0 0 0 0 0 0 0 0 0 0 0.159306 0 0 0 0 0 0 0 0 0 0 0 0 0 0 0 0 0 0 0 0 0 0 0 0 0 0 0.1478 0 0 0 0 0 0 0 0 0 0.536413 0 0 0 0 0.225817 0 0 0 0 0
0 0 0 0 0 0 0 0 0 0 0 0 0 0 0 0 0 0 0 0 0 0 0 0 0 0 0 0.870959 0 0 0 0 0.709739 0 0 0 0 0 0 0 0 0.224367 0 0 0 0 0 0 0 0 0 0 0 0 0 0.518132 0 0 0 0 0 0 0 0 0 0 0 0.675551 0 0 0 0 0 0 0 0 0 0 0 0.860073 0 0 0 0 0 0 0 0 0 0 0 0 0 0 0 0 0 0.0623141 0 0
0 0 0 0 0 0 0 0 0 0 0 0 0 0 0 0 0 0.514775 0.20781 0 0.201629 0 0 0 0 0 0 0 0 0 0 0 0 0 0 0 0 0 1.06611 0 0 0 0 0 0 0 0 0 0.174507 0 0.874525 0.554191 0 0 0 0 0 0 0 0 0 0 0 0 0 0 0 0 0 0 0 0 0.70009 0 0 0 0 0 0 0 0 0 0 0 0 0 0 0 0 0 0 0 0 0 0 0 0 0 0 0.818801
0 0 0 0.567117 0.419039 0 0 0 0 0 0 0 0 0 0 0 0 0 0 0 0 0 0 0 0 0 0 0 0 0 0 0 0 0 0 0 0 0 0 0 0 0 0 0 0 0 0 0 0 0 0 0 0 0 0 0 0 0 0 0 0 0 0 0 0 0 0 0 0 0 0 0 0 0 0 0 0 0 0 0 0 0 0 0 0 0 0 0 0 0 0 0 0 0.407838 0 0 0 0 0 0
0 0 0 0 0 0 0 0 0 0 0 0 0.480304 0 0.385837 0 0 0 0 0 0 0.246239 0 0 0 0 0 0 0 0.709739 0 0 0 0 0 0 0 0 0 0 0 0 0 0 0.437365 0 0 0 0 0 0 0 0 0 0 0 0.542654 0 0 0 0 0 0 0 0 0 0 0 0 0 0 0 0 0 0 0 0 0 0 0 0 0 0 0 0 0 0 0 0 0 0 0 0 0 0 0 0 0 0 0
0 0 0 0 0 0 0 0 0 0 0.439784 0 0.434105 0 0 0 0 0 0 0 0 0 0 0 0 0 0 0 0 0 0 0 0 0 0.347262 0.45607 0.443061 0 0 0 0 0 0 0.316665 0 0 0 0 0.316416 0 0 0 0 0 0 0 0 0.0410906 0 0 0 0 0 0.501079 0.499926 0 0 0 0 0 0 0 0 0.180604 0 0 0 0 0 0 0 0 0 0.261959 0 0.395535 0 0 0 0 0 0.193022 0 0 0 0 0 0 0.587614 0
0.687432 0 0 0 0 0 0 0 0 0 0.555283 0 0 0 0 0 0 0 0.509416 0 0 0 0 0 0 0 0 0 0 0 0 0 0 0.347262 0 0 0 0 0 0 0 0 0 0.35165 0 0 0 0 0 0 0.277856 0 0 0 0 0 0.562073 0 0 0 0.530149 0.449193 0 0 0 0 0 0 0 0 0 0 0.413051 0 0 0 0 0.501884 0.474951 0 0 0 0 0 0 0 0 0 0 0 0 0 0 0 0 0 0 0 0 0
0 0 0 0 0 0 0 0 0 0 0 0 0 0 0.714334 0 0 0 0.534347 0.682745 0 0 0 0 0 0 0 0 0 0 0 0 0 0.45607 0 0 0 0 0 0 0 0 0.389758 0 0 0 0 0 0 0 0 0 0.273934 0 0 0 0 0 0 0 0 0 0 0 0 0.284791 0 0 0 0 0 0.252232 0 0 0.551821 0 0.674178 0 0 0 0 0 0 0 0 0 0 0 0 0 0 0 0 0 0 0 0 0 0 0.436168
0.769274 0 0 0.27367 0 0 0 0 0 0 0 0.820953 0 0 0 0 0 0 0 0 0 0.369412 0 0 0 0 0 0 0 0 0 0 0 0.443061 0 0 0 0 0 0 0 0 0 0 0 0 0.971532 0 0 0 0 0 0 0 0 0 0 0 0 0 0 0 0 0 0.941828 0 0 0 0 0.949765 0 0 0.99949 0 0 0 0 0 0 0 0 0 0 0 0 0 0 0 0 0 0 0 0 0 0 0 0 0 0.658525 0
0 0 0 0.771733 0 0 0 0 0 0 0 0 0 0 0 0 0 0 0 0 0 0.678403 0 0 0 0 0 0 0 0 0 0 0 0 0 0 0 0 0 0 0 0 0 0 0 0 0 0 0 0 0 0 0 0 0 0 0 0 0 1.05981 0 0 0 0 0 0 0 0 0.12907 0 0 0.709106 0 0 0 0 0 0 0 0 0 0 0.722598 0 0 1.12746 0 0 0 0 0 0 0 0 0 0 0 0 0 0
0 0 0 0 0 0 0 0 0 0.563976 0 0 0 0 0 0 0 0.721748 0 0 0 0 0 0 0 0 0 0.868419 0 0 1.06611 0 0 0 0 0 0 0 0 0 0 0 0 0 0 0 0 0.133115 0 0.732748 0 0 0 0 0.878501 0.54529 0 0 0 0 0 0 0.887624 0 0 0 0 0.757442 0 0 0 0 0 0 0 0 0.736956 0 0.931172 0 0 0 0 0 0 1.09495 0 0 0 0.446486 0 0 0 0 0 0 0 0 0 0
0 0 0 0 0 0 0 0 0 0 0 0.430825 0 0 0 0 0 0 0 0 0 0 0 0.679589 0 0 0 0.798842 0 0 0 0 0 0 0 0 0 0 0 0 0 0 0 0 0 0.246159 0.170238 0 0 0 0 0 0 0 0 0 0 0 0 0 0 0 0 0.833184 0 0 0 0 0 0 0 0 0 0 0 0 0 0 0 0.684906 0 0 0 0 0 0 0 0 0 0 0 0 0 0 0 0 0.674002 0 0 0.678301
0 0 0 0 0 0 0 0 0 0 0 0 0.54169 0.461024 0 0 0 0.404024 0 0 0 0 0 0 0 0 0 0 0 0 0 0 0 0 0 0 0 0 0 0 0 0.145098 0 0 0 0 0 0.272313 0 0 0 0 0 0 0 0 0.514684 0 0 0 0 0 0.848447 0 0 0 0 0 0 0 0.480409 0 0 0 0 0 0 0 0 0 0 0 0.453734 0 0 0 0 0 0 0 0 0 0 0 0 0 0 0 0 0
0 0 0 0 0 0 0 0 0 0 0.711525 0 0 0 0 0 0 0 0 0 0 0 0 0 0 0 0.399562 0 0 0.224367 0 0 0 0 0 0 0 0 0 0 0.145098 0 0 0 0 0.184197 0 0 0 0 0 0 0 0 0 0 0 0 0 0 0 0 0 0 0 0 0 0 0 0 0 0 0 0 0.485294 0 0 0 0 0 0 0 0 0 0 0 0 0 0 0 0 0 0 0 0 0 0 0 0 0.350937
0 0 0 0.14002 0 0 0.357945 0 0 0 0 0.470379 0 0 0 0 0 0 0 0 0 0 0 0 0 0 0.513586 0 0 0 0 0 0 0 0 0.389758 0 0 0 0 0 0 0 0 0 0 0 0 0 0 0 0 0 0.461732 0 0 0 0 0 0 0 0 0.299851 0 0 0 0 0 0 0.570957 0.512864 0 0 0 0 0 0 0 0 0 0 0 0 0 0 0 0 0 0 0.210615 0 0 0.375903 0.500712 0 0 0 0 0 0
0 0 0 0 0 0 0 0 0 0 0 0 0 0 0 0 0 0 0 0 0.536392 0 0 0 0.576454 0 0 0 0 0 0 0 0 0.316665 0.35165 0 0 0 0 0 0 0 0 0 0 0 0.680505 0 0 0 0 0 0 0 0 0 0.877637 0 0 0 0 0 0 0 0 0 0 0.633549 0 0 0 0 0.74825 0 0 0 0 0.217629 0 0 0 0 0 0 0 0 0 0 0 0 0 0 0 0 0 0 0 0.639475 0 0
0 0 0 0 0 0 0 0 0.793037 0 0 0.502105 0 0 0 0 0.768052 0 0 0.923902 0 0 0 0 0 0 0 0 0 0 0 0 0.437365 0 0 0 0 0 0 0 0 0 0 0 0 0 0 1.06965 0 0 0 0.640274 0 0 0 0 0 0 1.162 0.252232 0 0 0 0 0 0 0 0.635168 0 0 0 0 0 0 0 0 0.665469 0 0 0 0 0 0 0 0 0 0 0 1.01614 0 0.820025 0 0 0 0 0 0 0 0 0.904699
0 0 0 0 0 0.373266 0 0 0.243213 0 0 0 0 0 0 0 0 0 0 0 0 0 0 0 0 0 0 0.599384 0 0 0 0 0 0 0 0 0 0 0 0.246159 0 0.184197 0 0 0 0 0 0 0 0 0 0 0 0 0 0 0 0 0 0 0 0 0 0 0 0 0 0 0 0 0 0 0.278562 0 0 0 0 0 0 0.523244 0 0 0 0.679614 0 0 0 0 0.399142 0.432535 0 0 0 0 0 0 0 0 0 0
0 0 0 0.727479 0 0 0 0 0 0 0 0 0.600482 0 0 0.503335 0 0 0 0 0 0 0 0 0 0 0 0 0 0 0 0 0 0 0 0 0.971532 0 0 0.170238 0 0 0 0.680505 0 0 0 0 0 0 0 0 0.459077 0 0 0 0 0 0 0 0 0.32244 0 0 0 0 0 0 0 0 0 0 0 0 0 0 0 0 0 0 0 0 0 0 0 0 0 0 0 0 0 0 0 0 0 0 0 0 0 0
0 0 0 0 0.664076 0 0 0 0 0 0 0 0 0 0 0 0 0 0 0 0 0 0.729477 0 0 0 0 0 0 0 0 0 0 0 0 0 0 0 0.133115 0 0.272313 0 0 0 1.06965 0 0 0 0 0 0 0 0 0.133345 0 0.444068 0 0 0 0 0 0 0 0 0 0 0 0 0 0 0 0 0.601714 0 0 0 0 0.544049 0 0 0 0 0 0 0.816957 0 0 0 0 0 0 0 0 0 0 0 0 0 0 0.311178
0.166685 0 0 0 0 0 0 0.439489 0 0 0.168304 0 0 0 0 0.46404 0.522715 0 0 0 0 0 0 0 0 0 0 0 0 0 0.174507 0 0 0.316416 0 0 0 0 0 0 0 0 0 0 0 0 0 0 0 0 0 0 0 0 0 0 0 0.344923 0 0 0 0.962528 0.472204 0 0 0 0 0 0 0 0 0.494276 0 0 0 0 0 0.848463 0 0 0 0 0 0 0.792134 0 0 0.946973 0 0 0 0 0.692638 0 0 0 0 0 0 0
0 0.676639 0 0 0 0 0 0 0 0 0 0 0 0.278181 0 0 0 0 0 0 0 0 0.954961 0 0 0 0 0 0 0 0 0 0 0 0 0 0 0 0.732748 0 0 0 0 0 0 0 0 0 0 0 0 0 0.375047 0 0 0 0 0 0 0 0 0 0.846908 0 0 0.232463 0 0 0.611547 0 0 0 0 0 0 0 0 0.925082 0 0 0 0.567503 0 0 0 0 0 0 0.672427 0 0.975136 0 0 0 0 0 0 0 0 0
0 0 0 0 0 0 0.696155 0 0.292066 0 0.727762 0 0 0 0 0 0.238028 0 0 0.704873 0 0 0 0.386371 0.331732 0 0 0 0 0 0.874525 0 0 0 0.277856 0 0 0 0 0 0 0 0 0 0 0 0 0 0 0 0 0 0 0 0 0 0 0 0 0.89093 0 0 0 0 0 0 0 0 0 0 0 0 0 0 0 0 0 0.666303 0 0 0 0 0 0 0 0 0 0 0 0 0 0 0 0 0.405859 0 0 0 0 0
0.651897 0 0 0 0 0 0 0 0 0 0 0 0 0 0 0 0 0 0.521585 0 0.434354 0 0 0.650165 0 0 0.529507 0 0 0 0.554191 0 0 0 0 0 0 0 0 0 0 0 0 0 0.640274 0 0 0 0 0 0 0 0 0 0 0 0 0 0 0 0.385954 0 0.34926 0 0 0 0 0 0 0 0 0 0 0 0 0 0 0 0 0 0 0.434743 0 0 0 0.622505 0 0 0 0 0 0 0 0 0 0.688833 0 0 0 0
0 0 0 0 0 0 0 0 0 0 0 0.199912 0 0 0 0 0 0 0 0 0 0 0 0.785752 0 0 0 0 0.159306 0 0 0 0 0 0 0.273934 0 0 0 0 0 0 0 0 0 0 0.459077 0 0 0.375047 0 0 0 0.574384 0 0 0 0 0 0 0 0 0 0 0 0 0 0 0 0 0 0 0 0.0993752 0 0 0 0 0 0 0 0 0 0 0 0.404934 0 0 0 0 0 0 0 0 0 0 0 0.703044 0 0
0 0.0622738 0 0 0 0 0 0 0 0 0 0 0 0 0 0.861936 0 0 0 0.444452 0 0 0 0 0 0 0 0 0 0 0 0 0 0 0 0 0 0 0 0 0 0 0.461732 0 0 0 0 0.133345 0 0 0 0 0.574384 0 0 0 0 0 0 0 0 0 0 0 0 0 0 0 0 0 0 0 0 0 0 0 0.597632 0 0 0 0 0 0 0 0 0 0 0 0.0106163 0 0 0 0.20397 0 0 0 0.863352 0 0 0.187293
0 0 0 0 0 0.416953 0 0 0 0.844581 0 0 0 0 0 0 0 0 0 0 0 0.530446 0.82753 0 0 0 0 0 0 0 0 0 0 0 0 0 0 0 0.878501 0 0 0 0 0 0 0 0 0 0 0 0 0 0 0 0 0 0 0 0 0.59461 0 0 0 0 0 0.123275 0 0 0 0 0 0 0 0 0.823116 0 0 0 0 0 0 0 0 0 0 0 0 0 0 0 0 0 0 0 0 0 0 0 0 0
0 0 0 0 0 0.580056 0 0 0 0 0 0 0 0 0 0.573185 0 0 0 0 0 0 0 0 0.284022 0 0 0 0 0.518132 0 0 0 0 0 0 0 0 0.54529 0 0 0 0 0 0 0 0 0.444068 0 0 0 0 0 0 0 0 0 0 0.538212 0 0 0 0 0 0 0 0 0.345086 0 0 0 0.406109 0 0 0 0 0 0 0 0 0 0 0 0.442318 0 0 0 0 0 0 0 0 0 0 0 0 0 0 0 0
0.670395 0 0 0.832215 0 0 0 0 0 0 0 0 0 0 0 0 0 0 0.499207 1.10144 0 0 0 0 0 0 0 0 0 0 0 0 0.542654 0 0.562073 0 0 0 0 0 0.514684 0 0 0.877637 0 0 0 0 0 0 0 0 0 0 0 0 0 0 0 0.876495 0 0 0 1.00429 0 0 0 0 0 0 0 0 0 0.538462 0.980298 0 0 0 0 0 0 0 0 0 0 0 0 0 0 0 0 0 0 0 0 0 0 0 0 0.878669
0 0.631466 0 0 0 0 0 0 0 0.452923 0 0 0 0 0 0.634635 0 0 0 0 0 0 0 0 0 0 0 0 0 0 0 0 0 0.0410906 0 0 0 0 0 0 0 0 0 0 0 0 0 0 0.344923 0 0 0 0 0 0 0 0 0 0 0 0.219877 0 0 0 0 0 0 0 0 0 0 0 0 0 0 0 0 0 0 0 0 0 0 0 0.48907 0.429196 0 0 0 0 0 0.228226 0 0 0 0 0 0 0 0
0 0 0.916171 0 0 0 0.610601 0 0 0 0 0 0 0 0 0 0 0 0 0 0 0 0.768612 0 0 0 0 0 0 0 0 0 0 0 0 0 0 0 0 0 0 0 0 0 1.162 0 0 0 0 0 0 0 0 0 0 0.538212 0 0 0 0 0 0 0 0 0 0 0 0 0 0.818559 0 0 0 0 0 0 0 0 0 0 0 0 0 0 0 0 0 0 0 0 0 0 0 0 0 0 0 0 0.205765 0
0 0 0 0 0 0 0 0 0 0 0 0 0 0.57104 0 0 0 0 0 0 0 0.382809 0 0 0 0 0 0 0 0 0 0 0 0 0 0 0 1.05981 0 0 0 0 0 0 0.252232 0 0 0 0 0 0.89093 0 0 0 0.59461 0 0.876495 0 0 0 0.0850909 0 0.158455 0 0 0 0 0 1.04817 0 0 0 0 0 0.67387 0 0 0 0 0 0 0 0 0 0 0 0.781243 0.981755 0.849056 0 0 0 0 0.828766 0.559162 0 0 0 0 0
0 0.839728 0.532194 0 0 0 0 0 0 0 0 0 0 0 0 0 0 0 0 0 0 0 0 0 0 0 0 0 0 0 0 0 0 0 0.530149 0 0 0 0 0 0 0 0 0 0 0 0 0 0 0 0 0.385954 0 0 0 0 0 0.219877 0 0.0850909 0 0 0 0 0 0 0 0 0 0 0 0 0 0 0 0 0 0 0 0 0 0 0 0 0 0 0 0 0 0 0 0 0 0 0 0 0 0 0 0
0 0 0 0 0 0 0 0 0 0 0 0 0 0.696115 1.01823 0 0 0 0 0 0 0 0 0 0 0 0 0 0 0 0 0 0 0 0.449193 0 0 0 0 0 0 0 0 0 0 0 0.32244 0 0.962528 0 0 0 0 0 0 0 0 0 0 0 0 0 0 0 0 0 0 0 0 0 0 0 0 0 0.591039 0 0 0 0 0 0.933252 0 0.66196 0 0 0 0 0 0 0 0 0 0 0 0 0 0 0.10637 0 0
0 0.800847 0 0 0 0 0 0 0 0 0 0 0 0 0 0.861269 0 0 0 0.530767 0 0.275707 0 0 0 0.40575 0 0 0 0 0 0 0 0 0 0 0 0 0.887624 0 0.848447 0 0.299851 0 0 0 0 0 0.472204 0.846908 0 0.34926 0 0 0 0 0 0 0 0.158455 0 0 0 0 0 0 0 0 0 0 0 0 0 0 0 0.675276 0 0 0 0 0 0 0 0 0 0 0.691914 0 0 0 0 0 0 0 0 0 0 0.94483 0 0
0 0.422303 0 0 0 0 0.100325 0 0 0 0 0 0 0 0 0 0 0 0 0.0995646 0 0 0 0 0 0 0 0 0 0 0 0 0 0.501079 0 0 0 0 0 0.833184 0 0 0 0 0 0 0 0 0 0 0 0 0 0 0 0 1.00429 0 0 0 0 0 0 0 0 0 0 0 0 0 0 0 0 0.505472 0 0 0 0 0 0 0.898067 0 0 0.463893 0 0 0 0 0 0 0 0 0 0 0 0 0 0 0 0
0 0.834806 0 0 0 0.366878 0 0 0.605343 0 0 0 0 0 0.722465 0 0 0 0 0 0.328707 0 0 0 0 0 0 0 0 0 0 0 0 0.499926 0 0 0.941828 0 0 0 0 0 0 0 0 0 0 0 0 0 0 0 0 0 0 0 0 0 0 0 0 0 0 0 0 0 0 0 0 0 0 0 0 0 0 0 0 0.950586 0 0 0 0 0 0 0 0 0 0 0.808469 0 0 0.413749 0 0 0 0 0 0 0.812027 0
0.495535 0 0.181552 0 0 0 0 0 0 0 0 0 0 0 0 0 0 0 0 0.846742 0 0 0.780621 0 0 0 0 0.537286 0 0 0 0 0 0 0 0.284791 0 0 0 0 0 0 0 0 0 0 0 0 0 0.232463 0 0 0 0 0.123275 0 0 0 0 0 0 0 0 0 0 0 0 0 0 0 0 0 0 0.263985 0 0 0 0 0 0 0 0 0 0 0 0 0 0 0.653781 0 0 0 0 0 0 0 0 0 0.656481 0
0 0.501129 0 0 0 0 0 0 0 0.833213 0 0 0 0 0 0 0 0.348687 0 0 0 0 0 0 0 0 0 0 0 0 0 0 0 0 0 0 0 0 0 0 0 0 0 0 0 0 0 0 0 0 0 0 0 0 0 0 0 0 0 0 0 0 0 0 0 0 0 0 0 0 0 0 0 0 0 0 0 0 0 0 0 0 0 0 0 0 0.336481 0 0 0 0 0 0 0 0 0.375207 0.733616 0 0 0
0 0 0 0 0 0 0 0 0 0 0 0 0 0 0 0 0 0 0 0 0 0 0 0 0 0 0 0.568563 0 0.675551 0 0 0 0 0 0 0 0 0.757442 0 0 0 0 0.633549 0.635168 0 0 0 0 0 0 0 0 0 0 0.345086 0 0 0 0 0 0 0 0 0 0 0 0 0 0 0 0 0.180992 0 0 0 0 0 0 0 0 0 0 0.691381 0 0 0 0 0 0 0 0 0 0 0 0 0 0 0 0
0 0 0 0 0 0 0 0.721451 0 0 0 0 0 0 0 0 0 0 0 0 0 0 0.86346 0.181428 0 0 0.609235 0 0 0 0 0 0 0 0 0 0 0.12907 0 0 0 0 0 0 0 0 0 0 0 0.611547 0 0 0 0 0 0 0 0 0 1.04817 0 0 0 0 0 0 0 0 0 0 0 0 0 0 0 0 0.843606 0 0 0 0.93624 0 0.662019 0 0 0 0 0 0 0 0.794437 0.921326 0 0 0 0 0.975223 0 0 0
0 0 0 0 0 0.287917 0 0 0 0 0 0 0.754541 0 0 0.125887 0 0 0 0.969848 0 0.597225 0 0 0 0 0 0 0 0 0 0 0 0 0 0 0.949765 0 0 0 0 0 0.570957 0 0 0 0 0 0 0 0 0 0 0 0 0 0 0 0.818559 0 0 0 0 0 0 0 0 0 0 0 0 0 0 0 0 0 0 0 0 0 0 0 0 0 0 0 0 0 0 0 0 0.458925 0 0 0 0 0 0 0 0
0 0 0 0 0 0 0.861345 0 0 0 0 0 0 0 0 0 0 0 0 0 0 0 0 0.889001 0 0 0 0 0 0 0 0 0 0 0 0 0 0 0 0 0.480409 0 0.512864 0 0 0 0 0 0 0 0 0 0 0 0 0 0 0 0 0 0 0 0 0 0 0 0 0 0 0 0 0 0 0 0 0 0 0 0 0 0 0 0 0 0 0 0.531575 0 0 0 0 0 0 0 0 0 0 0 0 0
0 0 0 0 0 0 0 0 0 0 0 0 0 0 0 0 0 0 0 0 0 0 0 0.772356 0 0 0 0 0 0 0 0 0 0 0 0.252232 0 0.709106 0 0 0 0 0 0 0 0 0 0 0.494276 0 0 0 0 0 0 0.406109 0 0 0 0 0 0 0 0 0 0 0 0 0 0 0 0 0 0 0 0 0 0 0.455329 0 0 0 0 0 0 0 0.44456 0 0 0 0 0 0 0 0 0 0 0 0 0
0 0 0 0 0.608383 0 0 0 0 0 0 0 0 0 0 0 0 0 0 0 0 0 0 0 0 0 0 0.73795 0 0 0.70009 0 0 0 0.413051 0 0.99949 0 0 0 0 0 0 0.74825 0 0.278562 0 0.601714 0 0 0 0 0 0 0 0 0 0 0 0 0 0 0 0 0 0 0 0.180992 0 0 0 0 0 0 0 0 0 0 0 0 0 0 0 0 0 0 0 0 0 0 0 0 0 0 0 0 0 0 0 0
0 0 0 0 0 0 0 0 0 0 0 0 0 0 0 0 0 0.251476 0 0 0 0 0 0 0.26492 0 0 0 0 0 0 0 0 0.180604 0 0 0 0 0 0 0 0 0 0 0 0 0 0 0 0 0 0 0.0993752 0 0 0 0.538462 0 0 0 0 0 0 0.505472 0 0.263985 0 0 0 0 0 0 0 0 0 0 0 0 0 0 0 0 0 0 0 0 0 0 0 0 0 0 0 0 0 0 0 0 0 0
0 0 0 0 0 0 0 0 0 0 0 0.790792 0 0 0 0 0 0 0 0 0 0 0 0 0 0 0 0 0 0 0 0 0 0 0 0.551821 0 0 0 0 0 0.485294 0 0 0 0 0 0 0 0 0 0 0 0 0.823116 0 0.980298 0 0 0.67387 0 0.591039 0 0 0 0 0 0 0 0 0 0 0 0 0 0 0 0 0 0 0.891195 0 0 0 0.389716 0 0 0 0 0 0 0 0 0 0 0 0 0 0 0
0 0 0 0 0 0 0 0 0 0 0 0 0 0 0 0 0 0 0 0 0 0 0 0 0 0.486053 0 0 0 0 0 0 0 0 0 0 0 0 0 0 0 0 0 0 0 0 0 0 0 0 0 0 0 0 0 0 0 0 0 0 0 0 0.675276 0 0 0 0 0 0 0 0 0 0 0 0 0 0 0 0 0 0 0.439017 0 0 0 0 0 0 0 0.533305 0 0 0 0 0 0 0 0 0 0
0 0.659854 0 0 0 0 0 0.894822 0 0 0 0 0 0 0 0 0 0 0 0 0 0 0 0 0 0 0 0 0 0 0 0 0 0 0 0.674178 0 0 0.736956 0 0 0 0 0 0.665469 0 0 0 0 0 0 0 0 0.597632 0 0 0 0 0 0 0 0 0 0 0 0 0 0 0.843606 0 0 0 0 0 0 0 0 0 0 0 0 0 0 0.214325 0 0 0 0 0 0 0 0.546306 0 0 0 0 0 0 0 0
0 0 0 0 0 0 0 0 0 0 0.949821 0 0 0 0 0 0 0 0 0 0 0 0 0 0 0 0 0 0 0 0 0 0 0 0.501884 0 0 0 0 0 0 0 0 0.217629 0 0 0 0.544049 0.848463 0.925082 0.666303 0 0 0 0 0 0 0 0 0 0 0 0 0 0.950586 0 0 0 0 0 0 0 0 0 0 0 0 0 0 0 0 0 0 0 0.313269 0 0 0 0 0 0 0 0 0.730991 0 0 0 0 0 0
0.219277 0 0 0 0 0 0 0 0 0 0 0 0 0 0.435684 0 0 0 0 0.837183 0 0 0 0 0 0 0.418735 0 0 0 0 0 0 0 0.474951 0 0 0 0.931172 0 0 0 0 0 0 0 0 0 0 0 0 0 0 0 0 0 0 0 0 0 0 0 0 0 0 0 0 0 0 0 0 0.455329 0 0 0 0 0 0 0 0 0 0 0 0 0 0 0 0 0 0 0 0 0 0 0 0 0 0 0 0
0 0 0 0 0 0 0.62054 0.53988 0 0 0 0 0 0.346963 0 0 0 0.406662 0 0 0 0 0 0 0.470193 0 0 0 0.1478 0.860073 0 0 0 0 0 0 0 0 0 0.684906 0 0 0 0 0 0.523244 0 0 0 0 0 0 0 0 0 0 0 0 0 0 0 0 0 0 0 0 0 0 0 0 0 0 0 0 0 0 0 0 0 0 0 0 0 0 0 0 0.625418 0 0 0 0 0 0.608549 0 0 0 0 0 0.714773 0.634047
0 0 0 0 0 0 0 0 0 0 0 0 0 0 0 0 0 0 0 0 0 0 0 0 0 0 0 0 0 0 0 0 0 0 0 0 0 0 0 0 0 0 0 0 0 0 0 0 0 0 0 0 0 0 0 0 0 0 0 0 0 0.933252 0 0.898067 0 0 0 0 0.93624 0 0 0 0 0 0.891195 0 0 0 0 0 0 0 0 0 0 0 0 0 0 0.746689 0.927515 0 0 0 0 0.338502 0 0 0 0.836982
0 0 0 0 0 0 0 0 0 0 0 0 0 0 0 0 0 0 0 0 0 0 0 0 0 0 0 0 0 0 0 0 0 0 0 0 0 0 0 0 0 0 0 0 0 0 0 0 0 0.567503 0 0.434743 0 0 0 0 0 0 0 0 0 0 0 0 0 0 0 0 0 0 0 0 0 0 0 0.439017 0 0 0 0 0 0 0 0 0 0 0 0 0 0 0.710083 0.0442584 0 0 0 0 0 0 0.759352 0
0 0 0 0 0 0 0 0 0 0 0 0 0 0 0 0.403004 0 0 0 0 0 0.320015 0 0.784429 0 0.311564 0 0 0 0 0 0 0 0 0 0 0 0.722598 0 0 0.453734 0 0 0 0 0 0 0 0 0 0 0 0 0 0 0 0 0 0 0 0 0.66196 0 0 0 0 0 0 0.662019 0 0 0 0 0 0 0 0 0 0 0 0 0 0 0 0 0 0 0 0 0.455474 0 0 0 0.353733 0 0 0 0 0 0
0 0 0 0 0.244345 0 0 0 0 0 0 0 0 0 0 0 0 0 0 0 0 0 0 0 0 0 0 0 0 0 0 0 0 0.261959 0 0 0 0 0 0 0 0 0 0 0 0.679614 0 0 0 0 0 0 0 0 0 0.442318 0 0 0 0 0 0 0 0.463893 0 0 0 0.691381 0 0 0 0 0 0 0 0 0.214325 0 0 0 0 0 0 0 0 0 0 0 0 0 0 0.379197 0 0 0 0.880295 0 0 0 0
0 0 0 0 0 0 0 0 0 0 0 0 0.429396 0 0 0 0 0 0 0 0 0 0 0.929571 0 0 0 0 0 0 0 0 0 0 0 0 0 0 0 0 0 0 0 0 0 0 0 0.816957 0.792134 0 0 0 0 0 0 0 0 0.48907 0 0 0 0 0 0 0 0 0 0 0 0 0 0 0 0 0.389716 0 0 0.313269 0 0 0 0 0 0 0 0 0 0 0 0 0 0 0 0 0 0 0 0 0 0
0 0 0 0 0 0 0 0 0 0 0 0 0 0.398225 0 0 0 0.4622 0 0 0 0 0 0 0 0 0 0 0 0 0 0 0 0.395535 0 0 0 1.12746 1.09495 0 0 0 0 0 0 0 0 0 0 0 0 0.622505 0.404934 0 0 0 0 0.429196 0 0 0 0 0 0 0 0 0 0 0 0 0 0 0 0 0 0 0 0 0 0 0 0 0 0 0 0 0 0 0.957275 0 0 0 0 0.745583 0 0 0 0 0 0
0 0 0.64767 0 0 0 0 0 0 0 0.715054 0 0 0 0.748287 0 0 0 0 0 0 0 0 0 0 0 0 0.647671 0 0 0 0 0 0 0 0 0 0 0 0 0 0 0 0 0 0 0 0 0 0 0 0 0 0 0 0 0 0 0 0.781243 0 0 0.691914 0 0 0 0.336481 0 0 0 0.531575 0.44456 0 0 0 0 0 0 0 0.625418 0 0 0 0 0 0 0 0 0 0 0 0 0 0 0.376168 0 0 0 0 0
0 0 0 0 0 0 0 0 0 0.572906 0 0 0 0 0 0 0 0 0 0 0 0.600482 0 0 0 0 0.651373 0.8451 0 0 0 0 0 0 0 0 0 0 0 0 0 0 0 0 0 0 0 0 0.946973 0 0 0 0 0 0 0 0 0 0 0.981755 0 0 0 0 0 0 0 0 0 0 0 0 0 0 0 0 0 0 0 0 0 0 0 0 0 0 0 0 0 0 0 0 0 0 0 0 0 0 0 0
0 0 0 0 0 0 0 0 0 0 0 0 0 0 0.795847 0 0 0 0 0 0 0 0 0 0 0 0 0 0 0 0 0 0 0 0 0 0 0 0 0 0 0 0 0 1.01614 0.399142 0 0 0 0.672427 0 0 0 0.0106163 0 0 0 0 0 0.849056 0 0 0 0 0.808469 0.653781 0 0 0 0 0 0 0 0 0 0 0 0 0 0 0 0 0 0 0 0.957275 0 0 0 0 0 0 0 0 0 0.797903 0 0 0 0
0 0 0 0 0 0 0 0 0 0 0 0 0 0 0 0 0 0.566633 0 0.260788 0 0 0 0 0.530154 0 0 0 0.536413 0 0 0 0 0 0 0 0 0 0.446486 0 0 0 0.210615 0 0 0.432535 0 0 0 0 0 0 0 0 0 0 0 0 0 0 0 0 0 0 0 0 0 0 0 0 0 0 0 0 0 0.533305 0 0 0 0 0.746689 0 0.455474 0 0 0 0 0 0 0 0 0 0 0 0 0 0 0.515674 0 0
0 0 0 0 0 0 0 0 0 0 0.935444 0 0 0 0.483599 0 0 0 0 0 0 0 0 0 0 0 0 0 0 0 0 0 0 0 0 0 0 0 0 0 0 0 0 0 0.820025 0 0 0 0 0.975136 0 0 0 0 0 0 0 0 0 0 0 0 0 0 0 0 0 0 0.794437 0 0 0 0 0 0 0 0 0 0 0 0.927515 0.710083 0 0 0 0 0 0 0 0 0 0.683013 0 0 0 0 0 0 0.484891 0
0 0 0 0 0 0 0 0 0.549794 0 0 0 0 0.328309 0 0 0 0 0 0 0 0 0 0 0 0 0 0 0 0 0 0 0 0.193022 0 0 0 0 0 0 0 0 0 0 0 0 0 0 0 0 0 0 0 0 0 0 0 0.228226 0 0 0 0 0 0 0.413749 0 0 0 0.921326 0.458925 0 0 0 0 0 0 0.546306 0 0 0 0 0.0442584 0 0.379197 0 0 0 0 0 0 0.683013 0 0 0 0.344555 0.564844 0.110789 0 0 0
0 0 0 0 0 0 0 0.541567 0 0 0 0 0 0 0 0 0 0 0.668186 0 0 0 0 0 0 0 0 0.630902 0 0 0 0 0 0 0 0 0 0 0 0 0 0 0.375903 0 0 0 0 0 0.692638 0 0 0 0 0.20397 0 0 0 0 0 0 0 0 0 0 0 0 0 0 0 0 0 0 0 0 0 0 0 0 0 0.608549 0 0 0 0 0 0 0 0 0 0 0 0 0 0 0.362384 0 0 0 0 0
0 0 0 0 0 0 0 0 0 0 0 0 0 0 0 0 0.122861 0 0.607613 0 0 0 0 0 0.193008 0.661866 0 0 0 0 0 0.407838 0 0 0 0 0 0 0 0 0 0 0.500712 0 0 0 0 0 0 0 0 0 0 0 0 0 0 0 0 0.828766 0 0 0 0 0 0 0 0 0 0 0 0 0 0 0 0 0 0.730991 0 0 0 0 0.353733 0 0 0.745583 0 0 0 0 0 0 0 0 0 0 0 0 0 0
0 0.583775 0 0 0 0 0 0 0 0 0 0 0 0 0 0 0 0 0 0 0 0 0 0 0 0 0 0 0.225817 0 0 0 0 0 0 0 0 0 0 0 0 0 0 0 0 0 0 0 0 0 0.405859 0 0 0 0 0 0 0 0 0.559162 0 0 0 0 0 0 0 0 0 0 0 0 0 0 0 0 0 0 0 0 0 0 0 0 0 0 0.376168 0 0 0 0 0.344555 0.362384 0 0 0 0 0 0.546484 0
0 0 0 0 0 0 0 0 0 0.978638 0 0 0 0 0 0 0 0 0 0 0 0 0 0 0 0 0 0 0 0 0 0 0 0 0 0 0 0 0 0 0 0 0 0 0 0 0 0 0 0 0 0.688833 0 0 0 0 0 0 0 0 0 0 0 0 0 0 0.375207 0 0 0 0 0 0 0 0 0 0 0 0 0 0.338502 0 0 0.880295 0 0 0 0 0.797903 0 0 0.564844 0 0 0 0 0 0 0 0.832446
0 0 0 0 0 0 0 0 0.625434 0 0 0 0 0 0 0 0 0.387361 0 0 0.0957297 0 0 0 0 0 0 0 0 0 0 0 0 0 0 0 0 0 0 0.674002 0 0 0 0 0 0 0 0 0 0 0 0 0 0.863352 0 0 0 0 0 0 0 0 0 0 0 0 0.733616 0 0.975223 0 0 0 0 0 0 0 0 0 0 0 0 0 0 0 0 0 0 0 0 0 0 0.110789 0 0 0 0 0 0 0 0
0 0 0.923556 0 0 0.713481 0 0 0 0 0 0 0.487251 0.749317 0 0 0 0 0 0 0 0 0 0.0969738 0 0 0 0 0 0.0623141 0 0 0 0 0 0 0 0 0 0 0 0 0 0.639475 0 0 0 0 0 0 0 0 0.703044 0 0 0 0 0 0 0 0 0.10637 0.94483 0 0 0 0 0 0 0 0 0 0 0 0 0 0 0 0 0 0 0 0 0 0 0 0 0 0 0.515674 0 0 0 0 0 0 0 0 0 0
0 0 0.823397 0 0 0 0 0 0 0.386451 0 0 0 0.646242 0 0 0 0 0 0 0 0 0 0 0 0 0 0 0 0 0 0 0 0.587614 0 0 0.658525 0 0 0 0 0 0 0 0 0 0 0 0 0 0 0 0 0 0 0 0 0 0.205765 0 0 0 0 0 0.812027 0.656481 0 0 0 0 0 0 0 0 0 0 0 0 0 0.714773 0 0.759352 0 0 0 0 0 0 0 0 0.484891 0 0 0 0.546484 0 0 0 0 0
0 0 0 0 0 0 0 0 0 0 0 0 0 0 0 0 0 0 0 0 0 0 0 0 0 0 0 0 0 0 0.818801 0 0 0 0 0.436168 0 0 0 0.678301 0 0.350937 0 0 0.904699 0 0 0.311178 0 0 0 0 0 0.187293 0 0 0.878669 0 0 0 0 0 0 0 0 0 0 0 0 0 0 0 0 0 0 0 0 0 0 0.634047 0.836982 0 0 0 0 0 0 0 0 0 0 0 0 0 0 0.832446 0 0 0 0
