100
0 0.850244 0 0.673818 0 0 0 0 0.603378 0 0 0.648978 0 0 0 0.745159 0 0 0 0 0.749504 0 0 0.605888 0.696478 0 0.625265 0 0 0 0 0.598983 0 0 0.819919 0 0 0 0 0 0 0.78273 0.681252 0.811498 0 0 0.821956 0.666736 0 0.801091 0.865938 0.838358 0 0 0 0 0 0 0.597333 0.678327 0 0 0.807453 0 0 0 0.573994 0 0 0 0 0 0 0 0 0.778662 0 0 0.672523 0.707333 0 0 0 0 0 0.776258 0 0.721252 0 0 0.740384 0 0.831577 0 0.74991 0 0.887745 0 0 0
0.850244 0 0 0 0 0 0 0 0 0 0 0 0.641074 0 0 0 0.623044 0 0 0.609156 0 0 0.584102 0 0 0 0.690136 0 0 0 0 0 0.706319 0 0 0 0 0.660174 0 0.704963 0 0.588984 0 0 0 0 0.650078 0 0 0.63186 0 0 0.651953 0 0 0.853233 0 0.668453 0 0 0 0 0 0 0 0 0 0.808076 0.590724 0.876256 0 0.770519 0 0 0 0 0 0.646097 0.862571 0 0 0 0 0.700872 0 0.785787 0 0 0.818427 0.850356 0 0.739304 0 0 0 0 0 0 0 0.891351
0 0 0 0.667996 0 0.597754 0.580864 0.62815 0.727706 0.65753 0.776677 0 0 0.792007 0.647515 0 0.720596 0.780709 0.840607 0 0 0.773498 0 0 0.656804 0 0 0 0 0.763315 0 0 0 0 0 0.74244 0 0 0.71186 0 0.586683 0 0 0 0.640664 0 0.702366 0 0.775257 0.741986 0 0 0 0 0 0 0 0 0 0 0.663373 0 0 0 0 0 0 0.845699 0 0.866052 0 0 0 0.887068 0.820422 0.782954 0 0.589309 0 0 0.881841 0.755964 0 0.614782 0.60359 0.858118 0 0 0 0.860672 0 0 0 0.813297 0.800247 0.780258 0.851135 0.89205 0.61368 0
0.673818 0 0.667996 0 0 0 0 0.632792 0.606576 0 0 0 0.665973 0 0.837064 0.738965 0 0 0 0.58941 0 0.6854 0.705307 0 0.888717 0.728501 0.79326 0 0.860113 0 0 0.851243 0.680389 0 0 0 0 0 0.787655 0.87253 0 0.806505 0 0.727916 0 0 0 0 0 0.743511 0.852039 0 0.823451 0 0 0 0 0 0 0 0 0 0 0 0.800597 0.870481 0 0.768609 0.720838 0.625694 0 0 0 0.890998 0.692798 0 0.619136 0 0.58105 0.737564 0.654235 0 0 0.790793 0 0.834804 0 0.577004 0.715982 0.671339 0 0 0.716018 0.723679 0 0.720554 0 0.811352 0 0.718621
0 0 0 0 0 0 0.595926 0.866256 0 0 0 0 0 0 0 0 0.817829 0.735486 0 0 0 0 0 0.875665 0 0.835317 0 0 0 0 0 0 0 0.648127 0.597088 0 0 0.729958 0.637935 0 0 0.803073 0.889891 0 0 0 0 0.776999 0 0 0 0.814292 0 0.779643 0 0 0.625486 0 0 0.735414 0 0 0 0.798362 0.794089 0.578474 0 0 0 0.605594 0 0 0.802869 0 0 0.855081 0 0 0 0.681799 0 0 0 0 0 0 0 0 0 0.663669 0 0 0 0.840455 0 0 0 0 0 0.692979
0 0 0.597754 0 0 0 0 0 0 0.725251 0.800031 0 0 0 0 0 0.597785 0 0 0 0.582621 0 0 0 0 0 0 0 0 0 0 0.820088 0 0.578819 0.646204 0.620417 0 0 0.686163 0 0 0 0 0 0 0.646965 0 0 0 0.881002 0 0 0.68868 0 0 0.575705 0 0.840828 0.612084 0 0 0.756811 0.735398 0 0.757107 0 0.742853 0 0 0 0 0 0.650316 0.720361 0 0 0.786457 0 0 0 0 0 0 0 0.590753 0.747094 0 0.842245 0.720249 0.706626 0.665677 0 0 0 0 0.756079 0 0 0 0
0 0 0.580864 0 0.595926 0 0 0 0 0 0 0.772591 0 0 0 0.692982 0 0.596752 0.706122 0 0.791151 0 0.774624 0.858206 0.795776 0 0.648767 0 0 0 0 0 0 0.868113 0 0 0.611846 0 0.787391 0 0 0 0 0 0 0 0 0 0 0 0 0 0 0 0.732865 0 0.826278 0 0.862487 0 0 0 0 0 0 0 0 0.874602 0 0.799586 0.744127 0.841712 0.726271 0 0 0 0.582371 0 0.799575 0.677617 0 0 0 0 0 0 0.759514 0.866623 0 0 0 0 0 0 0 0 0 0 0 0
0 0 0.62815 0.632792 0.866256 0 0 0 0 0 0 0 0 0 0 0.799669 0.853002 0 0 0 0 0 0 0.582613 0 0.879535 0 0.779307 0.745724 0.60587 0.640154 0.780079 0 0.66883 0 0 0.792329 0 0 0.838976 0 0 0.795432 0 0.588719 0 0.726352 0 0 0.687611 0 0 0 0.663077 0.795653 0.662219 0 0 0 0.831063 0 0.807005 0.801608 0.707559 0 0.816867 0 0.735311 0 0 0 0 0 0 0 0 0 0 0 0 0.681834 0.809258 0.77392 0 0.735473 0 0 0 0 0 0.885198 0 0 0.613846 0 0.841904 0 0 0 0
0.603378 0 0.727706 0.606576 0 0 0 0 0 0 0.752706 0.864494 0.811814 0.667832 0 0 0 0.706095 0 0.710474 0.838312 0 0.874732 0 0 0.637333 0 0 0 0 0.722415 0 0 0.800725 0 0 0 0 0 0 0 0 0 0 0 0 0 0 0.689344 0 0.803382 0 0 0 0 0.689185 0 0 0.799812 0 0 0 0.660671 0 0 0 0 0 0 0 0.61031 0.889642 0 0 0.86869 0 0.846117 0.823558 0 0.668277 0.780226 0.748099 0 0.679956 0 0.752721 0.883892 0 0.816956 0.675495 0 0 0 0 0.629674 0 0 0.613866 0 0
0 0 0.65753 0 0 0.725251 0 0 0 0 0.780483 0.741974 0.743352 0.62529 0 0 0 0 0 0 0.689035 0 0 0 0 0 0.675652 0.819198 0 0 0 0.765561 0 0.606788 0.774971 0.843809 0.69891 0.726474 0 0 0 0 0 0 0 0 0 0.712902 0 0 0 0.614793 0 0 0 0.745173 0 0.761119 0.862048 0.821159 0 0.858767 0 0 0.884662 0 0 0 0 0 0 0 0 0 0.656655 0 0 0 0 0 0 0 0 0.861643 0.828943 0 0 0 0 0 0 0 0.879386 0 0.687443 0 0.854093 0 0 0.721141
0 0 0.776677 0 0 0.800031 0 0 0.752706 0.780483 0 0 0.772444 0.692512 0 0 0 0 0 0 0 0 0 0 0.838338 0 0 0.844151 0 0 0 0 0.785511 0.761507 0 0 0 0 0.631314 0 0 0 0.819754 0.766029 0.800975 0 0.734891 0 0 0.689942 0 0 0.864641 0 0 0 0 0.575278 0.737885 0 0 0 0 0 0 0.735783 0 0.667624 0 0.647609 0 0 0.789559 0 0 0 0 0.613029 0 0 0.741385 0 0 0 0.604228 0.645922 0 0 0 0.873422 0.828617 0 0.615299 0 0 0.578093 0.87851 0.615748 0.584319 0.652011
0.648978 0 0 0 0 0 0.772591 0 0.864494 0.741974 0 0 0.727981 0.860152 0 0 0 0.678548 0 0 0 0.579849 0 0.679723 0 0.678877 0 0 0.603403 0 0.613911 0 0 0 0 0.650018 0 0.735933 0 0.71178 0.851296 0 0 0.573402 0 0 0.796625 0.665141 0.719166 0 0.789141 0 0 0 0 0.762837 0 0 0.873211 0 0 0 0 0 0 0 0.755618 0 0 0 0.63931 0 0 0 0 0 0 0 0.775167 0 0 0 0.833822 0.640547 0 0 0 0 0.763848 0.75941 0 0 0.58475 0 0 0 0 0 0 0.707577
0 0.641074 0 0.665973 0 0 0 0 0.811814 0.743352 0.772444 0.727981 0 0.623572 0 0 0.630925 0 0 0 0 0 0 0 0 0 0 0 0 0 0 0.6317 0 0 0 0.874281 0 0 0.606031 0.620636 0.848962 0 0 0 0 0 0.831308 0 0.594382 0 0 0 0 0 0 0 0.582388 0 0 0 0 0.775594 0.772835 0.727272 0 0 0 0.697192 0 0 0.610549 0 0 0 0.796376 0 0 0 0 0 0 0 0 0 0.789497 0.616498 0.646413 0 0 0 0.651695 0.79145 0 0 0 0.803618 0 0.763174 0.823386 0
0 0 0.792007 0 0 0 0 0 0.667832 0.62529 0.692512 0.860152 0.623572 0 0 0.612696 0.647737 0.831876 0 0.623161 0 0.596962 0 0 0 0 0 0 0 0 0 0 0.687785 0 0.754581 0 0 0 0 0 0 0 0.837733 0 0 0.665271 0.884588 0.698876 0.638788 0 0 0 0.843576 0.728259 0.790429 0.768781 0 0.763717 0 0.836651 0.587751 0.806556 0 0 0 0 0.741094 0 0.815948 0 0 0 0 0 0 0.659131 0 0 0 0.657579 0.620572 0 0.60974 0 0.769798 0 0 0 0.576244 0 0 0 0.889802 0 0 0 0.829223 0 0 0
0 0 0.647515 0.837064 0 0 0 0 0 0 0 0 0 0 0 0.723936 0 0 0 0 0 0 0.727036 0 0.783203 0 0 0 0 0 0 0.861602 0 0 0 0 0.869069 0 0 0 0.669392 0.745306 0.610492 0 0.62396 0 0 0.874467 0.801798 0.748256 0 0 0.623991 0.780637 0 0 0 0 0.873612 0 0.841902 0.790315 0.724383 0 0.716014 0 0 0 0.880747 0.744779 0 0.80501 0.881348 0 0 0.858302 0 0 0 0 0 0 0 0 0 0.604681 0.780111 0 0.606509 0 0.685022 0.642415 0.762813 0 0.719687 0 0 0.688873 0 0
0.745159 0 0 0.738965 0 0 0.692982 0.799669 0 0 0 0 0 0.612696 0.723936 0 0 0 0 0 0 0 0 0.870539 0 0 0 0.738053 0 0 0.651269 0.805228 0.646671 0 0 0 0.811667 0 0 0 0 0.704576 0 0 0.84606 0 0 0 0 0.689665 0 0 0 0.83747 0 0.725508 0 0 0.640527 0 0 0 0 0 0.864637 0.749786 0.693097 0.789213 0.881999 0 0.79701 0 0.629365 0.60667 0 0 0 0 0 0.865631 0.821711 0.717358 0 0 0.804915 0.819062 0 0 0 0 0 0.854182 0 0.856676 0.865722 0 0 0.640036 0 0
0 0.623044 0.720596 0 0.817829 0.597785 0 0.853002 0 0 0 0 0.630925 0.647737 0 0 0 0 0 0.846992 0 0.662561 0 0 0 0 0 0.874257 0.720648 0 0.647956 0 0.574059 0 0 0 0 0.703277 0.644191 0 0.665636 0 0 0 0 0.71213 0 0 0 0.697852 0 0.888804 0.664729 0 0.583892 0 0 0 0 0.777553 0 0.885475 0 0 0 0 0.839263 0.728939 0 0 0.81189 0 0.652585 0 0 0 0 0 0 0 0 0.875788 0 0.752063 0.619705 0 0 0.644629 0 0 0.647607 0 0.623482 0.593571 0.70784 0 0 0 0.620589 0
0 0 0.780709 0 0.735486 0 0.596752 0 0.706095 0 0 0.678548 0 0.831876 0 0 0 0 0 0 0 0 0 0 0.716195 0.671084 0.646692 0 0.764482 0 0 0 0 0.755577 0 0.678702 0 0.829008 0 0 0 0.844922 0 0 0.601525 0.701237 0 0.849703 0.880928 0 0 0 0 0.85449 0 0.785493 0 0 0 0 0 0 0 0.656564 0 0.873099 0 0 0.880298 0 0 0 0.823498 0 0 0 0 0.706755 0.710915 0 0.832925 0 0 0 0.835856 0 0 0 0.736 0.860386 0 0.88713 0 0.659143 0 0 0 0 0 0.7138
0 0 0.840607 0 0 0 0.706122 0 0 0 0 0 0 0 0 0 0 0 0 0.801251 0 0 0 0 0 0.8873 0 0.704366 0 0.680992 0.596141 0 0 0.649722 0 0 0 0 0.886203 0.745099 0 0.68228 0 0 0.594466 0 0 0 0 0.692571 0 0 0 0 0.841461 0 0 0.853589 0.672953 0 0.76776 0 0 0.750303 0 0 0 0 0 0.596072 0 0.694316 0.671517 0 0.608511 0.848135 0.828168 0.681037 0 0.757109 0 0 0 0 0.668078 0 0 0 0.58312 0 0.671069 0 0.716594 0 0.868931 0.738016 0.63692 0.651432 0 0
0 0.609156 0 0.58941 0 0 0 0 0.710474 0 0 0 0 0.623161 0 0 0.846992 0 0.801251 0 0 0 0 0 0 0.738187 0 0.603208 0 0 0.661942 0 0.63171 0 0.619124 0 0 0 0 0 0 0 0 0 0 0 0 0 0 0 0 0 0 0.779565 0 0.663384 0 0.651892 0 0.593773 0 0 0.795629 0 0 0.780217 0 0 0 0 0 0 0 0.684006 0 0 0 0.5827 0 0.688471 0 0 0.755236 0 0 0.637236 0 0 0 0.719807 0 0 0.650042 0.657352 0 0 0.813034 0.784041 0.739055 0
0.749504 0 0 0 0 0.582621 0.791151 0 0.838312 0.689035 0 0 0 0 0 0 0 0 0 0 0 0 0.717295 0 0.725879 0.717827 0 0 0 0 0 0 0 0.877524 0.597433 0 0 0 0 0.761635 0.870531 0 0 0.878545 0 0 0 0 0.785613 0 0 0.780271 0 0.67185 0 0.847726 0.788844 0 0.731394 0.635445 0 0.834853 0 0.749233 0 0.646588 0 0.81533 0.779974 0 0.695817 0 0 0 0.730759 0 0 0 0 0 0 0.855593 0.870119 0 0.821947 0 0.613202 0 0 0 0 0 0 0.698091 0.774685 0 0 0 0 0
0 0 0.773498 0.6854 0 0 0 0 0 0 0 0.579849 0 0.596962 0 0 0.662561 0 0 0 0 0 0 0.687441 0 0.758159 0 0.607796 0 0 0 0 0 0 0 0 0.70509 0 0.787616 0 0 0 0 0 0 0.880634 0 0 0 0 0 0 0 0 0 0 0 0.778049 0 0 0.860602 0 0 0 0.668604 0 0 0 0 0 0 0 0.865168 0 0 0 0 0.860358 0 0 0 0.746669 0.78007 0.842459 0.677626 0.669042 0 0.762116 0.693855 0 0 0 0 0 0 0 0 0 0 0.754003
0 0.584102 0 0.705307 0 0 0.774624 0 0.874732 0 0 0 0 0 0.727036 0 0 0 0 0 0.717295 0 0 0 0 0 0 0 0.82991 0 0.829647 0 0 0.706882 0.625109 0 0 0 0 0 0 0.828945 0 0.810473 0 0.736237 0 0 0 0 0 0 0 0 0 0 0 0 0 0 0.59283 0 0.799544 0 0.73758 0 0.577319 0.839029 0.779466 0.891781 0.784713 0 0 0 0 0.820609 0.875281 0 0 0.611273 0.697575 0 0 0 0.639157 0.888567 0 0 0 0 0 0 0.850838 0.590439 0 0.753034 0 0.765601 0 0
0.605888 0 0 0 0.875665 0 0.858206 0.582613 0 0 0 0.679723 0 0 0 0.870539 0 0 0 0 0 0.687441 0 0 0 0 0.650827 0 0 0 0 0 0 0 0 0 0 0 0.787871 0.886367 0.760505 0 0 0 0 0 0 0 0.807949 0 0 0 0 0 0 0 0 0.851921 0 0 0 0.722089 0 0.891819 0.680541 0 0.657906 0.886333 0.629278 0 0 0 0 0 0.738665 0 0 0.885491 0 0 0.683353 0 0 0 0 0 0.879112 0 0 0 0.689526 0 0 0 0 0 0.677229 0 0 0.832536
0.696478 0 0.656804 0.888717 0 0 0.795776 0 0 0 0.838338 0 0 0 0.783203 0 0 0.716195 0 0 0.725879 0 0 0 0 0 0.786139 0.699061 0 0 0 0 0 0.849409 0 0 0 0 0 0 0 0 0 0 0.622976 0 0 0 0 0 0 0 0 0 0 0 0 0.739083 0 0.614729 0 0 0 0.711321 0 0 0 0 0 0 0.650222 0 0 0 0 0 0 0 0 0.750876 0 0 0 0 0 0 0 0 0 0 0 0.674467 0 0.691502 0.874668 0 0 0 0.746627 0
0 0 0 0.728501 0.835317 0 0 0.879535 0.637333 0 0 0.678877 0 0 0 0 0 0.671084 0.8873 0.738187 0.717827 0.758159 0 0 0 0 0.787419 0 0.645082 0.714739 0 0 0 0 0 0.807517 0 0 0 0 0 0.819058 0 0 0.816724 0 0 0 0.611954 0 0.631841 0 0 0.856835 0 0 0 0 0 0 0.736313 0 0 0 0 0 0.804578 0.668844 0 0 0 0 0 0 0 0 0.761074 0 0 0 0 0 0 0 0 0 0 0 0.707637 0.628103 0 0.761038 0 0 0 0.843579 0.716055 0 0 0
0.625265 0.690136 0 0.79326 0 0 0.648767 0 0 0.675652 0 0 0 0 0 0 0 0.646692 0 0 0 0 0 0.650827 0.786139 0.787419 0 0 0.609178 0.654818 0 0 0 0 0.804879 0.841007 0 0 0 0.753071 0 0 0.820679 0 0 0 0 0.730433 0 0 0 0 0 0.776981 0 0 0 0.756265 0 0.614357 0 0 0.654428 0.825869 0 0.837 0 0 0 0.853557 0 0 0.708915 0 0 0.593429 0 0 0 0.610457 0.671687 0.65127 0 0 0 0.807493 0 0 0.727321 0 0.672327 0 0 0.720639 0 0.576304 0 0.776549 0.756727 0
0 0 0 0 0 0 0 0.779307 0 0.819198 0.844151 0 0 0 0 0.738053 0.874257 0 0.704366 0.603208 0 0.607796 0 0 0.699061 0 0 0 0 0 0 0 0.870073 0.832928 0 0.734361 0 0.841053 0 0 0 0 0 0 0 0.74032 0 0 0 0 0.596347 0.652495 0.85839 0 0 0 0 0.87224 0 0 0 0 0 0 0.70332 0.870088 0 0 0 0 0 0.762348 0.820721 0 0.581467 0.745374 0.629632 0 0 0 0 0 0.587604 0.602428 0.852818 0 0 0.742443 0 0 0 0 0 0.856528 0.789793 0 0 0 0 0
0 0 0 0.860113 0 0 0 0.745724 0 0 0 0.603403 0 0 0 0 0.720648 0.764482 0 0 0 0 0.82991 0 0 0.645082 0.609178 0 0 0 0 0 0 0 0 0.691244 0 0 0.828584 0.718088 0 0 0.787709 0 0 0 0 0.654453 0 0 0 0.871093 0 0 0.720928 0 0 0 0 0.812001 0 0 0.780024 0.660097 0.818906 0 0 0.758388 0 0 0.610264 0 0.802303 0 0 0 0 0.798326 0 0.594186 0 0 0 0 0 0 0 0 0 0.578254 0.861904 0 0 0 0 0 0 0 0 0.868654
0 0 0.763315 0 0 0 0 0.60587 0 0 0 0 0 0 0 0 0 0 0.680992 0 0 0 0 0 0 0.714739 0.654818 0 0 0 0 0 0.749618 0 0.713435 0.76244 0.575943 0.652136 0 0 0.791946 0 0 0.821863 0.788943 0 0.713461 0 0 0.622294 0.887372 0.750104 0 0 0.702862 0 0 0.881696 0 0 0.846142 0.731687 0 0 0 0 0 0 0 0 0 0 0 0 0.643711 0 0 0 0.674151 0.732067 0 0 0 0 0.574199 0 0 0 0 0 0 0.658394 0.763278 0 0.665316 0.799627 0 0 0 0.858905
0 0 0 0 0 0 0 0.640154 0.722415 0 0 0.613911 0 0 0 0.651269 0.647956 0 0.596141 0.661942 0 0 0.829647 0 0 0 0 0 0 0 0 0 0 0.728289 0.73802 0.671067 0 0.845905 0 0 0 0 0.787072 0 0 0.592986 0 0.883159 0 0 0.598874 0.618371 0 0.832139 0 0.657973 0.883088 0 0.887536 0 0.642129 0 0.738069 0.584288 0.592306 0 0 0 0.851776 0.822468 0.882127 0.622965 0 0.664956 0.681564 0 0 0 0.638195 0 0 0.575952 0 0 0 0.697638 0.619868 0 0 0 0 0.872162 0 0 0 0 0 0.756171 0.844694 0.805744
0.598983 0 0 0.851243 0 0.820088 0 0.780079 0 0.765561 0 0 0.6317 0 0.861602 0.805228 0 0 0 0 0 0 0 0 0 0 0 0 0 0 0 0 0.769559 0 0 0.743582 0 0.585358 0 0.676064 0 0.608206 0 0.603535 0 0.586325 0 0 0.693115 0 0.673428 0.703597 0 0 0 0.738165 0 0 0.575306 0 0.865943 0 0.860134 0 0 0 0 0.663851 0 0.850595 0 0 0.668534 0 0.705054 0 0.675568 0 0 0 0 0 0 0 0 0 0.754231 0.882942 0.747512 0 0 0 0.752023 0.865053 0.610937 0 0.824444 0 0 0.762439
0 0.706319 0 0.680389 0 0 0 0 0 0 0.785511 0 0 0.687785 0 0.646671 0.574059 0 0 0.63171 0 0 0 0 0 0 0 0.870073 0 0.749618 0 0.769559 0 0.79453 0 0 0 0 0 0 0 0.734163 0 0 0 0 0 0.88215 0 0 0 0 0 0.631523 0 0 0 0 0 0.62457 0 0.613409 0 0 0 0 0 0 0 0 0.608834 0 0 0 0 0.816411 0 0 0 0.60894 0 0 0 0 0 0 0 0 0 0 0 0 0.843141 0 0 0 0 0.679946 0.744249 0
0 0 0 0 0.648127 0.578819 0.868113 0.66883 0.800725 0.606788 0.761507 0 0 0 0 0 0 0.755577 0.649722 0 0.877524 0 0.706882 0 0.849409 0 0 0.832928 0 0 0.728289 0 0.79453 0 0 0 0.705753 0 0 0 0 0 0 0 0 0 0.583711 0 0 0 0 0 0 0 0.578291 0 0.676587 0 0 0 0 0.703386 0 0.85381 0 0 0.864215 0.680902 0.743705 0 0 0 0 0 0 0 0 0 0 0 0.622852 0 0 0.636921 0 0 0 0.683206 0 0 0 0 0 0 0 0 0 0 0 0.722736
0.819919 0 0 0 0.597088 0.646204 0 0 0 0.774971 0 0 0 0.754581 0 0 0 0 0 0.619124 0.597433 0 0.625109 0 0 0 0.804879 0 0 0.713435 0.73802 0 0 0 0 0.722116 0.66312 0 0 0 0.583434 0.606119 0 0 0 0.690127 0 0 0.774646 0.646431 0 0 0 0.679437 0 0 0 0.874326 0.589241 0.649312 0 0 0 0 0.872324 0.732835 0 0.79865 0 0.580994 0 0.72013 0 0 0 0.624183 0.714441 0.834341 0 0 0 0 0.742488 0 0 0.741496 0.88846 0.816841 0 0.58469 0.859096 0.782326 0 0.709539 0.579464 0.589247 0.75201 0.698289 0 0
0 0 0.74244 0 0 0.620417 0 0 0 0.843809 0 0.650018 0.874281 0 0 0 0 0.678702 0 0 0 0 0 0 0 0.807517 0.841007 0.734361 0.691244 0.76244 0.671067 0.743582 0 0 0.722116 0 0 0.580969 0 0.753575 0 0 0.769999 0.790134 0 0 0 0 0 0 0 0 0 0.796165 0 0 0.589934 0.880616 0 0.854886 0.733838 0.779216 0 0.818123 0 0 0 0 0 0 0 0.85692 0 0.659958 0.686328 0 0 0 0 0 0 0.801602 0 0 0.643249 0 0 0 0 0.702755 0 0 0.616466 0 0 0 0.647435 0 0 0.596022
0 0 0 0 0 0 0.611846 0.792329 0 0.69891 0 0 0 0 0.869069 0.811667 0 0 0 0 0 0.70509 0 0 0 0 0 0 0 0.575943 0 0 0 0.705753 0.66312 0 0 0.880873 0 0 0 0 0.588982 0 0.785439 0 0.88373 0 0 0 0 0 0 0 0 0.627929 0.731545 0 0 0.734088 0.654528 0 0 0.795461 0 0 0.65572 0.665095 0 0 0 0 0 0 0 0.842217 0 0 0.823368 0.742565 0.745046 0 0.605734 0.824386 0 0.597604 0 0 0.742924 0 0 0 0.720419 0 0 0 0 0.613738 0 0.727967
0 0.660174 0 0 0.729958 0 0 0 0 0.726474 0 0.735933 0 0 0 0 0.703277 0.829008 0 0 0 0 0 0 0 0 0 0.841053 0 0.652136 0.845905 0.585358 0 0 0 0.580969 0.880873 0 0.698129 0 0 0.709648 0 0 0 0 0 0 0 0 0 0.811747 0.66404 0 0 0 0.806512 0 0 0 0 0 0.890312 0 0.788695 0 0 0.825457 0 0 0.782265 0 0 0 0 0 0 0 0 0.791283 0 0.627143 0 0 0.593182 0 0 0 0 0 0 0.864308 0 0 0 0 0.781183 0.728618 0 0
0 0 0.71186 0.787655 0.637935 0.686163 0.787391 0 0 0 0.631314 0 0.606031 0 0 0 0.644191 0 0.886203 0 0 0.787616 0 0.787871 0 0 0 0 0.828584 0 0 0 0 0 0 0 0 0.698129 0 0.863986 0.863141 0 0 0 0 0 0 0.685661 0.87368 0.642951 0 0.640119 0.829788 0 0.779889 0 0 0 0.58696 0 0 0 0.682324 0 0 0 0 0 0.812034 0.759489 0 0 0 0 0 0.601071 0 0 0 0.82665 0.869577 0 0.748548 0 0 0.809225 0.583514 0 0 0 0.576263 0 0 0 0 0 0.694055 0 0.57579 0
0 0.704963 0 0.87253 0 0 0 0.838976 0 0 0 0.71178 0.620636 0 0 0 0 0 0.745099 0 0.761635 0 0 0.886367 0 0 0.753071 0 0.718088 0 0 0.676064 0 0 0 0.753575 0 0 0.863986 0 0 0.638927 0 0 0 0 0 0 0 0 0.820905 0 0.613189 0 0.630811 0 0.594076 0 0 0 0 0 0 0.769138 0 0 0.875532 0.751086 0 0 0 0 0 0.717962 0.716627 0 0 0 0 0.890102 0.723724 0 0.780989 0 0 0.761598 0.709108 0.781022 0.8474 0 0 0.86105 0 0.68665 0.599085 0 0 0.578467 0 0
0 0 0.586683 0 0 0 0 0 0 0 0 0.851296 0.848962 0 0.669392 0 0.665636 0 0 0 0.870531 0 0 0.760505 0 0 0 0 0 0.791946 0 0 0 0 0.583434 0 0 0 0.863141 0 0 0 0.773116 0 0 0 0.82203 0 0 0.599641 0 0.676992 0 0.765057 0 0 0.840584 0 0.787441 0 0 0 0.854276 0.576898 0.696317 0.86622 0.611553 0 0.73367 0 0.716298 0 0.744094 0 0 0.593465 0.634862 0.625637 0 0 0 0 0.778153 0.583858 0 0 0 0.664944 0 0.76099 0.695425 0 0 0.857039 0 0 0 0.6762 0.689739 0
0.78273 0.588984 0 0.806505 0.803073 0 0 0 0 0 0 0 0 0 0.745306 0.704576 0 0.844922 0.68228 0 0 0 0.828945 0 0 0.819058 0 0 0 0 0 0.608206 0.734163 0 0.606119 0 0 0.709648 0 0.638927 0 0 0 0 0.87969 0.747836 0 0 0 0.788145 0 0 0 0.586523 0 0.687478 0 0.605238 0 0 0 0 0 0.664391 0.650113 0.652928 0.739971 0 0.747634 0 0 0 0 0.612905 0 0 0 0.631566 0 0 0.639889 0 0.863142 0.835915 0.812759 0 0 0.582089 0 0.867437 0 0 0 0 0.867833 0 0 0 0.865234 0
0.681252 0 0 0 0.889891 0 0 0.795432 0 0 0.819754 0 0 0.837733 0.610492 0 0 0 0 0 0 0 0 0 0 0 0.820679 0 0.787709 0 0.787072 0 0 0 0 0.769999 0.588982 0 0 0 0.773116 0 0 0 0.769812 0.853304 0 0 0 0 0 0 0.843647 0 0 0.827306 0 0 0 0 0 0 0 0 0 0.628742 0 0 0 0 0 0.826682 0 0.795771 0 0 0.752174 0 0.728167 0.605633 0 0 0 0 0 0 0 0.805455 0 0 0.637427 0 0.744176 0.864939 0 0.683607 0 0.74218 0 0
0.811498 0 0 0.727916 0 0 0 0 0 0 0.766029 0.573402 0 0 0 0 0 0 0 0 0.878545 0 0.810473 0 0 0 0 0 0 0.821863 0 0.603535 0 0 0 0.790134 0 0 0 0 0 0 0 0 0 0.696465 0 0.592037 0.851938 0 0 0 0.77604 0.86931 0 0.85013 0.605963 0 0 0.704404 0 0 0.880439 0 0 0.784499 0 0 0 0 0.633624 0 0.783132 0 0 0.88892 0 0 0 0.844527 0 0 0 0.793178 0.66588 0 0.853125 0 0 0.620044 0 0 0 0 0.758476 0.649077 0 0 0 0
0 0 0.640664 0 0 0 0 0.588719 0 0 0.800975 0 0 0 0.62396 0.84606 0 0.601525 0.594466 0 0 0 0 0 0.622976 0.816724 0 0 0 0.788943 0 0 0 0 0 0 0.785439 0 0 0 0 0.87969 0.769812 0 0 0 0 0 0 0 0 0 0 0 0 0.622719 0 0.610178 0 0.770474 0.759464 0 0 0 0 0 0 0.633006 0 0 0.844757 0 0.657545 0 0 0 0 0.619296 0 0 0.850002 0 0 0 0.716476 0 0 0.588284 0 0 0 0.67962 0 0.766118 0 0.703641 0 0 0 0.878367
0 0 0 0 0 0.646965 0 0 0 0 0 0 0 0.665271 0 0 0.71213 0.701237 0 0 0 0.880634 0.736237 0 0 0 0 0.74032 0 0 0.592986 0.586325 0 0 0.690127 0 0 0 0 0 0 0.747836 0.853304 0.696465 0 0 0 0 0 0 0 0 0 0 0 0 0.763339 0 0 0.740007 0 0 0.823617 0.865365 0 0 0 0 0.673928 0 0 0 0 0.655205 0 0 0 0.856696 0 0 0 0 0 0 0.801194 0 0.791794 0.61452 0.835919 0 0 0 0 0 0 0 0.609453 0 0 0
0.821956 0.650078 0.702366 0 0 0 0 0.726352 0 0 0.734891 0.796625 0.831308 0.884588 0 0 0 0 0 0 0 0 0 0 0 0 0 0 0 0.713461 0 0 0 0.583711 0 0 0.88373 0 0 0 0.82203 0 0 0 0 0 0 0.635229 0 0 0.864025 0.673266 0 0 0 0 0 0 0 0 0 0.640573 0 0 0 0 0 0 0 0 0.848624 0 0 0 0 0.589884 0 0 0 0 0 0.581712 0 0 0 0 0 0.855367 0.794136 0 0 0 0 0 0 0 0 0 0 0
0.666736 0 0 0 0.776999 0 0 0 0 0.712902 0 0.665141 0 0.698876 0.874467 0 0 0.849703 0 0 0 0 0 0 0 0 0.730433 0 0.654453 0 0.883159 0 0.88215 0 0 0 0 0 0.685661 0 0 0 0 0.592037 0 0 0.635229 0 0 0 0 0 0 0 0 0 0.633057 0 0 0 0 0.684417 0 0 0 0 0 0.611664 0 0.842692 0 0.82337 0.585755 0.647586 0 0.785347 0.867954 0 0 0.812127 0 0.613077 0.892269 0 0.639743 0 0 0.668844 0.669437 0 0.761457 0.685568 0 0 0 0 0.626055 0.836214 0 0
0 0 0.775257 0 0 0 0 0 0.689344 0 0 0.719166 0.594382 0.638788 0.801798 0 0 0.880928 0 0 0.785613 0 0 0.807949 0 0.611954 0 0 0 0 0 0.693115 0 0 0.774646 0 0 0 0.87368 0 0 0 0 0.851938 0 0 0 0 0 0.885671 0 0 0 0 0 0.680584 0 0 0.831919 0 0 0.733382 0 0 0.818361 0 0.842651 0 0.600337 0 0 0 0 0.760247 0 0 0 0 0.767202 0 0 0 0 0 0.727204 0 0.890935 0 0 0 0.843197 0.779646 0 0 0.793066 0.88607 0 0 0 0
0.801091 0.63186 0.741986 0.743511 0 0.881002 0 0.687611 0 0 0.689942 0 0 0 0.748256 0.689665 0.697852 0 0.692571 0 0 0 0 0 0 0 0 0 0 0.622294 0 0 0 0 0.646431 0 0 0 0.642951 0 0.599641 0.788145 0 0 0 0 0 0 0.885671 0 0 0 0 0 0 0.778552 0.859267 0.856958 0 0 0 0 0 0 0 0.718021 0.854263 0 0 0.677485 0 0 0.838911 0 0 0 0 0 0 0 0 0.761756 0.84992 0 0 0 0 0.700524 0 0 0 0 0.750111 0 0.837886 0 0 0 0 0
0.865938 0 0 0.852039 0 0 0 0 0.803382 0 0 0.789141 0 0 0 0 0 0 0 0 0 0 0 0 0 0.631841 0 0.596347 0 0.887372 0.598874 0.673428 0 0 0 0 0 0 0 0.820905 0 0 0 0 0 0 0.864025 0 0 0 0 0 0 0 0 0 0 0 0 0 0 0 0.719608 0 0 0.682389 0 0 0 0.646374 0 0 0 0.77745 0.695209 0 0 0.832842 0 0.804779 0.587203 0.762622 0.672955 0.679986 0.701669 0 0 0 0 0 0.659166 0.604935 0 0.686616 0 0 0 0 0 0
0.838358 0 0 0 0.814292 0 0 0 0 0.614793 0 0 0 0 0 0 0.888804 0 0 0 0.780271 0 0 0 0 0 0 0.652495 0.871093 0.750104 0.618371 0.703597 0 0 0 0 0 0.811747 0.640119 0 0.676992 0 0 0 0 0 0.673266 0 0 0 0 0 0.784421 0.839394 0 0 0 0 0.601143 0 0 0.856445 0.732878 0.748593 0 0 0.794281 0.824185 0 0 0 0.720107 0 0 0 0 0 0.801631 0 0 0 0 0 0 0.83177 0.82457 0.576713 0 0 0.834731 0 0 0 0 0.708923 0 0 0.87111 0.609563 0
0 0.651953 0 0.823451 0 0.68868 0 0 0 0 0.864641 0 0 0.843576 0.623991 0 0.664729 0 0 0 0 0 0 0 0 0 0 0.85839 0 0 0 0 0 0 0 0 0 0.66404 0.829788 0.613189 0 0 0.843647 0.77604 0 0 0 0 0 0 0 0.784421 0 0 0 0.853354 0 0.846145 0 0 0 0 0 0 0.865201 0 0 0 0.728979 0 0 0 0 0 0 0.813737 0 0 0 0 0 0.879461 0 0.720468 0 0 0 0.616568 0 0 0.62885 0 0 0.727581 0 0 0.629904 0 0.850255 0
0 0 0 0 0.779643 0 0 0.663077 0 0 0 0 0 0.728259 0.780637 0.83747 0 0.85449 0 0.779565 0.67185 0 0 0 0 0.856835 0.776981 0 0 0 0.832139 0 0.631523 0 0.679437 0.796165 0 0 0 0 0.765057 0.586523 0 0.86931 0 0 0 0 0 0 0 0.839394 0 0 0 0 0 0.870756 0 0 0 0 0 0.750515 0.636503 0 0 0 0 0.604954 0 0.703706 0 0 0 0 0 0.644937 0 0 0 0 0.771259 0 0 0.747469 0 0 0.696567 0 0 0 0.692432 0 0 0 0 0 0 0
0 0 0 0 0 0 0.732865 0.795653 0 0 0 0 0 0.790429 0 0 0.583892 0 0.841461 0 0 0 0 0 0 0 0 0 0.720928 0.702862 0 0 0 0.578291 0 0 0 0 0.779889 0.630811 0 0 0 0 0 0 0 0 0 0 0 0 0 0 0 0 0.639873 0 0 0 0 0.738487 0 0 0 0 0 0 0.646144 0.787137 0 0.718959 0.660268 0.767544 0 0 0 0.835312 0 0 0 0 0 0 0 0.588688 0 0 0 0.862493 0 0 0 0.692278 0.630519 0 0.820436 0 0 0.651359
0 0.853233 0 0 0 0.575705 0 0.662219 0.689185 0.745173 0 0.762837 0 0.768781 0 0.725508 0 0.785493 0 0.663384 0.847726 0 0 0 0 0 0 0 0 0 0.657973 0.738165 0 0 0 0 0.627929 0 0 0 0 0.687478 0.827306 0.85013 0.622719 0 0 0 0.680584 0.778552 0 0 0.853354 0 0 0 0.754119 0 0.63423 0 0.857302 0 0 0 0 0 0 0 0.760535 0 0 0 0.723461 0 0.647857 0 0.661759 0 0 0.856616 0 0 0 0 0 0 0 0.588029 0 0 0.802562 0 0.889216 0 0.600559 0 0 0 0 0
0 0 0 0 0.625486 0 0.826278 0 0 0 0 0 0.582388 0 0 0 0 0 0 0 0.788844 0 0 0 0 0 0 0 0 0 0.883088 0 0 0.676587 0 0.589934 0.731545 0.806512 0 0.594076 0.840584 0 0 0.605963 0 0.763339 0 0.633057 0 0.859267 0 0 0 0 0.639873 0.754119 0 0 0 0 0 0 0 0 0 0.872084 0.867393 0 0 0 0.78082 0.842858 0 0 0 0 0 0.577833 0.861886 0.867814 0 0 0.832064 0 0 0.793552 0.802462 0 0.875607 0 0 0 0 0.697237 0 0 0 0 0.756406 0
0 0.668453 0 0 0 0.840828 0 0 0 0.761119 0.575278 0 0 0.763717 0 0 0 0 0.853589 0.651892 0 0.778049 0 0.851921 0.739083 0 0.756265 0.87224 0 0.881696 0 0 0 0 0.874326 0.880616 0 0 0 0 0 0.605238 0 0 0.610178 0 0 0 0 0.856958 0 0 0.846145 0.870756 0 0 0 0 0.731961 0.671207 0.876114 0 0 0 0 0 0 0 0 0.614781 0 0 0 0 0.870194 0 0.836323 0 0.741596 0 0 0 0 0 0.7068 0 0 0 0 0.830772 0 0.724826 0 0 0 0.763252 0 0 0.591117 0
0.597333 0 0 0 0 0.612084 0.862487 0 0.799812 0.862048 0.737885 0.873211 0 0 0.873612 0.640527 0 0 0.672953 0 0.731394 0 0 0 0 0 0 0 0 0 0.887536 0.575306 0 0 0.589241 0 0 0 0.58696 0 0.787441 0 0 0 0 0 0 0 0.831919 0 0 0.601143 0 0 0 0.63423 0 0.731961 0 0 0 0 0 0.838537 0 0.731288 0 0 0 0.595082 0 0 0 0 0 0.759733 0 0.869988 0 0.865803 0 0 0 0.781841 0.724578 0.792172 0 0 0.846526 0 0 0.890445 0 0 0 0 0 0.617566 0.585102 0
0.678327 0 0 0 0.735414 0 0 0.831063 0 0.821159 0 0 0 0.836651 0 0 0.777553 0 0 0.593773 0.635445 0 0 0 0.614729 0 0.614357 0 0.812001 0 0 0 0.62457 0 0.649312 0.854886 0.734088 0 0 0 0 0 0 0.704404 0.770474 0.740007 0 0 0 0 0 0 0 0 0 0 0 0.671207 0 0 0 0 0 0 0 0.580532 0 0 0 0.690735 0 0 0 0.804467 0.694389 0.62775 0.730541 0 0.611268 0.837546 0 0 0 0 0 0.84192 0 0.685718 0 0 0 0 0 0 0.691534 0 0 0 0.891441 0
0 0 0.663373 0 0 0 0 0 0 0 0 0 0 0.587751 0.841902 0 0 0 0.76776 0 0 0.860602 0.59283 0 0 0.736313 0 0 0 0.846142 0.642129 0.865943 0 0 0 0.733838 0.654528 0 0 0 0 0 0 0 0.759464 0 0 0 0 0 0 0 0 0 0 0.857302 0 0.876114 0 0 0 0.788068 0 0 0.677886 0 0 0 0 0 0.750813 0 0 0 0.790166 0 0 0.696135 0.875502 0 0 0.745209 0 0 0 0 0 0.855256 0 0 0 0 0.872055 0 0 0 0 0 0.625226 0
0 0 0 0 0 0.756811 0 0.807005 0 0.858767 0 0 0.775594 0.806556 0.790315 0 0.885475 0 0 0 0.834853 0 0 0.722089 0 0 0 0 0 0.731687 0 0 0.613409 0.703386 0 0.779216 0 0 0 0 0 0 0 0 0 0 0.640573 0.684417 0.733382 0 0 0.856445 0 0 0.738487 0 0 0 0 0 0.788068 0 0 0 0 0 0 0 0.636134 0.860915 0 0 0 0 0 0 0 0 0.591172 0 0 0 0 0.689806 0.675623 0 0 0.685959 0.725873 0 0.774463 0.791489 0 0 0 0.62045 0.705589 0.71411 0.721177 0.696888
0.807453 0 0 0 0 0.735398 0 0.801608 0.660671 0 0 0 0.772835 0 0.724383 0 0 0 0 0.795629 0 0 0.799544 0 0 0 0.654428 0 0.780024 0 0.738069 0.860134 0 0 0 0 0 0.890312 0.682324 0 0.854276 0 0 0.880439 0 0.823617 0 0 0 0 0.719608 0.732878 0 0 0 0 0 0 0 0 0 0 0 0.759433 0 0.744443 0.634464 0.797707 0 0 0 0 0.876252 0 0.613923 0 0 0 0 0.652756 0 0 0 0 0.772477 0 0 0 0.63767 0 0 0 0 0.706141 0 0 0.867074 0 0 0.750794
0 0 0 0 0.798362 0 0 0.707559 0 0 0 0 0.727272 0 0 0 0 0.656564 0.750303 0 0.749233 0 0 0.891819 0.711321 0 0.825869 0 0.660097 0 0.584288 0 0 0.85381 0 0.818123 0.795461 0 0 0.769138 0.576898 0.664391 0 0 0 0.865365 0 0 0 0 0 0.748593 0 0.750515 0 0 0 0 0.838537 0 0 0 0.759433 0 0 0 0 0.806633 0 0 0 0 0 0 0 0 0 0.733625 0 0 0 0 0 0 0 0 0 0 0 0 0 0 0 0 0 0 0 0 0.689091 0.749671
0 0 0 0.800597 0.794089 0.757107 0 0 0 0.884662 0 0 0 0 0.716014 0.864637 0 0 0 0 0 0.668604 0.73758 0.680541 0 0 0 0.70332 0.818906 0 0.592306 0 0 0 0.872324 0 0 0.788695 0 0 0.696317 0.650113 0 0 0 0 0 0 0.818361 0 0 0 0.865201 0.636503 0 0 0 0 0 0 0.677886 0 0 0 0 0 0 0.851865 0 0.643329 0.870413 0.737629 0 0 0.725801 0 0 0 0 0 0.80486 0.634359 0 0.637049 0.638301 0.814231 0 0.582695 0 0 0 0 0 0 0 0 0 0.794286 0.749618 0
0 0 0 0.870481 0.578474 0 0 0.816867 0 0 0.735783 0 0 0 0 0.749786 0 0.873099 0 0.780217 0.646588 0 0 0 0 0 0.837 0.870088 0 0 0 0 0 0 0.732835 0 0 0 0 0 0.86622 0.652928 0.628742 0.784499 0 0 0 0 0 0.718021 0.682389 0 0 0 0 0 0.872084 0 0.731288 0.580532 0 0 0.744443 0 0 0 0 0 0 0 0 0 0 0.594252 0 0 0 0 0.781138 0 0 0.78749 0.891097 0.832041 0 0 0 0 0 0.814422 0 0 0 0.829636 0.706773 0.737064 0 0 0 0.657094
0.573994 0 0 0 0 0.742853 0 0 0 0 0 0.755618 0 0.741094 0 0.693097 0.839263 0 0 0 0 0 0.577319 0.657906 0 0.804578 0 0 0 0 0 0 0 0.864215 0 0 0.65572 0 0 0.875532 0.611553 0.739971 0 0 0 0 0 0 0.842651 0.854263 0 0.794281 0 0 0 0 0.867393 0 0 0 0 0 0.634464 0 0 0 0 0.623911 0 0.658127 0 0.712592 0 0 0 0 0 0 0.681651 0 0 0.860787 0.605222 0 0 0.715775 0 0.685325 0 0 0.675601 0.751455 0 0 0.696604 0 0 0 0 0
0 0.808076 0.845699 0.768609 0 0 0.874602 0.735311 0 0 0.667624 0 0.697192 0 0 0.789213 0.728939 0 0 0 0.81533 0 0.839029 0.886333 0 0.668844 0 0 0.758388 0 0 0.663851 0 0.680902 0.79865 0 0.665095 0.825457 0 0.751086 0 0 0 0 0.633006 0 0 0.611664 0 0 0 0.824185 0 0 0 0 0 0 0 0 0 0 0.797707 0.806633 0.851865 0 0.623911 0 0 0 0.757945 0 0.760997 0.809704 0 0.68034 0 0.656022 0 0.686396 0 0 0 0 0 0.728628 0 0 0 0.776379 0.780504 0 0 0.700459 0 0 0 0 0 0.870718
0 0.590724 0 0.720838 0 0 0 0 0 0 0 0 0 0.815948 0.880747 0.881999 0 0.880298 0 0 0.779974 0 0.779466 0.629278 0 0 0 0 0 0 0.851776 0 0 0.743705 0 0 0 0 0.812034 0 0.73367 0.747634 0 0 0 0.673928 0 0 0.600337 0 0 0 0.728979 0 0.646144 0.760535 0 0 0 0 0 0.636134 0 0 0 0 0 0 0 0.660593 0 0 0 0.618288 0 0 0.726373 0 0.608918 0 0 0.574311 0 0.716239 0.661838 0 0 0 0 0 0 0 0.689058 0 0 0.818253 0 0 0 0.576944
0 0.876256 0.866052 0.625694 0.605594 0 0.799586 0 0 0 0.647609 0 0 0 0.744779 0 0 0 0.596072 0 0 0 0.891781 0 0 0 0.853557 0 0 0 0.822468 0.850595 0 0 0.580994 0 0 0 0.759489 0 0 0 0 0 0 0 0 0.842692 0 0.677485 0.646374 0 0 0.604954 0.787137 0 0 0.614781 0.595082 0.690735 0 0.860915 0 0 0.643329 0 0.658127 0 0.660593 0 0 0 0 0.790133 0 0 0.678082 0 0.674989 0 0 0 0 0 0 0 0.768548 0.719894 0 0 0.655075 0 0 0 0 0 0 0.672119 0 0
0 0 0 0 0 0 0.744127 0 0.61031 0 0 0.63931 0.610549 0 0 0.79701 0.81189 0 0 0 0.695817 0 0.784713 0 0.650222 0 0 0 0.610264 0 0.882127 0 0.608834 0 0 0 0 0.782265 0 0 0.716298 0 0 0.633624 0.844757 0 0.848624 0 0 0 0 0 0 0 0 0 0.78082 0 0 0 0.750813 0 0 0 0.870413 0 0 0.757945 0 0 0 0 0 0.844756 0.580988 0 0 0 0.641635 0.673396 0 0 0.650255 0 0.659821 0 0.675317 0 0 0.818578 0 0.638221 0.623714 0 0.643479 0 0.86019 0.803153 0.641667 0.818216
0 0.770519 0 0 0 0 0.841712 0 0.889642 0 0 0 0 0 0.80501 0 0 0 0.694316 0 0 0 0 0 0 0 0 0.762348 0 0 0.622965 0 0 0 0.72013 0.85692 0 0 0 0 0 0 0.826682 0 0 0 0 0.82337 0 0 0 0.720107 0 0.703706 0.718959 0 0.842858 0 0 0 0 0 0 0 0.737629 0 0.712592 0 0 0 0 0 0.649627 0 0 0 0 0 0.613205 0.64669 0.806012 0 0 0 0.67463 0 0 0 0 0.681663 0.777151 0 0 0.612661 0 0 0 0 0.732397 0.686635
0 0 0 0 0.802869 0.650316 0.726271 0 0 0 0.789559 0 0 0 0.881348 0.629365 0.652585 0.823498 0.671517 0 0 0.865168 0 0 0 0 0.708915 0.820721 0.802303 0 0 0.668534 0 0 0 0 0 0 0 0 0.744094 0 0 0.783132 0.657545 0 0 0.585755 0 0.838911 0 0 0 0 0.660268 0.723461 0 0 0 0 0 0 0.876252 0 0 0 0 0.760997 0 0 0 0.649627 0 0.826721 0 0 0 0 0 0 0 0 0 0 0.802888 0 0 0.693661 0 0 0.713119 0 0 0 0 0.582051 0.827829 0 0 0
0 0 0.887068 0.890998 0 0.720361 0 0 0 0 0 0 0 0 0 0.60667 0 0 0 0.684006 0 0 0 0 0 0 0 0 0 0 0.664956 0 0 0 0 0.659958 0 0 0 0.717962 0 0.612905 0.795771 0 0 0.655205 0 0.647586 0.760247 0 0.77745 0 0 0 0.767544 0 0 0 0 0.804467 0 0 0 0 0 0.594252 0 0.809704 0.618288 0.790133 0.844756 0 0.826721 0 0.769094 0 0.748115 0 0.785327 0.714269 0.702903 0 0.618508 0.787313 0 0 0 0 0 0 0 0 0.839396 0 0.784668 0 0 0 0 0
0 0 0.820422 0.692798 0 0 0 0 0.86869 0.656655 0 0 0.796376 0 0 0 0 0 0.608511 0 0.730759 0 0 0.738665 0 0 0 0.581467 0 0.643711 0.681564 0.705054 0 0 0 0.686328 0 0 0 0.716627 0 0 0 0 0 0 0 0 0 0 0.695209 0 0 0 0 0.647857 0 0.870194 0 0.694389 0.790166 0 0.613923 0 0.725801 0 0 0 0 0 0.580988 0 0 0.769094 0 0 0 0 0.722156 0 0.796491 0.619015 0 0 0 0.702568 0 0.812238 0 0 0.830643 0.864522 0.789208 0.659255 0 0 0 0.640679 0 0.597207
0.778662 0 0.782954 0 0.855081 0 0 0 0 0 0 0 0 0.659131 0.858302 0 0 0 0.848135 0 0 0 0.820609 0 0 0 0.593429 0.745374 0 0 0 0 0.816411 0 0.624183 0 0.842217 0 0.601071 0 0.593465 0 0 0.88892 0 0 0.589884 0.785347 0 0 0 0 0.813737 0 0 0 0 0 0.759733 0.62775 0 0 0 0 0 0 0 0.68034 0 0 0 0 0 0 0 0 0.742844 0 0 0 0 0 0 0 0.801166 0 0 0 0.774497 0.743362 0 0 0.588169 0 0.880725 0 0 0.593433 0 0.83834
0 0 0 0.619136 0 0.786457 0.582371 0 0.846117 0 0 0 0 0 0 0 0 0 0.828168 0 0 0 0.875281 0 0 0.761074 0 0.629632 0 0 0 0.675568 0 0 0.714441 0 0 0 0 0 0.634862 0 0.752174 0 0 0 0 0.867954 0 0 0 0 0 0 0 0.661759 0 0.836323 0 0.730541 0 0 0 0 0 0 0 0 0.726373 0.678082 0 0 0 0.748115 0 0.742844 0 0 0 0.76084 0 0.633308 0 0.582994 0 0 0 0.80546 0.619857 0 0 0.756687 0 0 0 0 0 0.61329 0.663529 0
0 0.646097 0.589309 0 0 0 0 0 0.823558 0 0.613029 0 0 0 0 0 0 0.706755 0.681037 0.5827 0 0.860358 0 0.885491 0 0 0 0 0.798326 0 0 0 0 0 0.834341 0 0 0 0 0 0.625637 0.631566 0 0 0.619296 0.856696 0 0 0 0 0.832842 0.801631 0 0.644937 0.835312 0 0.577833 0 0.869988 0 0.696135 0 0 0.733625 0 0 0 0.656022 0 0 0 0 0 0 0 0 0 0 0.860222 0 0.751847 0.731374 0 0 0 0 0 0 0 0 0 0 0 0.601757 0.615059 0 0 0.59844 0 0.75323
0.672523 0.862571 0 0.58105 0 0 0.799575 0 0 0 0 0.775167 0 0 0 0 0 0.710915 0 0 0 0 0 0 0 0 0 0 0 0.674151 0.638195 0 0 0 0 0 0.823368 0 0 0 0 0 0.728167 0 0 0 0 0 0.767202 0 0 0 0 0 0 0 0.861886 0.741596 0 0.611268 0.875502 0.591172 0 0 0 0.781138 0.681651 0 0.608918 0.674989 0.641635 0.613205 0 0.785327 0.722156 0 0 0.860222 0 0 0.600595 0.759279 0.580778 0 0 0 0 0 0.763424 0.588103 0 0.760592 0.635085 0 0 0 0 0.771869 0 0
0.707333 0 0 0.737564 0.681799 0 0.677617 0 0.668277 0 0 0 0 0.657579 0 0.865631 0 0 0.757109 0.688471 0 0 0.611273 0 0.750876 0 0.610457 0 0.594186 0.732067 0 0 0.60894 0 0 0 0.742565 0.791283 0.82665 0.890102 0 0 0.605633 0.844527 0 0 0 0.812127 0 0 0.804779 0 0 0 0 0.856616 0.867814 0 0.865803 0.837546 0 0 0.652756 0 0 0 0 0.686396 0 0 0.673396 0.64669 0 0.714269 0 0 0.76084 0 0 0 0.62833 0 0 0 0 0 0 0 0 0 0.621886 0.836791 0 0.642293 0 0 0 0.57956 0 0
0 0 0.881841 0.654235 0 0 0 0.681834 0.780226 0 0.741385 0 0 0.620572 0 0.821711 0 0.832925 0 0 0 0 0.697575 0.683353 0 0 0.671687 0 0 0 0 0 0 0.622852 0 0 0.745046 0 0.869577 0.723724 0 0.639889 0 0 0.850002 0 0 0 0 0 0.587203 0 0 0 0 0 0 0 0 0 0 0 0 0 0.80486 0 0 0 0 0 0 0.806012 0 0.702903 0.796491 0 0 0.751847 0.600595 0.62833 0 0 0.872683 0 0.679803 0 0 0 0 0 0.699306 0.674426 0 0 0 0 0.862151 0 0 0
0 0 0.755964 0 0 0 0 0.809258 0.748099 0 0 0 0 0 0 0.717358 0.875788 0 0 0 0.855593 0.746669 0 0 0 0 0.65127 0 0 0 0.575952 0 0 0 0 0.801602 0 0.627143 0 0 0 0 0 0 0 0 0.581712 0.613077 0 0.761756 0.762622 0 0.879461 0 0 0 0 0 0 0 0.745209 0 0 0 0.634359 0.78749 0.860787 0 0.574311 0 0 0 0 0 0.619015 0 0.633308 0.731374 0.759279 0 0 0 0 0.755977 0 0 0 0.777609 0.660626 0.672858 0.706587 0 0.851058 0.60605 0.658106 0 0 0 0 0
0 0 0 0 0 0 0 0.77392 0 0 0 0.833822 0 0.60974 0 0 0 0 0 0.755236 0.870119 0.78007 0 0 0 0 0 0.587604 0 0 0 0 0 0 0.742488 0 0.605734 0 0.748548 0.780989 0.778153 0.863142 0 0 0 0 0 0.892269 0 0.84992 0.672955 0 0 0.771259 0 0 0.832064 0 0 0 0 0 0 0 0 0.891097 0.605222 0 0 0 0.650255 0 0 0.618508 0 0 0 0 0.580778 0 0.872683 0 0 0 0 0 0 0.656135 0 0 0 0 0 0 0 0.62098 0 0.816245 0 0
0 0.700872 0.614782 0.790793 0 0 0 0 0.679956 0.861643 0 0.640547 0 0 0 0 0.752063 0 0 0 0 0.842459 0 0 0 0 0 0.602428 0 0 0 0 0 0.636921 0 0 0.824386 0 0 0 0.583858 0.835915 0 0.793178 0 0 0 0 0 0 0.679986 0 0.720468 0 0 0 0 0 0.781841 0 0 0.689806 0 0 0.637049 0.832041 0 0 0.716239 0 0 0 0 0.787313 0 0 0.582994 0 0 0 0 0.755977 0 0 0 0 0.674416 0.76086 0 0 0.793721 0.868861 0.660867 0 0 0.667849 0 0 0 0
0 0 0.60359 0 0 0.590753 0 0.735473 0 0.828943 0.604228 0 0.789497 0.769798 0 0.804915 0.619705 0.835856 0.668078 0 0.821947 0.677626 0.639157 0 0 0 0 0.852818 0 0.574199 0 0 0 0 0 0.643249 0 0.593182 0 0 0 0.812759 0 0.66588 0.716476 0.801194 0 0.639743 0.727204 0 0.701669 0.83177 0 0 0 0 0 0.7068 0.724578 0 0 0.675623 0.772477 0 0.638301 0 0 0 0.661838 0 0.659821 0.67463 0.802888 0 0 0.801166 0 0 0 0 0.679803 0 0 0 0 0 0.811361 0.743283 0.813759 0 0.880562 0.772118 0 0 0 0.863778 0 0 0.705004 0
0.776258 0.785787 0.858118 0.834804 0 0.747094 0 0 0.752721 0 0.645922 0 0.616498 0 0.604681 0.819062 0 0 0 0.637236 0 0.669042 0.888567 0 0 0 0.807493 0 0 0 0.697638 0 0 0 0.741496 0 0.597604 0 0.809225 0.761598 0 0 0 0 0 0 0 0 0 0 0 0.82457 0 0.747469 0.588688 0 0.793552 0 0.792172 0.84192 0 0 0 0 0.814231 0 0.715775 0.728628 0 0 0 0 0 0 0.702568 0 0 0 0 0 0 0 0 0 0 0 0 0 0.758967 0 0 0 0.75737 0 0.786643 0 0 0 0.599872 0
0 0 0 0 0 0 0.759514 0 0.883892 0 0 0 0.646413 0 0.780111 0 0 0 0 0 0.613202 0 0 0.879112 0 0 0 0 0 0 0.619868 0.754231 0 0 0.88846 0 0 0 0.583514 0.709108 0 0 0 0.853125 0 0.791794 0 0 0.890935 0 0 0.576713 0 0 0 0 0.802462 0 0 0 0 0 0 0 0 0 0 0 0 0.768548 0.675317 0 0 0 0 0 0 0 0 0 0 0 0 0.674416 0.811361 0 0 0.674758 0.704626 0 0 0 0.642444 0 0 0 0.889865 0.783973 0.721622 0
0.721252 0 0 0.577004 0 0.842245 0.866623 0 0 0 0 0 0 0 0 0 0.644629 0 0 0 0 0.762116 0 0 0 0 0 0.742443 0 0 0 0.882942 0 0.683206 0.816841 0 0 0 0 0.781022 0.664944 0.582089 0.805455 0 0.588284 0.61452 0.855367 0.668844 0 0.700524 0 0 0.616568 0 0 0.588029 0 0 0 0.685718 0.855256 0.685959 0 0 0.582695 0 0.685325 0 0 0.719894 0 0 0.693661 0 0.812238 0 0.80546 0 0 0 0 0.777609 0.656135 0.76086 0.743283 0 0.674758 0 0 0 0 0 0 0.856688 0.871404 0.770132 0 0 0 0.607469
0 0.818427 0 0.715982 0 0.720249 0 0 0.816956 0 0 0.763848 0 0.576244 0.606509 0 0 0.736 0.58312 0 0 0.693855 0 0 0 0.707637 0.727321 0 0 0 0 0.747512 0 0 0 0 0.742924 0 0 0.8474 0 0 0 0 0 0.835919 0.794136 0.669437 0 0 0 0 0 0.696567 0 0 0.875607 0 0.846526 0 0 0.725873 0.63767 0 0 0 0 0 0 0 0 0 0 0 0 0.774497 0.619857 0 0.763424 0 0 0.660626 0 0 0.813759 0.758967 0.704626 0 0 0 0.725506 0 0.887728 0 0.846561 0.716057 0 0.795026 0 0
0 0.850356 0.860672 0.671339 0.663669 0.706626 0 0 0.675495 0 0.873422 0.75941 0 0 0 0 0 0.860386 0 0.719807 0 0 0 0 0 0.628103 0 0 0.578254 0 0 0 0 0 0.58469 0.702755 0 0 0 0 0.76099 0.867437 0 0.620044 0 0 0 0 0 0 0 0.834731 0 0 0.862493 0 0 0.830772 0 0 0 0 0 0 0 0.814422 0 0.776379 0 0 0.818578 0.681663 0 0 0 0.743362 0 0 0.588103 0 0 0.672858 0 0 0 0 0 0 0 0 0.768062 0.776266 0.577358 0 0.643604 0 0 0.642219 0 0
0.740384 0 0 0 0 0.665677 0 0.885198 0 0 0.828617 0 0.651695 0 0.685022 0 0.647607 0 0.671069 0 0 0 0 0.689526 0 0 0.672327 0 0.861904 0 0 0 0 0 0.859096 0 0 0 0.576263 0 0.695425 0 0.637427 0 0 0 0 0.761457 0.843197 0 0.659166 0 0.62885 0 0 0.802562 0 0 0 0 0 0.774463 0 0 0 0 0.675601 0.780504 0 0.655075 0 0.777151 0.713119 0 0.830643 0 0 0 0 0.621886 0.699306 0.706587 0 0.793721 0.880562 0 0 0 0.725506 0.768062 0 0.675629 0 0.697766 0 0 0 0.697418 0 0
0 0.739304 0 0 0 0 0 0 0 0 0 0 0.79145 0 0.642415 0.854182 0 0.88713 0 0 0 0 0 0 0.674467 0.761038 0 0 0 0.658394 0.872162 0 0 0 0.782326 0 0 0.864308 0 0.86105 0 0 0 0 0.67962 0 0 0.685568 0.779646 0 0.604935 0 0 0 0 0 0 0.724826 0.890445 0 0 0.791489 0 0 0 0 0.751455 0 0 0 0.638221 0 0 0 0.864522 0 0.756687 0 0.760592 0.836791 0.674426 0 0 0.868861 0.772118 0 0 0 0 0.776266 0.675629 0 0 0 0 0 0 0 0 0.864385
0.831577 0 0 0.716018 0 0 0 0 0 0.879386 0.615299 0.58475 0 0.889802 0.762813 0 0.623482 0 0.716594 0.650042 0 0 0.850838 0 0 0 0 0 0 0.763278 0 0.752023 0.843141 0 0 0.616466 0.720419 0 0 0 0 0 0.744176 0 0 0 0 0 0 0.750111 0 0 0 0.692432 0 0.889216 0 0 0 0 0.872055 0 0 0 0 0 0 0 0.689058 0 0.623714 0 0 0.839396 0.789208 0.588169 0 0 0.635085 0 0 0.851058 0 0.660867 0 0.75737 0.642444 0 0.887728 0.577358 0 0 0 0 0 0 0.823255 0 0.614869 0
0 0 0.813297 0.723679 0.840455 0 0 0.613846 0 0 0 0 0 0 0 0.856676 0.593571 0.659143 0 0.657352 0.698091 0 0.590439 0 0.691502 0 0.720639 0.856528 0 0 0 0.865053 0 0 0.709539 0 0 0 0 0.68665 0.857039 0 0.864939 0 0.766118 0 0 0 0 0 0.686616 0 0.727581 0 0.692278 0 0.697237 0 0 0 0 0 0.706141 0 0 0.829636 0 0.700459 0 0 0 0.612661 0 0 0.659255 0 0 0.601757 0 0.642293 0 0.60605 0 0 0 0 0 0.856688 0 0 0.697766 0 0 0 0 0.826355 0.637631 0.754612 0.767006 0
0.74991 0 0.800247 0 0 0 0 0 0.629674 0.687443 0 0 0 0 0.719687 0.865722 0.70784 0 0.868931 0 0.774685 0 0 0 0.874668 0 0 0.789793 0 0.665316 0 0.610937 0 0 0.579464 0 0 0 0 0.599085 0 0.867833 0 0.758476 0 0 0 0 0.793066 0.837886 0 0.708923 0 0 0.630519 0.600559 0 0 0 0.691534 0 0 0 0 0 0.706773 0.696604 0 0 0 0.643479 0 0 0.784668 0 0.880725 0 0.615059 0 0 0 0.658106 0 0 0 0.786643 0 0.871404 0.846561 0.643604 0 0 0 0 0 0 0 0 0 0.777867
0 0 0.780258 0.720554 0 0.756079 0 0.841904 0 0 0.578093 0 0.803618 0 0 0 0 0 0.738016 0 0 0 0.753034 0 0 0.843579 0.576304 0 0 0.799627 0 0 0 0 0.589247 0 0 0 0 0 0 0 0.683607 0.649077 0.703641 0 0 0 0.88607 0 0 0 0 0 0 0 0 0.763252 0 0 0 0.62045 0 0 0 0.737064 0 0 0.818253 0 0 0 0.582051 0 0 0 0 0 0 0 0 0 0.62098 0.667849 0.863778 0 0 0.770132 0.716057 0 0 0 0 0.826355 0 0 0 0.706851 0 0
0.887745 0 0.851135 0 0 0 0 0 0 0.854093 0.87851 0 0 0.829223 0 0 0 0 0.63692 0.813034 0 0 0 0.677229 0 0.716055 0 0 0 0 0 0.824444 0 0 0.75201 0.647435 0 0.781183 0.694055 0 0 0 0 0 0 0.609453 0 0.626055 0 0 0 0 0.629904 0 0.820436 0 0 0 0 0 0 0.705589 0.867074 0 0 0 0 0 0 0 0.86019 0 0.827829 0 0 0 0 0 0 0 0.862151 0 0 0 0 0 0.889865 0 0 0 0 0 0.823255 0.637631 0 0 0 0.725716 0 0
0 0 0.89205 0.811352 0 0 0 0 0.613866 0 0.615748 0 0.763174 0 0.688873 0.640036 0 0 0.651432 0.784041 0 0 0.765601 0 0 0 0.776549 0 0 0 0.756171 0 0.679946 0 0.698289 0 0.613738 0.728618 0 0.578467 0.6762 0 0.74218 0 0 0 0 0.836214 0 0 0 0.87111 0 0 0 0 0 0 0.617566 0 0 0.71411 0 0 0.794286 0 0 0 0 0.672119 0.803153 0 0 0 0.640679 0.593433 0.61329 0.59844 0.771869 0.57956 0 0 0.816245 0 0 0 0.783973 0 0.795026 0.642219 0.697418 0 0 0.754612 0 0.706851 0.725716 0 0.873775 0
0 0 0.61368 0 0 0 0 0 0 0 0.584319 0 0.823386 0 0 0 0.620589 0 0 0.739055 0 0 0 0 0.746627 0 0.756727 0 0 0 0.844694 0 0.744249 0 0 0 0 0 0.57579 0 0.689739 0.865234 0 0 0 0 0 0 0 0 0 0.609563 0.850255 0 0 0 0.756406 0.591117 0.585102 0.891441 0.625226 0.721177 0 0.689091 0.749618 0 0 0 0 0 0.641667 0.732397 0 0 0 0 0.663529 0 0 0 0 0 0 0 0.705004 0.599872 0.721622 0 0 0 0 0 0.614869 0.767006 0 0 0 0.873775 0 0
0 0.891351 0 0.718621 0.692979 0 0 0 0 0.721141 0.652011 0.707577 0 0 0 0 0 0.7138 0 0 0 0.754003 0 0.832536 0 0 0 0 0.868654 0.858905 0.805744 0.762439 0 0.722736 0 0.596022 0.727967 0 0 0 0 0 0 0 0.878367 0 0 0 0 0 0 0 0 0 0.651359 0 0 0 0 0 0 0.696888 0.750794 0.749671 0 0.657094 0 0.870718 0.576944 0 0.818216 0.686635 0 0 0.597207 0.83834 0 0.75323 0 0 0 0 0 0 0 0 0 0.607469 0 0 0 0.864385 0 0 0.777867 0 0 0 0 0
