100
0 0.695491 0.791395 0 0.662372 0 0 0 0 0 0 0.648978 0 0 0 0.745159 0 0 0 0 0 0 0 0 0 0 0.625265 0 0 0.754645 0 0.598983 0 0 0 0 0 0.662488 0 0 0 0 0.681252 0.76017 0.683593 0 0 0 0 0 0.865938 0 0 0 0 0 0 0 0.597333 0.678327 0.832666 0 0.807453 0 0 0.815844 0.573994 0.799761 0 0.695683 0 0 0 0 0.584031 0.778662 0 0 0 0 0 0 0 0 0 0.776258 0 0.721252 0 0 0.740384 0 0 0 0 0 0 0 0 0
0.695491 0 0.683105 0 0 0 0 0 0 0 0 0 0.641074 0 0 0 0 0 0 0.609156 0.596822 0 0.584102 0 0 0 0.690136 0 0 0.891016 0 0.75728 0.706319 0 0.839176 0 0 0.660174 0 0.704963 0.595245 0.588984 0 0 0 0 0 0.662372 0 0.63186 0 0 0.651953 0 0 0 0.871771 0.668453 0 0 0 0 0 0 0 0 0 0 0.590724 0.876256 0.817257 0.770519 0 0 0 0 0 0.718421 0.862571 0 0 0 0.846275 0.700872 0 0.785787 0 0 0.818427 0 0.7016 0 0 0 0 0.697273 0.882999 0 0 0.701496
0.791395 0.683105 0 0 0 0.597754 0.580864 0 0.727706 0.65753 0 0 0 0 0.584202 0 0 0.780709 0 0 0 0.773498 0.679236 0.635853 0.704005 0 0.602855 0 0 0.763315 0 0 0 0 0 0 0 0 0 0 0.77588 0 0 0.777595 0.755675 0.78059 0 0.729418 0.775257 0.741986 0 0.661242 0.872403 0 0 0 0.573892 0 0 0 0 0 0 0 0 0 0 0.845699 0.581001 0 0 0 0 0 0 0.782954 0.749637 0.589309 0 0 0 0 0 0.614782 0 0 0 0.691333 0 0 0 0 0.791715 0.762396 0.800247 0.780258 0.851135 0.89205 0.842677 0
0 0 0 0 0 0 0 0.632792 0.606576 0 0.645471 0 0 0 0.837064 0.738965 0 0 0.591723 0.602946 0.757734 0 0.705307 0 0.888717 0.728501 0.79326 0 0 0 0.768003 0 0 0 0 0 0.78583 0 0 0 0 0.806505 0 0 0.622813 0 0 0 0 0 0 0 0 0 0 0 0.834624 0 0 0 0 0 0 0 0 0 0 0 0.720838 0.625694 0 0 0 0.738914 0.735262 0 0 0.587778 0.58105 0 0 0 0 0.880318 0.796319 0 0 0.577004 0 0 0 0 0 0 0.67091 0 0 0 0 0
0.662372 0 0 0 0 0.86607 0 0.866256 0.798865 0.76733 0.826272 0 0 0 0.811833 0.829129 0 0.735486 0 0 0.728751 0 0 0.875665 0 0 0 0.605683 0 0 0 0.716161 0 0.648127 0.597088 0 0.742937 0 0.637935 0.620377 0 0 0 0 0 0.66616 0 0.817624 0.785959 0 0.832721 0 0.595936 0 0 0 0.625486 0.787473 0 0 0 0 0.654728 0.798362 0.794089 0 0 0 0 0.605594 0 0 0 0 0.630883 0 0 0 0.782702 0.681799 0.585646 0 0 0.660339 0 0.877902 0 0 0 0 0 0 0.768674 0.840455 0 0 0 0 0.698798 0
0 0 0.597754 0 0.86607 0 0.818007 0 0 0.725251 0 0 0 0 0.770275 0.780608 0.597785 0 0.701894 0 0.582621 0 0 0 0 0 0 0 0 0 0 0 0.880223 0.739682 0 0.620417 0 0 0 0.576208 0 0 0 0.834827 0 0 0 0.749701 0 0.881002 0.738378 0 0.723152 0 0.661392 0 0 0.840828 0 0 0.575237 0 0 0 0.757107 0.826803 0.742853 0 0 0.789201 0 0 0 0.720361 0 0 0 0 0 0.59583 0 0 0 0 0 0 0 0.842245 0 0 0 0.729245 0 0 0.819569 0 0 0 0 0.688065
0 0 0.580864 0 0 0.818007 0 0 0 0 0.705051 0.772591 0 0 0.590149 0.692982 0 0 0 0.85449 0.791151 0.697478 0.774624 0 0 0.690987 0.648767 0 0 0.778838 0 0 0.828412 0 0 0 0 0 0 0 0.814922 0.666158 0 0.821995 0 0 0 0 0 0 0.87496 0.851127 0 0 0 0 0.826278 0 0.862487 0.806276 0 0 0 0.670763 0 0 0 0 0 0.799586 0 0 0 0 0 0 0.582371 0 0 0.675325 0 0 0 0 0.873744 0 0.759514 0.824729 0 0.727052 0 0 0 0 0 0 0.712236 0.837476 0.600239 0
0 0 0 0.632792 0.866256 0 0 0 0.762255 0 0 0 0 0.782615 0.825573 0.799669 0 0 0 0 0 0.761723 0 0.582613 0 0.879535 0 0.779307 0 0.60587 0.640154 0 0 0 0 0 0.792329 0.765185 0 0.683021 0 0 0.795432 0 0 0 0.730432 0 0 0.687611 0.69077 0 0.70585 0 0 0.662219 0 0 0 0 0 0 0 0.742666 0 0 0 0 0 0 0 0 0.613899 0 0 0 0.802388 0 0 0 0 0.809258 0.844491 0 0 0.586927 0 0 0.670896 0 0 0.821695 0.639237 0 0 0 0 0 0.777548 0.790491
0 0 0.727706 0.606576 0.798865 0 0 0.762255 0 0 0.752706 0.864494 0 0 0 0 0 0 0 0 0 0 0 0.786942 0 0 0 0 0.852079 0 0.733811 0 0 0 0 0 0 0 0 0 0 0 0.663568 0 0 0.75743 0.742526 0 0 0 0 0 0 0.786583 0 0 0 0 0 0 0 0 0.650208 0 0 0.713507 0.744694 0.680248 0 0 0 0 0 0 0 0 0.846117 0 0 0 0.780226 0.748099 0 0 0.69312 0 0 0 0.816956 0 0 0 0 0 0 0 0.785693 0.613866 0 0
0 0 0.65753 0 0.76733 0.725251 0 0 0 0 0.780483 0 0.743352 0 0 0 0 0 0.651929 0 0 0 0 0.732866 0 0 0 0 0 0 0 0.765561 0.61463 0 0 0 0.840411 0 0.725816 0 0 0 0 0.798035 0.809527 0 0 0 0 0 0 0.849749 0 0.853419 0 0 0 0.602 0.862048 0 0 0.720329 0 0 0 0 0 0 0 0.618282 0 0 0 0 0.656655 0 0 0 0.817536 0.826716 0 0.696677 0 0 0 0 0.675094 0 0 0 0 0.812268 0 0 0.687443 0.794427 0 0 0 0.869386
0 0 0 0.645471 0.826272 0 0.705051 0 0.752706 0.780483 0 0 0.772444 0.692512 0 0 0 0 0 0 0 0 0 0 0 0 0.877819 0.844151 0 0 0 0 0 0.761507 0 0 0.807132 0.804637 0 0 0 0.607404 0.819754 0.766029 0.582856 0 0.734891 0 0 0.689942 0.859422 0 0.617313 0 0 0 0 0.575278 0 0.712822 0 0 0 0 0 0 0 0 0 0.647609 0 0 0.789559 0.78516 0.691433 0 0 0.613029 0 0.598736 0.741385 0.887369 0 0.670851 0 0.645922 0 0.766409 0 0.873422 0 0 0.615299 0 0 0.860805 0.766179 0 0 0
0.648978 0 0 0 0 0 0.772591 0 0.864494 0 0 0 0.727981 0.860152 0 0 0 0 0.729632 0 0 0 0 0.679723 0.601407 0.678877 0 0.669466 0 0 0 0.589871 0.793578 0 0.864498 0.650018 0 0.735933 0 0 0.851296 0.632403 0 0.573402 0 0 0 0 0 0 0 0 0 0 0.777379 0 0 0.835244 0.873211 0.780626 0 0 0 0.687917 0 0 0 0.719524 0 0 0.812585 0 0 0 0 0 0 0 0 0 0 0 0.833822 0 0 0 0 0 0.763848 0.75941 0 0.8123 0 0 0.850592 0 0 0 0 0.707577
0 0.641074 0 0 0 0 0 0 0 0.743352 0.772444 0.727981 0 0 0 0 0.630925 0 0 0 0 0 0 0.60774 0.591767 0 0 0 0 0.834066 0 0 0 0 0 0 0 0 0 0.620636 0.848962 0 0 0 0 0 0.701416 0.575115 0 0 0.783744 0 0 0.811962 0 0 0 0 0.581925 0.659976 0 0 0.877428 0.831157 0 0 0 0.697192 0 0.627975 0.610549 0 0 0 0.796376 0 0.891293 0 0 0 0 0.844675 0 0.618257 0.67441 0.616498 0 0.780714 0 0 0.651695 0 0 0 0 0.803618 0 0 0 0
0 0 0 0 0 0 0 0.782615 0 0 0.692512 0.860152 0 0 0 0.612696 0.589336 0.831876 0 0.623161 0 0.720876 0 0 0 0 0 0.57679 0 0 0 0 0 0.682211 0.754581 0 0 0 0 0 0 0 0 0 0.823718 0 0.884588 0 0.638788 0 0 0 0.843576 0.635876 0 0 0 0.611826 0.828019 0.836651 0.587751 0 0 0 0 0 0.741094 0.696516 0.815948 0 0 0 0 0 0.829722 0.659131 0 0.832451 0 0 0.584322 0 0.60974 0 0.769798 0.852675 0 0.854976 0.630968 0 0.825676 0 0.882787 0 0 0 0.851932 0 0 0.877691
0 0 0.584202 0.837064 0.811833 0.770275 0.590149 0.825573 0 0 0 0 0 0 0 0 0 0 0 0 0 0 0 0.663994 0.870177 0 0 0 0 0 0 0.861602 0 0 0 0 0 0 0 0.580415 0.669392 0.745306 0.610492 0.782206 0.62396 0.627026 0 0 0 0.601629 0 0 0.623991 0 0.661517 0 0 0.885338 0 0 0 0.790315 0.678244 0.624778 0.716014 0 0 0 0 0.744779 0 0 0.881348 0.611396 0 0 0 0.766059 0 0.872147 0 0 0 0.597616 0 0.604681 0.780111 0 0.792607 0 0 0.642415 0 0 0.615664 0 0 0.688873 0 0
0.745159 0 0 0.738965 0.829129 0.780608 0.692982 0.799669 0 0 0 0 0 0.612696 0 0 0.810311 0.835255 0 0 0 0 0 0.870539 0 0 0 0 0 0.721314 0 0.592345 0 0 0.616693 0 0.676307 0 0.821171 0.887318 0 0.704576 0 0 0 0 0 0 0 0.689665 0.73565 0 0 0 0 0 0 0.658919 0 0 0 0 0 0 0.864637 0 0 0 0 0 0.79701 0 0 0.60667 0.602068 0 0 0 0 0 0.821711 0.717358 0 0 0 0 0 0.657779 0 0.60902 0 0.854182 0 0.610349 0 0 0 0 0 0.662924
0 0 0 0 0 0.597785 0 0 0 0 0 0 0.630925 0.589336 0 0.810311 0 0 0 0 0 0.662561 0 0.858679 0 0.601594 0.702456 0.874257 0 0 0.647956 0 0.574059 0 0 0 0 0.703277 0.644191 0 0.665636 0 0 0 0.642778 0.71213 0 0 0.744889 0.646511 0 0 0.82052 0 0.583892 0 0 0 0 0 0 0.885475 0 0.654585 0 0 0.839263 0 0 0 0.81189 0.866533 0.652585 0 0 0 0 0 0 0.622339 0.733682 0 0 0.752063 0 0 0 0.644629 0 0 0.647607 0 0 0 0 0.770578 0 0 0 0
0 0 0.780709 0 0.735486 0 0 0 0 0 0 0 0 0.831876 0 0.835255 0 0 0.646591 0 0 0 0.715035 0 0 0 0 0 0.764482 0 0 0 0 0 0 0 0.879486 0 0.771047 0.671372 0.832086 0.844922 0 0 0 0.701237 0 0 0 0.724853 0.860944 0 0 0.866417 0 0.785493 0 0 0 0 0 0 0 0 0.633834 0 0.583372 0 0 0 0 0 0.823498 0 0 0 0 0.706755 0 0 0 0.795551 0 0 0.835856 0 0.864334 0 0 0.860386 0 0 0 0.678749 0 0 0.637306 0.746506 0 0
0 0 0 0.591723 0 0.701894 0 0 0 0.651929 0 0.729632 0 0 0 0 0 0.646591 0 0.801251 0 0 0 0 0 0 0 0 0 0.640728 0 0 0 0.721798 0 0.675216 0.679581 0 0.886203 0 0 0.68228 0 0 0.594466 0 0 0 0 0 0 0 0 0 0.667753 0 0 0.853589 0.672953 0.798149 0.76776 0 0 0.750303 0.728452 0 0 0 0 0 0 0 0 0 0 0 0.828168 0.681037 0.600381 0 0.832519 0 0 0 0 0 0 0 0.58312 0.63135 0.671069 0.890373 0 0 0 0 0.63692 0 0.752209 0.833568
0 0.609156 0 0.602946 0 0 0.85449 0 0 0 0 0 0 0.623161 0 0 0 0 0.801251 0 0 0.824539 0.682682 0.820641 0 0.738187 0 0.603208 0 0.757674 0 0 0 0 0 0 0 0 0.879018 0 0 0 0.577158 0 0 0 0.891726 0.689041 0 0.749261 0 0 0 0.779565 0.754044 0 0 0 0.673488 0.593773 0.800264 0 0.795629 0.829881 0 0.780217 0 0.858392 0 0.831559 0 0 0 0 0 0 0 0.5827 0.857735 0 0.660288 0 0.755236 0 0 0.637236 0 0.744304 0 0.719807 0 0 0.650042 0 0 0 0 0 0.739055 0.620344
0 0.596822 0 0.757734 0.728751 0.582621 0.791151 0 0 0 0 0 0 0 0 0 0 0 0 0 0 0 0.717295 0 0 0 0 0 0 0 0 0 0 0 0.694763 0 0 0.680913 0 0.761635 0 0 0.630912 0 0 0 0 0 0.842738 0 0 0.656463 0 0.67185 0 0.604134 0 0 0.731394 0.635445 0 0.834853 0.609858 0 0.586223 0 0 0.81533 0.779974 0 0.695817 0 0.746525 0 0.689008 0 0.623745 0 0 0 0 0 0.803576 0.729373 0.735413 0.815154 0 0 0 0 0 0.817378 0 0 0.774685 0 0 0.730947 0 0
0 0 0.773498 0 0 0 0.697478 0.761723 0 0 0 0 0 0.720876 0 0 0.662561 0 0 0.824539 0 0 0 0.687441 0.67318 0 0.818991 0 0 0 0 0 0.720194 0.852362 0.823382 0 0 0 0.787616 0 0 0 0.683859 0.873525 0 0.710816 0 0 0 0 0 0 0 0 0 0 0 0.778049 0 0 0 0.816054 0.80583 0 0 0 0 0 0 0.65164 0 0.843351 0.865168 0 0 0 0 0.860358 0 0 0.623095 0 0 0 0.804266 0 0 0 0.693855 0 0.739424 0 0 0.648685 0 0 0 0 0 0.754003
0 0.584102 0.679236 0.705307 0 0 0.774624 0 0 0 0 0 0 0 0 0 0 0.715035 0 0.682682 0.717295 0 0 0 0 0 0 0 0.82991 0.584008 0 0.833012 0 0.706882 0.625109 0 0 0 0 0.588579 0.708235 0.828945 0 0.7777 0.870767 0.655432 0 0.646819 0 0 0 0 0 0 0 0 0 0 0.723192 0 0 0.873568 0.799544 0 0.604179 0 0 0 0 0 0.640395 0.645107 0.803038 0 0 0 0.875281 0 0 0 0.697575 0.807843 0 0 0 0 0 0 0 0 0 0 0.850838 0.590439 0 0 0.800741 0.765307 0 0
0 0 0.635853 0 0.875665 0 0 0.582613 0.786942 0.732866 0 0.679723 0.60774 0 0.663994 0.870539 0.858679 0 0 0.820641 0 0.687441 0 0 0 0 0 0 0 0 0.689312 0 0 0 0 0.652578 0 0.744447 0.787871 0 0.760505 0.834259 0 0 0 0.627171 0 0.662129 0 0 0 0 0 0 0 0.693621 0 0.851921 0 0 0 0.698236 0 0.744415 0 0 0.657906 0 0 0.662673 0.728051 0 0 0 0 0.867835 0 0 0.881579 0 0.626856 0 0 0.740977 0 0.819265 0 0 0.651746 0.596108 0 0 0 0 0 0 0.776342 0.880389 0 0
0 0 0.704005 0.888717 0 0 0 0 0 0 0 0.601407 0.591767 0 0.870177 0 0 0 0 0 0 0.67318 0 0 0 0 0.786139 0 0 0 0 0 0 0.648004 0 0 0.803387 0 0 0.586035 0 0 0.84696 0 0 0 0 0 0.6333 0.672203 0 0 0 0 0 0 0 0.739083 0.651906 0 0.746515 0 0 0.711321 0 0.749064 0.780607 0.731351 0 0 0 0 0 0 0 0 0 0.854765 0 0 0 0 0 0 0 0 0 0 0 0 0 0 0 0 0.874668 0 0 0 0.746627 0
0 0 0 0.728501 0 0 0.690987 0.879535 0 0 0 0.678877 0 0 0 0 0.601594 0 0 0.738187 0 0 0 0 0 0 0 0.774503 0 0 0.775432 0 0 0 0.734815 0 0.680418 0 0 0 0 0 0 0 0 0 0 0 0 0 0.631841 0 0 0 0 0.777768 0 0 0 0 0.736313 0 0 0 0.689239 0 0 0.668844 0 0.683945 0 0.755792 0 0.669206 0.680371 0 0.761074 0 0 0.826657 0 0.886728 0 0.676516 0 0.763991 0 0 0.707637 0.628103 0.7757 0 0 0 0 0.843579 0.716055 0 0 0
0.625265 0.690136 0.602855 0.79326 0 0 0.648767 0 0 0 0.877819 0 0 0 0 0 0.702456 0 0 0 0 0.818991 0 0 0.786139 0 0 0 0.609178 0.654818 0 0 0 0 0 0.841007 0 0.839809 0 0 0 0 0.820679 0.808154 0 0.678031 0 0 0 0 0 0.880107 0 0 0 0 0 0.756265 0 0.614357 0 0 0 0 0 0 0 0 0 0 0.734991 0 0.708915 0 0 0.79755 0 0 0 0.610457 0 0 0 0 0 0 0 0 0 0 0 0.693823 0 0.720639 0 0.576304 0 0 0.795704 0.7861
0 0 0 0 0.605683 0 0 0.779307 0 0 0.844151 0.669466 0 0.57679 0 0 0.874257 0 0 0.603208 0 0 0 0 0 0.774503 0 0 0 0 0.589223 0 0 0 0.83645 0 0 0.841053 0.751294 0 0 0 0 0 0 0.74032 0.634794 0 0 0 0.596347 0 0 0 0 0 0 0.87224 0 0 0 0.581731 0 0 0.70332 0 0 0 0 0 0 0 0 0 0.581467 0.759862 0.629632 0 0 0 0 0.643484 0 0 0 0.852764 0.749336 0.742443 0 0 0 0 0 0.856528 0 0 0 0.781627 0 0.706047
0 0 0 0 0 0 0 0 0.852079 0 0 0 0 0 0 0 0 0.764482 0 0 0 0 0.82991 0 0 0 0.609178 0 0 0 0.69531 0 0.73496 0 0 0.691244 0 0 0 0.820723 0 0 0 0 0 0 0.746459 0 0 0 0 0.871093 0 0 0.720928 0 0 0 0.677132 0.812001 0 0 0 0.660097 0.818906 0 0 0 0.874298 0 0.610264 0 0 0 0 0 0 0 0 0.594186 0 0 0 0 0.696399 0 0 0 0.759725 0.645142 0 0 0 0 0.631396 0 0.655757 0 0 0
0.754645 0.891016 0.763315 0 0 0 0.778838 0.60587 0 0 0 0 0.834066 0 0 0.721314 0 0 0.640728 0.757674 0 0 0.584008 0 0 0 0.654818 0 0 0 0 0.749567 0.749618 0 0.713435 0.76244 0.695837 0.652136 0.695996 0 0 0.824146 0 0.821863 0.788943 0 0.713461 0.722826 0 0 0 0.750104 0.822811 0 0 0 0.840094 0 0 0 0 0.731687 0 0.809248 0 0 0 0.827969 0 0 0 0 0.692608 0 0.654618 0 0 0 0.674151 0.732067 0 0 0 0 0 0 0 0.836285 0 0 0 0.658394 0 0 0.665316 0 0 0 0.697265 0.858905
0 0 0 0.768003 0 0 0 0.640154 0.733811 0 0 0 0 0 0 0 0.647956 0 0 0 0 0 0 0.689312 0 0.775432 0 0.589223 0.69531 0 0 0.575988 0 0.728289 0.73802 0 0 0.845905 0 0.828421 0 0 0.787072 0.629803 0 0.660076 0.769269 0.846436 0 0 0.641964 0.618371 0 0.832139 0.811886 0 0.883088 0.579487 0.887536 0 0.642129 0 0 0 0.592306 0 0 0 0 0.742738 0.882127 0 0 0 0 0 0 0 0 0 0 0.575952 0 0 0.824506 0.697638 0.619868 0 0.643273 0 0 0.872162 0 0 0 0 0 0.756171 0 0.805744
0.598983 0.75728 0 0 0.716161 0 0 0 0 0.765561 0 0.589871 0 0 0.861602 0.592345 0 0 0 0 0 0 0.833012 0 0 0 0 0 0 0.749567 0.575988 0 0 0 0.811044 0 0 0 0 0 0 0.634698 0 0 0 0 0 0 0 0 0.76407 0 0 0 0 0 0 0.855807 0.575306 0 0 0 0.860134 0 0 0 0 0.663851 0.632345 0.850595 0 0.841161 0.668534 0 0.664898 0 0.764348 0 0.68873 0 0 0.815869 0 0 0.602683 0 0 0.882942 0.747512 0 0 0 0.752023 0.865053 0 0 0.824444 0.829858 0.618483 0
0 0.706319 0 0 0 0.880223 0.828412 0 0 0.61463 0 0.793578 0 0 0 0 0.574059 0 0 0 0 0.720194 0 0 0 0 0 0 0.73496 0.749618 0 0 0 0.79453 0 0 0 0.82497 0 0 0 0.734163 0 0.662328 0 0 0 0 0.666005 0 0.630912 0 0.82179 0.631523 0.660515 0 0.679661 0 0 0 0 0 0.803441 0 0 0 0 0 0.886307 0 0.608834 0.75002 0 0 0 0.816411 0.862625 0 0.651772 0 0 0 0 0 0 0 0 0 0 0 0 0 0 0 0 0 0.812651 0.628176 0 0.607376
0 0 0 0 0.648127 0.739682 0 0 0 0 0.761507 0 0 0.682211 0 0 0 0 0.721798 0 0 0.852362 0.706882 0 0.648004 0 0 0 0 0 0.728289 0 0.79453 0 0 0 0.705753 0 0.573515 0.778605 0.746124 0 0 0 0 0 0.583711 0 0 0 0.770132 0 0 0 0 0 0 0.891629 0 0.726881 0.753962 0 0 0.85381 0 0 0.864215 0.680902 0.743705 0 0 0 0 0.660738 0 0 0 0 0 0 0.622852 0.843429 0 0.654144 0 0 0 0.683206 0.808801 0 0 0 0 0 0.853299 0 0 0.59146 0 0.862533
0 0.839176 0 0 0.597088 0 0 0 0 0 0 0.864498 0 0.754581 0 0.616693 0 0 0 0 0.694763 0.823382 0.625109 0 0 0.734815 0 0.83645 0 0.713435 0.73802 0.811044 0 0 0 0.722116 0 0.775613 0 0.821352 0.583434 0 0 0.858068 0 0 0 0 0 0.646431 0.612995 0.69754 0 0.679437 0 0 0 0 0.589241 0.803264 0.736541 0 0 0 0 0 0 0 0 0 0 0.72013 0 0 0 0 0.714441 0.834341 0 0 0 0 0 0 0 0.741496 0.88846 0.816841 0 0.58469 0.859096 0 0 0 0 0 0 0 0 0
0 0 0 0 0 0.620417 0 0 0 0 0 0.650018 0 0 0 0 0 0 0.675216 0 0 0 0 0.652578 0 0 0.841007 0 0.691244 0.76244 0 0 0 0 0.722116 0 0 0.580969 0 0.753575 0.857207 0 0.769999 0.790134 0 0 0 0 0 0 0 0.574349 0 0 0 0 0 0 0 0 0.733838 0 0.627314 0 0 0.760917 0 0.82983 0 0.624769 0.680023 0 0 0 0 0 0 0 0 0.591197 0 0 0 0 0 0.804648 0 0.61736 0 0 0 0 0 0 0 0 0.647435 0.674783 0 0.650438
0 0 0 0.78583 0.742937 0 0 0.792329 0 0.840411 0.807132 0 0 0 0 0.676307 0 0.879486 0.679581 0 0 0 0 0 0.803387 0.680418 0 0 0 0.695837 0 0 0 0.705753 0 0 0 0 0.73664 0 0 0 0.588982 0.854675 0 0.85387 0 0.692418 0.801694 0 0 0 0 0.631679 0 0.627929 0.74813 0 0.616834 0 0.654528 0 0.595839 0 0 0.675102 0.65572 0 0.668217 0 0 0.871208 0.82664 0 0 0 0 0 0 0.880833 0 0 0.605734 0 0 0 0.842853 0.66595 0.742924 0 0.820439 0 0.720419 0 0 0.808747 0 0.613738 0 0
0.662488 0.660174 0 0 0 0 0 0.765185 0 0 0.804637 0.735933 0 0 0 0 0.703277 0 0 0 0.680913 0 0 0.744447 0 0 0.839809 0.841053 0 0.652136 0.845905 0 0.82497 0 0.775613 0.580969 0 0 0 0 0 0 0 0 0 0 0 0 0.695042 0 0 0 0.692354 0.843834 0 0 0.806512 0 0 0 0 0.798035 0 0.661604 0.856888 0 0 0.825457 0 0 0 0 0 0 0 0 0 0.725784 0.669808 0 0 0.627143 0.771494 0 0 0 0.709227 0.689245 0 0 0.755994 0 0 0 0 0 0.781183 0.656637 0 0.763133
0 0 0 0 0.637935 0 0 0 0 0.725816 0 0 0 0 0 0.821171 0.644191 0.771047 0.886203 0.879018 0 0.787616 0 0.787871 0 0 0 0.751294 0 0.695996 0 0 0 0.573515 0 0 0.73664 0 0 0 0.863141 0 0 0 0 0 0.690412 0 0 0 0 0.640119 0.829788 0 0.779889 0 0 0 0.58696 0 0.819628 0 0 0.614589 0 0 0 0 0 0.759489 0.761018 0.693646 0.798249 0 0 0.601071 0 0 0 0.82665 0 0 0.748548 0 0 0.809225 0.640181 0 0.577032 0 0 0 0.78973 0 0.61257 0 0 0.668689 0 0
0 0.704963 0 0 0.620377 0.576208 0 0.683021 0 0 0 0 0.620636 0 0.580415 0.887318 0 0.671372 0 0 0.761635 0 0.588579 0 0.586035 0 0 0 0.820723 0 0.828421 0 0 0.778605 0.821352 0.753575 0 0 0 0 0.755169 0 0.598053 0 0 0.761263 0 0 0 0.673277 0.774703 0 0 0 0 0.75504 0.594076 0.751186 0.789779 0 0 0 0 0.769138 0 0.710608 0 0 0 0 0.624041 0.79909 0 0.717962 0 0 0 0.845849 0.800122 0.890102 0 0 0 0 0 0.648548 0 0.781022 0 0 0 0 0.820927 0.68665 0.599085 0 0 0.624255 0 0
0 0.595245 0.77588 0 0 0 0.814922 0 0 0 0 0.851296 0.848962 0 0.669392 0 0.665636 0.832086 0 0 0 0 0.708235 0.760505 0 0 0 0 0 0 0 0 0 0.746124 0.583434 0.857207 0 0 0.863141 0.755169 0 0 0.86382 0 0.828483 0 0 0.632284 0 0.599641 0 0.676992 0 0 0.703428 0 0 0 0 0 0.683526 0 0.854276 0 0 0.86622 0.611553 0 0.585426 0 0 0 0.744094 0.663389 0 0 0.634862 0.625637 0 0 0 0 0 0.6227 0 0 0 0.664944 0 0.76099 0.83167 0 0.849945 0.857039 0 0 0 0 0 0.852872
0 0.588984 0 0.806505 0 0 0.666158 0 0 0 0.607404 0.632403 0 0 0.745306 0.704576 0 0.844922 0.68228 0 0 0 0.828945 0.834259 0 0 0 0 0 0.824146 0 0.634698 0.734163 0 0 0 0 0 0 0 0 0 0.593433 0.580617 0 0.747836 0 0.88708 0 0 0 0 0.649587 0.586523 0 0.687478 0.585028 0 0 0 0 0 0 0.664391 0.650113 0.652928 0.739971 0 0.747634 0.766962 0 0 0 0 0 0.875092 0 0.631566 0.651565 0.807645 0 0 0.685503 0.835915 0.812759 0.887072 0 0 0 0.867437 0.670937 0.80868 0 0 0 0 0 0 0 0
0.681252 0 0 0 0 0 0 0.795432 0.663568 0 0.819754 0 0 0 0.610492 0 0 0 0 0.577158 0.630912 0.683859 0 0 0.84696 0 0.820679 0 0 0 0.787072 0 0 0 0 0.769999 0.588982 0 0 0.598053 0.86382 0.593433 0 0 0.769812 0.853304 0 0 0 0 0 0 0 0 0.846017 0 0 0 0 0 0 0.758484 0 0 0 0 0 0.877256 0 0 0 0 0 0 0 0 0 0 0 0 0 0.871058 0 0.838568 0.830792 0 0 0 0.654233 0 0.637427 0 0 0.864939 0.611936 0 0 0 0 0.827135
0.76017 0 0.777595 0 0 0.834827 0.821995 0 0 0.798035 0.766029 0.573402 0 0 0.782206 0 0 0 0 0 0 0.873525 0.7777 0 0 0 0.808154 0 0 0.821863 0.629803 0 0.662328 0 0.858068 0.790134 0.854675 0 0 0 0 0.580617 0 0 0 0 0 0 0 0 0 0 0 0 0 0 0.605963 0 0 0 0 0.766517 0.880439 0 0 0.784499 0.74761 0.779769 0 0.876824 0.633624 0 0.783132 0 0.772856 0 0 0.607053 0.592065 0.844527 0 0 0 0 0.66588 0 0.853125 0 0 0.620044 0 0 0.864845 0 0.758476 0 0 0 0 0
0.683593 0 0.755675 0.622813 0 0 0 0 0 0.809527 0.582856 0 0 0.823718 0.62396 0 0.642778 0 0.594466 0 0 0 0.870767 0 0 0 0 0 0 0.788943 0 0 0 0 0 0 0 0 0 0 0.828483 0 0.769812 0 0 0 0 0 0 0 0 0.590378 0 0 0 0.70789 0 0 0 0.770474 0 0 0.619494 0 0 0.742423 0 0 0.603108 0 0.844757 0 0 0.789044 0 0.655773 0.701573 0.618162 0.715052 0.67152 0 0 0.790922 0 0 0 0 0.588284 0 0 0 0 0 0 0.575855 0 0 0 0 0
0 0 0.78059 0 0.66616 0 0 0 0.75743 0 0 0 0 0 0.627026 0 0.71213 0.701237 0 0 0 0.710816 0.655432 0.627171 0 0 0.678031 0.74032 0 0 0.660076 0 0 0 0 0 0.85387 0 0 0.761263 0 0.747836 0.853304 0 0 0 0 0 0 0 0 0 0 0 0 0 0.763339 0 0 0.740007 0.827111 0 0.823617 0.865365 0.839018 0.635902 0.770261 0.814636 0 0 0 0 0.592983 0 0 0 0 0.597513 0 0 0 0 0 0 0.801194 0 0 0 0.835919 0 0.746218 0 0.693671 0 0 0 0 0 0 0
0 0 0 0 0 0 0 0.730432 0.742526 0 0.734891 0 0.701416 0.884588 0 0 0 0 0 0.891726 0 0 0 0 0 0 0 0.634794 0.746459 0.713461 0.769269 0 0 0.583711 0 0 0 0 0.690412 0 0 0 0 0 0 0 0 0.635229 0 0 0 0 0 0 0 0 0 0 0 0 0 0 0 0 0 0 0.831666 0 0.770479 0 0.848624 0 0 0 0 0.589884 0 0 0 0 0 0.581712 0.890027 0 0 0 0 0.823399 0.794136 0.847559 0.734023 0.611238 0 0 0 0 0 0.601083 0.670268 0
0 0.662372 0.729418 0 0.817624 0.749701 0 0 0 0 0 0 0.575115 0 0 0 0 0 0 0.689041 0 0 0.646819 0.662129 0 0 0 0 0 0.722826 0.846436 0 0 0 0 0 0.692418 0 0 0 0.632284 0.88708 0 0 0 0 0.635229 0 0 0 0 0 0 0 0 0 0.633057 0 0 0 0.614685 0.684417 0 0 0 0 0 0.611664 0.751828 0.855319 0 0.82337 0.585755 0.647586 0 0 0.867954 0 0 0 0 0.613077 0 0 0 0 0 0 0 0 0.761457 0.685568 0.774261 0 0 0 0 0.836214 0 0
0 0 0.775257 0 0.785959 0 0 0 0 0 0 0 0 0.638788 0 0 0.744889 0 0 0 0.842738 0 0 0 0.6333 0 0 0 0 0 0 0 0.666005 0 0 0 0.801694 0.695042 0 0 0 0 0 0 0 0 0 0 0 0.885671 0 0.618404 0 0.87474 0 0 0.78115 0 0.831919 0 0 0.733382 0.738705 0 0.818361 0.591888 0 0 0.600337 0.61765 0 0.693662 0 0.760247 0.809813 0 0 0.875405 0 0 0 0.655206 0 0 0 0 0 0 0 0.78001 0 0.779646 0 0.766207 0 0.88607 0 0 0 0.863325
0 0.63186 0.741986 0 0 0.881002 0 0.687611 0 0 0.689942 0 0 0 0.601629 0.689665 0.646511 0.724853 0 0.749261 0 0 0 0 0.672203 0 0 0 0 0 0 0 0 0 0.646431 0 0 0 0 0.673277 0.599641 0 0 0 0 0 0 0 0.885671 0 0.870909 0 0 0 0 0.778552 0.859267 0 0.716254 0 0.68626 0 0.743703 0 0 0.718021 0.83565 0 0 0 0 0 0 0 0 0 0 0 0 0.60904 0 0 0 0 0 0 0.750703 0.700524 0 0 0 0 0 0 0 0 0 0 0 0.592693
0.865938 0 0 0 0.832721 0.738378 0.87496 0.69077 0 0 0.859422 0 0.783744 0 0 0.73565 0 0.860944 0 0 0 0 0 0 0 0.631841 0 0.596347 0 0 0.641964 0.76407 0.630912 0.770132 0.612995 0 0 0 0 0.774703 0 0 0 0 0 0 0 0 0 0.870909 0 0 0 0 0 0.573515 0 0 0 0 0.76851 0 0.719608 0.69787 0 0.682389 0 0 0 0.646374 0 0 0 0 0 0 0.694315 0.832842 0 0.804779 0 0 0.592304 0 0 0 0 0 0.577927 0 0 0.595476 0.729237 0 0.817112 0 0 0 0 0
0 0 0.661242 0 0 0 0.851127 0 0 0.849749 0 0 0 0 0 0 0 0 0 0 0.656463 0 0 0 0 0 0.880107 0 0.871093 0.750104 0.618371 0 0 0 0.69754 0.574349 0 0 0.640119 0 0.676992 0 0 0 0.590378 0 0 0 0.618404 0 0 0 0.678699 0 0 0.695361 0 0 0 0 0.715802 0 0.732878 0 0.635966 0 0.794281 0 0 0 0 0 0 0.781244 0 0 0 0.801631 0 0 0.684158 0.816306 0 0 0 0.82457 0 0 0 0 0 0 0 0 0 0 0 0.87111 0.635985 0.691737
0 0.651953 0.872403 0 0.595936 0.723152 0 0.70585 0 0 0.617313 0 0 0.843576 0.623991 0 0.82052 0 0 0 0 0 0 0 0 0 0 0 0 0.822811 0 0 0.82179 0 0 0 0 0.692354 0.829788 0 0 0.649587 0 0 0 0 0 0 0 0 0 0.678699 0 0 0 0.853354 0 0.846145 0 0.826718 0 0 0 0 0 0 0.641346 0 0.728979 0 0 0.811402 0 0.709103 0 0 0 0.832434 0 0.756731 0 0.879461 0 0.815593 0.707125 0 0 0.578267 0.886425 0 0 0 0 0.727581 0 0.863229 0.629904 0 0 0.839274
0 0 0 0 0 0 0 0 0.786583 0.853419 0 0 0.811962 0.635876 0 0 0 0.866417 0 0.779565 0.67185 0 0 0 0 0 0 0 0 0 0.832139 0 0.631523 0 0.679437 0 0.631679 0.843834 0 0 0 0.586523 0 0 0 0 0 0 0.87474 0 0 0 0 0 0 0 0 0.870756 0 0 0 0.826635 0.757533 0.750515 0 0 0 0 0.648301 0.604954 0 0.703706 0 0 0 0 0 0 0 0 0 0 0.771259 0 0 0.747469 0 0 0 0 0 0 0.692432 0 0 0 0 0.876463 0.602189 0.709929
0 0 0 0 0 0.661392 0 0 0 0 0 0.777379 0 0 0.661517 0 0.583892 0 0.667753 0.754044 0 0 0 0 0 0 0 0 0.720928 0 0.811886 0 0.660515 0 0 0 0 0 0.779889 0 0.703428 0 0.846017 0 0 0 0 0 0 0 0 0 0 0 0 0 0 0 0.671096 0 0 0.833628 0 0 0 0 0 0 0.646144 0 0 0 0 0.767544 0 0 0.715451 0.835312 0 0 0 0 0 0 0 0 0 0.879085 0 0 0.672644 0 0 0.692278 0 0 0 0 0 0
0 0 0 0 0 0 0 0.662219 0 0 0 0 0 0 0 0 0 0.785493 0 0 0.604134 0 0 0.693621 0 0.777768 0 0 0 0 0 0 0 0 0 0 0.627929 0 0 0.75504 0 0.687478 0 0 0.70789 0 0 0 0 0.778552 0.573515 0.695361 0.853354 0 0 0 0.575894 0 0 0.744088 0 0 0.772268 0 0 0 0 0 0.760535 0 0 0.710701 0.723461 0.616819 0.784261 0 0 0 0 0.856616 0.85877 0.883494 0 0.887003 0 0 0.712768 0 0 0 0.675278 0.724855 0.889216 0 0.600559 0.835136 0 0 0 0.729727
0 0.871771 0.573892 0.834624 0.625486 0 0.826278 0 0 0 0 0 0 0 0 0 0 0 0 0 0 0 0 0 0 0 0 0 0 0.840094 0.883088 0 0.679661 0 0 0 0.74813 0.806512 0 0.594076 0 0.585028 0 0.605963 0 0.763339 0 0.633057 0.78115 0.859267 0 0 0 0 0 0.575894 0 0.831559 0.58245 0.73273 0.727186 0 0 0.871283 0 0.872084 0.867393 0 0 0 0.78082 0.842858 0.580324 0 0 0.610226 0 0.577833 0.604402 0.867814 0.6206 0 0.832064 0.60058 0 0.793552 0.802462 0 0 0 0 0 0 0 0.588898 0 0 0 0 0.763644
0 0.668453 0 0 0.787473 0.840828 0 0 0 0.602 0.575278 0.835244 0 0.611826 0.885338 0.658919 0 0 0.853589 0 0 0.778049 0 0.851921 0.739083 0 0.756265 0.87224 0 0 0.579487 0.855807 0 0.891629 0 0 0 0 0 0.751186 0 0 0 0 0 0 0 0 0 0 0 0 0.846145 0.870756 0 0 0.831559 0 0 0 0.876114 0 0 0 0 0.795566 0 0 0 0.614781 0 0 0 0 0 0 0 0 0 0.800073 0 0 0.682252 0 0 0 0.84782 0.752644 0 0.830772 0.825589 0 0 0 0 0.593127 0.596428 0 0 0
0.597333 0 0 0 0 0 0.862487 0 0 0.862048 0 0.873211 0.581925 0.828019 0 0 0 0 0.672953 0.673488 0.731394 0 0.723192 0 0.651906 0 0 0 0.677132 0 0.887536 0.575306 0 0 0.589241 0 0.616834 0 0.58696 0.789779 0 0 0 0 0 0 0 0 0.831919 0.716254 0 0 0 0 0.671096 0 0.58245 0 0 0 0 0.609622 0 0.838537 0 0 0 0 0 0 0.774746 0 0 0 0 0 0 0 0 0.865803 0.677829 0 0.888953 0.781841 0 0 0.878927 0 0.842728 0 0.723178 0 0 0 0.588305 0 0 0 0.585102 0
0.678327 0 0 0 0 0 0.806276 0 0 0 0.712822 0.780626 0.659976 0.836651 0 0 0 0 0.798149 0.593773 0.635445 0 0 0 0 0 0.614357 0 0.812001 0 0 0 0 0.726881 0.803264 0 0 0 0 0 0 0 0 0 0.770474 0.740007 0 0 0 0 0 0 0.826718 0 0 0.744088 0.73273 0 0 0 0 0 0 0 0 0.580532 0 0 0 0.797987 0 0 0.739095 0.804467 0.694389 0.887669 0 0 0 0 0 0 0 0 0.645448 0.84192 0 0.719494 0 0 0 0 0 0 0.691534 0 0 0 0.891441 0.826975
0.832666 0 0 0 0 0.575237 0 0 0 0 0 0 0 0.587751 0 0 0 0 0.76776 0.800264 0 0 0 0 0.746515 0.736313 0 0 0 0 0.642129 0 0 0.753962 0.736541 0.733838 0.654528 0 0.819628 0 0.683526 0 0 0 0 0.827111 0 0.614685 0 0.68626 0.76851 0.715802 0 0 0 0 0.727186 0.876114 0 0 0 0.788068 0 0 0.677886 0 0.732595 0 0 0 0.750813 0 0 0.784301 0 0 0 0 0.670925 0 0.814225 0.745209 0 0.858124 0 0.858694 0 0 0.846334 0 0 0 0 0 0 0 0 0 0 0
0 0 0 0 0 0 0 0 0 0.720329 0 0 0 0 0.790315 0 0.885475 0 0 0 0.834853 0.816054 0.873568 0.698236 0 0 0 0.581731 0 0.731687 0 0 0 0 0 0 0 0.798035 0 0 0 0 0.758484 0.766517 0 0 0 0.684417 0.733382 0 0 0 0 0.826635 0.833628 0 0 0 0.609622 0 0.788068 0 0 0 0 0 0 0 0.636134 0.860915 0 0 0 0 0 0.713522 0.890063 0 0 0 0 0 0.73792 0.689806 0.580613 0.858274 0 0.685959 0.625743 0 0.774463 0.791489 0 0.597055 0.76171 0.62045 0 0.71411 0.721177 0.782782
0.807453 0 0 0 0.654728 0 0 0 0.650208 0 0 0 0.877428 0 0.678244 0 0 0 0 0.795629 0.609858 0.80583 0.799544 0 0 0 0 0 0 0 0 0.860134 0.803441 0 0 0.627314 0.595839 0 0 0 0.854276 0 0 0.880439 0.619494 0.823617 0 0 0.738705 0.743703 0.719608 0.732878 0 0.757533 0 0.772268 0 0 0 0 0 0 0 0 0 0 0.634464 0 0 0 0.732607 0 0.876252 0 0 0 0 0.837966 0 0.652756 0 0 0.788255 0 0 0.806145 0 0.824772 0 0 0 0 0 0 0.877683 0 0 0 0 0
0 0 0 0 0.798362 0 0.670763 0.742666 0 0 0 0.687917 0.831157 0 0.624778 0 0.654585 0 0.750303 0.829881 0 0 0 0.744415 0.711321 0 0 0 0.660097 0.809248 0 0 0 0.85381 0 0 0 0.661604 0.614589 0.769138 0 0.664391 0 0 0 0.865365 0 0 0 0 0.69787 0 0 0.750515 0 0 0.871283 0 0.838537 0 0 0 0 0 0.70947 0 0 0.806633 0.715817 0 0.879087 0.666027 0.878438 0 0 0 0.798832 0 0 0 0 0 0 0.669397 0.8401 0 0.736883 0 0.759936 0 0 0.72858 0 0 0 0 0 0 0.689091 0.749671
0 0 0 0 0.794089 0.757107 0 0 0 0 0 0 0 0 0.716014 0.864637 0 0.633834 0.728452 0 0.586223 0 0.604179 0 0 0.689239 0 0.70332 0.818906 0 0.592306 0 0 0 0 0 0 0.856888 0 0 0 0.650113 0 0 0 0.839018 0 0 0.818361 0 0 0.635966 0 0 0 0 0 0 0 0 0.677886 0 0 0.70947 0 0 0 0 0 0 0 0.737629 0.804781 0 0 0 0 0 0 0 0 0 0 0.637049 0.638301 0 0 0.582695 0 0 0 0 0 0 0 0.717931 0 0 0.749618 0
0.815844 0 0 0 0 0.826803 0 0 0.713507 0 0 0 0 0 0 0 0 0 0 0.780217 0 0 0 0 0.749064 0 0 0 0 0 0 0 0 0 0 0.760917 0.675102 0 0 0.710608 0.86622 0.652928 0 0.784499 0.742423 0.635902 0 0 0.591888 0.718021 0.682389 0 0 0 0 0 0.872084 0.795566 0 0.580532 0 0 0 0 0 0 0.630016 0 0 0 0 0 0 0 0 0 0 0 0.649261 0 0 0 0 0.832041 0 0 0 0 0.659171 0.814422 0.815412 0 0.629782 0.829636 0 0.737064 0.574953 0 0 0
0.573994 0 0 0 0 0.742853 0 0 0.744694 0 0 0 0 0.741094 0 0 0.839263 0.583372 0 0 0 0 0 0.657906 0.780607 0 0 0 0 0 0 0 0 0.864215 0 0 0.65572 0 0 0 0.611553 0.739971 0 0.74761 0 0.770261 0.831666 0 0 0.83565 0 0.794281 0.641346 0 0 0 0.867393 0 0 0 0.732595 0 0.634464 0 0 0.630016 0 0 0.615577 0 0.768027 0 0.649647 0 0.778149 0 0 0.588855 0.681651 0 0 0 0.605222 0.892068 0 0.715775 0 0 0 0 0.675601 0 0 0 0 0.772322 0.834797 0 0 0
0.799761 0 0.845699 0 0 0 0 0 0.680248 0 0 0.719524 0.697192 0.696516 0 0 0 0 0 0.858392 0.81533 0 0 0 0.731351 0.668844 0 0 0 0.827969 0 0.663851 0 0.680902 0 0.82983 0 0.825457 0 0 0 0 0.877256 0.779769 0 0.814636 0 0.611664 0 0 0 0 0 0 0 0 0 0 0 0 0 0 0 0.806633 0 0 0 0 0 0.742283 0.790372 0 0 0 0 0.68034 0 0 0.844619 0.686396 0 0.781656 0 0 0 0.728628 0.734291 0 0 0.776379 0 0 0 0 0.749931 0 0 0 0 0.754039
0 0.590724 0.581001 0.720838 0 0 0 0 0 0 0 0 0 0.815948 0 0 0 0 0 0 0.779974 0 0 0 0 0 0 0 0.874298 0 0 0.632345 0.886307 0.743705 0 0 0.668217 0 0 0 0.585426 0.747634 0 0 0.603108 0 0.770479 0.751828 0.600337 0 0 0 0.728979 0.648301 0.646144 0.760535 0 0 0 0 0 0.636134 0 0.715817 0 0 0.615577 0 0 0.660593 0 0.592616 0 0 0.887567 0 0.726373 0 0.608918 0.620298 0 0.784946 0 0.716239 0 0 0.749481 0 0 0 0 0.646222 0 0 0 0 0 0 0 0.576944
0.695683 0.876256 0 0.625694 0.605594 0.789201 0.799586 0 0 0.618282 0.647609 0 0.627975 0 0.744779 0 0 0 0 0.831559 0 0.65164 0 0.662673 0 0.683945 0 0 0 0 0.742738 0.850595 0 0 0 0.624769 0 0 0.759489 0 0 0.766962 0 0.876824 0 0 0 0.855319 0.61765 0 0.646374 0 0 0.604954 0 0 0 0.614781 0 0.797987 0 0.860915 0 0 0 0 0 0.742283 0.660593 0 0 0 0 0 0 0 0.678082 0 0 0 0 0 0 0.738263 0 0 0 0 0 0.722569 0.655075 0 0.689273 0.798959 0 0 0 0 0 0
0 0.817257 0 0 0 0 0 0 0 0 0 0.812585 0.610549 0 0 0.79701 0.81189 0 0 0 0.695817 0 0.640395 0.728051 0 0 0.734991 0 0.610264 0 0.882127 0 0.608834 0 0 0.680023 0 0 0.761018 0.624041 0 0 0 0.633624 0.844757 0 0.848624 0 0 0 0 0 0 0 0 0 0.78082 0 0.774746 0 0.750813 0 0.732607 0.879087 0 0 0.768027 0.790372 0 0 0 0 0 0 0.580988 0 0 0 0.641635 0 0 0 0 0 0.659821 0.819021 0.695783 0 0 0 0.801193 0 0 0.67003 0 0 0 0 0 0
0 0.770519 0 0 0 0 0 0 0 0 0 0 0 0 0 0 0.866533 0 0 0 0 0.843351 0.645107 0 0 0.755792 0 0 0 0 0 0.841161 0.75002 0 0.72013 0 0.871208 0 0.693646 0.79909 0 0 0 0 0 0 0 0.82337 0.693662 0 0 0 0.811402 0.703706 0 0.710701 0.842858 0 0 0 0 0 0 0.666027 0.737629 0 0 0 0.592616 0 0 0 0 0 0 0 0 0 0.613205 0 0.806012 0 0 0 0.67463 0 0 0 0 0.681663 0.777151 0 0 0.612661 0 0 0 0 0.760062 0
0 0 0 0 0 0 0 0.613899 0 0 0.789559 0 0 0 0.881348 0 0.652585 0.823498 0 0 0.746525 0.865168 0.803038 0 0 0 0.708915 0 0 0.692608 0 0.668534 0 0 0 0 0.82664 0 0.798249 0 0.744094 0 0 0.783132 0 0.592983 0 0.585755 0 0 0 0 0 0 0 0.723461 0.580324 0 0 0.739095 0 0 0.876252 0.878438 0.804781 0 0.649647 0 0 0 0 0 0 0.826721 0 0.689166 0.695892 0 0 0 0 0 0 0 0 0 0.76143 0 0.746702 0.779341 0 0 0.687696 0.78592 0.737861 0.582051 0 0 0 0.840082
0 0 0 0.738914 0 0.720361 0 0 0 0 0.78516 0 0 0 0.611396 0.60667 0 0 0 0 0 0 0 0 0 0.669206 0 0 0 0 0 0 0 0.660738 0 0 0 0 0 0.717962 0.663389 0 0 0 0.789044 0 0 0.647586 0.760247 0 0 0.781244 0.709103 0 0.767544 0.616819 0 0 0 0.804467 0.784301 0 0 0 0 0 0 0 0 0 0 0 0.826721 0 0.769094 0 0 0.638035 0 0 0.702903 0 0 0 0 0 0 0 0 0 0 0.757363 0.839396 0.73421 0.784668 0 0 0 0 0.858625
0.584031 0 0 0.735262 0.630883 0 0 0 0 0.656655 0.691433 0 0.796376 0.829722 0 0.602068 0 0 0 0 0.689008 0 0 0 0 0.680371 0 0.581467 0 0.654618 0 0.664898 0 0 0 0 0 0 0 0 0 0 0 0.772856 0 0 0 0 0.809813 0 0 0 0 0 0 0.784261 0 0 0 0.694389 0 0 0 0 0 0 0.778149 0 0.887567 0 0.580988 0 0 0.769094 0 0 0.638922 0 0 0.794152 0 0 0 0 0 0.702568 0 0 0 0.716318 0 0 0 0 0 0 0 0.640679 0.637882 0.597207
0.778662 0 0.782954 0 0 0 0 0 0 0 0 0 0 0.659131 0 0 0 0 0 0 0 0 0 0.867835 0 0 0.79755 0.759862 0 0 0 0 0.816411 0 0 0 0 0 0.601071 0 0 0.875092 0 0 0.655773 0 0.589884 0 0 0 0 0 0 0 0 0 0.610226 0 0 0.887669 0 0.713522 0 0 0 0 0 0.68034 0 0 0 0 0.689166 0 0 0 0.742844 0 0.580238 0 0 0 0 0 0.801166 0 0.867666 0 0.774497 0.689065 0.617532 0 0 0 0.880725 0 0 0 0 0.83834
0 0 0.749637 0 0 0 0.582371 0.802388 0.846117 0 0 0 0.891293 0 0 0 0 0 0.828168 0 0.623745 0 0.875281 0 0 0.761074 0 0.629632 0 0 0 0.764348 0.862625 0 0.714441 0 0 0 0 0 0.634862 0 0 0 0.701573 0 0 0.867954 0 0 0.694315 0 0 0 0.715451 0 0 0 0 0 0 0.890063 0 0.798832 0 0 0 0 0.726373 0.678082 0 0 0.695892 0 0.638922 0.742844 0 0 0 0.76084 0 0.633308 0 0.582994 0.613317 0 0 0 0 0 0 0.756687 0 0 0 0 0 0 0.663529 0.823599
0 0.718421 0.589309 0.587778 0 0 0 0 0 0 0.613029 0 0 0.832451 0.766059 0 0 0.706755 0.681037 0.5827 0 0.860358 0 0 0.854765 0 0 0 0 0 0 0 0 0 0.834341 0 0 0.725784 0 0.845849 0.625637 0.631566 0 0.607053 0.618162 0.597513 0 0 0.875405 0 0.832842 0.801631 0.832434 0 0.835312 0 0.577833 0 0 0 0 0 0.837966 0 0 0 0.588855 0 0 0 0 0 0 0.638035 0 0 0 0 0 0 0 0.731374 0 0 0 0 0 0 0 0 0.755355 0 0.634963 0.601757 0.733404 0 0.801757 0.59844 0 0.75323
0 0.862571 0 0.58105 0.782702 0 0 0 0 0.817536 0 0 0 0 0 0 0 0 0.600381 0.857735 0 0 0 0.881579 0 0 0 0 0 0.674151 0 0.68873 0.651772 0 0 0 0 0.669808 0 0.800122 0 0.651565 0 0.592065 0.715052 0 0 0 0 0 0 0 0 0 0 0 0.604402 0 0 0 0.670925 0 0 0 0 0.649261 0.681651 0.844619 0.608918 0 0.641635 0.613205 0 0 0 0.580238 0 0 0 0.823924 0.67908 0.759279 0.778104 0 0 0 0.842828 0 0.677027 0 0 0.760592 0 0.604083 0 0 0.76092 0 0 0
0 0 0 0 0.681799 0.59583 0.675325 0 0 0.826716 0.598736 0 0 0 0.872147 0 0.622339 0 0 0 0 0 0 0 0 0.826657 0.610457 0 0.594186 0.732067 0 0 0 0 0 0.591197 0.880833 0 0.82665 0.890102 0 0.807645 0 0.844527 0.67152 0 0 0 0 0.60904 0.804779 0 0.756731 0 0 0.856616 0.867814 0.800073 0.865803 0 0 0 0.652756 0 0 0 0 0.686396 0.620298 0 0 0 0 0 0.794152 0 0.76084 0 0.823924 0 0.62833 0 0 0 0 0 0.723937 0 0.842838 0 0.621886 0 0 0.642293 0 0 0.675268 0 0 0.601785
0 0 0 0 0.585646 0 0 0 0.780226 0 0.741385 0 0 0.584322 0 0.821711 0.733682 0 0.832519 0.660288 0 0.623095 0.697575 0.626856 0 0 0 0 0 0 0 0 0 0.622852 0 0 0 0 0 0 0 0 0 0 0 0 0 0 0 0 0 0.684158 0 0 0 0.85877 0.6206 0 0.677829 0 0.814225 0 0 0 0 0 0 0 0 0 0 0.806012 0 0.702903 0 0 0 0 0.67908 0.62833 0 0 0.872683 0.790433 0.679803 0 0.820376 0.881677 0 0 0 0 0.664234 0 0 0 0.862151 0.679089 0.76269 0.797991
0 0 0 0 0 0 0 0.809258 0.748099 0.696677 0.887369 0 0.844675 0 0 0.717358 0 0.795551 0 0 0 0 0.807843 0 0 0.886728 0 0.643484 0 0 0.575952 0.815869 0 0.843429 0 0 0 0.627143 0 0 0 0 0.871058 0 0 0 0.581712 0.613077 0.655206 0 0 0.816306 0.879461 0 0 0.883494 0 0 0 0 0.745209 0 0 0 0 0 0 0.781656 0.784946 0 0 0 0 0 0 0 0.633308 0.731374 0.759279 0 0 0 0.686728 0.757246 0 0 0 0.777609 0.660626 0.623627 0.706587 0 0 0.60605 0.658106 0 0 0 0 0
0 0.846275 0 0 0 0 0 0.844491 0 0 0 0.833822 0 0.60974 0 0 0 0 0 0.755236 0.803576 0 0 0 0 0 0 0 0 0 0 0 0 0 0 0 0.605734 0.771494 0.748548 0 0 0.685503 0 0 0.790922 0 0.890027 0 0 0 0.592304 0 0 0.771259 0 0 0.832064 0.682252 0.888953 0 0 0.73792 0.788255 0 0 0 0.605222 0 0 0 0 0 0 0 0 0 0 0 0.778104 0 0.872683 0.686728 0 0 0 0 0 0.656135 0 0 0.833979 0.664983 0 0 0.640932 0.613941 0.741828 0 0.72361 0
0 0.700872 0.614782 0.880318 0.660339 0 0 0 0 0 0.670851 0 0.618257 0 0.597616 0 0.752063 0 0 0 0.729373 0 0 0.740977 0 0.676516 0 0 0 0 0 0 0 0.654144 0 0 0 0 0 0 0.6227 0.835915 0.838568 0 0 0 0 0 0 0 0 0 0.815593 0 0 0.887003 0.60058 0 0.781841 0 0.858124 0.689806 0 0.669397 0.637049 0.832041 0.892068 0 0.716239 0.738263 0 0 0 0 0 0 0.582994 0 0 0 0.790433 0.757246 0 0 0 0 0 0.76086 0.641042 0.747104 0.793721 0 0 0.851007 0 0 0 0.58606 0 0
0 0 0 0.796319 0 0 0.873744 0 0.69312 0 0 0 0.67441 0.769798 0 0 0 0.835856 0 0 0.735413 0.804266 0 0 0 0 0 0 0.696399 0 0.824506 0.602683 0 0 0 0 0 0 0 0 0 0.812759 0.830792 0.66588 0 0.801194 0 0 0 0 0 0 0.707125 0 0 0 0 0 0 0.645448 0 0.580613 0 0.8401 0.638301 0 0 0 0 0 0.659821 0.67463 0 0 0 0.801166 0.613317 0 0 0 0.679803 0 0 0 0 0 0.659556 0 0 0 0 0.825879 0 0.843853 0 0 0 0 0 0
0.776258 0.785787 0 0 0.877902 0 0 0.586927 0 0 0.645922 0 0.616498 0.852675 0.604681 0 0 0 0 0.637236 0.815154 0 0 0.819265 0 0.763991 0 0.852764 0 0 0.697638 0 0 0 0.741496 0.804648 0 0 0.809225 0.648548 0 0.887072 0 0 0 0 0 0 0 0 0 0.82457 0 0.747469 0 0 0.793552 0 0 0.84192 0.858694 0.858274 0.806145 0 0 0 0.715775 0.728628 0 0 0.819021 0 0 0 0.702568 0 0 0 0 0 0 0 0 0 0 0 0 0.622855 0 0.841076 0 0.585131 0 0 0 0 0.847303 0 0.616518 0
0 0 0 0 0 0 0.759514 0 0 0.675094 0 0 0 0 0.780111 0 0 0.864334 0 0 0 0 0 0 0 0 0 0.749336 0 0 0.619868 0 0 0 0.88846 0 0.842853 0.709227 0.640181 0 0 0 0 0.853125 0 0 0 0 0 0.750703 0 0 0 0 0 0.712768 0.802462 0.84782 0.878927 0 0 0 0 0.736883 0 0 0 0.734291 0.749481 0 0.695783 0 0.76143 0 0 0.867666 0 0 0.842828 0.723937 0.820376 0 0 0 0.659556 0 0 0.674758 0 0 0 0 0 0 0 0 0 0 0 0
0.721252 0 0.691333 0.577004 0 0.842245 0.824729 0 0 0 0.766409 0 0.780714 0.854976 0 0.657779 0.644629 0 0 0.744304 0 0 0 0 0 0 0 0.742443 0 0.836285 0 0.882942 0 0.683206 0.816841 0.61736 0.66595 0.689245 0 0.781022 0.664944 0 0 0 0.588284 0 0.823399 0 0 0.700524 0 0 0.578267 0 0.879085 0 0 0.752644 0 0.719494 0 0.685959 0.824772 0 0.582695 0 0 0 0 0 0 0 0 0 0 0 0 0 0 0 0.881677 0.777609 0.656135 0.76086 0 0.622855 0.674758 0 0 0 0 0 0 0 0 0 0 0 0.847672 0
0 0.818427 0 0 0 0 0 0.670896 0.816956 0 0 0.763848 0 0.630968 0.792607 0 0 0 0.58312 0 0 0.693855 0 0.651746 0 0.707637 0 0 0.759725 0 0.643273 0.747512 0 0.808801 0 0 0.742924 0 0.577032 0 0 0 0.654233 0 0 0.835919 0.794136 0 0 0 0.577927 0 0.886425 0 0 0 0 0 0.842728 0 0.846334 0.625743 0 0.759936 0 0.659171 0 0 0 0 0 0 0.746702 0 0 0.774497 0 0 0.677027 0.842838 0 0.660626 0 0.641042 0 0 0 0 0 0 0 0 0 0 0 0 0.887615 0.795026 0 0
0 0 0 0 0 0 0.727052 0 0 0 0.873422 0.75941 0 0 0 0.60902 0 0.860386 0.63135 0.719807 0 0 0 0.596108 0 0.628103 0 0 0.645142 0 0 0 0 0 0.58469 0 0 0 0 0 0.76099 0.867437 0 0.620044 0 0 0.847559 0 0.78001 0 0 0 0 0 0 0 0 0.830772 0 0 0 0 0 0 0 0.814422 0 0.776379 0 0.722569 0 0.681663 0.779341 0 0.716318 0.689065 0 0 0 0 0 0.623627 0 0.747104 0 0.841076 0 0 0 0 0.768062 0.628365 0 0 0 0.782142 0.846872 0.606875 0 0
0.740384 0.7016 0 0 0 0 0 0 0 0 0 0 0.651695 0.825676 0 0 0.647607 0 0.671069 0 0 0.739424 0 0 0 0.7757 0 0 0 0 0 0 0 0 0.859096 0 0.820439 0.755994 0 0 0.83167 0.670937 0.637427 0 0 0.746218 0.734023 0.761457 0 0 0 0 0 0 0.672644 0.675278 0 0.825589 0.723178 0 0 0.774463 0 0 0 0.815412 0.675601 0 0 0.655075 0.801193 0.777151 0 0 0 0.617532 0 0.755355 0 0.621886 0 0.706587 0.833979 0.793721 0 0 0 0 0 0.768062 0 0.675629 0 0.697766 0.730439 0 0 0 0 0
0 0 0 0 0 0.729245 0 0.821695 0 0.812268 0 0.8123 0 0 0.642415 0.854182 0 0 0.890373 0 0.817378 0 0 0 0 0 0.693823 0 0 0.658394 0.872162 0 0 0 0 0 0 0 0 0 0 0.80868 0 0 0 0 0.611238 0.685568 0.779646 0 0.595476 0 0 0 0 0.724855 0 0 0 0 0 0.791489 0 0.72858 0 0 0 0 0.646222 0 0 0 0 0.757363 0 0 0.756687 0 0.760592 0 0 0 0.664983 0 0.825879 0.585131 0 0 0 0.628365 0.675629 0 0 0 0.693428 0 0 0.734564 0 0.864385
0 0 0.791715 0 0.768674 0 0 0.639237 0 0 0.615299 0 0 0.882787 0 0 0 0 0 0.650042 0 0 0.850838 0 0 0 0 0 0 0 0 0.752023 0 0 0 0 0.720419 0 0.78973 0.820927 0.849945 0 0 0.864845 0 0.693671 0 0.774261 0 0 0.729237 0 0 0.692432 0 0.889216 0 0 0 0 0 0 0 0 0 0.629782 0 0 0 0.689273 0 0 0.687696 0.839396 0 0 0 0.634963 0 0 0.664234 0 0 0 0 0 0 0 0 0 0 0 0 0 0.769091 0 0.823255 0 0.614869 0.848594
0 0 0.762396 0 0.840455 0 0 0 0 0 0 0 0 0 0 0.610349 0 0.678749 0 0 0 0.648685 0.590439 0 0 0 0.720639 0.856528 0 0 0 0.865053 0 0 0 0 0 0 0 0.68665 0.857039 0 0.864939 0 0 0 0 0 0.766207 0 0 0 0.727581 0 0.692278 0 0 0 0 0 0 0.597055 0 0 0 0.829636 0 0 0 0.798959 0.67003 0.612661 0.78592 0.73421 0 0 0 0.601757 0.604083 0.642293 0 0.60605 0 0.851007 0.843853 0 0 0 0 0 0.697766 0 0 0 0 0 0.637631 0 0 0.755979
0 0 0.800247 0.67091 0 0.819569 0 0 0 0.687443 0 0.850592 0 0 0.615664 0 0 0 0 0 0.774685 0 0 0 0.874668 0 0 0 0.631396 0.665316 0 0 0 0.853299 0 0 0 0 0.61257 0.599085 0 0 0.611936 0.758476 0.575855 0 0 0 0 0 0.817112 0 0 0 0 0.600559 0.588898 0 0.588305 0.691534 0 0.76171 0.877683 0 0 0 0 0.749931 0 0 0 0 0.737861 0.784668 0 0.880725 0 0.733404 0 0 0 0.658106 0.640932 0 0 0 0 0 0 0 0.730439 0.693428 0.769091 0 0 0.690756 0 0 0.837542 0.777867
0 0.697273 0.780258 0 0 0 0 0 0 0.794427 0.860805 0 0.803618 0 0 0 0.770578 0 0 0 0 0 0 0 0 0.843579 0.576304 0 0 0 0 0 0 0 0 0 0.808747 0 0 0 0 0 0 0 0 0 0 0 0.88607 0 0 0 0.863229 0 0 0.835136 0 0.593127 0 0 0 0.62045 0 0 0.717931 0.737064 0.772322 0 0 0 0 0 0.582051 0 0 0 0 0 0 0 0 0 0.613941 0 0 0 0 0 0 0.782142 0 0 0 0 0.690756 0 0 0.706851 0 0
0 0.882999 0.851135 0 0 0 0.712236 0 0.785693 0 0.766179 0 0 0.851932 0 0 0 0.637306 0.63692 0 0 0 0.800741 0.776342 0 0.716055 0 0 0.655757 0 0 0.824444 0.812651 0 0 0.647435 0 0.781183 0 0 0 0 0 0 0 0 0 0 0 0 0 0 0.629904 0 0 0 0 0.596428 0 0 0 0 0 0 0 0.574953 0.834797 0 0 0 0 0 0 0 0 0 0 0.801757 0.76092 0.675268 0.862151 0 0.741828 0 0 0.847303 0 0 0.887615 0.846872 0 0 0.823255 0.637631 0 0 0 0.725716 0 0
0 0 0.89205 0 0 0 0.837476 0 0.613866 0 0 0 0 0 0.688873 0 0 0.746506 0 0 0.730947 0 0.765307 0.880389 0 0 0 0.781627 0 0 0.756171 0.829858 0.628176 0.59146 0 0.674783 0.613738 0.656637 0.668689 0.624255 0 0 0 0 0 0 0.601083 0.836214 0 0 0 0.87111 0 0.876463 0 0 0 0 0 0 0 0.71411 0 0 0 0 0 0 0 0 0 0 0 0 0.640679 0 0 0.59844 0 0 0.679089 0 0 0.58606 0 0 0 0 0.795026 0.606875 0 0.734564 0 0 0 0.706851 0.725716 0 0.873775 0
0 0 0.842677 0 0.698798 0 0.600239 0.777548 0 0 0 0 0 0 0 0 0 0 0.752209 0.739055 0 0 0 0 0.746627 0 0.795704 0 0 0.697265 0 0.618483 0 0 0 0 0 0 0 0 0 0 0 0 0 0 0.670268 0 0 0 0 0.635985 0 0.602189 0 0 0 0 0.585102 0.891441 0 0.721177 0 0.689091 0.749618 0 0 0 0 0 0 0.760062 0 0 0.637882 0 0.663529 0 0 0 0.76269 0 0.72361 0 0 0.616518 0 0.847672 0 0 0 0 0.614869 0 0.837542 0 0 0.873775 0 0
0 0.701496 0 0 0 0.688065 0 0.790491 0 0.869386 0 0.707577 0 0.877691 0 0.662924 0 0 0.833568 0.620344 0 0.754003 0 0 0 0 0.7861 0.706047 0 0.858905 0.805744 0 0.607376 0.862533 0 0.650438 0 0.763133 0 0 0.852872 0 0.827135 0 0 0 0 0 0.863325 0.592693 0 0.691737 0.839274 0.709929 0 0.729727 0.763644 0 0 0.826975 0 0.782782 0 0.749671 0 0 0 0.754039 0.576944 0 0 0 0.840082 0.858625 0.597207 0.83834 0.823599 0.75323 0 0.601785 0.797991 0 0 0 0 0 0 0 0 0 0 0.864385 0.848594 0.755979 0.777867 0 0 0 0 0
