100
0 0 0 0 0 0 0 0 0 0 0 0.613688 0 0 0 0.758327 0 0 0 0 0.691407 0 0 0.614823 0.703281 0 0.593341 0 0 0 0 0.607147 0 0 0 0 0 0.610043 0 0 0 0 0.66363 0 0 0 0 0 0 0.779275 0.871344 0 0 0 0 0 0 0 0.557083 0.686724 0 0 0.80869 0.816503 0 0 0.538897 0 0 0 0 0 0 0 0 0.741854 0 0 0 0 0 0 0 0 0 0.754054 0 0.767564 0 0 0.735742 0 0.90581 0 0 0 0 0 0 0
0 0 0.644487 0 0 0 0 0 0 0 0 0 0.549115 0 0 0 0.63018 0 0 0.592786 0 0 0.538653 0 0 0 0.691401 0 0 0.899963 0 0 0.68892 0 0 0 0.904365 0.643971 0 0.687906 0 0.60321 0 0 0 0 0 0 0 0.632484 0 0 0.650403 0 0 0 0 0.710952 0 0 0 0 0 0 0 0 0 0.767394 0.539564 0.888802 0 0.84031 0 0 0 0 0 0 0.873453 0 0 0 0 0.685133 0 0.772561 0 0 0.733811 0 0.742153 0 0 0 0 0.736822 0.868483 0 0 0
0 0.644487 0 0 0 0.594323 0.598271 0 0.723521 0.606145 0.842381 0 0 0 0 0 0.755976 0.818164 0 0 0 0.781544 0 0 0 0 0.644623 0 0 0.801506 0 0 0 0 0 0.75744 0 0 0 0 0 0 0 0 0 0 0 0 0.760445 0.673588 0 0 0.910525 0 0 0 0 0 0 0 0 0 0 0 0 0 0 0.826243 0 0 0 0 0 0 0 0.827616 0 0.606572 0 0 0 0 0 0.666583 0 0.87777 0 0 0 0 0 0 0 0 0.850067 0.812592 0.909136 0.925289 0 0
0 0 0 0 0 0 0 0.629269 0.622461 0 0 0 0 0 0.864746 0.739396 0 0 0 0 0.741062 0 0.741888 0 0.876788 0.766357 0.7225 0 0 0 0 0 0 0 0 0 0 0 0 0 0 0.83664 0 0 0 0 0 0 0 0 0 0 0.922527 0 0 0 0 0 0 0 0 0 0 0 0 0 0 0 0.670164 0.600565 0 0 0 0 0 0 0.651373 0 0.636229 0 0 0 0 0 0 0.832081 0 0.557914 0 0 0 0 0 0 0 0 0 0 0 0
0 0 0 0 0 0 0 0.847184 0.786652 0.680953 0 0 0 0 0 0 0.792216 0.688637 0 0 0 0 0 0.891837 0 0.873369 0 0 0 0 0 0 0 0.663054 0.632094 0 0 0 0.644466 0.593201 0 0 0 0 0 0 0 0 0 0 0.846711 0 0 0 0 0 0.530467 0 0 0 0 0 0 0.777207 0.806295 0 0 0 0 0.626841 0 0 0 0 0 0.849182 0 0 0.813696 0.651071 0 0 0 0 0 0 0 0 0 0 0 0 0 0.843139 0 0 0 0 0 0
0 0 0.594323 0 0 0 0 0 0 0.764572 0 0 0 0 0 0 0.588958 0 0 0 0.48824 0 0 0 0 0 0 0 0 0 0 0 0 0 0 0.605548 0 0 0 0 0 0 0 0 0 0 0 0 0 0.889949 0 0 0 0 0 0 0 0.822384 0 0 0 0.750603 0 0 0.776346 0 0.751747 0 0 0 0 0 0 0.705033 0 0 0 0 0 0 0 0 0 0 0 0 0 0.891191 0 0 0 0 0 0 0 0 0 0 0 0
0 0 0.598271 0 0 0 0 0 0 0 0 0.813743 0 0 0 0.712705 0 0 0 0 0.732153 0 0.805836 0.884329 0 0 0.708458 0 0 0 0 0 0.83654 0 0 0 0.632403 0 0 0 0 0 0 0.825141 0 0 0 0 0 0 0.847916 0 0 0 0 0 0.842289 0 0.863515 0 0 0 0 0 0 0 0 0 0 0.81599 0 0.775723 0.737061 0 0.541372 0 0.493613 0 0 0 0 0 0 0 0 0 0.763583 0 0 0 0 0 0 0 0 0 0 0.865799 0.60656 0
0 0 0 0.629269 0.847184 0 0 0 0.796547 0 0 0 0 0 0 0.820837 0.84423 0 0 0 0 0 0 0.567521 0 0.863998 0 0.754056 0 0.68869 0.672806 0 0 0 0 0 0.797577 0 0 0 0 0 0.804771 0 0 0 0 0 0 0.704771 0 0 0 0 0 0.640495 0 0 0 0 0 0.821184 0 0 0 0 0 0.664482 0 0 0 0 0 0 0 0 0 0 0 0 0 0.837315 0 0 0 0 0 0 0.668366 0 0 0 0.672065 0 0 0.86111 0 0 0 0
0 0 0.723521 0.622461 0.786652 0 0 0.796547 0 0 0.725896 0.863362 0.782526 0 0 0 0 0 0 0 0 0 0 0 0 0 0 0 0 0 0 0 0 0.840938 0 0 0 0 0 0 0 0 0.671058 0 0 0 0 0 0 0 0 0 0 0 0 0 0 0 0 0 0 0 0 0 0 0.726842 0 0 0 0 0 0 0 0 0 0 0.831553 0.835253 0 0 0.810492 0.732102 0 0 0 0 0 0 0.846675 0 0 0 0 0 0 0 0 0.602814 0 0
0 0 0.606145 0 0.680953 0.764572 0 0 0 0 0.783792 0 0.75767 0 0 0 0 0 0 0 0.686529 0 0 0.639822 0 0 0 0 0 0 0 0.7669 0.561272 0 0 0 0 0.703203 0 0 0 0 0 0 0 0 0 0 0 0 0 0 0 0 0 0 0 0 0.880696 0.838683 0 0 0 0.659023 0.941539 0 0 0 0 0 0 0 0 0 0.62185 0.659154 0 0 0 0 0 0 0 0 0.859908 0 0 0 0 0 0 0.855534 0 0 0.721763 0 0 0 0 0
0 0 0.842381 0 0 0 0 0 0.725896 0.783792 0 0 0.767991 0.691769 0 0 0 0 0 0 0 0.904796 0 0 0 0 0 0.902752 0 0 0 0 0 0.747761 0 0 0 0.760516 0 0 0 0 0.854816 0.718671 0 0 0.742878 0 0 0.703376 0 0 0 0 0 0 0 0.554754 0.785742 0.724452 0 0 0 0 0 0 0 0.66467 0 0.686863 0 0 0.829013 0.752512 0 0 0 0.575062 0 0 0.832549 0 0 0.611632 0 0.626489 0 0 0 0.92749 0 0 0.564776 0 0 0 0 0 0 0
0.613688 0 0 0 0 0 0.813743 0 0.863362 0 0 0 0.767876 0.808693 0 0 0 0 0.724368 0 0 0 0 0.712658 0 0.719765 0 0 0 0 0 0.579258 0 0 0 0.681587 0 0.791498 0 0.66468 0.869462 0 0 0.564817 0.785763 0 0.87087 0.721557 0 0 0.748203 0 0 0 0 0 0 0 0.884811 0 0 0 0 0 0 0 0 0 0 0 0 0 0 0 0 0 0 0 0 0 0 0 0.819619 0 0 0 0 0 0.778474 0.762943 0 0 0 0 0 0 0 0 0 0.761281
0 0.549115 0 0 0 0 0 0 0.782526 0.75767 0.767991 0.767876 0 0 0 0 0.58808 0 0 0 0 0 0 0.562188 0 0 0 0 0 0 0 0 0 0 0 0 0 0 0.636813 0.65351 0.885053 0 0 0 0 0 0 0 0 0 0 0 0 0 0 0 0 0 0 0 0 0 0 0 0 0 0 0.720548 0 0.595806 0.646446 0 0 0 0.787205 0 0 0 0 0 0 0 0 0 0 0.548408 0 0 0 0.739228 0.669436 0 0 0 0 0.897928 0 0 0.796266 0
0 0 0 0 0 0 0 0 0 0 0.691769 0.808693 0 0 0 0.625856 0 0.843052 0 0.666205 0 0 0 0 0 0 0 0.557891 0 0 0 0 0 0 0.602011 0 0 0 0 0 0 0 0 0 0 0.681746 0.802747 0 0.575885 0 0 0 0.868504 0 0 0 0 0 0 0.844339 0.618106 0 0 0 0 0 0.781135 0 0.817487 0 0 0 0 0 0.835361 0.592501 0 0 0 0 0 0 0.593651 0 0.755013 0.84768 0 0 0 0 0.79452 0 0 0 0 0 0 0 0 0
0 0 0 0.864746 0 0 0 0 0 0 0 0 0 0 0 0 0 0 0 0 0 0 0 0 0 0 0 0 0 0 0 0.893154 0 0 0 0 0 0 0 0 0.681461 0.713248 0.638837 0.766236 0.543894 0 0 0 0 0 0 0 0.625482 0.702631 0 0 0 0 0.812209 0 0 0.746228 0 0 0.749857 0 0 0 0 0.795523 0 0 0.900602 0 0 0 0 0.689355 0 0 0 0 0 0 0 0.61717 0.835757 0 0 0 0.687418 0.59288 0.811904 0 0 0 0 0.740755 0 0
0.758327 0 0 0.739396 0 0 0.712705 0.820837 0 0 0 0 0 0.625856 0 0 0 0.795688 0.700058 0.688174 0 0 0 0.885829 0 0 0 0.764733 0 0 0 0 0.641521 0 0 0 0 0 0 0 0 0.690446 0 0 0 0 0 0 0 0.672678 0 0 0 0 0 0 0 0 0 0 0 0 0 0 0.809379 0.68056 0 0.810506 0 0 0.773002 0 0 0.626343 0 0.665858 0 0 0 0 0.799302 0.737903 0 0 0 0 0 0 0 0 0 0.963069 0 0 0 0 0 0 0 0.694291
0 0.63018 0.755976 0 0.792216 0.588958 0 0.84423 0 0 0 0 0.58808 0 0 0 0 0 0 0 0 0.695762 0 0.830451 0 0 0 0.779381 0.713292 0.677996 0.726449 0 0.564317 0 0 0 0 0.744731 0.646516 0 0.727163 0 0 0 0.610926 0.650714 0 0 0 0 0 0 0 0 0.605056 0 0 0 0 0.830399 0 0.943119 0 0.660177 0 0 0.801902 0 0 0 0.730453 0 0.660424 0 0 0 0 0 0 0 0 0 0 0.67374 0 0 0 0.6707 0 0 0.622721 0 0 0 0 0 0 0 0 0
0 0 0.818164 0 0.688637 0 0 0 0 0 0 0 0 0.843052 0 0.795688 0 0 0 0 0 0 0 0 0 0 0 0 0.785245 0 0 0 0 0 0 0 0.940375 0 0 0 0.785047 0.869337 0 0 0.544515 0.674219 0 0 0 0 0 0 0 0 0 0.808041 0 0 0 0 0 0 0 0 0 0 0 0 0 0 0 0.826575 0.799772 0 0 0 0 0.720553 0 0 0.797298 0 0 0 0.814657 0 0 0 0 0.83928 0 0.923052 0 0 0 0 0 0 0 0
0 0 0 0 0 0 0 0 0 0 0 0.724368 0 0 0 0.700058 0 0 0 0.821385 0 0 0 0 0 0.897219 0 0 0.542809 0 0 0 0 0 0 0.67331 0 0 0.896393 0 0 0.650438 0 0 0.607705 0 0 0 0 0 0 0 0 0 0 0 0 0.799239 0.610044 0 0.741823 0 0 0.825785 0 0 0.692051 0 0 0.592502 0 0 0 0 0 0.848243 0.782615 0.684774 0 0 0 0 0 0 0 0 0 0 0.606844 0 0.66426 0 0 0 0 0 0.595185 0 0.731968 0
0 0.592786 0 0 0 0 0 0 0 0 0 0 0 0.666205 0 0.688174 0 0 0.821385 0 0 0 0.649138 0 0 0.791453 0 0.602877 0 0 0 0 0.62846 0 0 0 0 0 0 0 0 0 0 0 0 0 0 0 0 0 0 0 0 0.760736 0 0 0 0 0 0.556904 0 0 0.787048 0 0 0.728748 0 0 0 0 0 0 0 0 0 0 0 0.535141 0 0.671043 0.650899 0 0.85814 0 0 0.577871 0 0 0 0.677079 0 0 0.677081 0 0 0 0 0 0.790939 0
0.691407 0 0 0.741062 0 0.48824 0.732153 0 0 0.686529 0 0 0 0 0 0 0 0 0 0 0 0 0.679207 0 0 0 0 0 0 0 0 0 0 0 0 0 0 0 0 0.76712 0 0 0 0 0 0 0 0 0 0 0 0 0 0.69062 0 0 0 0 0.68566 0.676985 0 0.870096 0 0 0 0 0 0.765051 0.7796 0 0.683809 0 0 0 0 0 0 0 0 0 0 0 0 0.705402 0 0 0.609012 0 0 0 0 0 0 0 0.738188 0 0 0 0 0
0 0 0.781544 0 0 0 0 0 0 0 0.904796 0 0 0 0 0 0.695762 0 0 0 0 0 0 0.737362 0 0 0 0 0 0 0 0 0.698405 0 0 0 0 0 0.812711 0 0 0 0.636465 0 0 0 0 0 0 0 0 0 0 0 0 0 0 0.826154 0 0 0 0 0 0 0 0 0 0 0 0 0 0.850024 0.748605 0 0 0 0 0.831351 0 0 0.685733 0.811394 0.784631 0 0 0.59487 0 0 0.747129 0 0.70907 0 0 0 0 0 0 0 0 0.779656
0 0.538653 0 0.741888 0 0 0.805836 0 0 0 0 0 0 0 0 0 0 0 0 0.649138 0.679207 0 0 0 0 0 0 0 0.837728 0.531341 0 0 0 0.675542 0.638954 0 0 0 0 0.556439 0 0.818123 0 0 0 0 0 0 0 0 0 0 0 0 0 0 0 0 0 0 0 0 0.790998 0 0 0 0.49881 0 0.833368 0 0 0 0 0 0 0 0.904079 0 0 0 0.717959 0.765109 0 0 0 0.885285 0 0 0 0 0 0 0.850999 0.652487 0 0 0 0 0 0
0.614823 0 0 0 0.891837 0 0.884329 0.567521 0 0.639822 0 0.712658 0.562188 0 0 0.885829 0.830451 0 0 0 0 0.737362 0 0 0 0 0 0 0 0 0 0 0 0 0 0 0 0 0.834096 0 0.750802 0 0 0 0 0 0 0.58241 0 0 0 0 0 0 0 0 0 0.886744 0 0 0 0 0 0 0 0 0.645708 0 0 0 0 0 0 0 0 0 0 0 0 0 0 0 0 0 0 0 0 0 0.602672 0 0 0 0 0 0 0 0 0 0 0.708812
0.703281 0 0 0.876788 0 0 0 0 0 0 0 0 0 0 0 0 0 0 0 0 0 0 0 0 0 0 0.719328 0.726362 0 0 0 0 0 0 0 0 0 0 0 0 0 0 0.839249 0 0.631674 0 0 0 0.621582 0 0 0 0 0 0 0 0 0.767844 0 0.667718 0 0 0 0.710001 0 0 0 0 0 0 0 0 0 0 0 0 0 0 0 0 0 0 0 0 0 0 0 0 0 0 0 0 0 0 0.804224 0 0 0 0.782121 0
0 0 0 0.766357 0.873369 0 0 0.863998 0 0 0 0.719765 0 0 0 0 0 0 0.897219 0.791453 0 0 0 0 0 0 0 0 0 0 0 0 0 0 0 0 0 0 0 0 0 0 0 0 0.846063 0 0 0.808264 0 0 0.618424 0 0 0 0 0 0 0 0 0 0.847275 0 0 0 0 0 0.739314 0.578119 0 0 0 0.780554 0 0 0 0 0.747206 0 0 0 0 0 0 0 0 0.778965 0 0 0.709024 0.624522 0 0 0 0 0 0.891586 0.733854 0 0 0
0.593341 0.691401 0.644623 0.7225 0 0 0.708458 0 0 0 0 0 0 0 0 0 0 0 0 0 0 0 0 0 0.719328 0 0 0 0.594558 0.694686 0 0 0 0 0 0.847599 0 0 0 0 0 0 0.869532 0.77561 0 0 0 0 0 0 0 0 0 0 0 0 0 0.70533 0 0.624541 0 0 0.618151 0.829683 0 0 0 0 0 0 0 0 0.628766 0 0 0 0 0 0 0.580631 0.68629 0 0 0 0 0 0 0 0 0 0 0 0 0.707134 0 0.561001 0 0 0 0
0 0 0 0 0 0 0 0.754056 0 0 0.902752 0 0 0.557891 0 0.764733 0.779381 0 0 0.602877 0 0 0 0 0.726362 0 0 0 0 0 0 0 0 0 0.791124 0 0 0.894177 0 0 0 0 0 0 0 0.772374 0 0 0 0 0.600321 0 0.801563 0 0 0 0 0.996424 0 0 0 0.557702 0 0 0.717705 0 0 0 0 0 0 0 0 0 0.490103 0 0.575461 0 0 0 0 0 0 0 0 0 0.711642 0.685993 0 0 0 0 0 0.870054 0 0 0 0 0 0
0 0 0 0 0 0 0 0 0 0 0 0 0 0 0 0 0.713292 0.785245 0.542809 0 0 0 0.837728 0 0 0 0.594558 0 0 0 0 0 0 0 0 0.724247 0 0 0 0 0 0 0 0 0 0 0 0 0 0 0 0.871135 0 0 0.677313 0 0 0 0 0.763559 0 0 0 0.69741 0.845361 0 0 0 0 0 0.652723 0 0.786462 0 0 0 0 0 0 0.587471 0 0 0 0 0 0 0 0 0 0 0 0 0 0 0.640118 0 0 0 0.661622 0
0 0.899963 0.801506 0 0 0 0 0.68869 0 0 0 0 0 0 0 0 0.677996 0 0 0 0 0 0.531341 0 0 0 0.694686 0 0 0 0 0 0.750667 0 0.742102 0.806799 0 0.656746 0 0 0 0.841294 0 0.83017 0.767363 0 0.755552 0 0 0 0 0.789335 0 0 0 0 0 0 0 0 0 0.798794 0 0 0 0 0 0 0 0 0 0 0 0 0 0 0 0 0.69251 0.719575 0.800338 0 0 0 0.603952 0 0 0.821926 0 0 0 0.64088 0.739824 0 0.669134 0 0 0 0 0.80126
0 0 0 0 0 0 0 0.672806 0 0 0 0 0 0 0 0 0.726449 0 0 0 0 0 0 0 0 0 0 0 0 0 0 0 0 0.723789 0.720145 0 0 0.841701 0 0 0 0 0.805557 0 0 0 0.770481 0 0 0 0 0.682187 0 0.872491 0 0 0.902008 0.555795 0.918692 0 0.658147 0 0 0 0.690681 0 0 0 0 0 0.891722 0 0 0.677512 0 0 0 0 0 0 0 0.57869 0 0 0 0.685605 0.699481 0 0 0 0 0.883727 0 0 0 0 0 0.78288 0 0.846814
0.607147 0 0 0 0 0 0 0 0 0.7669 0 0.579258 0 0 0.893154 0 0 0 0 0 0 0 0 0 0 0 0 0 0 0 0 0 0 0 0.81536 0 0 0.599542 0 0 0 0 0 0.599298 0 0 0 0 0 0 0 0 0 0 0 0.800138 0 0 0.525309 0 0 0 0.920265 0 0 0 0 0.622652 0 0.814938 0 0 0.746962 0 0 0 0 0 0 0 0 0 0 0 0 0 0 0.889401 0.748513 0 0 0 0.78017 0.910892 0 0 0.868871 0 0 0
0 0.68892 0 0 0 0 0.83654 0 0 0.561272 0 0 0 0 0 0.641521 0.564317 0 0 0.62846 0 0.698405 0 0 0 0 0 0 0 0.750667 0 0 0 0.716954 0 0 0 0.799564 0 0 0 0.770859 0 0 0 0 0 0 0 0 0.634687 0 0 0.677695 0 0 0 0 0 0 0 0 0.716687 0 0 0 0 0 0 0 0.619222 0 0 0 0 0.826423 0 0 0.607958 0 0 0 0 0 0 0 0 0 0 0 0 0 0 0 0 0 0 0 0.765301 0
0 0 0 0 0.663054 0 0 0 0.840938 0 0.747761 0 0 0 0 0 0 0 0 0 0 0 0.675542 0 0 0 0 0 0 0 0.723789 0 0.716954 0 0 0 0.718706 0 0 0 0 0 0 0 0 0.597899 0.571391 0 0.63455 0 0 0 0 0 0 0 0 0 0 0 0 0 0 0.820519 0 0 0.775939 0.651305 0.709244 0 0 0 0 0 0 0 0 0 0 0 0.630803 0 0 0 0 0 0 0.707678 0 0 0 0 0 0 0 0 0 0 0 0
0 0 0 0 0.632094 0 0 0 0 0 0 0 0 0.602011 0 0 0 0 0 0 0 0 0.638954 0 0 0 0 0.791124 0 0.742102 0.720145 0.81536 0 0 0 0.736338 0 0 0 0 0.64073 0.615977 0 0 0 0 0 0 0.84688 0.666149 0 0 0 0.636932 0 0 0 0 0.589407 0 0 0 0 0 0 0.785825 0 0 0 0 0 0.646204 0 0 0 0 0.71037 0.812121 0 0 0 0 0 0 0 0.703568 0.894863 0.845829 0 0.597071 0.887832 0 0.627897 0 0.633363 0.558238 0 0 0 0
0 0 0.75744 0 0 0.605548 0 0 0 0 0 0.681587 0 0 0 0 0 0 0.67331 0 0 0 0 0 0 0 0.847599 0 0.724247 0.806799 0 0 0 0 0.736338 0 0 0.486588 0 0.702215 0 0 0.77122 0.765881 0 0 0 0 0 0 0 0 0 0 0 0 0.563883 0 0 0 0.691967 0 0 0 0 0 0 0 0 0 0 0 0 0.659358 0 0 0 0 0.570092 0 0 0 0 0 0 0 0 0 0.585498 0 0 0 0.607819 0 0 0 0.680348 0 0 0
0 0.904365 0 0 0 0 0.632403 0.797577 0 0 0 0 0 0 0 0 0 0.940375 0 0 0 0 0 0 0 0 0 0 0 0 0 0 0 0.718706 0 0 0 0 0 0 0 0 0.576934 0 0.839636 0 0 0 0 0 0 0 0 0 0 0.680523 0 0 0 0 0.605527 0 0 0 0 0.633777 0.66366 0 0.654362 0 0 0.883365 0.82331 0 0 0 0 0 0 0 0.751627 0 0.599784 0 0 0 0 0 0.825402 0 0 0 0.716799 0 0 0 0 0.617802 0 0
0.610043 0.643971 0 0 0 0 0 0 0 0.703203 0.760516 0.791498 0 0 0 0 0.744731 0 0 0 0 0 0 0 0 0 0 0.894177 0 0.656746 0.841701 0.599542 0.799564 0 0 0.486588 0 0 0 0 0 0 0 0 0 0 0 0 0 0 0 0 0 0.839078 0 0 0.730342 0 0 0 0 0 0 0 0 0 0 0.807258 0 0 0 0 0 0 0 0 0 0 0 0 0 0.70252 0 0 0 0 0 0 0 0 0.805673 0 0 0 0 0 0.724266 0 0 0.763902
0 0 0 0 0.644466 0 0 0 0 0 0 0 0.636813 0 0 0 0.646516 0 0.896393 0 0 0.812711 0 0.834096 0 0 0 0 0 0 0 0 0 0 0 0 0 0 0 0 0.894062 0 0 0 0 0 0 0.696934 0 0.640984 0 0.673772 0.878253 0 0.82645 0.853263 0 0 0.557065 0 0 0 0 0 0 0 0 0 0 0.756522 0 0 0 0 0 0.594863 0 0 0 0.876308 0 0 0.77472 0 0 0.840093 0 0 0.579239 0 0 0 0 0 0 0 0 0 0 0
0 0.687906 0 0 0.593201 0 0 0 0 0 0 0.66468 0.65351 0 0 0 0 0 0 0 0.76712 0 0.556439 0 0 0 0 0 0 0 0 0 0 0 0 0.702215 0 0 0 0 0.722096 0.679312 0 0 0.77683 0.775164 0 0 0 0.66578 0 0 0 0 0 0 0.582068 0.779656 0 0 0 0 0 0.745758 0 0.700309 0 0 0 0 0 0 0 0.741352 0 0 0 0 0 0.961842 0 0 0 0 0 0 0 0.798353 0.846646 0 0 0 0 0.712082 0.608955 0 0 0 0 0
0 0 0 0 0 0 0 0 0 0 0 0.869462 0.885053 0 0.681461 0 0.727163 0.785047 0 0 0 0 0 0.750802 0 0 0 0 0 0 0 0 0 0 0.64073 0 0 0 0.894062 0.722096 0 0 0 0 0 0 0 0 0 0.590177 0 0.68316 0 0 0.660034 0 0.873892 0 0 0 0 0 0.846428 0 0 0.845872 0.662292 0 0 0 0 0 0.71558 0 0 0 0.646351 0.582725 0 0 0 0 0 0 0 0 0 0.574019 0 0.724371 0 0 0.880305 0.846476 0 0 0 0.668056 0 0
0 0.60321 0 0.83664 0 0 0 0 0 0 0 0 0 0 0.713248 0.690446 0 0.869337 0.650438 0 0 0 0.818123 0 0 0 0 0 0 0.841294 0 0 0.770859 0 0.615977 0 0 0 0 0.679312 0 0 0 0 0.798131 0.762194 0 0 0 0 0 0 0.614365 0.668431 0 0.684178 0.610945 0 0 0 0 0 0 0.662176 0.655377 0.703857 0.704986 0 0.784244 0 0 0 0 0 0 0.871114 0 0.613723 0 0 0 0 0 0.856645 0.859524 0.895097 0 0.602316 0 0.898482 0 0 0 0 0 0 0 0 0 0
0.66363 0 0 0 0 0 0 0.804771 0.671058 0 0.854816 0 0 0 0.638837 0 0 0 0 0 0 0.636465 0 0 0.839249 0 0.869532 0 0 0 0.805557 0 0 0 0 0.77122 0.576934 0 0 0 0 0 0 0 0.743945 0.857549 0 0 0 0 0 0 0 0 0.810294 0 0 0 0 0 0 0 0 0 0 0 0 0 0 0 0 0 0 0 0 0 0 0 0.715198 0.625749 0 0 0 0 0.797065 0 0 0 0 0 0.711745 0 0 0.858945 0.581338 0 0 0 0 0
0 0 0 0 0 0 0.825141 0 0 0 0.718671 0.564817 0 0 0.766236 0 0 0 0 0 0 0 0 0 0 0 0.77561 0 0 0.83017 0 0.599298 0 0 0 0.765881 0 0 0 0 0 0 0 0 0 0 0 0 0.95135 0 0 0 0 0 0 0 0.716066 0 0 0 0 0.792976 0.856199 0 0 0.764685 0.744843 0 0 0 0.596261 0 0.733687 0 0 0 0 0.649042 0.542592 0.781922 0 0 0 0.757137 0.739978 0 0.873816 0 0 0.637872 0 0 0 0 0.782258 0.674133 0 0 0 0
0 0 0 0 0 0 0 0 0 0 0 0.785763 0 0 0.543894 0 0.610926 0.544515 0.607705 0 0 0 0 0 0.631674 0.846063 0 0 0 0.767363 0 0 0 0 0 0 0.839636 0 0 0.77683 0 0.798131 0.743945 0 0 0 0 0 0 0 0 0 0 0 0 0 0 0 0.876541 0.726982 0.776582 0 0 0 0 0 0 0 0 0 0.736619 0 0 0 0 0 0 0 0 0 0 0 0 0 0 0 0 0.561164 0 0 0 0.690269 0 0.755459 0 0.707346 0 0 0 0
0 0 0 0 0 0 0 0 0 0 0 0 0 0.681746 0 0 0.650714 0.674219 0 0 0 0 0 0 0 0 0 0.772374 0 0 0 0 0 0.597899 0 0 0 0 0 0.775164 0 0.762194 0.857549 0 0 0 0 0 0 0 0 0 0 0 0 0 0.805028 0 0 0.75176 0 0 0.793937 0.841977 0 0 0 0.837657 0 0 0 0 0 0 0 0 0 0 0 0 0 0 0 0 0.707082 0 0 0 0.843855 0 0 0 0 0 0 0 0.663392 0 0 0
0 0 0 0 0 0 0 0 0 0 0.742878 0.87087 0 0.802747 0 0 0 0 0 0 0 0 0 0 0 0 0 0 0 0.755552 0.770481 0 0 0.571391 0 0 0 0 0 0 0 0 0 0 0 0 0 0.663022 0 0 0 0 0 0 0 0 0.787009 0 0 0 0 0 0 0 0 0 0 0 0 0 0.884375 0 0 0 0 0.605659 0 0 0 0 0 0.545105 0 0 0 0 0 0 0.820013 0 0 0.616503 0 0 0 0 0 0 0 0
0 0 0 0 0 0 0 0 0 0 0 0.721557 0 0 0 0 0 0 0 0 0 0 0 0.58241 0 0.808264 0 0 0 0 0 0 0 0 0 0 0 0 0.696934 0 0 0 0 0 0 0 0.663022 0 0 0 0 0 0 0 0 0 0.582204 0 0 0 0 0.742391 0 0 0 0 0 0.656672 0 0 0 0.83863 0.607071 0.771979 0 0 0.857663 0 0 0 0 0.653379 0 0 0 0 0 0 0 0 0.771975 0.585422 0 0.653236 0 0 0 0.846602 0 0
0 0 0.760445 0 0 0 0 0 0 0 0 0 0 0.575885 0 0 0 0 0 0 0 0 0 0 0.621582 0 0 0 0 0 0 0 0 0.63455 0.84688 0 0 0 0 0 0 0 0 0.95135 0 0 0 0 0 0.847995 0 0 0 0.847378 0 0.716571 0.716965 0 0.824562 0 0 0.655331 0.767093 0 0.81578 0 0 0 0.551931 0 0 0 0 0.815679 0 0 0 0.914008 0.73612 0 0 0 0 0 0.712475 0 0 0 0 0.774457 0 0.748609 0 0 0.794083 0.855455 0 0 0 0
0.779275 0.632484 0.673588 0 0 0.889949 0 0.704771 0 0 0.703376 0 0 0 0 0.672678 0 0 0 0 0 0 0 0 0 0 0 0 0 0 0 0 0 0 0.666149 0 0 0 0.640984 0.66578 0.590177 0 0 0 0 0 0 0 0.847995 0 0 0 0 0 0 0.751702 0.862569 0.805138 0 0 0 0 0 0 0 0.696368 0 0 0 0.633975 0 0 0 0 0 0 0 0 0 0.592836 0 0.812677 0 0 0 0 0 0.651691 0 0 0 0 0.764654 0 0 0 0 0 0 0.561264
0.871344 0 0 0 0.846711 0 0.847916 0 0 0 0 0.748203 0 0 0 0 0 0 0 0 0 0 0 0 0 0.618424 0 0.600321 0 0 0 0 0.634687 0 0 0 0 0 0 0 0 0 0 0 0 0 0 0 0 0 0 0 0 0 0 0.516839 0 0 0 0 0 0 0.728441 0 0 0.624206 0 0 0 0.547093 0 0 0.726772 0 0 0 0 0.796223 0 0.777153 0 0 0 0.705227 0 0 0 0 0 0 0 0 0.715452 0.66685 0 0 0 0 0 0
0 0 0 0 0 0 0 0 0 0 0 0 0 0 0 0 0 0 0 0 0 0 0 0 0 0 0 0 0.871135 0.789335 0.682187 0 0 0 0 0 0 0 0.673772 0 0.68316 0 0 0 0 0 0 0 0 0 0 0 0 0 0 0 0 0 0 0 0 0 0.717165 0 0.59768 0 0.800012 0 0 0 0 0 0 0 0 0 0 0.830461 0 0 0 0.783446 0 0 0 0.823308 0.623252 0 0 0 0 0 0 0 0 0 0 0.924485 0 0
0 0.650403 0.910525 0.922527 0 0 0 0 0 0 0 0 0 0.868504 0.625482 0 0 0 0 0 0 0 0 0 0 0 0 0.801563 0 0 0 0 0 0 0 0 0 0 0.878253 0 0 0.614365 0 0 0 0 0 0 0 0 0 0 0 0 0 0.828207 0 0.84855 0 0 0 0 0 0 0 0 0 0 0.72677 0 0 0 0 0 0 0.824978 0 0 0 0 0 0.839833 0 0 0 0 0 0 0 0 0 0 0 0.728786 0 0 0.564779 0 0 0
0 0 0 0 0 0 0 0 0 0 0 0 0 0 0.702631 0 0 0 0 0.760736 0.69062 0 0 0 0 0 0 0 0 0 0.872491 0 0.677695 0 0.636932 0 0 0.839078 0 0 0 0.668431 0 0 0 0 0 0 0.847378 0 0 0 0 0 0 0 0 0.907115 0 0 0 0 0 0.777651 0 0 0 0 0 0.589151 0 0.658126 0 0 0 0 0 0 0 0 0 0 0.767215 0 0 0.715795 0 0 0 0 0 0 0.674985 0 0 0 0 0 0 0
0 0 0 0 0 0 0 0 0 0 0 0 0 0 0 0 0.605056 0 0 0 0 0 0 0 0 0 0 0 0.677313 0 0 0 0 0 0 0 0 0 0.82645 0 0.660034 0 0.810294 0 0 0 0 0 0 0 0 0 0 0 0 0 0.596883 0 0 0 0 0 0 0 0 0 0 0 0.685538 0 0 0 0 0.707018 0 0 0 0.785343 0 0 0 0 0 0 0 0 0 0 0 0.901241 0 0 0.590535 0.682339 0 0 0.787703 0 0 0.639425
0 0 0 0 0 0 0 0.640495 0 0 0 0 0 0 0 0 0 0.808041 0 0 0 0 0 0 0 0 0 0 0 0 0 0.800138 0 0 0 0 0.680523 0 0.853263 0 0 0.684178 0 0 0 0 0 0 0.716571 0.751702 0.516839 0 0.828207 0 0 0 0 0 0.646141 0 0 0.612658 0 0 0 0 0 0 0.706368 0 0 0 0.709282 0 0 0 0 0 0 0.855432 0 0 0.86875 0 0 0 0.68989 0 0 0.620536 0 0 0.92184 0 0.599737 0.773833 0 0 0 0
0 0 0 0 0.530467 0 0.842289 0 0 0 0 0 0 0 0 0 0 0 0 0 0 0 0 0 0 0 0 0 0 0 0.902008 0 0 0 0 0.563883 0 0.730342 0 0.582068 0.873892 0.610945 0 0.716066 0 0.805028 0.787009 0.582204 0.716965 0.862569 0 0 0 0 0.596883 0 0 0.846022 0 0 0 0 0 0 0 0.974438 0.888509 0 0 0 0.754419 0.876184 0 0 0 0.551242 0 0.585413 0 0.849074 0 0.712374 0.843551 0 0 0.860217 0.821315 0 0 0 0 0 0 0 0 0 0 0 0 0.765711
0 0.710952 0 0 0 0.822384 0 0 0 0 0.554754 0 0 0 0 0 0 0 0.799239 0 0 0.826154 0 0.886744 0.767844 0 0.70533 0.996424 0 0 0.555795 0 0 0 0 0 0 0 0 0.779656 0 0 0 0 0 0 0 0 0 0.805138 0 0 0.84855 0.907115 0 0 0.846022 0 0 0 0.842793 0 0.863483 0.634576 0 0 0 0 0 0.645592 0 0 0 0 0 0.708716 0.870008 0 0 0 0 0 0 0 0 0 0 0 0 0.861831 0 0 0 0 0 0 0 0 0 0
0.557083 0 0 0 0 0 0.863515 0 0 0.880696 0.785742 0.884811 0 0 0.812209 0 0 0 0.610044 0 0.68566 0 0 0 0 0 0 0 0 0 0.918692 0.525309 0 0 0.589407 0 0 0 0.557065 0 0 0 0 0 0.876541 0 0 0 0.824562 0 0 0 0 0 0 0.646141 0 0 0 0 0 0 0 0.714144 0 0 0 0 0 0 0 0 0 0 0 0.792841 0 0.856116 0 0.901889 0 0 0 0.761453 0 0 0 0 0 0 0 0.856874 0 0 0 0 0 0 0.59624 0
0.686724 0 0 0 0 0 0 0 0 0.838683 0.724452 0 0 0.844339 0 0 0.830399 0 0 0.556904 0.676985 0 0 0 0.667718 0 0.624541 0 0.763559 0 0 0 0 0 0 0 0 0 0 0 0 0 0 0 0.726982 0.75176 0 0 0 0 0 0 0 0 0 0 0 0 0 0 0 0 0 0 0 0.609906 0 0 0 0 0 0 0 0.783154 0.761478 0 0 0 0.62467 0.863666 0 0 0 0 0.624897 0.83833 0 0 0 0 0 0 0 0 0.628033 0 0 0 0.907935 0
0 0 0 0 0 0 0 0 0 0 0 0 0 0.618106 0 0 0 0 0.741823 0 0 0 0 0 0 0.847275 0 0 0 0 0.658147 0 0 0 0 0.691967 0.605527 0 0 0 0 0 0 0 0.776582 0 0 0 0 0 0 0 0 0 0 0 0 0.842793 0 0 0 0.856369 0 0 0.674405 0 0 0 0 0 0.726514 0 0 0 0 0 0 0 0 0 0 0.635951 0 0 0 0 0 0.923442 0 0 0 0 0.912523 0 0 0 0 0 0 0
0 0 0 0 0 0.750603 0 0.821184 0 0 0 0 0 0 0.746228 0 0.943119 0 0 0 0.870096 0 0 0 0 0 0 0.557702 0 0.798794 0 0 0 0 0 0 0 0 0 0 0 0 0 0.792976 0 0 0 0.742391 0.655331 0 0 0 0 0 0 0.612658 0 0 0 0 0.856369 0 0 0 0 0 0 0 0.59028 0.856357 0 0 0 0 0 0.67602 0.87175 0 0.53638 0 0.860506 0 0 0.688532 0 0 0 0.677754 0 0 0.816435 0.820977 0 0.577065 0 0.619571 0 0.682288 0.703152 0
0.80869 0 0 0 0 0 0 0 0 0 0 0 0 0 0 0 0 0 0 0.787048 0 0 0.790998 0 0 0 0.618151 0 0 0 0 0.920265 0.716687 0 0 0 0 0 0 0 0.846428 0 0 0.856199 0 0.793937 0 0 0.767093 0 0.728441 0.717165 0 0 0 0 0 0.863483 0 0 0 0 0 0 0 0 0.651301 0 0 0 0 0 0.858319 0 0 0 0 0 0 0.668547 0 0 0 0 0 0 0 0 0 0 0.843567 0 0 0.587902 0 0 0.85372 0 0 0
0.816503 0 0 0 0.777207 0 0 0 0 0.659023 0 0 0 0 0 0 0.660177 0 0.825785 0 0 0 0 0 0.710001 0 0.829683 0 0.69741 0 0 0 0 0.820519 0 0 0 0 0 0.745758 0 0.662176 0 0 0 0.841977 0 0 0 0 0 0 0 0.777651 0 0 0 0.634576 0.714144 0 0 0 0 0 0 0 0 0.785502 0 0 0.926016 0 0 0 0 0 0 0.775945 0 0 0 0 0 0 0 0 0.728362 0 0 0 0 0 0 0 0 0 0 0 0.679309 0.781687
0 0 0 0 0.806295 0.776346 0 0 0 0.941539 0 0 0 0 0.749857 0.809379 0 0 0 0 0 0 0 0 0 0 0 0.717705 0.845361 0 0.690681 0 0 0 0 0 0 0 0 0 0 0.655377 0 0 0 0 0 0 0.81578 0 0 0.59768 0 0 0 0 0 0 0 0 0.674405 0 0 0 0 0 0 0 0 0 0 0.716919 0.815869 0 0 0 0 0 0 0 0 0 0 0.693013 0.650645 0 0 0.647855 0 0 0 0 0.782558 0 0 0 0 0 0.731096 0
0 0 0 0 0 0 0 0 0.726842 0 0 0 0 0 0 0.68056 0 0 0 0.728748 0 0 0 0 0 0 0 0 0 0 0 0 0 0 0.785825 0 0.633777 0 0 0.700309 0.845872 0.703857 0 0.764685 0 0 0 0 0 0.696368 0.624206 0 0 0 0 0 0.974438 0 0 0.609906 0 0 0 0 0 0 0.607395 0 0 0 0 0 0 0 0 0 0 0 0 0 0 0 0 0.827978 0 0 0 0 0 0.800154 0.809725 0 0.653937 0.83528 0.712292 0.802847 0 0 0 0
0.538897 0 0 0 0 0.751747 0 0 0 0 0 0 0 0.781135 0 0 0.801902 0 0.692051 0 0 0 0.49881 0.645708 0 0.739314 0 0 0 0 0 0 0 0.775939 0 0 0.66366 0 0 0 0.662292 0.704986 0 0.744843 0 0 0 0 0 0 0 0.800012 0 0 0 0 0.888509 0 0 0 0 0 0.651301 0 0 0.607395 0 0 0 0 0 0 0 0 0 0 0 0 0.611552 0 0 0 0.658678 0.930207 0 0.797191 0 0 0 0 0.669622 0 0 0 0 0 0.873772 0 0 0
0 0.767394 0.826243 0 0 0 0 0.664482 0 0 0.66467 0 0.720548 0 0 0.810506 0 0 0 0 0.765051 0 0 0 0 0.578119 0 0 0 0 0 0.622652 0 0.651305 0 0 0 0.807258 0 0 0 0 0 0 0 0.837657 0 0.656672 0 0 0 0 0 0 0 0 0 0 0 0 0 0 0 0.785502 0 0 0 0 0 0 0 0 0 0 0 0.743095 0 0 0 0.618461 0 0 0 0 0 0.73479 0 0 0 0.768076 0 0 0 0 0 0 0 0 0 0
0 0.539564 0 0.670164 0 0 0 0 0 0 0 0 0 0.817487 0 0 0 0 0 0 0.7796 0 0.833368 0 0 0 0 0 0 0 0 0 0 0.709244 0 0 0.654362 0 0 0 0 0.784244 0 0 0 0 0 0 0.551931 0 0 0 0.72677 0 0.685538 0.706368 0 0 0 0 0 0.59028 0 0 0 0 0 0 0 0.622916 0 0 0 0.667915 0 0 0.738534 0 0.620642 0 0 0 0 0.657682 0 0 0 0 0 0 0 0 0 0 0 0 0 0 0 0.511286
0 0.888802 0 0.600565 0.626841 0 0.81599 0 0 0 0.686863 0 0.595806 0 0.795523 0 0 0 0.592502 0 0 0 0 0 0 0 0 0 0 0 0 0.814938 0 0 0 0 0 0 0.756522 0 0 0 0 0 0 0 0 0 0 0.633975 0.547093 0 0 0.589151 0 0 0 0.645592 0 0 0 0.856357 0 0 0 0 0 0 0.622916 0 0 0 0 0 0 0 0.669435 0 0.698256 0.74162 0 0 0 0.747686 0 0 0 0 0 0.76677 0.686553 0.564554 0 0 0 0 0 0 0 0
0 0 0 0 0 0 0 0 0 0 0 0 0.646446 0 0 0.773002 0.730453 0 0 0 0.683809 0 0 0 0 0 0 0 0.652723 0 0.891722 0 0.619222 0 0 0 0 0 0 0 0 0 0 0.596261 0.736619 0 0.884375 0 0 0 0 0 0 0 0 0 0.754419 0 0 0 0.726514 0 0 0.926016 0 0 0 0 0 0 0 0 0 0 0.61588 0 0 0 0.556153 0 0 0 0 0 0.671611 0.901736 0 0 0 0.815644 0 0 0 0 0 0 0 0 0 0
0 0.84031 0 0 0 0 0.775723 0 0 0 0 0 0 0 0 0 0 0.826575 0 0 0 0.850024 0 0 0 0.780554 0 0 0 0 0 0 0 0 0.646204 0 0.883365 0 0 0 0 0 0 0 0 0 0 0.83863 0 0 0 0 0 0.658126 0 0 0.876184 0 0 0 0 0 0 0 0.716919 0 0 0 0 0 0 0 0 0 0 0.668645 0 0 0.620773 0 0.779349 0 0 0 0.738881 0 0 0 0 0.675084 0.765548 0 0 0.622395 0 0 0 0 0 0.71756
0 0 0 0 0 0 0.737061 0 0 0 0.829013 0 0 0 0.900602 0 0.660424 0.799772 0 0 0 0.748605 0 0 0 0 0.628766 0 0.786462 0 0 0.746962 0 0 0 0 0.82331 0 0 0 0.71558 0 0 0.733687 0 0 0 0.607071 0 0 0.726772 0 0 0 0 0.709282 0 0 0 0 0 0 0.858319 0 0.815869 0 0 0 0 0 0 0 0 0.82305 0 0 0 0 0 0 0 0 0 0 0 0 0 0.679482 0.695665 0 0 0 0 0 0 0.557995 0.829206 0 0 0
0 0 0 0 0 0.705033 0 0 0 0 0.752512 0 0 0 0 0.626343 0 0 0 0 0 0 0 0 0 0 0 0 0 0 0.677512 0 0 0 0 0.659358 0 0 0 0.741352 0 0 0 0 0 0 0 0.771979 0.815679 0 0 0 0 0 0.707018 0 0 0 0 0.783154 0 0 0 0 0 0 0 0 0.667915 0 0 0 0.82305 0 0.724988 0 0.742197 0 0.744621 0 0.733802 0 0 0 0 0 0 0 0 0 0 0.760604 0.838726 0 0.791338 0 0 0 0 0
0 0 0 0 0 0 0.541372 0 0 0.62185 0 0 0.787205 0.835361 0 0 0 0 0 0 0 0 0 0 0 0 0 0.490103 0 0 0 0 0 0 0 0 0 0 0 0 0 0 0 0 0 0 0 0 0 0 0 0 0 0 0 0 0 0 0 0.761478 0 0 0 0 0 0 0 0 0 0 0.61588 0 0 0.724988 0 0 0 0 0 0 0 0 0 0 0 0.64394 0 0.743493 0 0 0 0.840269 0 0.634212 0 0 0 0.700406 0 0.552357
0.741854 0 0.827616 0 0.849182 0 0 0 0 0.659154 0 0 0 0.592501 0 0.665858 0 0 0.848243 0 0 0 0 0 0 0 0 0 0 0 0 0 0.826423 0 0 0 0 0 0.594863 0 0 0.871114 0 0 0 0 0.605659 0 0 0 0 0 0.824978 0 0 0 0.551242 0.708716 0.792841 0 0 0.67602 0 0 0 0 0 0.743095 0 0 0 0.668645 0 0 0 0 0.773526 0 0 0 0 0 0 0 0.860292 0 0.881308 0.708103 0.802948 0 0 0 0.585998 0 0.859576 0.755108 0 0 0 0.83473
0 0 0 0.651373 0 0 0.493613 0 0.831553 0 0 0 0 0 0 0 0 0 0.782615 0 0 0 0.904079 0 0 0.747206 0 0.575461 0 0 0 0 0 0 0.71037 0 0 0 0 0 0.646351 0 0 0 0 0 0 0.857663 0 0 0 0 0 0 0 0 0 0.870008 0 0 0 0.87175 0 0 0 0 0 0 0.738534 0.669435 0 0 0 0.742197 0 0.773526 0 0 0 0.702911 0 0.600143 0 0.554794 0 0 0 0 0 0 0 0.826668 0 0 0 0 0 0 0.649136 0
0 0 0.606572 0 0 0 0 0 0.835253 0 0.575062 0 0 0 0.689355 0 0 0.720553 0.684774 0.535141 0 0.831351 0 0 0 0 0 0 0 0 0 0 0 0 0.812121 0 0 0 0 0 0.582725 0.613723 0 0.649042 0 0 0 0 0.914008 0 0.796223 0.830461 0 0 0.785343 0 0.585413 0 0.856116 0 0 0 0 0.775945 0 0 0 0 0 0 0 0 0 0 0 0 0 0 0.854299 0 0 0.758016 0 0 0 0 0 0 0 0 0 0 0 0.602435 0 0 0 0.551921 0 0.76004
0 0.873453 0 0.636229 0.813696 0 0 0 0 0 0 0 0 0 0 0 0 0 0 0 0 0 0 0 0 0 0 0 0 0.69251 0 0 0.607958 0 0 0.570092 0 0 0 0 0 0 0.715198 0.542592 0 0 0 0 0.73612 0 0 0 0 0 0 0 0 0 0 0.62467 0 0.53638 0 0 0 0 0.611552 0 0.620642 0.698256 0.556153 0.620773 0 0.744621 0 0 0 0.854299 0 0.800127 0 0.798445 0 0 0 0 0 0 0 0 0 0.803383 0 0 0 0 0 0 0 0
0 0 0 0 0.651071 0 0 0 0 0 0 0 0 0 0 0 0 0 0 0.671043 0 0 0 0 0 0 0.580631 0 0.587471 0.719575 0 0 0 0 0 0 0 0 0.876308 0.961842 0 0 0.625749 0.781922 0 0 0 0 0 0.592836 0.777153 0 0 0 0 0.855432 0.849074 0 0.901889 0.863666 0 0 0.668547 0 0 0 0 0.618461 0 0.74162 0 0 0 0 0 0 0.702911 0 0.800127 0 0.643242 0 0 0 0 0 0 0 0 0.797642 0.582174 0 0 0.637043 0 0 0 0 0 0
0 0 0 0 0 0 0 0 0.810492 0 0.832549 0 0 0 0 0.799302 0 0.797298 0 0.650899 0 0.685733 0.717959 0 0 0 0.68629 0 0 0.800338 0 0 0 0.630803 0 0 0.751627 0 0 0 0 0 0 0 0 0 0 0 0 0 0 0 0 0 0 0 0 0 0 0 0 0.860506 0 0 0 0 0 0 0 0 0 0.779349 0 0.733802 0 0 0 0 0 0.643242 0 0 0.899047 0 0.675259 0 0 0 0 0 0.59866 0 0.692584 0 0 0 0.841789 0 0 0.798334
0 0 0 0 0 0 0 0.837315 0.732102 0 0 0 0 0 0 0.737903 0 0 0 0 0 0.811394 0.765109 0 0 0 0 0 0 0 0.57869 0 0 0 0 0 0 0.70252 0 0 0 0 0 0 0 0 0.545105 0.653379 0 0.812677 0 0.783446 0.839833 0 0 0 0.712374 0 0 0 0.635951 0 0 0 0 0 0 0 0 0 0 0 0 0 0 0 0.600143 0.758016 0.798445 0 0 0 0 0 0 0 0 0.773726 0.67591 0 0.751258 0 0 0.674873 0.730032 0 0 0 0 0
0 0 0 0 0 0 0 0 0 0 0 0.819619 0 0.593651 0 0 0 0 0 0.85814 0 0.784631 0 0 0 0 0 0 0 0 0 0 0 0 0 0 0.599784 0 0.77472 0 0 0 0 0 0 0 0 0 0 0 0 0 0 0.767215 0 0.86875 0.843551 0 0 0 0 0 0 0 0 0 0.658678 0 0 0 0 0 0 0 0 0 0 0 0 0 0.899047 0 0 0 0 0 0 0.656507 0 0 0.824365 0 0 0 0 0 0 0 0 0
0 0.685133 0.666583 0 0 0 0 0 0 0 0.611632 0 0 0 0 0 0.67374 0 0 0 0.705402 0 0 0 0 0 0 0 0 0 0 0 0 0 0 0 0 0 0 0 0 0.856645 0 0.757137 0 0 0 0 0 0 0.705227 0 0 0 0 0 0 0 0.761453 0 0 0.688532 0 0 0.693013 0.827978 0.930207 0 0.657682 0.747686 0 0 0 0 0 0 0.554794 0 0 0 0 0 0 0 0 0 0 0.830904 0 0 0.779985 0 0 0 0 0.712657 0 0 0 0
0 0 0 0 0 0 0 0 0 0.859908 0 0 0 0.755013 0 0 0 0.814657 0 0 0 0 0 0 0 0 0 0 0 0.603952 0 0 0 0 0 0 0 0 0 0 0 0.859524 0.797065 0.739978 0 0.707082 0 0 0.712475 0 0 0 0 0 0 0 0 0 0 0.624897 0 0 0 0 0.650645 0 0 0 0 0 0.671611 0.738881 0 0 0 0.860292 0 0 0 0 0.675259 0 0 0 0 0 0 0 0 0 0 0 0 0 0 0 0 0 0 0
0.754054 0.772561 0.87777 0.832081 0 0 0 0 0 0 0.626489 0 0.548408 0.84768 0.61717 0 0 0 0 0.577871 0 0.59487 0.885285 0 0 0.778965 0 0 0 0 0.685605 0 0 0 0.703568 0 0 0 0.840093 0 0 0.895097 0 0 0 0 0 0 0 0 0 0.823308 0 0.715795 0 0 0.860217 0 0 0.83833 0 0 0 0 0 0 0.797191 0.73479 0 0 0.901736 0 0 0 0.64394 0 0 0 0 0 0 0 0 0 0 0 0 0 0 0 0 0 0.749542 0 0 0 0 0 0 0
0 0 0 0 0 0 0.763583 0 0 0 0 0 0 0 0.835757 0 0 0 0 0 0.609012 0 0 0 0 0 0 0.711642 0 0 0.699481 0 0 0 0.894863 0 0 0 0 0 0 0 0 0.873816 0 0 0 0 0 0 0 0.623252 0 0 0 0.68989 0.821315 0 0 0 0 0 0 0.728362 0 0 0 0 0 0 0 0 0 0 0 0.881308 0 0 0 0 0 0 0 0 0 0 0 0.623602 0 0 0 0 0.550267 0 0 0 0 0 0 0
0.767564 0 0 0.557914 0 0.891191 0 0 0 0 0 0 0 0 0 0 0.6707 0 0 0 0 0 0 0 0 0 0 0.685993 0 0.821926 0 0.889401 0 0.707678 0.845829 0 0 0 0 0.798353 0.574019 0.602316 0 0 0.561164 0 0 0 0 0.651691 0 0 0 0 0 0 0 0 0 0 0.923442 0.677754 0 0 0.647855 0 0 0 0 0 0 0 0.679482 0 0.743493 0.708103 0 0 0 0 0 0.773726 0.656507 0.830904 0 0 0.623602 0 0 0 0 0 0 0 0 0 0 0 0 0
0 0.733811 0 0 0 0 0 0.668366 0.846675 0 0 0.778474 0 0 0 0 0 0 0.606844 0 0 0.747129 0 0.602672 0 0.709024 0 0 0 0 0 0.748513 0 0 0 0.585498 0.825402 0 0.579239 0.846646 0 0 0 0 0 0.843855 0.820013 0 0 0 0 0 0 0 0 0 0 0 0 0 0 0 0 0 0 0 0 0 0 0 0 0 0.695665 0 0 0.802948 0 0 0 0 0 0.67591 0 0 0 0 0 0 0 0 0 0 0 0 0.823804 0 0 0.852023 0 0
0 0 0 0 0 0 0 0 0 0 0.92749 0.762943 0.739228 0 0 0 0 0.83928 0 0.677079 0 0 0 0 0 0.624522 0 0 0 0 0 0 0 0 0.597071 0 0 0 0 0 0.724371 0.898482 0 0.637872 0 0 0 0 0.774457 0 0 0 0 0 0.901241 0.620536 0 0.861831 0 0 0 0 0 0 0 0.800154 0 0.768076 0 0.76677 0.815644 0.675084 0 0 0 0 0 0 0 0.797642 0 0 0 0 0 0 0 0 0 0 0.781027 0 0 0 0 0 0 0 0 0
0.735742 0.742153 0 0 0 0 0 0 0 0 0 0 0.669436 0.79452 0.687418 0 0.622721 0 0.66426 0 0 0.70907 0 0 0 0 0 0 0 0 0 0 0 0 0.887832 0 0 0.805673 0 0 0 0 0.711745 0 0 0 0 0.771975 0 0 0 0 0 0 0 0 0 0 0 0 0 0.816435 0.843567 0 0 0.809725 0.669622 0 0 0.686553 0 0.765548 0 0 0 0 0 0 0 0.582174 0.59866 0.751258 0.824365 0.779985 0 0 0 0 0 0.781027 0 0.719132 0 0.679842 0 0 0 0 0 0
0 0 0 0 0 0 0 0 0 0.855534 0 0 0 0 0.59288 0.963069 0 0.923052 0 0 0 0 0 0 0 0 0 0 0 0.64088 0.883727 0 0 0 0 0 0 0 0 0 0 0 0 0 0.690269 0 0.616503 0.585422 0.748609 0 0 0 0 0 0 0 0 0 0.856874 0 0 0.820977 0 0 0 0 0 0 0 0.564554 0 0 0 0.760604 0.840269 0 0.826668 0 0.803383 0 0 0 0 0 0 0 0 0 0 0 0.719132 0 0 0 0 0 0 0 0 0.916778
0.90581 0 0 0 0 0 0 0.672065 0 0 0.564776 0 0 0 0.811904 0 0 0 0 0.677081 0 0 0.850999 0 0 0 0 0 0 0.739824 0 0.78017 0 0 0.627897 0.607819 0.716799 0 0 0 0.880305 0 0 0 0 0 0 0 0 0.764654 0.715452 0 0 0.674985 0.590535 0.92184 0 0 0 0 0.912523 0 0 0 0.782558 0.653937 0 0 0 0 0 0 0 0.838726 0 0.585998 0 0 0 0 0.692584 0 0 0 0 0.749542 0.550267 0 0 0 0 0 0 0 0 0 0.859381 0 0.543809 0
0 0 0 0 0.843139 0 0 0 0 0 0 0 0 0 0 0 0 0 0 0 0 0 0.652487 0 0 0 0.707134 0.870054 0 0 0 0.910892 0 0 0 0 0 0 0 0.712082 0.846476 0 0.858945 0 0.755459 0 0 0.653236 0 0 0.66685 0 0.728786 0 0.682339 0 0 0 0 0 0 0.577065 0.587902 0 0 0.83528 0 0 0 0 0 0.622395 0 0 0.634212 0 0 0.602435 0 0.637043 0 0.674873 0 0 0 0 0 0 0 0 0.679842 0 0 0 0 0 0.613968 0 0.721773 0
0 0 0.850067 0 0 0 0 0 0 0.721763 0 0 0 0 0 0 0 0 0 0 0.738188 0 0 0 0.804224 0 0 0 0.640118 0.669134 0 0 0 0 0.633363 0 0 0 0 0.608955 0 0 0.581338 0.782258 0 0 0 0 0.794083 0 0 0 0 0 0 0.599737 0 0 0 0.628033 0 0 0 0 0 0.712292 0 0 0 0 0 0 0 0.791338 0 0.859576 0 0 0 0 0 0.730032 0 0 0 0 0 0 0.823804 0 0 0 0 0 0 0 0 0 0 0.793346
0 0.736822 0.812592 0 0 0 0 0.86111 0 0 0 0 0.897928 0 0 0 0 0 0 0 0 0 0 0 0 0.891586 0.561001 0 0 0 0 0 0 0 0.558238 0 0 0 0 0 0 0 0 0.674133 0.707346 0 0 0 0.855455 0 0 0 0 0 0 0.773833 0 0 0 0 0 0.619571 0 0 0 0.802847 0 0 0 0 0 0 0.557995 0 0 0.755108 0 0 0 0 0 0 0 0.712657 0 0 0 0 0 0 0 0 0 0 0 0 0 0.677102 0.603772 0
0 0.868483 0.909136 0 0 0 0 0 0 0 0 0 0 0 0 0 0 0 0.595185 0 0 0 0 0 0 0.733854 0 0 0 0 0 0.868871 0 0 0 0.680348 0 0.724266 0 0 0 0 0 0 0 0.663392 0 0 0 0 0 0 0.564779 0 0.787703 0 0 0 0 0 0 0 0.85372 0 0 0 0.873772 0 0 0 0 0 0.829206 0 0 0 0 0 0 0 0.841789 0 0 0 0 0 0 0 0 0 0 0 0.859381 0.613968 0 0 0 0.733519 0 0
0 0 0.925289 0 0 0 0.865799 0 0.602814 0 0 0 0 0 0.740755 0 0 0 0 0 0 0 0 0 0 0 0 0 0 0 0.78288 0 0 0 0 0 0.617802 0 0 0 0.668056 0 0 0 0 0 0 0.846602 0 0 0 0.924485 0 0 0 0 0 0 0 0 0 0.682288 0 0 0 0 0 0 0 0 0 0 0 0 0.700406 0 0 0.551921 0 0 0 0 0 0 0 0 0 0 0.852023 0 0 0 0 0 0 0.677102 0.733519 0 0.835168 0
0 0 0 0 0 0 0.60656 0 0 0 0 0 0.796266 0 0 0 0 0 0.731968 0.790939 0 0 0 0 0.782121 0 0 0 0.661622 0 0 0 0.765301 0 0 0 0 0 0 0 0 0 0 0 0 0 0 0 0 0 0 0 0 0 0 0 0 0 0.59624 0.907935 0 0.703152 0 0.679309 0.731096 0 0 0 0 0 0 0 0 0 0 0 0.649136 0 0 0 0 0 0 0 0 0 0 0 0 0 0 0 0.543809 0.721773 0 0.603772 0 0.835168 0 0
0 0 0 0 0 0 0 0 0 0 0 0.761281 0 0 0 0.694291 0 0 0 0 0 0.779656 0 0.708812 0 0 0 0 0 0.80126 0.846814 0 0 0 0 0 0 0.763902 0 0 0 0 0 0 0 0 0 0 0 0.561264 0 0 0 0 0.639425 0 0.765711 0 0 0 0 0 0 0.781687 0 0 0 0 0.511286 0 0 0.71756 0 0 0.552357 0.83473 0 0.76004 0 0 0.798334 0 0 0 0 0 0 0 0 0 0 0.916778 0 0 0.793346 0 0 0 0 0
