100
0 0 0 0 0 0 0 0 0 0 0 0.68593 0 0 0 0.700286 0 0 0 0 0.771816 0 0 0.627644 0.733781 0 0.550649 0 0 0 0 0.631045 0 0 0 0 0 0.69308 0 0 0 0 0.682886 0 0 0 0 0 0 0.847864 0.937807 0 0 0 0 0 0 0 0.607883 0.589956 0 0 0.819678 0.868464 0 0 0.580364 0 0 0 0 0 0 0 0 0.748937 0 0 0 0 0 0 0 0 0 0.70558 0 0.75286 0 0 0.747642 0 0.799347 0 0 0 0 0 0 0
0 0 0.694548 0 0 0 0 0 0 0 0 0 0.615835 0 0 0 0.598796 0 0 0.558723 0 0 0.587545 0 0 0 0.72242 0 0 0.876239 0 0 0.696196 0 0 0 0.874975 0.633236 0 0.745986 0 0.556481 0 0 0 0 0 0 0 0.679706 0 0 0.66958 0 0 0 0 0.666145 0 0 0 0 0 0 0 0 0 0.8312 0.560386 0.859678 0 0.80689 0 0 0 0 0 0 0.908133 0 0 0 0 0.658407 0 0.791076 0 0 0.751362 0 0.665354 0 0 0 0 0.693544 0.857248 0 0 0
0 0.694548 0 0 0 0.624894 0.607952 0 0.797455 0.685998 0.751058 0 0 0 0 0 0.700712 0.74615 0 0 0 0.738329 0 0 0 0 0.654058 0 0 0.788907 0 0 0 0 0 0.773892 0 0 0 0 0 0 0 0 0 0 0 0 0.835498 0.764586 0 0 0.90258 0 0 0 0 0 0 0 0 0 0 0 0 0 0 0.929273 0 0 0 0 0 0 0 0.799331 0 0.560965 0 0 0 0 0 0.608396 0 0.88139 0 0 0 0 0 0 0 0 0.805701 0.755034 0.765793 0.815786 0 0
0 0 0 0 0 0 0 0.616825 0.563955 0 0 0 0 0 0.814012 0.701807 0 0 0 0 0.689769 0 0.685673 0 0.876587 0.723212 0.755005 0 0 0 0 0 0 0 0 0 0 0 0 0 0 0.784363 0 0 0 0 0 0 0 0 0 0 0.847955 0 0 0 0 0 0 0 0 0 0 0 0 0 0 0 0.680541 0.613462 0 0 0 0 0 0 0.562321 0 0.557675 0 0 0 0 0 0 0.879522 0 0.622149 0 0 0 0 0 0 0 0 0 0 0 0
0 0 0 0 0 0 0 0.867847 0.797732 0.774092 0 0 0 0 0 0 0.829378 0.706287 0 0 0 0 0 0.833827 0 0.872571 0 0 0 0 0 0 0 0.649276 0.63005 0 0 0 0.647885 0.637045 0 0 0 0 0 0 0 0 0 0 0.767928 0 0 0 0 0 0.591891 0 0 0 0 0 0 0.76233 0.823485 0 0 0 0 0.564942 0 0 0 0 0 0.837502 0 0 0.768478 0.820796 0 0 0 0 0 0 0 0 0 0 0 0 0 0.896398 0 0 0 0 0 0
0 0 0.624894 0 0 0 0 0 0 0.698196 0 0 0 0 0 0 0.576049 0 0 0 0.569347 0 0 0 0 0 0 0 0 0 0 0 0 0 0 0.611328 0 0 0 0 0 0 0 0 0 0 0 0 0 0.864935 0 0 0 0 0 0 0 0.85613 0 0 0 0.695499 0 0 0.71882 0 0.781788 0 0 0 0 0 0 0.762689 0 0 0 0 0 0 0 0 0 0 0 0 0 0.792421 0 0 0 0 0 0 0 0 0 0 0 0
0 0 0.607952 0 0 0 0 0 0 0 0 0.810513 0 0 0 0.652341 0 0 0 0 0.716503 0 0.804714 0.841034 0 0 0.627034 0 0 0 0 0 0.838798 0 0 0 0.673677 0 0 0 0 0 0 0.865849 0 0 0 0 0 0 0.892872 0 0 0 0 0 0.768623 0 0.84808 0 0 0 0 0 0 0 0 0 0 0.754729 0 0.882309 0.740683 0 0.576638 0 0.561006 0 0 0 0 0 0 0 0 0 0.855565 0 0 0 0 0 0 0 0 0 0 0.803248 0.603094 0
0 0 0 0.616825 0.867847 0 0 0 0.827348 0 0 0 0 0 0 0.765099 0.856587 0 0 0 0 0 0 0.602222 0 0.857783 0 0.726016 0 0.57393 0.602286 0 0 0 0 0 0.815233 0 0 0 0 0 0.774529 0 0 0 0 0 0 0.75014 0 0 0 0 0 0.66529 0 0 0 0 0 0.815256 0 0 0 0 0 0.691476 0 0 0 0 0 0 0 0 0 0 0 0 0 0.78744 0 0 0 0 0 0 0.689089 0 0 0 0.677309 0 0 0.862167 0 0 0 0
0 0 0.797455 0.563955 0.797732 0 0 0.827348 0 0 0.780727 0.874302 0.76444 0 0 0 0 0 0 0 0 0 0 0 0 0 0 0 0 0 0 0 0 0.807645 0 0 0 0 0 0 0 0 0.666773 0 0 0 0 0 0 0 0 0 0 0 0 0 0 0 0 0 0 0 0 0 0 0.733479 0 0 0 0 0 0 0 0 0 0 0.851421 0.818212 0 0 0.772348 0.76956 0 0 0 0 0 0 0.843438 0 0 0 0 0 0 0 0 0.675495 0 0
0 0 0.685998 0 0.774092 0.698196 0 0 0 0 0.794744 0 0.688213 0 0 0 0 0 0 0 0.710267 0 0 0.681283 0 0 0 0 0 0 0 0.758927 0.637037 0 0 0 0 0.833288 0 0 0 0 0 0 0 0 0 0 0 0 0 0 0 0 0 0 0 0 0.865903 0.84373 0 0 0 0.714287 0.902852 0 0 0 0 0 0 0 0 0 0.625115 0.751309 0 0 0 0 0 0 0 0 0.835992 0 0 0 0 0 0 0.832722 0 0 0.70171 0 0 0 0 0
0 0 0.751058 0 0 0 0 0 0.780727 0.794744 0 0 0.737017 0.751182 0 0 0 0 0 0 0 0.89967 0 0 0 0 0 0.832085 0 0 0 0 0 0.77844 0 0 0 0.821948 0 0 0 0 0.806482 0.732234 0 0 0.776557 0 0 0.642606 0 0 0 0 0 0 0 0.592612 0.780109 0.648113 0 0 0 0 0 0 0 0.755414 0 0.657387 0 0 0.745583 0.799207 0 0 0 0.651903 0 0 0.729272 0 0 0.702027 0 0.664852 0 0 0 0.854122 0 0 0.606991 0 0 0 0 0 0 0
0.68593 0 0 0 0 0 0.810513 0 0.874302 0 0 0 0.749923 0.859736 0 0 0 0 0.710418 0 0 0 0 0.625882 0 0.73276 0 0 0 0 0 0.513715 0 0 0 0.64418 0 0.766126 0 0.75881 0.940006 0 0 0.580305 0.797658 0 0.714446 0.622131 0 0 0.720162 0 0 0 0 0 0 0 0.817565 0 0 0 0 0 0 0 0 0 0 0 0 0 0 0 0 0 0 0 0 0 0 0 0.812371 0 0 0 0 0 0.696352 0.744864 0 0 0 0 0 0 0 0 0 0.685895
0 0.615835 0 0 0 0 0 0 0.76444 0.688213 0.737017 0.749923 0 0 0 0 0.652291 0 0 0 0 0 0 0.566967 0 0 0 0 0 0 0 0 0 0 0 0 0 0 0.626338 0.614609 0.85503 0 0 0 0 0 0 0 0 0 0 0 0 0 0 0 0 0 0 0 0 0 0 0 0 0 0 0.62238 0 0.602603 0.619123 0 0 0 0.764782 0 0 0 0 0 0 0 0 0 0 0.606121 0 0 0 0.729041 0.564281 0 0 0 0 0.846338 0 0 0.880751 0
0 0 0 0 0 0 0 0 0 0 0.751182 0.859736 0 0 0 0.593515 0 0.845708 0 0.61779 0 0 0 0 0 0 0 0.596443 0 0 0 0 0 0 0.754428 0 0 0 0 0 0 0 0 0 0 0.695235 0.858069 0 0.613812 0 0 0 0.830884 0 0 0 0 0 0 0.856082 0.63508 0 0 0 0 0 0.699911 0 0.730938 0 0 0 0 0 0.775181 0.642064 0 0 0 0 0 0 0.585375 0 0.750466 0.877242 0 0 0 0 0.766429 0 0 0 0 0 0 0 0 0
0 0 0 0.814012 0 0 0 0 0 0 0 0 0 0 0 0 0 0 0 0 0 0 0 0 0 0 0 0 0 0 0 0.850767 0 0 0 0 0 0 0 0 0.64287 0.708455 0.579184 0.738445 0.596302 0 0 0 0 0 0 0 0.725048 0.793916 0 0 0 0 0.885948 0 0 0.878372 0 0 0.813608 0 0 0 0 0.737178 0 0 0.848481 0 0 0 0 0.77294 0 0 0 0 0 0 0 0.613029 0.785373 0 0 0 0.751973 0.601228 0.79062 0 0 0 0 0.692062 0 0
0.700286 0 0 0.701807 0 0 0.652341 0.765099 0 0 0 0 0 0.593515 0 0 0 0.823285 0.825367 0.722409 0 0 0 0.867371 0 0 0 0.776597 0 0 0 0 0.607619 0 0 0 0 0 0 0 0 0.734725 0 0 0 0 0 0 0 0.756747 0 0 0 0 0 0 0 0 0 0 0 0 0 0 0.843591 0.728982 0 0.742781 0 0 0.837634 0 0 0.610738 0 0.683652 0 0 0 0 0.820022 0.722298 0 0 0 0 0 0 0 0 0 0.882928 0 0 0 0 0 0 0 0.655907
0 0.598796 0.700712 0 0.829378 0.576049 0 0.856587 0 0 0 0 0.652291 0 0 0 0 0 0 0 0 0.664353 0 0.892575 0 0 0 0.8789 0.704807 0.742647 0.646259 0 0.499048 0 0 0 0 0.716643 0.625641 0 0.673507 0 0 0 0.668362 0.735887 0 0 0 0 0 0 0 0 0.599138 0 0 0 0 0.722477 0 0.91551 0 0.62397 0 0 0.86111 0 0 0 0.719745 0 0.689299 0 0 0 0 0 0 0 0 0 0 0.695235 0 0 0 0.605146 0 0 0.615034 0 0 0 0 0 0 0 0 0
0 0 0.74615 0 0.706287 0 0 0 0 0 0 0 0 0.845708 0 0.823285 0 0 0 0 0 0 0 0 0 0 0 0 0.77591 0 0 0 0 0 0 0 0.861423 0 0 0 0.855217 0.895688 0 0 0.546589 0.676398 0 0 0 0 0 0 0 0 0 0.839412 0 0 0 0 0 0 0 0 0 0 0 0 0 0 0 0.800809 0.774263 0 0 0 0 0.684709 0 0 0.833714 0 0 0 0.825283 0 0 0 0 0.877213 0 0.898746 0 0 0 0 0 0 0 0
0 0 0 0 0 0 0 0 0 0 0 0.710418 0 0 0 0.825367 0 0 0 0.81959 0 0 0 0 0 0.923553 0 0 0.6157 0 0 0 0 0 0 0.6232 0 0 0.934531 0 0 0.693606 0 0 0.556275 0 0 0 0 0 0 0 0 0 0 0 0 0.808499 0.694462 0 0.691472 0 0 0.760865 0 0 0.590262 0 0 0.589041 0 0 0 0 0 0.936965 0.877947 0.636265 0 0 0 0 0 0 0 0 0 0 0.539096 0 0.648743 0 0 0 0 0 0.587252 0 0.811406 0
0 0.558723 0 0 0 0 0 0 0 0 0 0 0 0.61779 0 0.722409 0 0 0.81959 0 0 0 0.72796 0 0 0.6874 0 0.597206 0 0 0 0 0.613536 0 0 0 0 0 0 0 0 0 0 0 0 0 0 0 0 0 0 0 0 0.80325 0 0 0 0 0 0.637609 0 0 0.84143 0 0 0.795052 0 0 0 0 0 0 0 0 0 0 0 0.676194 0 0.638749 0.701246 0 0.717184 0 0 0.547629 0 0 0 0.76551 0 0 0.620851 0 0 0 0 0 0.785061 0
0.771816 0 0 0.689769 0 0.569347 0.716503 0 0 0.710267 0 0 0 0 0 0 0 0 0 0 0 0 0.720452 0 0 0 0 0 0 0 0 0 0 0 0 0 0 0 0 0.795279 0 0 0 0 0 0 0 0 0 0 0 0 0 0.71813 0 0 0 0 0.709472 0.588153 0 0.878982 0 0 0 0 0 0.890885 0.777778 0 0.709007 0 0 0 0 0 0 0 0 0 0 0 0 0.725292 0 0 0.636085 0 0 0 0 0 0 0 0.805898 0 0 0 0 0
0 0 0.738329 0 0 0 0 0 0 0 0.89967 0 0 0 0 0 0.664353 0 0 0 0 0 0 0.642808 0 0 0 0 0 0 0 0 0.786126 0 0 0 0 0 0.802805 0 0 0 0.644387 0 0 0 0 0 0 0 0 0 0 0 0 0 0 0.81812 0 0 0 0 0 0 0 0 0 0 0 0 0 0.842785 0.899694 0 0 0 0 0.848262 0 0 0.597978 0.674842 0.764052 0 0 0.68896 0 0 0.707644 0 0.678998 0 0 0 0 0 0 0 0 0.728565
0 0.587545 0 0.685673 0 0 0.804714 0 0 0 0 0 0 0 0 0 0 0 0 0.72796 0.720452 0 0 0 0 0 0 0 0.779084 0.5442 0 0 0 0.712398 0.604435 0 0 0 0 0.641383 0 0.829828 0 0 0 0 0 0 0 0 0 0 0 0 0 0 0 0 0 0 0 0 0.772257 0 0 0 0.601339 0 0.784258 0 0 0 0 0 0 0 0.809997 0 0 0 0.674298 0.799218 0 0 0 0.870628 0 0 0 0 0 0 0.810963 0.587218 0 0 0 0 0 0
0.627644 0 0 0 0.833827 0 0.841034 0.602222 0 0.681283 0 0.625882 0.566967 0 0 0.867371 0.892575 0 0 0 0 0.642808 0 0 0 0 0 0 0 0 0 0 0 0 0 0 0 0 0.780598 0 0.752792 0 0 0 0 0 0 0.700706 0 0 0 0 0 0 0 0 0 0.853775 0 0 0 0 0 0 0 0 0.61189 0 0 0 0 0 0 0 0 0 0 0 0 0 0 0 0 0 0 0 0 0 0.664076 0 0 0 0 0 0 0 0 0 0 0.882189
0.733781 0 0 0.876587 0 0 0 0 0 0 0 0 0 0 0 0 0 0 0 0 0 0 0 0 0 0 0.789553 0.645203 0 0 0 0 0 0 0 0 0 0 0 0 0 0 0.876737 0 0.618162 0 0 0 0.643432 0 0 0 0 0 0 0 0 0.71507 0 0.65233 0 0 0 0.723517 0 0 0 0 0 0 0 0 0 0 0 0 0 0 0 0 0 0 0 0 0 0 0 0 0 0 0 0 0 0 0.819338 0 0 0 0.758959 0
0 0 0 0.723212 0.872571 0 0 0.857783 0 0 0 0.73276 0 0 0 0 0 0 0.923553 0.6874 0 0 0 0 0 0 0 0 0 0 0 0 0 0 0 0 0 0 0 0 0 0 0 0 0.777016 0 0 0.811952 0 0 0.618856 0 0 0 0 0 0 0 0 0 0.693348 0 0 0 0 0 0.883171 0.685324 0 0 0 0.819978 0 0 0 0 0.738084 0 0 0 0 0 0 0 0 0.719993 0 0 0.704994 0.616294 0 0 0 0 0 0.812516 0.702589 0 0 0
0.550649 0.72242 0.654058 0.755005 0 0 0.627034 0 0 0 0 0 0 0 0 0 0 0 0 0 0 0 0 0 0.789553 0 0 0 0.672103 0.671044 0 0 0 0 0 0.909465 0 0 0 0 0 0 0.863353 0.818253 0 0 0 0 0 0 0 0 0 0 0 0 0 0.746419 0 0.576327 0 0 0.691761 0.803833 0 0 0 0 0 0 0 0 0.713878 0 0 0 0 0 0 0.642446 0.634098 0 0 0 0 0 0 0 0 0 0 0 0 0.704721 0 0.587928 0 0 0 0
0 0 0 0 0 0 0 0.726016 0 0 0.832085 0 0 0.596443 0 0.776597 0.8789 0 0 0.597206 0 0 0 0 0.645203 0 0 0 0 0 0 0 0 0 0.803779 0 0 0.795523 0 0 0 0 0 0 0 0.671555 0 0 0 0 0.534188 0 0.882542 0 0 0 0 0.759394 0 0 0 0.631375 0 0 0.708397 0 0 0 0 0 0 0 0 0 0.568855 0 0.574132 0 0 0 0 0 0 0 0 0 0.759147 0.78506 0 0 0 0 0 0.870929 0 0 0 0 0 0
0 0 0 0 0 0 0 0 0 0 0 0 0 0 0 0 0.704807 0.77591 0.6157 0 0 0 0.779084 0 0 0 0.672103 0 0 0 0 0 0 0 0 0.608497 0 0 0 0 0 0 0 0 0 0 0 0 0 0 0 0.817497 0 0 0.709905 0 0 0 0 0.802158 0 0 0 0.64413 0.843322 0 0 0 0 0 0.598281 0 0.806441 0 0 0 0 0 0 0.613869 0 0 0 0 0 0 0 0 0 0 0 0 0 0 0.666944 0 0 0 0.603965 0
0 0.876239 0.788907 0 0 0 0 0.57393 0 0 0 0 0 0 0 0 0.742647 0 0 0 0 0 0.5442 0 0 0 0.671044 0 0 0 0 0 0.759993 0 0.696462 0.775547 0 0.738403 0 0 0 0.865318 0 0.803021 0.853284 0 0.774498 0 0 0 0 0.725243 0 0 0 0 0 0 0 0 0 0.749037 0 0 0 0 0 0 0 0 0 0 0 0 0 0 0 0 0.676698 0.707209 0.707107 0 0 0 0.614506 0 0 0.912633 0 0 0 0.646616 0.807492 0 0.646986 0 0 0 0 0.917222
0 0 0 0 0 0 0 0.602286 0 0 0 0 0 0 0 0 0.646259 0 0 0 0 0 0 0 0 0 0 0 0 0 0 0 0 0.730031 0.697333 0 0 0.883757 0 0 0 0 0.728625 0 0 0 0.70669 0 0 0 0 0.663913 0 0.836407 0 0 0.919002 0.571952 0.858837 0 0.588715 0 0 0 0.552189 0 0 0 0 0 0.789366 0 0 0.68802 0 0 0 0 0 0 0 0.566509 0 0 0 0.739945 0.642849 0 0 0 0 0.866971 0 0 0 0 0 0.770503 0 0.777852
0.631045 0 0 0 0 0 0 0 0 0.758927 0 0.513715 0 0 0.850767 0 0 0 0 0 0 0 0 0 0 0 0 0 0 0 0 0 0 0 0.809996 0 0 0.562772 0 0 0 0 0 0.583443 0 0 0 0 0 0 0 0 0 0 0 0.755364 0 0 0.561345 0 0 0 0.872211 0 0 0 0 0.759336 0 0.801269 0 0 0.707801 0 0 0 0 0 0 0 0 0 0 0 0 0 0 0.836157 0.776306 0 0 0 0.774869 0.86822 0 0 0.866916 0 0 0
0 0.696196 0 0 0 0 0.838798 0 0 0.637037 0 0 0 0 0 0.607619 0.499048 0 0 0.613536 0 0.786126 0 0 0 0 0 0 0 0.759993 0 0 0 0.725054 0 0 0 0.833507 0 0 0 0.76355 0 0 0 0 0 0 0 0 0.601922 0 0 0.61593 0 0 0 0 0 0 0 0 0.839921 0 0 0 0 0 0 0 0.624457 0 0 0 0 0.831227 0 0 0.660505 0 0 0 0 0 0 0 0 0 0 0 0 0 0 0 0 0 0 0 0.71593 0
0 0 0 0 0.649276 0 0 0 0.807645 0 0.77844 0 0 0 0 0 0 0 0 0 0 0 0.712398 0 0 0 0 0 0 0 0.730031 0 0.725054 0 0 0 0.745799 0 0 0 0 0 0 0 0 0.609468 0.536209 0 0.633494 0 0 0 0 0 0 0 0 0 0 0 0 0 0 0.907038 0 0 0.881641 0.684832 0.757595 0 0 0 0 0 0 0 0 0 0 0 0.670128 0 0 0 0 0 0 0.640856 0 0 0 0 0 0 0 0 0 0 0 0
0 0 0 0 0.63005 0 0 0 0 0 0 0 0 0.754428 0 0 0 0 0 0 0 0 0.604435 0 0 0 0 0.803779 0 0.696462 0.697333 0.809996 0 0 0 0.686089 0 0 0 0 0.527569 0.625914 0 0 0 0 0 0 0.72536 0.711716 0 0 0 0.610101 0 0 0 0 0.598816 0 0 0 0 0 0 0.71834 0 0 0 0 0 0.770784 0 0 0 0 0.702072 0.864816 0 0 0 0 0 0 0 0.792465 0.879924 0.869152 0 0.606336 0.912057 0 0.639811 0 0.647832 0.568739 0 0 0 0
0 0 0.773892 0 0 0.611328 0 0 0 0 0 0.64418 0 0 0 0 0 0 0.6232 0 0 0 0 0 0 0 0.909465 0 0.608497 0.775547 0 0 0 0 0.686089 0 0 0.58304 0 0.732867 0 0 0.838216 0.78686 0 0 0 0 0 0 0 0 0 0 0 0 0.567266 0 0 0 0.722095 0 0 0 0 0 0 0 0 0 0 0 0 0.681221 0 0 0 0 0.548774 0 0 0 0 0 0 0 0 0 0.580798 0 0 0 0.670248 0 0 0 0.667515 0 0 0
0 0.874975 0 0 0 0 0.673677 0.815233 0 0 0 0 0 0 0 0 0 0.861423 0 0 0 0 0 0 0 0 0 0 0 0 0 0 0 0.745799 0 0 0 0 0 0 0 0 0.516994 0 0.770881 0 0 0 0 0 0 0 0 0 0 0.642845 0 0 0 0 0.6855 0 0 0 0 0.695662 0.654009 0 0.655027 0 0 0.806359 0.85896 0 0 0 0 0 0 0 0.704901 0 0.536552 0 0 0 0 0 0.74668 0 0 0 0.694825 0 0 0 0 0.62675 0 0
0.69308 0.633236 0 0 0 0 0 0 0 0.833288 0.821948 0.766126 0 0 0 0 0.716643 0 0 0 0 0 0 0 0 0 0 0.795523 0 0.738403 0.883757 0.562772 0.833507 0 0 0.58304 0 0 0 0 0 0 0 0 0 0 0 0 0 0 0 0 0 0.849334 0 0 0.799078 0 0 0 0 0 0 0 0 0 0 0.838463 0 0 0 0 0 0 0 0 0 0 0 0 0 0.555191 0 0 0 0 0 0 0 0 0.753222 0 0 0 0 0 0.774504 0 0 0.736757
0 0 0 0 0.647885 0 0 0 0 0 0 0 0.626338 0 0 0 0.625641 0 0.934531 0 0 0.802805 0 0.780598 0 0 0 0 0 0 0 0 0 0 0 0 0 0 0 0 0.864117 0 0 0 0 0 0 0.692167 0 0.57851 0 0.679587 0.792553 0 0.815217 0.824571 0 0 0.577258 0 0 0 0 0 0 0 0 0 0 0.690917 0 0 0 0 0 0.686913 0 0 0 0.854417 0 0 0.697364 0 0 0.746803 0 0 0.600792 0 0 0 0 0 0 0 0 0 0 0
0 0.745986 0 0 0.637045 0 0 0 0 0 0 0.75881 0.614609 0 0 0 0 0 0 0 0.795279 0 0.641383 0 0 0 0 0 0 0 0 0 0 0 0 0.732867 0 0 0 0 0.778437 0.664056 0 0 0.802271 0.766657 0 0 0 0.697693 0 0 0 0 0 0 0.654315 0.716782 0 0 0 0 0 0.765095 0 0.693784 0 0 0 0 0 0 0 0.712969 0 0 0 0 0 0.847391 0 0 0 0 0 0 0 0.785867 0.912867 0 0 0 0 0.670185 0.588719 0 0 0 0 0
0 0 0 0 0 0 0 0 0 0 0 0.940006 0.85503 0 0.64287 0 0.673507 0.855217 0 0 0 0 0 0.752792 0 0 0 0 0 0 0 0 0 0 0.527569 0 0 0 0.864117 0.778437 0 0 0 0 0 0 0 0 0 0.633095 0 0.66769 0 0 0.661692 0 0.851459 0 0 0 0 0 0.9106 0 0 0.921613 0.611202 0 0 0 0 0 0.719492 0 0 0 0.689621 0.67879 0 0 0 0 0 0 0 0 0 0.714803 0 0.778752 0 0 0.906338 0.825165 0 0 0 0.651866 0 0
0 0.556481 0 0.784363 0 0 0 0 0 0 0 0 0 0 0.708455 0.734725 0 0.895688 0.693606 0 0 0 0.829828 0 0 0 0 0 0 0.865318 0 0 0.76355 0 0.625914 0 0 0 0 0.664056 0 0 0 0 0.908559 0.77143 0 0 0 0 0 0 0.673367 0.564759 0 0.756366 0.547944 0 0 0 0 0 0 0.665863 0.576158 0.667799 0.750241 0 0.744828 0 0 0 0 0 0 0.896957 0 0.551319 0 0 0 0 0 0.856466 0.808201 0.909526 0 0.616319 0 0.893489 0 0 0 0 0 0 0 0 0 0
0.682886 0 0 0 0 0 0 0.774529 0.666773 0 0.806482 0 0 0 0.579184 0 0 0 0 0 0 0.644387 0 0 0.876737 0 0.863353 0 0 0 0.728625 0 0 0 0 0.838216 0.516994 0 0 0 0 0 0 0 0.746996 0.830981 0 0 0 0 0 0 0 0 0.758427 0 0 0 0 0 0 0 0 0 0 0 0 0 0 0 0 0 0 0 0 0 0 0 0.638089 0.582435 0 0 0 0 0.834394 0 0 0 0 0 0.693724 0 0 0.829099 0.593094 0 0 0 0 0
0 0 0 0 0 0 0.865849 0 0 0 0.732234 0.580305 0 0 0.738445 0 0 0 0 0 0 0 0 0 0 0 0.818253 0 0 0.803021 0 0.583443 0 0 0 0.78686 0 0 0 0 0 0 0 0 0 0 0 0 0.826879 0 0 0 0 0 0 0 0.613759 0 0 0 0 0.749129 0.893739 0 0 0.810457 0.753658 0 0 0 0.644223 0 0.752556 0 0 0 0 0.575988 0.642722 0.859051 0 0 0 0.840011 0.648863 0 0.848178 0 0 0.61256 0 0 0 0 0.75753 0.673052 0 0 0 0
0 0 0 0 0 0 0 0 0 0 0 0.797658 0 0 0.596302 0 0.668362 0.546589 0.556275 0 0 0 0 0 0.618162 0.777016 0 0 0 0.853284 0 0 0 0 0 0 0.770881 0 0 0.802271 0 0.908559 0.746996 0 0 0 0 0 0 0 0 0 0 0 0 0 0 0 0.822614 0.786801 0.728493 0 0 0 0 0 0 0 0 0 0.838698 0 0 0 0 0 0 0 0 0 0 0 0 0 0 0 0 0.596173 0 0 0 0.689608 0 0.84015 0 0.73672 0 0 0 0
0 0 0 0 0 0 0 0 0 0 0 0 0 0.695235 0 0 0.735887 0.676398 0 0 0 0 0 0 0 0 0 0.671555 0 0 0 0 0 0.609468 0 0 0 0 0 0.766657 0 0.77143 0.830981 0 0 0 0 0 0 0 0 0 0 0 0 0 0.721833 0 0 0.770926 0 0 0.827651 0.889935 0 0 0 0.802325 0 0 0 0 0 0 0 0 0 0 0 0 0 0 0 0 0.740564 0 0 0 0.874299 0 0 0 0 0 0 0 0.686021 0 0 0
0 0 0 0 0 0 0 0 0 0 0.776557 0.714446 0 0.858069 0 0 0 0 0 0 0 0 0 0 0 0 0 0 0 0.774498 0.70669 0 0 0.536209 0 0 0 0 0 0 0 0 0 0 0 0 0 0.548491 0 0 0 0 0 0 0 0 0.836396 0 0 0 0 0 0 0 0 0 0 0 0 0 0.829267 0 0 0 0 0.666737 0 0 0 0 0 0.627376 0 0 0 0 0 0 0.824896 0 0 0.563451 0 0 0 0 0 0 0 0
0 0 0 0 0 0 0 0 0 0 0 0.622131 0 0 0 0 0 0 0 0 0 0 0 0.700706 0 0.811952 0 0 0 0 0 0 0 0 0 0 0 0 0.692167 0 0 0 0 0 0 0 0.548491 0 0 0 0 0 0 0 0 0 0.653837 0 0 0 0 0.663609 0 0 0 0 0 0.626625 0 0 0 0.838059 0.602568 0.661314 0 0 0.828954 0 0 0 0 0.575618 0 0 0 0 0 0 0 0 0.702724 0.612423 0 0.721537 0 0 0 0.815474 0 0
0 0 0.835498 0 0 0 0 0 0 0 0 0 0 0.613812 0 0 0 0 0 0 0 0 0 0 0.643432 0 0 0 0 0 0 0 0 0.633494 0.72536 0 0 0 0 0 0 0 0 0.826879 0 0 0 0 0 0.8742 0 0 0 0.878026 0 0.670331 0.826998 0 0.82961 0 0 0.719381 0.698424 0 0.846625 0 0 0 0.561887 0 0 0 0 0.828716 0 0 0 0.884163 0.731521 0 0 0 0 0 0.719745 0 0 0 0 0.763184 0 0.825149 0 0 0.720665 0.845925 0 0 0 0
0.847864 0.679706 0.764586 0 0 0.864935 0 0.75014 0 0 0.642606 0 0 0 0 0.756747 0 0 0 0 0 0 0 0 0 0 0 0 0 0 0 0 0 0 0.711716 0 0 0 0.57851 0.697693 0.633095 0 0 0 0 0 0 0 0.8742 0 0 0 0 0 0 0.801355 0.932093 0.93177 0 0 0 0 0 0 0 0.717755 0 0 0 0.628667 0 0 0 0 0 0 0 0 0 0.624929 0 0.707555 0 0 0 0 0 0.685634 0 0 0 0 0.763827 0 0 0 0 0 0 0.590389
0.937807 0 0 0 0.767928 0 0.892872 0 0 0 0 0.720162 0 0 0 0 0 0 0 0 0 0 0 0 0 0.618856 0 0.534188 0 0 0 0 0.601922 0 0 0 0 0 0 0 0 0 0 0 0 0 0 0 0 0 0 0 0 0 0 0.607129 0 0 0 0 0 0 0.717189 0 0 0.703697 0 0 0 0.6932 0 0 0.781097 0 0 0 0 0.810822 0 0.770504 0 0 0 0.693043 0 0 0 0 0 0 0 0 0.787533 0.654029 0 0 0 0 0 0
0 0 0 0 0 0 0 0 0 0 0 0 0 0 0 0 0 0 0 0 0 0 0 0 0 0 0 0 0.817497 0.725243 0.663913 0 0 0 0 0 0 0 0.679587 0 0.66769 0 0 0 0 0 0 0 0 0 0 0 0 0 0 0 0 0 0 0 0 0 0.776829 0 0.655081 0 0.82767 0 0 0 0 0 0 0 0 0 0 0.777113 0 0 0 0.774718 0 0 0 0.844388 0.551402 0 0 0 0 0 0 0 0 0 0 0.867617 0 0
0 0.66958 0.90258 0.847955 0 0 0 0 0 0 0 0 0 0.830884 0.725048 0 0 0 0 0 0 0 0 0 0 0 0 0.882542 0 0 0 0 0 0 0 0 0 0 0.792553 0 0 0.673367 0 0 0 0 0 0 0 0 0 0 0 0 0 0.8595 0 0.826175 0 0 0 0 0 0 0 0 0 0 0.717831 0 0 0 0 0 0 0.787577 0 0 0 0 0 0.779508 0 0 0 0 0 0 0 0 0 0 0 0.746568 0 0 0.672329 0 0 0
0 0 0 0 0 0 0 0 0 0 0 0 0 0 0.793916 0 0 0 0 0.80325 0.71813 0 0 0 0 0 0 0 0 0 0.836407 0 0.61593 0 0.610101 0 0 0.849334 0 0 0 0.564759 0 0 0 0 0 0 0.878026 0 0 0 0 0 0 0 0 0.834854 0 0 0 0 0 0.709917 0 0 0 0 0 0.582433 0 0.684376 0 0 0 0 0 0 0 0 0 0 0.745566 0 0 0.737662 0 0 0 0 0 0 0.620972 0 0 0 0 0 0 0
0 0 0 0 0 0 0 0 0 0 0 0 0 0 0 0 0.599138 0 0 0 0 0 0 0 0 0 0 0 0.709905 0 0 0 0 0 0 0 0 0 0.815217 0 0.661692 0 0.758427 0 0 0 0 0 0 0 0 0 0 0 0 0 0.62762 0 0 0 0 0 0 0 0 0 0 0 0.665982 0 0 0 0 0.737348 0 0 0 0.785987 0 0 0 0 0 0 0 0 0 0 0 0.850423 0 0 0.583253 0.666756 0 0 0.911185 0 0 0.675851
0 0 0 0 0 0 0 0.66529 0 0 0 0 0 0 0 0 0 0.839412 0 0 0 0 0 0 0 0 0 0 0 0 0 0.755364 0 0 0 0 0.642845 0 0.824571 0 0 0.756366 0 0 0 0 0 0 0.670331 0.801355 0.607129 0 0.8595 0 0 0 0 0 0.650739 0 0 0.627353 0 0 0 0 0 0 0.794105 0 0 0 0.677621 0 0 0 0 0 0 0.791473 0 0 0.819583 0 0 0 0.678509 0 0 0.668089 0 0 0.935658 0 0.585675 0.85763 0 0 0 0
0 0 0 0 0.591891 0 0.768623 0 0 0 0 0 0 0 0 0 0 0 0 0 0 0 0 0 0 0 0 0 0 0 0.919002 0 0 0 0 0.567266 0 0.799078 0 0.654315 0.851459 0.547944 0 0.613759 0 0.721833 0.836396 0.653837 0.826998 0.932093 0 0 0 0 0.62762 0 0 0.812763 0 0 0 0 0 0 0 0.955228 0.836339 0 0 0 0.791083 0.878306 0 0 0 0.601286 0 0.610591 0 0.778601 0 0.754829 0.836667 0 0 0.795059 0.827293 0 0 0 0 0 0 0 0 0 0 0 0 0.720673
0 0.666145 0 0 0 0.85613 0 0 0 0 0.592612 0 0 0 0 0 0 0 0.808499 0 0 0.81812 0 0.853775 0.71507 0 0.746419 0.759394 0 0 0.571952 0 0 0 0 0 0 0 0 0.716782 0 0 0 0 0 0 0 0 0 0.93177 0 0 0.826175 0.834854 0 0 0.812763 0 0 0 0.838624 0 0.80596 0.497964 0 0 0 0 0 0.586658 0 0 0 0 0 0.75009 0.791035 0 0 0 0 0 0 0 0 0 0 0 0 0.804719 0 0 0 0 0 0 0 0 0 0
0.607883 0 0 0 0 0 0.84808 0 0 0.865903 0.780109 0.817565 0 0 0.885948 0 0 0 0.694462 0 0.709472 0 0 0 0 0 0 0 0 0 0.858837 0.561345 0 0 0.598816 0 0 0 0.577258 0 0 0 0 0 0.822614 0 0 0 0.82961 0 0 0 0 0 0 0.650739 0 0 0 0 0 0 0 0.815642 0 0 0 0 0 0 0 0 0 0 0 0.839808 0 0.874924 0 0.866723 0 0 0 0.813193 0 0 0 0 0 0 0 0.907419 0 0 0 0 0 0 0.571139 0
0.589956 0 0 0 0 0 0 0 0 0.84373 0.648113 0 0 0.856082 0 0 0.722477 0 0 0.637609 0.588153 0 0 0 0.65233 0 0.576327 0 0.802158 0 0 0 0 0 0 0 0 0 0 0 0 0 0 0 0.786801 0.770926 0 0 0 0 0 0 0 0 0 0 0 0 0 0 0 0 0 0 0 0.616948 0 0 0 0 0 0 0 0.79212 0.66787 0 0 0 0.627827 0.844832 0 0 0 0 0.688903 0.793072 0 0 0 0 0 0 0 0 0.754832 0 0 0 0.863325 0
0 0 0 0 0 0 0 0 0 0 0 0 0 0.63508 0 0 0 0 0.691472 0 0 0 0 0 0 0.693348 0 0 0 0 0.588715 0 0 0 0 0.722095 0.6855 0 0 0 0 0 0 0 0.728493 0 0 0 0 0 0 0 0 0 0 0 0 0.838624 0 0 0 0.839517 0 0 0.678416 0 0 0 0 0 0.749295 0 0 0 0 0 0 0 0 0 0 0.722832 0 0 0 0 0 0.877973 0 0 0 0 0.859264 0 0 0 0 0 0 0
0 0 0 0 0 0.695499 0 0.815256 0 0 0 0 0 0 0.878372 0 0.91551 0 0 0 0.878982 0 0 0 0 0 0 0.631375 0 0.749037 0 0 0 0 0 0 0 0 0 0 0 0 0 0.749129 0 0 0 0.663609 0.719381 0 0 0 0 0 0 0.627353 0 0 0 0 0.839517 0 0 0 0 0 0 0 0.602703 0.879017 0 0 0 0 0 0.676854 0.878832 0 0.489096 0 0.825538 0 0 0.733135 0 0 0 0.709535 0 0 0.754619 0.75771 0 0.612867 0 0.582431 0 0.76923 0.640626 0
0.819678 0 0 0 0 0 0 0 0 0 0 0 0 0 0 0 0 0 0 0.84143 0 0 0.772257 0 0 0 0.691761 0 0 0 0 0.872211 0.839921 0 0 0 0 0 0 0 0.9106 0 0 0.893739 0 0.827651 0 0 0.698424 0 0.717189 0.776829 0 0 0 0 0 0.80596 0 0 0 0 0 0 0 0 0.584788 0 0 0 0 0 0.935623 0 0 0 0 0 0 0.637372 0 0 0 0 0 0 0 0 0 0 0.756013 0 0 0.647078 0 0 0.84753 0 0 0
0.868464 0 0 0 0.76233 0 0 0 0 0.714287 0 0 0 0 0 0 0.62397 0 0.760865 0 0 0 0 0 0.723517 0 0.803833 0 0.64413 0 0 0 0 0.907038 0 0 0 0 0 0.765095 0 0.665863 0 0 0 0.889935 0 0 0 0 0 0 0 0.709917 0 0 0 0.497964 0.815642 0 0 0 0 0 0 0 0 0.804626 0 0 0.872505 0 0 0 0 0 0 0.731021 0 0 0 0 0 0 0 0 0.798803 0 0 0 0 0 0 0 0 0 0 0 0.63077 0.821893
0 0 0 0 0.823485 0.71882 0 0 0 0.902852 0 0 0 0 0.813608 0.843591 0 0 0 0 0 0 0 0 0 0 0 0.708397 0.843322 0 0.552189 0 0 0 0 0 0 0 0 0 0 0.576158 0 0 0 0 0 0 0.846625 0 0 0.655081 0 0 0 0 0 0 0 0 0.678416 0 0 0 0 0 0 0 0 0 0 0.740372 0.792412 0 0 0 0 0 0 0 0 0 0 0.570397 0.677314 0 0 0.512645 0 0 0 0 0.830719 0 0 0 0 0 0.743496 0
0 0 0 0 0 0 0 0 0.733479 0 0 0 0 0 0 0.728982 0 0 0 0.795052 0 0 0 0 0 0 0 0 0 0 0 0 0 0 0.71834 0 0.695662 0 0 0.693784 0.921613 0.667799 0 0.810457 0 0 0 0 0 0.717755 0.703697 0 0 0 0 0 0.955228 0 0 0.616948 0 0 0 0 0 0 0.62652 0 0 0 0 0 0 0 0 0 0 0 0 0 0 0 0 0.854545 0 0 0 0 0 0.774313 0.788863 0 0.637571 0.81574 0.763648 0.681085 0 0 0 0
0.580364 0 0 0 0 0.781788 0 0 0 0 0 0 0 0.699911 0 0 0.86111 0 0.590262 0 0 0 0.601339 0.61189 0 0.883171 0 0 0 0 0 0 0 0.881641 0 0 0.654009 0 0 0 0.611202 0.750241 0 0.753658 0 0 0 0 0 0 0 0.82767 0 0 0 0 0.836339 0 0 0 0 0 0.584788 0 0 0.62652 0 0 0 0 0 0 0 0 0 0 0 0 0.715694 0 0 0 0.689072 0.879929 0 0.741751 0 0 0 0 0.672791 0 0 0 0 0 0.833115 0 0 0
0 0.8312 0.929273 0 0 0 0 0.691476 0 0 0.755414 0 0.62238 0 0 0.742781 0 0 0 0 0.890885 0 0 0 0 0.685324 0 0 0 0 0 0.759336 0 0.684832 0 0 0 0.838463 0 0 0 0 0 0 0 0.802325 0 0.626625 0 0 0 0 0 0 0 0 0 0 0 0 0 0 0 0.804626 0 0 0 0 0 0 0 0 0 0 0 0.698185 0 0 0 0.70081 0 0 0 0 0 0.71455 0 0 0 0.730195 0 0 0 0 0 0 0 0 0 0
0 0.560386 0 0.680541 0 0 0 0 0 0 0 0 0 0.730938 0 0 0 0 0 0 0.777778 0 0.784258 0 0 0 0 0 0 0 0 0 0 0.757595 0 0 0.655027 0 0 0 0 0.744828 0 0 0 0 0 0 0.561887 0 0 0 0.717831 0 0.665982 0.794105 0 0 0 0 0 0.602703 0 0 0 0 0 0 0 0.679525 0 0 0 0.622719 0 0 0.730717 0 0.639784 0 0 0 0 0.670108 0 0 0 0 0 0 0 0 0 0 0 0 0 0 0 0.548438
0 0.859678 0 0.613462 0.564942 0 0.754729 0 0 0 0.657387 0 0.602603 0 0.737178 0 0 0 0.589041 0 0 0 0 0 0 0 0 0 0 0 0 0.801269 0 0 0 0 0 0 0.690917 0 0 0 0 0 0 0 0 0 0 0.628667 0.6932 0 0 0.582433 0 0 0 0.586658 0 0 0 0.879017 0 0 0 0 0 0 0.679525 0 0 0 0 0 0 0 0.722126 0 0.717564 0.727211 0 0 0 0.728737 0 0 0 0 0 0.73511 0.580516 0.643589 0 0 0 0 0 0 0 0
0 0 0 0 0 0 0 0 0 0 0 0 0.619123 0 0 0.837634 0.719745 0 0 0 0.709007 0 0 0 0 0 0 0 0.598281 0 0.789366 0 0.624457 0 0 0 0 0 0 0 0 0 0 0.644223 0.838698 0 0.829267 0 0 0 0 0 0 0 0 0 0.791083 0 0 0 0.749295 0 0 0.872505 0 0 0 0 0 0 0 0 0 0 0.634264 0 0 0 0.64675 0 0 0 0 0 0.749417 0.921298 0 0 0 0.84978 0 0 0 0 0 0 0 0 0 0
0 0.80689 0 0 0 0 0.882309 0 0 0 0 0 0 0 0 0 0 0.800809 0 0 0 0.842785 0 0 0 0.819978 0 0 0 0 0 0 0 0 0.770784 0 0.806359 0 0 0 0 0 0 0 0 0 0 0.838059 0 0 0 0 0 0.684376 0 0 0.878306 0 0 0 0 0 0 0 0.740372 0 0 0 0 0 0 0 0 0 0 0.621606 0 0 0.650094 0 0.845713 0 0 0 0.672371 0 0 0 0 0.643383 0.768217 0 0 0.637298 0 0 0 0 0 0.747667
0 0 0 0 0 0 0.740683 0 0 0 0.745583 0 0 0 0.848481 0 0.689299 0.774263 0 0 0 0.899694 0 0 0 0 0.713878 0 0.806441 0 0 0.707801 0 0 0 0 0.85896 0 0 0 0.719492 0 0 0.752556 0 0 0 0.602568 0 0 0.781097 0 0 0 0 0.677621 0 0 0 0 0 0 0.935623 0 0.792412 0 0 0 0 0 0 0 0 0.811805 0 0 0 0 0 0 0 0 0 0 0 0 0 0.655702 0.7736 0 0 0 0 0 0 0.562088 0.838474 0 0 0
0 0 0 0 0 0.762689 0 0 0 0 0.799207 0 0 0 0 0.610738 0 0 0 0 0 0 0 0 0 0 0 0 0 0 0.68802 0 0 0 0 0.681221 0 0 0 0.712969 0 0 0 0 0 0 0 0.661314 0.828716 0 0 0 0 0 0.737348 0 0 0 0 0.79212 0 0 0 0 0 0 0 0 0.622719 0 0 0 0.811805 0 0.701845 0 0.769457 0 0.822212 0 0.729783 0 0 0 0 0 0 0 0 0 0 0.746129 0.870515 0 0.842989 0 0 0 0 0
0 0 0 0 0 0 0.576638 0 0 0.625115 0 0 0.764782 0.775181 0 0 0 0 0 0 0 0 0 0 0 0 0 0.568855 0 0 0 0 0 0 0 0 0 0 0 0 0 0 0 0 0 0 0 0 0 0 0 0 0 0 0 0 0 0 0 0.66787 0 0 0 0 0 0 0 0 0 0 0.634264 0 0 0.701845 0 0 0 0 0 0 0 0 0 0 0 0.688961 0 0.771902 0 0 0 0.831817 0 0.691636 0 0 0 0.590503 0 0.590191
0.748937 0 0.799331 0 0.837502 0 0 0 0 0.751309 0 0 0 0.642064 0 0.683652 0 0 0.936965 0 0 0 0 0 0 0 0 0 0 0 0 0 0.831227 0 0 0 0 0 0.686913 0 0 0.896957 0 0 0 0 0.666737 0 0 0 0 0 0.787577 0 0 0 0.601286 0.75009 0.839808 0 0 0.676854 0 0 0 0 0 0.698185 0 0 0 0.621606 0 0 0 0 0.736087 0 0 0 0 0 0 0 0.802355 0 0.866653 0.794412 0.675658 0 0 0 0.63658 0 0.870978 0.697141 0 0 0 0.799269
0 0 0 0.562321 0 0 0.561006 0 0.851421 0 0 0 0 0 0 0 0 0 0.877947 0 0 0 0.809997 0 0 0.738084 0 0.574132 0 0 0 0 0 0 0.702072 0 0 0 0 0 0.689621 0 0 0 0 0 0 0.828954 0 0 0 0 0 0 0 0 0 0.791035 0 0 0 0.878832 0 0 0 0 0 0 0.730717 0.722126 0 0 0 0.769457 0 0.736087 0 0 0 0.731233 0 0.605224 0 0.498339 0 0 0 0 0 0 0 0.711341 0 0 0 0 0 0 0.644108 0
0 0 0.560965 0 0 0 0 0 0.818212 0 0.651903 0 0 0 0.77294 0 0 0.684709 0.636265 0.676194 0 0.848262 0 0 0 0 0 0 0 0 0 0 0 0 0.864816 0 0 0 0 0 0.67879 0.551319 0 0.575988 0 0 0 0 0.884163 0 0.810822 0.777113 0 0 0.785987 0 0.610591 0 0.874924 0 0 0 0 0.731021 0 0 0 0 0 0 0 0 0 0 0 0 0 0 0.889156 0 0 0.685769 0 0 0 0 0 0 0 0 0 0 0 0.608103 0 0 0 0.574194 0 0.712008
0 0.908133 0 0.557675 0.768478 0 0 0 0 0 0 0 0 0 0 0 0 0 0 0 0 0 0 0 0 0 0 0 0 0.676698 0 0 0.660505 0 0 0.548774 0 0 0 0 0 0 0.638089 0.642722 0 0 0 0 0.731521 0 0 0 0 0 0 0 0 0 0 0.627827 0 0.489096 0 0 0 0 0.715694 0 0.639784 0.717564 0.64675 0.650094 0 0.822212 0 0 0 0.889156 0 0.86446 0 0.736466 0 0 0 0 0 0 0 0 0 0.811472 0 0 0 0 0 0 0 0
0 0 0 0 0.820796 0 0 0 0 0 0 0 0 0 0 0 0 0 0 0.638749 0 0 0 0 0 0 0.642446 0 0.613869 0.707209 0 0 0 0 0 0 0 0 0.854417 0.847391 0 0 0.582435 0.859051 0 0 0 0 0 0.624929 0.770504 0 0 0 0 0.791473 0.778601 0 0.866723 0.844832 0 0 0.637372 0 0 0 0 0.70081 0 0.727211 0 0 0 0 0 0 0.731233 0 0.86446 0 0.658205 0 0 0 0 0 0 0 0 0.775762 0.651724 0 0 0.731323 0 0 0 0 0 0
0 0 0 0 0 0 0 0 0.772348 0 0.729272 0 0 0 0 0.820022 0 0.833714 0 0.701246 0 0.597978 0.674298 0 0 0 0.634098 0 0 0.707107 0 0 0 0.670128 0 0 0.704901 0 0 0 0 0 0 0 0 0 0 0 0 0 0 0 0 0 0 0 0 0 0 0 0 0.825538 0 0 0 0 0 0 0 0 0 0.845713 0 0.729783 0 0 0 0 0 0.658205 0 0 0.864805 0 0.767149 0 0 0 0 0 0.772175 0 0.6935 0 0 0 0.821586 0 0 0.866464
0 0 0 0 0 0 0 0.78744 0.76956 0 0 0 0 0 0 0.722298 0 0 0 0 0 0.674842 0.799218 0 0 0 0 0 0 0 0.566509 0 0 0 0 0 0 0.555191 0 0 0 0 0 0 0 0 0.627376 0.575618 0 0.707555 0 0.774718 0.779508 0 0 0 0.754829 0 0 0 0.722832 0 0 0 0 0 0 0 0 0 0 0 0 0 0 0 0.605224 0.685769 0.736466 0 0 0 0 0 0 0 0 0.782472 0.626998 0 0.690407 0 0 0.550149 0.664836 0 0 0 0 0
0 0 0 0 0 0 0 0 0 0 0 0.812371 0 0.585375 0 0 0 0 0 0.717184 0 0.764052 0 0 0 0 0 0 0 0 0 0 0 0 0 0 0.536552 0 0.697364 0 0 0 0 0 0 0 0 0 0 0 0 0 0 0.745566 0 0.819583 0.836667 0 0 0 0 0 0 0 0 0 0.689072 0 0 0 0 0 0 0 0 0 0 0 0 0 0.864805 0 0 0 0 0 0 0.59037 0 0 0.89032 0 0 0 0 0 0 0 0 0
0 0.658407 0.608396 0 0 0 0 0 0 0 0.702027 0 0 0 0 0 0.695235 0 0 0 0.725292 0 0 0 0 0 0 0 0 0 0 0 0 0 0 0 0 0 0 0 0 0.856466 0 0.840011 0 0 0 0 0 0 0.693043 0 0 0 0 0 0 0 0.813193 0 0 0.733135 0 0 0.570397 0.854545 0.879929 0 0.670108 0.728737 0 0 0 0 0 0 0.498339 0 0 0 0 0 0 0 0 0 0 0.783757 0 0 0.769119 0 0 0 0 0.671123 0 0 0 0
0 0 0 0 0 0 0 0 0 0.835992 0 0 0 0.750466 0 0 0 0.825283 0 0 0 0 0 0 0 0 0 0 0 0.614506 0 0 0 0 0 0 0 0 0 0 0 0.808201 0.834394 0.648863 0 0.740564 0 0 0.719745 0 0 0 0 0 0 0 0 0 0 0.688903 0 0 0 0 0.677314 0 0 0 0 0 0.749417 0.672371 0 0 0 0.802355 0 0 0 0 0.767149 0 0 0 0 0 0 0 0 0 0 0 0 0 0 0 0 0 0 0
0.70558 0.791076 0.88139 0.879522 0 0 0 0 0 0 0.664852 0 0.606121 0.877242 0.613029 0 0 0 0 0.547629 0 0.68896 0.870628 0 0 0.719993 0 0 0 0 0.739945 0 0 0 0.792465 0 0 0 0.746803 0 0 0.909526 0 0 0 0 0 0 0 0 0 0.844388 0 0.737662 0 0 0.795059 0 0 0.793072 0 0 0 0 0 0 0.741751 0.71455 0 0 0.921298 0 0 0 0.688961 0 0 0 0 0 0 0 0 0 0 0 0 0 0 0 0 0 0.794498 0 0 0 0 0 0 0
0 0 0 0 0 0 0.855565 0 0 0 0 0 0 0 0.785373 0 0 0 0 0 0.636085 0 0 0 0 0 0 0.759147 0 0 0.642849 0 0 0 0.879924 0 0 0 0 0 0 0 0 0.848178 0 0 0 0 0 0 0 0.551402 0 0 0 0.678509 0.827293 0 0 0 0 0 0 0.798803 0 0 0 0 0 0 0 0 0 0 0 0.866653 0 0 0 0 0 0 0 0 0 0 0 0.700907 0 0 0 0 0.616968 0 0 0 0 0 0 0
0.75286 0 0 0.622149 0 0.792421 0 0 0 0 0 0 0 0 0 0 0.605146 0 0 0 0 0 0 0 0 0 0 0.78506 0 0.912633 0 0.836157 0 0.640856 0.869152 0 0 0 0 0.785867 0.714803 0.616319 0 0 0.596173 0 0 0 0 0.685634 0 0 0 0 0 0 0 0 0 0 0.877973 0.709535 0 0 0.512645 0 0 0 0 0 0 0 0.655702 0 0.771902 0.794412 0 0 0 0 0 0.782472 0.59037 0.783757 0 0 0.700907 0 0 0 0 0 0 0 0 0 0 0 0 0
0 0.751362 0 0 0 0 0 0.689089 0.843438 0 0 0.696352 0 0 0 0 0 0 0.539096 0 0 0.707644 0 0.664076 0 0.704994 0 0 0 0 0 0.776306 0 0 0 0.580798 0.74668 0 0.600792 0.912867 0 0 0 0 0 0.874299 0.824896 0 0 0 0 0 0 0 0 0 0 0 0 0 0 0 0 0 0 0 0 0 0 0 0 0 0.7736 0 0 0.675658 0 0 0 0 0 0.626998 0 0 0 0 0 0 0 0 0 0 0 0 0.881704 0 0 0.747987 0 0
0 0 0 0 0 0 0 0 0 0 0.854122 0.744864 0.729041 0 0 0 0 0.877213 0 0.76551 0 0 0 0 0 0.616294 0 0 0 0 0 0 0 0 0.606336 0 0 0 0 0 0.778752 0.893489 0 0.61256 0 0 0 0 0.763184 0 0 0 0 0 0.850423 0.668089 0 0.804719 0 0 0 0 0 0 0 0.774313 0 0.730195 0 0.73511 0.84978 0.643383 0 0 0 0 0 0 0 0.775762 0 0 0 0 0 0 0 0 0 0 0.720761 0 0 0 0 0 0 0 0 0
0.747642 0.665354 0 0 0 0 0 0 0 0 0 0 0.564281 0.766429 0.751973 0 0.615034 0 0.648743 0 0 0.678998 0 0 0 0 0 0 0 0 0 0 0 0 0.912057 0 0 0.753222 0 0 0 0 0.693724 0 0 0 0 0.702724 0 0 0 0 0 0 0 0 0 0 0 0 0 0.754619 0.756013 0 0 0.788863 0.672791 0 0 0.580516 0 0.768217 0 0 0 0 0 0 0 0.651724 0.772175 0.690407 0.89032 0.769119 0 0 0 0 0 0.720761 0 0.661699 0 0.697956 0 0 0 0 0 0
0 0 0 0 0 0 0 0 0 0.832722 0 0 0 0 0.601228 0.882928 0 0.898746 0 0 0 0 0 0 0 0 0 0 0 0.646616 0.866971 0 0 0 0 0 0 0 0 0 0 0 0 0 0.689608 0 0.563451 0.612423 0.825149 0 0 0 0 0 0 0 0 0 0.907419 0 0 0.75771 0 0 0 0 0 0 0 0.643589 0 0 0 0.746129 0.831817 0 0.711341 0 0.811472 0 0 0 0 0 0 0 0 0 0 0 0.661699 0 0 0 0 0 0 0 0 0.875436
0.799347 0 0 0 0 0 0 0.677309 0 0 0.606991 0 0 0 0.79062 0 0 0 0 0.620851 0 0 0.810963 0 0 0 0 0 0 0.807492 0 0.774869 0 0 0.639811 0.670248 0.694825 0 0 0 0.906338 0 0 0 0 0 0 0 0 0.763827 0.787533 0 0 0.620972 0.583253 0.935658 0 0 0 0 0.859264 0 0 0 0.830719 0.637571 0 0 0 0 0 0 0 0.870515 0 0.63658 0 0 0 0 0.6935 0 0 0 0 0.794498 0.616968 0 0 0 0 0 0 0 0 0 0.833043 0 0.566186 0
0 0 0 0 0.896398 0 0 0 0 0 0 0 0 0 0 0 0 0 0 0 0 0 0.587218 0 0 0 0.704721 0.870929 0 0 0 0.86822 0 0 0 0 0 0 0 0.670185 0.825165 0 0.829099 0 0.84015 0 0 0.721537 0 0 0.654029 0 0.746568 0 0.666756 0 0 0 0 0 0 0.612867 0.647078 0 0 0.81574 0 0 0 0 0 0.637298 0 0 0.691636 0 0 0.608103 0 0.731323 0 0.550149 0 0 0 0 0 0 0 0 0.697956 0 0 0 0 0 0.638866 0 0.762595 0
0 0 0.805701 0 0 0 0 0 0 0.70171 0 0 0 0 0 0 0 0 0 0 0.805898 0 0 0 0.819338 0 0 0 0.666944 0.646986 0 0 0 0 0.647832 0 0 0 0 0.588719 0 0 0.593094 0.75753 0 0 0 0 0.720665 0 0 0 0 0 0 0.585675 0 0 0 0.754832 0 0 0 0 0 0.763648 0 0 0 0 0 0 0 0.842989 0 0.870978 0 0 0 0 0 0.664836 0 0 0 0 0 0 0.881704 0 0 0 0 0 0 0 0 0 0 0.797636
0 0.693544 0.755034 0 0 0 0 0.862167 0 0 0 0 0.846338 0 0 0 0 0 0 0 0 0 0 0 0 0.812516 0.587928 0 0 0 0 0 0 0 0.568739 0 0 0 0 0 0 0 0 0.673052 0.73672 0 0 0 0.845925 0 0 0 0 0 0 0.85763 0 0 0 0 0 0.582431 0 0 0 0.681085 0 0 0 0 0 0 0.562088 0 0 0.697141 0 0 0 0 0 0 0 0.671123 0 0 0 0 0 0 0 0 0 0 0 0 0 0.733423 0.61768 0
0 0.857248 0.765793 0 0 0 0 0 0 0 0 0 0 0 0 0 0 0 0.587252 0 0 0 0 0 0 0.702589 0 0 0 0 0 0.866916 0 0 0 0.667515 0 0.774504 0 0 0 0 0 0 0 0.686021 0 0 0 0 0 0 0.672329 0 0.911185 0 0 0 0 0 0 0 0.84753 0 0 0 0.833115 0 0 0 0 0 0.838474 0 0 0 0 0 0 0 0.821586 0 0 0 0 0 0 0 0 0 0 0 0.833043 0.638866 0 0 0 0.753651 0 0
0 0 0.815786 0 0 0 0.803248 0 0.675495 0 0 0 0 0 0.692062 0 0 0 0 0 0 0 0 0 0 0 0 0 0 0 0.770503 0 0 0 0 0 0.62675 0 0 0 0.651866 0 0 0 0 0 0 0.815474 0 0 0 0.867617 0 0 0 0 0 0 0 0 0 0.76923 0 0 0 0 0 0 0 0 0 0 0 0 0.590503 0 0 0.574194 0 0 0 0 0 0 0 0 0 0 0.747987 0 0 0 0 0 0 0.733423 0.753651 0 0.95805 0
0 0 0 0 0 0 0.603094 0 0 0 0 0 0.880751 0 0 0 0 0 0.811406 0.785061 0 0 0 0 0.758959 0 0 0 0.603965 0 0 0 0.71593 0 0 0 0 0 0 0 0 0 0 0 0 0 0 0 0 0 0 0 0 0 0 0 0 0 0.571139 0.863325 0 0.640626 0 0.63077 0.743496 0 0 0 0 0 0 0 0 0 0 0 0.644108 0 0 0 0 0 0 0 0 0 0 0 0 0 0 0 0.566186 0.762595 0 0.61768 0 0.95805 0 0
0 0 0 0 0 0 0 0 0 0 0 0.685895 0 0 0 0.655907 0 0 0 0 0 0.728565 0 0.882189 0 0 0 0 0 0.917222 0.777852 0 0 0 0 0 0 0.736757 0 0 0 0 0 0 0 0 0 0 0 0.590389 0 0 0 0 0.675851 0 0.720673 0 0 0 0 0 0 0.821893 0 0 0 0 0.548438 0 0 0.747667 0 0 0.590191 0.799269 0 0.712008 0 0 0.866464 0 0 0 0 0 0 0 0 0 0 0.875436 0 0 0.797636 0 0 0 0 0
