200
0 0 0 0 0 0 0 0 0 0 0 0 0 0 0 0 0 0 0 0 0 0 0 0 0 0 0 0 0 0 0 0 0 0 1.08548 0 0 0 0 0 0 0 0 0 0 0 0 0 0 0 0 0 0 0.695885 0 0 0 0.567976 0 0 0 0 0 0 0 0 0 0 0.631353 0 0 0 0 0.77013 0 0 0.727237 0 0 0 0 0 0 0 0 0 0 0 0 0 0 0 0 0 0 0 0 0 0 0 0 0 0 0 0 0 0 0 0 0 0 0 0 0 0 0 0 0 0.0398472 0 0 0 0 0 0 0 0 0 0 0 0 0 0 0 0 0 0 0 0 0 0 0 0 0 0 0 0 0 0 0 0 0 0 0 0 0 0 0 0 0 0 0 0 0.0798238 0 0 0 0 0 0 0 0 0 0 0 0 0 0 0 0 0 0 0 0 0 0 0 0 0.230637 0 0 0 0 0 0 0 0 0 0 0.614332
0 0 0 0 0 0 0 0 0 0 0 0 0 0.49925 0 0 0 0 0 0 0 0 0 0.170052 0 0 0 0 0 0 0 0 0 0 0 0 0 0 0 0.690329 0 0 0 0 0 0 0 0.469256 0 0 0 0.7565 0 0 0 0 0 0 0 0 0 0.891197 0 0 0 0 0 0 0 0 0 0 0 0 0 0 0 0 0 0 0 0 0 0 0 0 0 0 0 0 0 0 0 0 0 0 0 0 0 0 0 0 0 0 0 0 0 0 0 0 0 0 0 0.21023 0 0 0.886292 0.75828 0 0 0 0 0 0 0 0 0 0 0 0.896896 0 0 0 0 0 0 0 0 0 0 0 0 0 0 0 0 0 0 0 0 0 0 0 0 0 0 0 0 0 0 0 0 0 0 0 0 0 0 0 0 0 0 0 0 0 0 0 0 0 0 0 0 0 0 0 0 0 0 0 0 0 0 0 0 0 0 0 0 0 0
0 0 0 0 0 0 0 0 0 0 0 0 0 0 0.0825579 0 0 0 0 0 0 0 0 0 0 0 0 0 0 0 0 0 0 0 0 0 0 0 0 0 0 0 0 0 0 0 0 0 0 0 0 0 0 0 0 0 0 0 0 0.33167 0 0 0 0 0 0 0 0 0 0 0.614901 0 0 0 0 0.225506 0 0 0 0 0 0 0 0 0 0 0 0 0 0 0 0 0 0 0 0 0 0 0 0 0 0 0 0 0 0 0 0 0 0.866776 0 0 0 0 0 0 0 0 0 0 0 0 0 0 0 0.719323 0 0 0 0 0 0 0 0 0 0 0 0 0 0.208735 0 0 0 0 0 0.891721 0 0 0 0 0 0 0 0 0 0 0 0.39362 0 0 0 0 0 0 0 0 0 0 0 0 0 0 0.616233 0 0 0 0 0 0 0 0 0 0 0 0 0.523123 0 0 0 0 0 0 0 0 0 0 0 0 0 0
0 0 0 0 0 0 0 0 0 0 0 0 0 0 0 0 0 0 0 0 0 0 0 0 0 0 0 0 0 0 0 0 0 0 0 0 0 0 0 0 0 0 0 0 0 0 0 0 0 0 0 0 0 0 0 0 0 0 0 0 0 0 0 0 0 0 0 0 0 0 0 0 0 0 0 0 0 0 0 0 0 0 0 0 0 0 0 0 0 0 0.443398 0.206923 0 0.345061 0 0 0.545119 0.425185 0 0.245854 0 0 0 0 0 0 0 0 0 0 0 0 0 0 0 0 0 0.604195 0 0 0 0 0 0 0 0 0.187618 0 0 0 0 0 0.41829 0 0 0 0 0 0 0 0 0 0 0 0 0 0.696346 0 0 0 0 0 0 0 0 0 0 0 0 0 0.309142 0 0 0 0 0 0 0.658344 0 0 0 0 0 0 0 0 0 0.576803 0 0 0 0 0 0 0 0.213117 0 0 0 0 0.450926 0 0.640995 0 0 0 0 0 0.253639 0
0 0 0 0 0 0 0 0 0 0 0 0 0.656119 0 0 0.120971 0 0 0 0 0 0 0 0 0 0 0 0 0 0 0 0 0 0 0 0 0 0 0 0 0 0 0.596617 0 0 0 0 0 0 0 0 0 0 0 0 0 0 0 0 0 0 0 0 0 0 0 0 0.308708 0 0 0 0 0 0 0 0 0 0 0 0 0 0 0 0 0 0 0 0 0 0 0 0.659996 0 0 0 0 0 0 0 0 0 0 0 0 0 0 0 0 0 0 0 0 0 0 0 0 0 0 0 0 0 0 0 0 0 0 0 0 0 0 0 0.386813 0 0 0 0 0 0 0 0 0 0 0 0 0 0 0 0 0 0 0 0 0 0 0 0 0 0 0 0 0 0.137203 0 0 0 0 0 0 0 0 0 0 0 0 0 0 0 0 0 0 0 0 0 0 0 0 0 0 0 0 0 0 0 0 0 0 0.234849 0 0 0
0 0 0 0 0 0 0 0.581843 0 0 0 0 0 0 0 0 0 0.869999 0 0 0 0 0 0 0 0 0 0 0.306299 0 0 0 0 0 0 0 0 0 0 0 0 0 0 0 0 0 0 0 0 0 0 0 0 0.530716 0 0 0 0 0 0 0 0 0 0 0 0 0 0 0 0 0 0 0 0 0 0 0.528435 0 0 0 0 0 0 0 0 0 0.442934 0 0 0 0.319699 0 0 0 0 0 0 0 0 0 0 0 0 0 0 0 0 0 0 0 0 0 0 0 0.509722 0 0 0.657584 0 0 0 0 0 0 0 0 0 0 0 0 0 0 0 0 0 0 0 0 0 0 0.669904 0 0 0 0 0 0 0 0 0 0 0 0 0 0 0 0 0 0 0 0 0 0 0 0 0 0 0 0 0 0 0 0 0 0 0 0 0 0 0.482267 0 0 0 0 0 0 0 0 0 0 0 0 0 0 0 0 0 0 0 0
0 0 0 0 0 0 0 0 0 0 0 0.196368 0 0 0 0.754909 0 0 0 0 0 0 0 0 0 0 0.247124 0 0 0 0 0 0 0 0 0 0 0.792129 0 0 0 0 0 0 0 0 0 0 0.253567 0 0 0 0 0 0 0.300342 0 0 0 0 0 0 0 0 0 0 0 0 0 0 0 0 0 0 0.956373 0 0 0 0 0 0 0 0 0 0 0 0 0 0 0 0 0 0 0 0 0 0 0 0 0 0 0 0 0 0 0 0 0 0 0.566348 0 0 0 0 0 0 0 0 0 0 0 0 0 0 0 0 0 0 0 0 0 0 0 0 0 0 0 0 0 0 0 0 0 0 0.669246 0 0 0 0 0 0 0 0 0 0 0 0 0.699827 0 0 0 0 0 0 0 0 0 0 0 0 0 0 0 0.890224 0 0 0 0 0 0 0 0 0 0 0 0 0 0 0 0 0 0 0 0 0 0 0 0 0 0
0 0 0 0 0 0.581843 0 0 0 0 0 0.621743 0 0 0 0 0 0 0 0 0 0 0.394455 0 0 0 0 0 0 0 0 0 0 0 0 0 0 0 0.203641 0 0 0 0 0 0 0 0 0 0 0 0 0 0 0 0 0 0 0 0 0 0.0895878 0 0 0 0 0 0 0 0 0 0 0 0 0 0 0 0 0.173304 0 0 0 0 0 0 0 0 0 0 0 0 0.815023 0 0 0 0 0 0 0 0 0 0 0 0 0 0 0 0.296239 0 0.542602 0 0 0 0 0 0 0 0 0 0 0 0 0 0 0 0 0 0 0 0 0 0.027498 0 0 0 0.690323 0 0 0 0 0 0 0 0 0 0.626446 0.628785 0 0 0 0 0 0 0 0 0 0 0 0 0 0 0 0 0 0.69634 0.928309 0 0 0 0 0 0 0 0 0 0 0 0 0 0 0 0 0 0 0 0 0 0 0 0 0 0 0 0 0 0 0 0 0 0 0
0 0 0 0 0 0 0 0 0 0 0.635548 0 0 0 0 0 0 0 0 0 0 0 0 0 0 0 0 0 0 0.787101 0 0 0 0 0 0 0 0 0.433138 0 0 0 0 0 0 0 0 0 0 0 0 0 0.573159 0 0 0 0.513382 0 0 0 0 0 0 0 0 0 0 0 0 0.589929 0.384036 0 0 0 0 0 0 0 0 0 0 0 0 0 0 0 0 0 0 0 0 0 0 0 0 0.874156 0 0 0 0 0 0 0 0 0 0 0 0 0 0 0 0 0 0 0 0 0.864598 0 0.731153 0 0 0 0 0.340638 0 0 0 0 0 0 0 0 0 0 0 0 0 0 0 0 0 0 0 0 0 0 0 0 0 0 0 0 0 0 0 0 0 0 0 0 0 0 0 0 0 0 0 0 0 0 0 0 0 0 0 0 0 0.431241 0 0 0 0 0 0 0 0 0 0 0 0 0 0 0 0 0 0.276966 0 0 0 0
0 0 0 0 0 0 0 0 0 0 0 0.404193 0 0 0 0 0 0 0 0 0 0 0 0 0 0 0.67526 0 0.142463 0 0 0 0 0 0 0 0 0 0 0 0 0 0 0 0 0 0 0 0 0 0 0.586817 0 0 0 0 0 0 0 0 0 0 0 0 0 0 0.194182 0 0.413175 0 0.695052 0 0 0 0 0 0 0 0 0 0 0 0 0 0 0 0 0 0 0 0 0 0 0 0 0 0 0 0.658043 0 0.345594 0 0 0 0 0 0 0 0 0 0 0 0 0 0 0 0 0 0 0 0 0 0 0 0 0 0.20914 0 0 0 0 0 0 0 0 0 0 0.737036 0 0 0 0 0 0 0 0 0.711578 0 0 0 0 0 0 0.211616 0 0 0 0 0 0 0 0 0 0 0 0 0 0 0 0 0 0 0 0 0 0 0 0.603458 0 0 0 0 0 0 0 0 0 0 0 0 0 0 0.667067 0 0 0 0 0 0 0
0 0 0 0 0 0 0 0 0.635548 0 0 0 0 0 0 0 0 0.803023 0 0 0 0 0 0 0 0 0 0 0 0 0 0 0 0 0 0.895708 0 0 0 0 0 0 0 0 0 0 0 0 0 0 0 0.334169 0 0 0 0 0 0 0 0 0 0 0 0 0 0 0 0 0 0 0 0 0 0 0 0 0 0 0 0 0.434857 0 0 0 0 0 0 0 0 0 0 0 0 0 0 0 0 0 0 0 0 0.168994 0 0.374368 0 0.282669 0 0 0 0 0 0 0 0 0 0 0 0 0 0 0 0 0 0.314248 0 0 0 0 0.277405 0 0 0 0 0 0 0 0 0 0 0.106111 0 0 0 0 0 0 0 0 0 0.42978 0 0 0 0.299562 0 0 0 0 0 0 0 0 0 0 0 0 0 0 0.871509 0 0 0 0 0 0 0 0 0 0 0 0 0 0 0 0 0 0 0 0 0 0 0.172383 0 0 0 0 0 0.297665 0 0
0 0 0 0 0 0 0.196368 0.621743 0 0.404193 0 0 0 0 0 0.560146 0.652639 0 0 0.3957 0.393057 0 0.436943 0 0 0.119729 0 0 0 0 0 0 0.373034 0 0 0 0.160652 0 0 0 0 0 0 0 0 0 0 0 0 0 0 0 0 0 0 0 0 0 0.682856 0 0 0 0 0 0 0 0 0 0 0 0.604019 0 0 0 0.826358 0 0 0.686082 0 0 0 0 0 0 0.184841 0 0 0 0 0 0 0 0 0 0 0 0 0 0 0 0 0 0 0 0 0 0 0 0 0 0 0 0 0 0 0 0 0 0 0 0 0 0 0 0.324912 0 0 0 0.477376 0 0 0 0 0 0 0 0 0 0 0 0.432503 0.443146 0 0 0 0 0 0 0 0 0 0 0 0 0 0 0 0 0 0 0 0 0 0 0 0 0 0 0 0 0 0 0 0 0 0 0 0 0.0781414 0 0 0 0 0 0 0 0 0 0 0 0.689583 0 0 0 0 0 0 0 0 0
0 0 0 0 0.656119 0 0 0 0 0 0 0 0 0 0 0 0 0 0 0 0 0 0 0 0 0 0 0 0 0 0 0 0.568851 0 0 0 0 0 0 0 0 0 0 0 0 0 0 0 0 0 0 0 0 0 0 0 0 0 0 0 0 0 0 0 0.406918 0 0 0 0 0 0 0 0 0 0 0 0 0 0 0 0.645364 0 0 0 0 0 0 0 0 0 0 0 0 0 0 0.989096 0 0 0 0 0 0 0 0 0 0 0 0 0 0 0 0 0 0 0.635361 0 0 0 0 0 0 0 0 0 0 0 0 0 0 0 0 0 0 0 0 0 0 1.01703 0 0 0.675387 0 0 0 0 0 0 0 0 0.81842 0 0 0 0 0 0 0 0 0.605634 0 0 0 0 0 0 0 0 0 0 0 0 0 0 0 0 0 0.719535 0 0 0 0 0 0 0 0 0 0 0 0 0 0 0 0 0 0 0 0 0 0 0
0 0.49925 0 0 0 0 0 0 0 0 0 0 0 0 0 0 0 0 0 0 0 0 0.64863 0 0 0 0 0 0 0 0 0 0 0 0 0 0 0 0 0 0 0 0 0 0 0 0.682575 0 0 0 0 0 0 0 0 0 0 0 0 0 0 0 0 0 0 0 0 0 0 0 0 0 0 0 0.910235 0 0 0 0 0 0 0 0 0 0 0 0 0 0 0 0 0 0.967886 0 0 0 0 0 0 0 0 0 0 0 0 0 0 0 0 0 0 0 0 0 0 0 0 0 0 0 0 0 0 0 0 0 0 0 0 0 0 0 0.783708 0 0 0 0.907582 0 0 0 0 0 0 0.499477 0 0 0 0 0 0 0 0 1.08507 0 0 0 0 0 0 0 0 0 0 0 0 0 0 0 0 0 0 0 0 0 0 0 0 0 0 0 0 0 0 0 0 0 0 0 0 0 0 0 0 0 0 0 0 0 0 0
0 0 0.0825579 0 0 0 0 0 0 0 0 0 0 0 0 0 0 0.93056 0 0 0 0 0 0 0 0 0 0 0 0 0 0 0 0 0 0 0 0 0 0 0 0 0 0 0 0.42452 0 0 0 0 0 0 0 0 0 0 0 0 0 0 0 0 0 0 0 0 0 0 0 0 0 0 0 0 0 0 0 0 0 0 0 0 0 0 0 0 0 0.496348 0 0 0 0 0 0 0 0 0 0.52123 0 0 0 0 0 0 0 0 0 0 0 0 0 0 0 0 0 0 0.38232 0 0 0 0 0 0 0 0 0 0 0 0 0 0 0 0 0 0 0 0 0 0 0 0 0 0 0 0 0 0 0 0 0 0 0 0 0 0 0 0 0 0 0.256827 0 0 0 0 0 0 0 0 0 0 0 0 0 0 0 0 0 0 0 0 0 0 0 0 0 0 0 0 0 0 0 0 0 0 0.263538 0 0 0 0 0
0 0 0 0 0.120971 0 0.754909 0 0 0 0 0.560146 0 0 0 0 0 0 0 0 0 0 0 0 0 0 0 0 0 0 0 0 0 0.663862 0.569575 0 0 0 0 0 0 0 0 0 0.150402 0 0 0 0 0 0 0.283176 0 0 0 0 0 0 0 0 0 0 0 0.230698 0 0 0 0 0 0 0 0 0 0 0 0 0 0 0 0 0 0 0 0 0 0 0 0 0.233156 0 0 0 0 0 0 0 0 0 0 0 0 0 0 0 0 0 0.299051 0.377759 0 0 0 0 0 0 0 0 0 0 0 0 0 0 0 0 0 0 0 0 0 0 0 0 0 0 0 0 0 0 0 0 0 0 0 0 0 0 0.292989 0 0 0 0 0 0 0 0 0 0 0 0 0 0 0 0 0 0 0 0.56229 0 0 0 0 0.196674 0 0 0 0 0 0 0 0 0 0.247815 0 0 0 0 0 0 0 0 0 0 0 0 0 0 0.335123 0 0 0
0 0 0 0 0 0 0 0 0 0 0 0.652639 0 0 0 0 0 0 0 0 0 0 0 0 0 0 0 0 0 0 0 0 0 0 0 0 0 0 0 0 0 0 0 0 0 0 0 0 0 0 0 0 0 0 0 0 0 0.336876 0 0 0 0.39738 0 0 0 0.553627 0 0 0.26353 0 0 0 0 0 0 0.305782 0.731831 0 0 0 0 0 0 0 0 0 0 0 0 0 0 0 0 0 0 0 0 0 0 0 0 0 0 0 0 0.725887 0 0 0 0 0 0 0 0 0 0 0 0 0 0 0 0 0.788392 0 0 0 0 0 0.709696 0 0 0 0 0 0 0 0 0 0 0 0 0 0 0 0 0 0 0 0 0 0 0 0 0 0 0 0 0 0 0 0 0 0 0 0 0 0 0 0 0 0 0 0 0 0 0 0 0.0708792 0 0 0 0 0 0 0 0 0 0 0 0 0.411173 0.585364 0 0 0 0 0 0 0 0
0 0 0 0 0 0.869999 0 0 0 0 0.803023 0 0 0 0.93056 0 0 0 0 0 0 0.518535 0 0 0 0 0 0 0 0 0 0 0.409768 0 0 0 0 0 0 0 0 0 0 0 0 0 0 0 0 0 0 0 0 0 0 0 0 0 0 0 0 0 1.01689 0 0 0 0 0 0 0 0 0 0 0.33179 0 0 0 0 0 0 0 0 0 0 0 0 0 1.02893 0 0 0 0 0 0 0 0 0 0 0 0 0 0 0 0 0 0 0 0 0 0 0 0 0.151587 0 0 0 0 0.468561 0 0 0 0 0 0.506105 0 0 0 0 0.990088 0 0 0 0 0 0 0 0 0 0 0 0.444201 0 0 0 0 0 0 0 0 0 0 0 0 0 0 0 0 0 0 0 0 0 0 0 0 0 0 0 0 0 0 0 0 0 0 0 0 0 0 0 0 0 0 0 0 0 0 1.1963 0 0 0 0 0 0 0 0 0 0 0 0
0 0 0 0 0 0 0 0 0 0 0 0 0 0 0 0 0 0 0 0 0 0 0 0 0.315483 0 0 0 0 0 0 0 0 0.368479 0 0 0 0 0 0 0 0 0 0 0 0 0 0 0 0 0 0 0 0 0 0 0 0 0 0 0 0 0 0 0 0 0 0 0 0 0 0 0.269885 0 0.739275 0.571825 0 0 0 0 0 0 0 0 0 0 0 0 0 0 0 0 0 0 0 0 0.534825 0 0 0 0 0 0 0 0 0 0 0 0 0 0 0 0 0 0 0 0 0 0 0 0 0 0 0 0 0 0 0 0 0 0 0 0 0 0 0 0 0 0 0 0 0 0 0 0 0 0 0 0 0 0 0 0 0 0 0 0 0 0 0 0 0 0 0 0 0 0 0.754869 0 0 0 0 0 0 0 0 0 0 0 0 0 0 0 0 0 0 0 0 0 0 0 0 0 0 0 0 0 0 0 0
0 0 0 0 0 0 0 0 0 0 0 0.3957 0 0 0 0 0 0 0 0 0 0 0 0 0 0 0 0 0 0 0 0 0 0 0 0 0 0 0 0 0 0 0.598119 0 0 0 0 0 0 0 0 0 0 0 0 0 0 0 0 0 0 0 0 0 0 0 0 0.89433 0.703916 0 0 0 0 0 0 0 0 0 0 0 0 0 0 0.54481 0 0 0 0 0 0 0 0 0 0 0 0 0 0 0 0 0 0 0 0 0 0 0 0 0 0 0 0 0 0 0 0 0 0 0.82332 0 0 0 0 0 0 0 0 0 0 0 0 0 0 0 0.598841 0 0 0 0.41138 0 0 0.0736864 0 0 0 0.268522 0 0 0 0 0 0 0 0 0 0 0 0 0 0 0 0 0 0 0 0.980021 0 0 0 0 0 0 0.46485 0 0 0 0 0 0 0 0 0 0 0 0 0 0 0 0 0 0 0 0 0 0 0 0 0 0 0
0 0 0 0 0 0 0 0 0 0 0 0.393057 0 0 0 0 0 0 0 0 0 0 0 0.263423 0 0 0 0 0 0 0 0 0 0 0 0 0 0 0 0 0 0 0 0.324378 0 0 0 0 0 0 0 0 0 0 0 0 0 0 0 0 0 0 0 0 0 0 0 0 0 0 0 0 0 0 0 0.251106 0 0 0.42128 0.174958 0 0 0 0 0 0 0 0 0 0 0 0 0 0 0 0 0 0 0 0 0 0 0 0.258669 0 0 0 0 0 0 0 0 0 0 0 0 0 0 0 0 0 0 0 0 0 0 0 0 0 0 0 0 0 0 0 0 0 0 0 0 0 0 0 0 0 0.603182 0 0 0 0 0 0 0 0 0 0 0 0 0 0 0 0 0 0 0 0 0 0 0 0 0 0 0 0 0 0 0 0 0 0 0 0 0 0 0 0 0 0 0 0 0 0 0 0 0.421131 0 0 0 0 0
0 0 0 0 0 0 0 0 0 0 0 0 0 0 0 0 0 0.518535 0 0 0 0 0 0 0 0.324595 0 0 0 0 0 0 0 0 0 0 0 0 0 0 0 0.6426 0 0.273054 0 0 0 0.307669 0 0 0 0 0 0 0.876936 0 0 0 0 0 0 0 0 0 0 0 0 0 0 0 0 0 0.510564 0 0 0 0 0 0 0 0 0 0 0 0 1.07336 0 0 0 0 0 0 0 0 0 0 0 0 0 0 0 0 0 0 0 0 0 0 0 0 0 0 0 0 0 0 0 0 0 0 0 0 0 0 0 0 0 0 0 0 0 0 0 0 0 0 0 0 0 0 0 0 0.664814 0 0 0 0 0 0 0 0 0 0 0 0 0 0 0 0 0 0 0 0 0 0 0 0 0 0 0 0.933307 0 0 0 0 0 0 0 0 0 0 0 0 0 0 0 0 0 0 0 0 0.952787 0 0 0.974978 0 0 0 0 0
0 0 0 0 0 0 0 0.394455 0 0 0 0.436943 0 0.64863 0 0 0 0 0 0 0 0 0 0 0 0 0 0 0 0 0 0 0 0 0 0 0 0 0 0.782395 0 0 0 0 0 0 0 0 0 0 0 0 0 0 0 0 0 0 0 0 0 0 0 0 0.663915 0 0 0 0 0 0 0 0 0 0 0 0 0 0 0 0 0 0 0 0 0 0 0 0 0 0 0 0 0 0 0 0 0 0 0 0 0 0 0 0 0 0 0 0 0 0 0 0 0.102129 0 0 0 0 0 0 0.667637 0 0 0 0 0 0 0 0 0 0 0 0 0 0 0 0 0 0 0 0 0 0 0 0 0 0 0 0 0 0 0 0 0 0 0 0.473661 0.313734 0 0.361253 0 0 0 0 0 0.615101 0 0 0 0 0 0 0 0 0.427683 0 0 0 0 0 0 0 0 0 0 0.316079 0 0 0 0 0 0 0 0 0 0 0 0 0 0
0 0.170052 0 0 0 0 0 0 0 0 0 0 0 0 0 0 0 0 0 0 0.263423 0 0 0 0 0 0 0 0 0 0 0 0 0 0 0 0.43529 0 0 0 0 0 0 0 0 0 0 0 0 0 0 0 0 0 0 0 0.389272 0 0 0.361755 0.449448 0.761121 0 0.55687 0 0 0 0 0 0 0 0.267807 0 0 0 0 0 0 0 0.340259 0 0 0 0 0 0 0 0 0 0 0 0 0 0 0 0 0 0 0 0 0 0 0 0 0 0 0 0 0 0 0 0 0 0 0 0 0 0 0 0 0 0 0 0 0 0 0 0 0 0 0 0 0 0 0 0 0 0 0 0.170187 0 0 0 0 0 0.76944 0 0 0 0 0 0 0 0 0 0 0 0 0 0 0 0 0 0 0 0 0 0 0 0 0 0 0 0 0 0 0 0 0 0 0 0 0 0 0 0 0.890537 0 0 0 0 0 0 0.685076 0 0 0 0.449009 0 0
0 0 0 0 0 0 0 0 0 0 0 0 0 0 0 0 0 0 0.315483 0 0 0 0 0 0 0 0 0 0 0 0 0 0 0 0 0 0 0 0 0 0 0 0 0 0 0 0 0 0.436215 0 0.447972 0 0 0 0 0 0.605247 0 0 0 0 0 0 0.277369 0 0 0 0 0 0 0 0 0 0 0 0 0 0 0 0 0 0 0 0 0 0 0 0 0 0 0.612481 0 0 0 0 0 0 0 0 0 0 0 0 0 0 0 0 0 0 0 0 0 0 0 0 0.105143 0 0.356099 0 0.264656 0 0 0 0 0 0 0 0 0 0 0 0 0 0 0.47522 0 0 0.777314 0 0 0 0 0 0 0 0.259986 0 0 0 0 0 0.283422 0 0 0 0 0 0.827035 0 0 0 0 0 0 0 0 0 0 0 0 0 0 0 0 0 0 0 0 0 0 0 0 0 0 0 0 0 0 0 0 0 0 0 0 0 0 0 0 0.406458 0
0 0 0 0 0 0 0 0 0 0 0 0.119729 0 0 0 0 0 0 0 0 0 0.324595 0 0 0 0 0 0 0 0.753978 0 0 0 0 0 0 0 0 0 0 0 0 0 0 0 0 0 0 0 0 0 0 0 0 0 0 0 0 0 0 0 0 0 0 0 0 0 0 0 0 0 0 0 0 0 0 0 0 0 0 0 0 0 0 0 0 0.229107 0 0.886175 0 0 0 0 0 0 1.03653 0 0 0 0 0 0 0 0 0 0 0 0 0 0 0 0 0 0 0 0 0 0 0 0 0 0 0 0 0 0 0 0 0 0 0.746793 0 0 0 0 0 0 1.08361 0 0.545385 0 0 0 0 0 0 0.869114 0.485537 0 0 0 0 0 0 0 0 0.355569 0 0 0 0 0 0 0 0 0 0 0 0 0 0 0 0 0 0.128925 0 0 0 0 0 0 0.923761 0 0 0 0 0 0 0 0 0 0 0 0 0 0 0 0 0 0
0 0 0 0 0 0 0.247124 0 0 0.67526 0 0 0 0 0 0 0 0 0 0 0 0 0 0 0 0 0 0 0 0 0 0 0 0 0.743152 0 0 0 0.704407 0 0 0 0 0 0 0 0 0 0 0 0 0 0 0 0 0 0 0 0 0 0 0 0 0.709838 0 0 0 0 0 0 0 0 0 0 0 0 0 0 0 0 0 0 0 0 0 0 0 0 0 0.826051 0 0 0 0 0 0 0 0 0 0 0 0 0 0 0 0.783791 0 0 0 0 0 0 0 0 0 0 0 0 0 0 0 0 0 0 0 0 0 0 0 0 0 0 0 0 0 0 0 0 0 0 0 0 0 0 0 0 0 0 0 0 0 0 0 0 0 0 0 0 0 0 0 0 0 0 0 0 0 0 0 0 0 0 0 0 0 0 0 0 0 0 0 0 0 0 0 0 0 0 0 0 0 0 0 0 0 0 0 0 0 0
0 0 0 0 0 0 0 0 0 0 0 0 0 0 0 0 0 0 0 0 0 0 0 0 0 0 0 0 0 0 0 0 0 0 0.984082 1.10049 0 0 0 0 0 0 0 0 0.616342 0 0 0 0 0 0 0 0 0 0 0 0 0 0.917771 0 0 0 0 0 0 0 0 0 0 0 0 0 0 0 0 0 0 0 0 0.479468 0 0 0 0 0 0 0 0 0 0 0 0 0.812171 0 0 0 0 0 0 0 0.31655 0 0 0 0 0 0 0.315611 0 0 0 0 0 0 0.633398 0 0 0 0 0 0 0 0 0.532094 0 0 0 0 0.271122 0 0 0.256013 0 0 0 0 0 0 0 0 0.73968 0 0.681013 0 0 0 0 0 0 0 0 0 0 0 0 0 0 0 0 0 0 0 0 0 0 0 0 0 0 0 0 0 0 0 0 0 0.691301 0 0 0 0 0 0 0 0 0 0 0 0 0 0 0 0 0 0 0 0 0 0 0.459355
0 0 0 0 0 0.306299 0 0 0 0.142463 0 0 0 0 0 0 0 0 0 0 0 0 0 0 0 0 0 0 0 0 0 0 0 0 0 0 0 0 0 0.896731 0 0 0 0 0 0 0 0 0 0 0 0 0 0 0 0 0 0 0 0 0 0 0 0 0 0.85568 0 0 0 0 0 0 0 0 0 0 0 0 0 0 0 0 0 0 0 0 0 0 0 0 0.622839 0 0 0 0 0 0 0 0 0 0 0.307403 0 0 0 0 0 0 0 0 0 0.724006 0 0 0 0 0 0 0 0 0 0 0 0 0 0.732323 0 0 0 0 0 0 0 0.610779 0 0 0 0 0.818397 0 0 0 0 0 0 0 0 0 0 0.654306 0 0 0 0 0 0 0.628077 0.166568 0 0 0 0 0 0 0 0.712137 0 0 0 0 0 0 0 0 0 0 0 0 0.465496 0 0 0 0 0 0 0.401005 0 0 0 0 0 0 0 0 0 0 0 0 0 0
0 0 0 0 0 0 0 0 0.787101 0 0 0 0 0 0 0 0 0 0 0 0 0 0 0 0 0.753978 0 0 0 0 0 0 0.591524 0 0 0 0 0 0 0 0 0 0 0 0 0 0 0 0 0 0 0 0 0 0 0 0 0 0 0 0 0 0 0 0 0 0 0 0 0 0 0 0 0 0 0.319233 0 0 0 0 0 0.886928 0 0 0 0 0 0 0 0 0 0 0 0 0 0 0 0 0 0 0 0 0 0 0 0 0 0 0 0 0 0 0 0 0 0 0 0 0 0 0.860647 0 0.509066 0 0 0 0.27956 0 0 0 0.418916 0 0 0 0 0 0 0 0 0 0 0 0 0 0 0 0 0 0.400188 0 0 0 0 0 0 0 0.653941 0 0 0 0 0.582229 0 0 0 0 0 0 0 0 0.278099 0 0 0 0 0 0 0.577179 0 0 0.147203 0 0 0 0 0 0 0 0 0 0 0 0 0 0 0.992443 0 0 0 0
0 0 0 0 0 0 0 0 0 0 0 0 0 0 0 0 0 0 0 0 0 0 0 0 0 0 0 0 0 0 0 0 0 0 0 0 0 0 0 0 0 0 0 0 0 0 0 1.07847 0 0 0 0 0 0.373699 0 0 1.07189 0 0 0 0 0 0.528895 0.479321 0 0 0 0 0 0 0 0 0 0 0 0 0 0 0 0 0 0 0 0 0 0.0204142 0 0 0 0 1.09869 0 0 0 0 0 0 0 0 0 0 0 0 0 0.83599 0 0 0 0 0 0 0 0 0 0 0 0 0 0 0 0 0.412553 0 0 0 0 0 0 0 0 0 0 0.361165 0 0 0 0 0 0 0 0 0 0 0 0 0 0 0 0 0 0 0 0 0 0 0 0 0 0 0 0 0 0 0 0 0 0.900404 0 0 0 0.745861 0 0 0 0 0 0 0 0 0 0 0 0.939357 0 0 0 0 0.860225 0 0 0 0 0 0 0 0.991412 0 0 0 0
0 0 0 0 0 0 0 0 0 0 0 0 0 0 0 0 0 0 0 0 0 0 0 0 0 0 0 0 0 0 0 0 0.439106 0 0 0 0 0 0 0 0 0 0 0 0 0 0 0.0470402 0 0 0 0 0 0 0 0 0 0 0 0 0 0 0 0.670501 0 0 0 0 0 0 0 0 0.449902 0 0 0 0 0 0 0 0 0 0 0 0 0 0 0 0 0 0 0 0 0 0 0 0 0 0 0 0 0 0 0 0 0 0 0 0 0 0 0 0 0 0 0 0 0 0 0 0 0 0 0 0 0 0 0 0 0 0 0 0 0 0 0 0 0 0 0 0 0 0 0 0 0 0 0 0 0 0 0 0 0 0 0 0 0.703014 0.315427 0 0 0 0 0 0 0 0 0.934609 0 0 0 0 0 0.770652 0 0.424942 0 0 0 0 0 0 0 0 0 0 0 0 0 0 0 0 0 0 0 0 0.438228 0 0 0
0 0 0 0 0 0 0 0 0 0 0 0.373034 0.568851 0 0 0 0 0.409768 0 0 0 0 0 0 0 0 0 0 0 0.591524 0 0.439106 0 0 0 0 0 0 0 0 0 0 0 0 0 0 0 0 0 0 0 0 0 0 0 0 0 0 0 0 0 0.32203 0 0 0.497923 0 0.487469 0 0.298994 0 0 0 0 0 0 0 0 0 0 0 0 0 0 0 0 0 0 0 0 0 0 0 0 0 0 0 0 0 0 0 0 0 0 0 0 0 0 0 0.27142 0 0 0 0 0 0 0 0 0 0 0 0 0 0 0 0 0 0 0 0 0 0 0 0 0 0 0 0 0 0 0 0 0 0 0 0 0 0.420912 0 0.672573 0 0 0.287486 0 0 0 0 0 0 0 0 0 0 0.450006 0 0.619019 0 0 0 0 0 0 0 0 0 0 0 0 0 0 0 0 0 0 0 0 0 0 0 0 0 0.501479 0 0 0 0.568143 0 0 0 0 0
0 0 0 0 0 0 0 0 0 0 0 0 0 0 0 0.663862 0 0 0.368479 0 0 0 0 0 0 0 0 0 0 0 0 0 0 0 0 0 0.50138 0 0.506381 0 0 0 0 0 0 0 0 0 0 0 0 0 0 0 0 0 0 0 0 0 0 0 0.942278 0 0 0 0 0 0 0 0 0 0.467854 0 0 0 0 0 0 0 0 0.359456 0 0 0 0 0 0 0 0 0 0 0 0 0 0 0 0 0 0.541363 0 0 0 0 0 0 0 0.796934 0 0 0 0 0 0 0 0 0 0 0 0.301818 0 0 0 0 0 0.143147 0 0 0 0 0.67836 0 0.668445 0 0 0 0 0 0 0 0 0 0 0 0 0 0 0 0 0 0 0 0 0 0.134996 0.675073 0 0 0 0 0 0 0 0 0 0 0.620529 0 0 0 0 0 0 0 0 0 0 0 0 0 0 0 0 0 0 0 0 0 0 0 0 0 0 0 0.901545 0 0 0 0 0
1.08548 0 0 0 0 0 0 0 0 0 0 0 0 0 0 0.569575 0 0 0 0 0 0 0 0 0 0 0.743152 0.984082 0 0 0 0 0 0 0 0 0 0 0 0 0 0 0 0 0 0 0 0 0 0 0 0 0 0.506602 1.08073 0 0 0.62469 0 0 0 0 0 0 0 0 0 0 0 0 0 0 0 0 0 0 0 0 0.788441 0 0 0 0 0 0 0 0 0 0 0 0 0 0 0 0 0 0 0 0 0 0 0 0 0 0 0 0 0 0 0 0 0 0 0 0 0 0.694793 0 0 0 0 0 0 0 0.704568 0 0.695009 0 0 0 0 0 0.567418 0 0 0 0 0 0.940646 0 0 0 0 0 0 0 0.403641 0 0 0 0 0 0 0 0 0 0.461903 0 0.567334 0 0 0 0 0 0 0 0 0 0 0 1.07495 0 0 0 0 0 0 0 0 0 0 0 0.584523 0 0 0 0 0 0 0.910144 0 0 0 0 0 0 0 0 0 0
0 0 0 0 0 0 0 0 0 0 0.895708 0 0 0 0 0 0 0 0 0 0 0 0 0 0 0 0 1.10049 0 0 0 0 0 0 0 0 0 0 0 0 0 0 0 0 0 0 0 0 0 0 0 0 0.474553 0 0 0 0 0.773589 0 0 0 0 0 0 0 0 0 0 0 0 0.356847 0 0 0 0.0665273 0 0 0 0 0.629026 0 0 0 0.723189 0 0 0 0 0 0 0 0 0 0 0 0 0 0 0 0 0 0 0 0 0 0 0 0 0 0 0 0 0 0 0 0 0.837156 0 1.17236 0 0 0 0 0 0.839084 0 0 0 0 0 0 0 0 0 0 0 0 0 0 0 0.555623 0 0 0 0 0 0 0 0 0 0 0 0 0 0 0 0.561677 0 0 0 0 0 0 0 0.923039 0 0 0 0 0 0 0 0 0 0 0 0 0 0 0 1.07347 0 0 0 0 0 0 0 0 0 0 0 0 0 0 0 0 0 0 0
0 0 0 0 0 0 0 0 0 0 0 0.160652 0 0 0 0 0 0 0 0 0 0 0 0.43529 0 0 0 0 0 0 0 0 0 0.50138 0 0 0 0 0.762621 0 0 0 0 0 0 0 0.664216 0 0 0 0 0 0 0.737131 0 0 0.0989653 0.675357 0 0 0 0 0 0 0 0 0 0 0 0 0 0 0 0 0 0 0 0 0 0 0 0 0 0 0 0 0 0 0 0 0 0 0 0 0 0 0 0 0 0 0.265737 0 0 0.299025 0 0 0 0 0 0 0 0 0 0 0 0 0 0 0.47251 0 0 0 0 0.546142 0 0 0 0 0 0 0 0 0 0 0 0 0 0 0 0 0 0 0 0 0 0 0 0 0 0 0 0 0 0 0 0 0 0 0 0 0 0 0 0 0 0 0 0 0 0 0 0 0 0.858613 0 0.525755 0 0 0 0 0 0 0 0 0.831224 0 0 0 0 0 0 0 0 0 0 0 0 0 0 0
0 0 0 0 0 0 0.792129 0 0 0 0 0 0 0 0 0 0 0 0 0 0 0 0 0 0 0 0 0 0 0 0 0 0 0 0 0 0 0 0 0 0 0 0 0 0 0 0 0.784675 0 0 0 0 0 0 0 0 0 0 0 0 0 0 0 0.534109 0 0 0 0 0 0 0 0.0854008 0 0 1.04573 0 0 0 0.640548 0 0 0 0 0 0 0.457231 0 0 0.464188 0 0 0 0 0 0 0 0.454906 0 0 0 0 0 0 0 0 0 0 0 0 0 0 0 0.948609 0 0 0 0 0 0 0 0 0 0 0 0 0 0 0 0.26261 0 0 0 0 0 1.06943 0 0 0 0.925591 0 0 0 0.436574 0 0.275186 0 0 0 0 0 0.526761 0 0 0 0 0 0 0 0 0 0 0 0 0.457551 0 0 0 0 0 0 0 0 0 0.682215 0 0 0 0 0 0 0 0 0.734754 0 0 0 0.972149 0 0 0 0.212679 0 0 0 0.360918 0 0 0 0 0
0 0 0 0 0 0 0 0.203641 0.433138 0 0 0 0 0 0 0 0 0 0 0 0 0 0 0 0 0 0.704407 0 0 0 0 0 0 0.506381 0 0 0.762621 0 0 0 0 0 0 0 0 0.148541 0 0 0 0 0 0.485139 0 0 0 0.545509 0 0 0 0 0 0 0 0 0 0 0 0 0 0 0 0 0 0 0 0 0 0 0 0 0 0 0 0 0.744609 0 0 0 0 0 0 0 0 0 0 0 0 0 0 0 0 0 0 0 0 0 0 0.626443 0 0 0 0 0 0 0.14384 0 0 0 0 0 0 0 0.759951 0 0 0.414582 0 0 0 0 0 0 0 0.597064 0 0 0 0 0 0 0.582928 0 0 0 0 0 0 0 0 0 0 0 0 0 0 0 0 0 0 0 0 0.0382524 0 0 0 0 0 0 0 0 0 0 0 0 0 0 0 0 0.597346 0 0 0 0 0.695609 0 0 0 0 0 0 0 0 0.0316417 0 0 0 0 0 0 0
0 0.690329 0 0 0 0 0 0 0 0 0 0 0 0 0 0 0 0 0 0 0 0 0.782395 0 0 0 0 0 0.896731 0 0 0 0 0 0 0 0 0 0 0 0 0 0 0 0 0 0 0 0 0 0 0 0 0 0 0.245604 0 0 0 0 0 0 0 0 0 0 0 0 0 0 0 0 0 0 0 0.931484 0 0 0 0 0 0 0 0 0 0 0.274283 0 0 0 0 0 0 0 0 0 0 0 0.211837 0 0.431503 0 0 0 0 0 0 0 0 0 0 0 0 0 0 0 0 0 0 0 0 0 0 0 0 0 0 0 0 0 0 0 0 0 0 0 0 0 0 0 0.27532 0 0 0 0 0 0 0 0 0 0 0 0 0 0 0 0 0 0 0 0 0 0 0 0 0 0 0 0 0 0 0 0 0 0.380374 0 0 0 0 0 0 0 0 0 0 0 0 0 0 0 0 0 0 0 0 0 0 0 0 0
0 0 0 0 0 0 0 0 0 0 0 0 0 0 0 0 0 0 0 0 0 0 0 0 0 0 0 0 0 0 0 0 0 0 0 0 0 0 0 0 0 0 0.357163 0 0 0 0 0 0 0 0 0 0 0 0 0 0 0.373799 0.484438 0 0 0 0 0 0 0 0 0 0 0 0 0 0 0 0 0 0 0 0 0 0 0 0 0 0 0 0.185232 0 0 0 0 0 0.572352 0 0 0 0 0 0.472824 0 0 0 0 0 0 0 0 0 0 0 0 0 0 0 0 0 0 0 0 0 0 0 0 0 0 0 0 0 0 0 0 0 0 0 0.689442 0 0 0 0 0 0 0.383456 0 0 0 0 0 0 0 0 0 0 0 0 0 0 0 0 0 0 0 0 0 0 0 0 0 0 0 0 0 0 0 0 0 0 0 0 0 0 0 0 0 0 0 0 0 0.685731 0 0 0 0 0 0 0 0 0 0 0 0
0 0 0 0 0 0 0 0 0 0 0 0 0 0 0 0 0 0 0 0 0 0.6426 0 0 0 0 0 0 0 0 0 0 0 0 0 0 0 0 0 0 0 0 0 0 0 0 0 0 0 0 0 0.83216 0 0 0 0 0 0.716228 0 0 0 0 1.05352 0 0 0 0 0 0 0.787822 0 0 0.610329 0 0.12939 0 0 0 0 0 0 0 0 0 0 0 0 0 0 0 1.01875 1.1576 0 0 0 0 0 0 0 0 0 0 0.476545 0.810816 0 0 0 0 0 0.451281 0.383511 0 0 0 0 0 0 0 0 0 0 0 0 0 0 0 0 0 0 0 0 0.863101 0 0 0 0 0 0 0 0 0 0 0 0.841351 0 0 0 0 0 0 0 0 0 0 0 0 0 0 0 0 0 0 0 0 0 0 0 0 0 0 0 0 0 0 0 0 0 0 0 0 0 0 0 1.06439 0 0 0 0 0 0 0 0 0 0 0 0 0 0 0 0
0 0 0 0 0.596617 0 0 0 0 0 0 0 0 0 0 0 0 0 0 0.598119 0 0 0 0 0 0 0 0 0 0 0 0 0 0 0 0 0 0 0 0 0.357163 0 0 0 0 0 0 0 0 0 0 0 0 0 0 0 0 0 0 0 0 0 0 0 0 0 0 0 0 0 0 0 0 0 0 0 0 0 0 0 0 0 0 0 0 0 0 0 0 0 0 0 0 0 0 0 0 0 0 0 0 0 0 0 0 0 0 0 0 0.669209 0 0 0 0 0 0 0 0 0 0 0 0 0.0883992 0 0 0 0 0 0 0 0 0 0 0 0 0 0 0 0 0 0 0 0 0.244902 0 0 0 0.422455 0 0 0 0 0 0 0 0 0 0 0 0 0 0 0 0 0.505895 0 0 0.857753 0 0 0 0 0 0 0.159087 0 0 0 0.147967 0 0 0 0 0 0 0 0 0 0 0 0 0.606868 0 0 0 0 0 0 0.166634 0
0 0 0 0 0 0 0 0 0 0 0 0 0 0 0 0 0 0 0 0 0.324378 0.273054 0 0 0 0 0 0 0 0 0 0 0 0 0 0 0 0 0 0 0 0 0 0 0 0 0 0 0 0 0 0 0 0.447693 0 0 0 0 0 0 0 0 0 0 0 0 0 0 0 0 0 0 0 0 0.598586 0 0 0 0 0 0 0 0 0 0 0 0 0 0.631748 0 0 0 0 0 0 0 0 0 0 0 0 0 0 0 0 0 0 0 0.287138 0 0 0 0 0 0 0 0 0 0 0 0 0 0 0 0 0 0 0 0 0 0 0 0 0 0 0 0 0.858829 0 0.434314 0 0 0 0 0 0 0 0 0.631585 0 0 0 0 0 0 0 0 0.725652 0 0 0.457337 0 0 0 0 0 0 0 0 0 0 0 0 0.495651 0 0 0 0 0.261622 0 0 0 0 0 0 0 0 0 0 0 0 0 0.439496 0 0 0 0 0 0 0.199525
0 0 0 0 0 0 0 0 0 0 0 0 0 0 0 0.150402 0 0 0 0 0 0 0 0 0 0 0 0.616342 0 0 0 0 0 0 0 0 0 0 0 0 0 0 0 0 0 0 0 0 0 0 0.129597 0.197565 0 0 0 0.713205 0 0 0 0 0 0 0 0 0 0 0 0 0 0 0 0 0 0 0.896775 0 0 0 0 0 0 0 0.307305 0 0 0 0 0 0.279269 0 0 0 0 0 0 0 0 0 0 0 0 0 0 0 0 0 0 0 0 0 0 0 0 0 0 0 0 0 0 0 0 0 0 0.350889 0 0 0 0 0 0 0.209129 0 0 0 0 0 0 0 0 0 0 0 0 0 0 0 0 0 0 0 0 0 0 0 0 0 0 0 0 0 0 0 0 0 0 0 0 0 0 0.828961 0.475788 0 0 0 0 0 0.222072 0 0 0 0 0 0 0 0 0 0 0 0 0 0 0 0 0 0 0 0 0 0 0
0 0 0 0 0 0 0 0 0 0 0 0 0 0 0.42452 0 0 0 0 0 0 0 0 0 0 0 0 0 0 0 0 0 0 0 0 0 0 0 0.148541 0 0 0 0 0 0 0 0 0 0 0 0 0 0 0 0 0 0 0 0 0 0 0 0 0 0 0 0 0 0 0 0.234014 0 0 0 0 0 0 0 0 0 0 0 0 0 0 0 0 0 0 0 0 0 0 0 0 0 0 0 0 0 0 0 0 0 0 0 0 0 0 0 0 0 0 0 0 0 0 0 0 0 0 0.376677 0 0 0 0 0 0 0.589657 0 0 0 0.139256 0 0 0 0 0 0 0 0 0 0 0 0 0 0 0 0 0 0 0 0 0 0 0 0.396269 0 0 0 0 0 0 0 0 0 0 0 0 0 0 0 0 0 0 0 0 0 0 0 0 0 0 0 0 0 0 0 0 0 0 0 0 0 0.305963 0.600668 0 0 0 0.634103
0 0 0 0 0 0 0 0 0 0 0 0 0 0.682575 0 0 0 0 0 0 0 0 0 0 0 0 0 0 0 0 0 0 0 0 0 0 0.664216 0 0 0 0 0 0 0 0 0 0 0 0.578852 0.407378 0 0 0 0 0 0 0 0 0 0 0 0 0 0 0 0 0 0 0 0 0 0 0 0 0 0 0 0 0 0 0 0 0.288622 0 0 0 0.402918 0 0 0 0 0 0 0 0.310464 0 0 0 0 0 0 0 0 0 0 0 0 0 0 0 0 0 0 0 0 0 0.5625 0 0 0 0 0 0 0 0.421021 0 0 0 0 0 0 0 0 0 0 0 0 0 0 0 0 0 0 0 0 0 0 0 0 0 0 0 0.574524 0 0 0 0 0 0 0 0 0 0 0 0 0 0 0 0 0 0 0 0 0 0 0 0 0 0 0 0 0.48579 0 0 0 0 0 0 0 0 0 0 0 0 0 0 0 0 0 0
0 0.469256 0 0 0 0 0 0 0 0 0 0 0 0 0 0 0 0 0 0 0 0.307669 0 0 0 0 0 0 0 0 1.07847 0.0470402 0 0 0 0 0 0.784675 0 0 0 0 0 0 0 0 0 0 0 0.834792 0 0 0 0 0 0 0 0 0 0 0 0 0 0 0 0 0 0 0 0 0 0 0 0 0 0 0.181435 0 0 0 0.569692 0 0 0 0 0 0 0 0 0 0 0 0 0 0 0 0 0 0 0 0 0 0 0 0 0 0 0 0 0 0 0 0 0 0 0 0 0 0 0 0 0 0 0 0 0 0 0 0 0 0 0 0 0 0 0 0 0 0 0 0 0 0 0 0 0 0 0 0 0 0 0 0 0 0 0 0 0 0 0.828731 0 0 0 0 0 0 0 0 0 0 0 0 0 0 0 0 0 0 0 0 0 0 0 0 0 0 0 0 0 0 0 0 0 0 0 0 0 0 0 0
0 0 0 0 0 0 0.253567 0 0 0 0 0 0 0 0 0 0 0 0 0 0 0 0 0 0.436215 0 0 0 0 0 0 0 0 0 0 0 0 0 0 0 0 0 0 0 0 0 0.578852 0 0 0.719203 0 0 0 0 0 0 0 0 0 0 0 0 0.905178 0 0 0 0 0.964985 0 0.728355 0 0 0 0.504138 0 0 0.022294 0 0 0 0 0 0 0 0 0 0.179691 0.702511 0 0 0 0 0 0 0.888843 0 0 0 0 0 0 0 0 0 0 0 0 0 0 0 0 0 0 0 0 0 0 0 0 0 0 0 0.540909 0 0 0 0 0 0 0 0 0 0 0 0 0 0 0 0 0 0 0 0 0 0 0 0 0 0 0 0 0 0 0.881744 0 0 0 0 0 0 0 0 0 0 0 1.04098 0 0 0 0.636709 0.853364 0 0 0 0 0 0 0 0 0 0 0 0 0 0 0 0 0 0 0 0 0 0 0 0 0 0 0 0 0
0 0 0 0 0 0 0 0 0 0 0 0 0 0 0 0 0 0 0 0 0 0 0 0 0 0 0 0 0 0 0 0 0 0 0 0 0 0 0 0 0 0 0 0 0 0 0.407378 0.834792 0.719203 0 0 0 0 0 0 0 0 0 0 0 0 0 0 0 0 0 0 0 0 0 0 0 0 0 0 0 0 0 0 0 0 0 0 0 0 0 0 0 0 0 0 0 0 0 0 0 0 0 0 0 0 0 0 0.806583 0 0 0 0 0 0 0.467355 0 0 0 0 0 0.860545 0 0 0 0 0 0 0 0 0 0 0 0 0.926411 0 0 0 0 0 0 0 0 0 0 0 0 0 0 0 0 0 0 0 0 0 0 0 0 0 0 0 1.22283 0 0 0 0 0 1.10441 0 0 0 0 0 0 0 0 0 0 0 0 0 0 0 0 0 0 0 0 0 0 0 0 0 0 0 0 0 0 0 0 0 0 0 0
0 0 0 0 0 0 0 0 0 0 0 0 0 0 0 0 0 0 0 0 0 0 0 0 0.447972 0 0 0 0 0 0 0 0 0 0 0 0 0 0 0 0 0 0 0 0.129597 0 0 0 0 0 0 0 0 0 0 0 0 0 0 0 0 0.61866 0 0 0 0 0 0 0 0 0 0 0 0 0 0 0 0 0 0 0 0 0 0 0 0 0 0 0 0 0 0 0 0 0 0 0 0.287888 0 0 0 0 0 0 0 0 0 0 0 0 0 0 0 0 0 0 0 0 0 0 0 0 0 0 0 0 0 0 0 0 0 0 0 0 0 0 0 0 0 0 0 0 0.147929 0.379345 0 0 0 0 0 0 0 0 0 0 0 0 0 0.596184 0 0 0 0 0 0 0 0 0 0 0 0 0 0 0 0 0 0 0 0 0 0.145802 0 0 0 0 0 0 0 0 0 0 0 0 0 0 0 0 0 0 0 0
0 0.7565 0 0 0 0 0 0 0 0.586817 0.334169 0 0 0 0 0.283176 0 0 0 0 0 0 0 0 0 0 0 0 0 0 0 0 0 0 0 0 0 0 0.485139 0 0 0.83216 0 0 0.197565 0 0 0 0 0 0 0 0 0 0 0 0 0 0 0.402152 0 0 0 0 0 0 0 0 0 0 0 0 0 0 0 0 0 0 0 0 0 0 0 0 0 0 0 0 0 0 0 0 0 0 0 0.151007 0 0 0 0 0 0 0 0 0 0 0.57422 0 0 0 0 0 0 0 0 0.784594 0.1532 0 0 0 0 0 0 0 0.517435 0 0 0.939771 0 0 0.264056 0 0 0 0.955851 0 0 0.150241 0 0 0 0 0 0 0 0 0 0 0 0 0 0 0 0 0 0 0 0.666366 0 0.170503 0 0 0 0 0 0 0 0 0 0 0.637709 0 0 0 0 0.870277 0 0 0 0 0 0 0 0 0 0.74721 0 0 0 0 0 0 0 0 0 0 0 0 0 0
0 0 0 0 0 0 0 0 0.573159 0 0 0 0 0 0 0 0 0 0 0 0 0 0 0 0 0 0 0 0 0 0 0 0 0 0 0.474553 0 0 0 0 0 0 0 0 0 0 0 0 0 0 0 0 0 0 0 0 0 0 0 0 0 0 0 0 0 0 0 0 0 0 0 0 0 0 0 0 0 0 0 0.443284 0 0 0 0 0 0 0 0 0 0 0 0 0.237195 0 0 0 0 0 0 0 0 0 0 0 0.80726 0 0 0 0 0 0 0 0 0 0 0 0 0 0 0 0 0 0 0.359992 0 0 0 0 0 0 0 0 0.310905 0 0 0 0 0 0 0 0 0 0 0 0 0 0 0.415312 0 0 0 0 0.417905 0 0 0 0 0 0 0 0 0.142867 0 0 0 0 0 0 0 0 0 0 0 0.114262 0 0 0 0 0 0 0 0 0 0 0 0 0 0 0 0 0 0 0 0 0 0 0 0 0 0
0.695885 0 0 0 0 0.530716 0 0 0 0 0 0 0 0 0 0 0 0 0 0 0 0 0 0 0 0 0 0 0 0 0.373699 0 0 0 0.506602 0 0.737131 0 0 0 0 0 0 0.447693 0 0 0 0 0 0 0 0 0 0 0 0 0 0 0 0 0 0 0 0 0 0 0 0 0 0 0 0 0 0 0 0 0 0 0 0 0 0 0 0 0 0 0 0 0 0 0 0 0 0 0 0 0 0 0 0 0 0 0 0 0 0 0 0 0 0 0 0 0 0 0 0 0.344908 0 0 0 0 0 0 0 0 0 0 0 0 0 0 0 0 0 0 0 0 0 0 0 0 0 0 0 0 0 0 0 0 0 0 0 0 0 0 0 0 0 0 0 0 0 0 0 0 0 0 0 0 0 0 0 0 0 0 0 0 0 0 0 0 0 0 0 0.171292 0 0 0 0 0 0 0 0 0 0 0 0 0 0 0
0 0 0 0 0 0 0 0 0 0 0 0 0 0 0 0 0 0 0 0 0 0.876936 0 0 0 0 0 0 0 0 0 0 0 0 1.08073 0 0 0 0 0 0 0 0 0 0 0 0 0 0 0 0 0 0 0 0 0 0 0 0 0 0 0 0 0 0 0 0 0 0 0 0 0 0 0 0 0 0 0 0 0 0 0 0 0 0 0 0 0 0 0 0 0 0 0 0.944144 0 0 0 0 0 0 0 0 0 0 0 0 0 0 0 0 0 1.06631 0 0 0 0 0 0 0 0 0 0 0 0 0 0 0 0 0 0 0.309536 0 0 0 0 0 0 0 0 0 0 0 0 0 0 0 0 0 0 0 0 0 0 0 0 0 0 0 0 0 0 0 0 0 0 0.331132 0 0 1.12256 0 0 0 0 0 0 0.688843 0.787603 0 0 0 0 0.712396 0 0 0 0 0 0 0 0 0 0 0 0 0 0 0 0 0
0 0 0 0 0 0 0.300342 0 0 0 0 0 0 0 0 0 0 0 0 0 0 0 0 0 0 0 0 0 0 0 0 0 0 0 0 0 0 0 0.545509 0.245604 0 0 0 0 0.713205 0 0 0 0 0 0 0 0 0 0 0 0 0 0 0 0 0 0 0 0 0 0 0.816358 0 0 0 0 0 0.361077 0 0 0 0 0 0 0 0 0 0 0 0 0 0.627772 0 0 0 0 0 0 0 0 0 0 0 0 0 0 0 0 0 0 0 0.623922 0 0 0 0 0 0 0 0 0 0 0 0 0 0.700988 0 0 0 0.159988 0 0 0 0 0 0 0 0 0 0 0.647067 0 0 0 0 0 0 0 0 0.376685 0 0 0 0 0 0 0 0 0 0 0.19327 0 0 0 0 0 0 0 0 0 0 0 0 0 0 0.794305 0 0 0 0 0 0 0 0 0 0 0 0 0.729121 0 0 0 0 0 0 0 0.576813 0 0 0 0 0 0 0
0 0 0 0 0 0 0 0 0.513382 0 0 0 0 0 0 0 0 0 0 0 0 0 0 0.389272 0.605247 0 0 0 0 0 1.07189 0 0 0 0 0 0.0989653 0 0 0 0 0 0 0 0 0 0 0 0 0 0 0 0 0 0 0 0 0 0 0 0.771358 0 0 0 0 0 0 0 0 0 0 0 0 0 0 0 0 0 0 0 0 0 0 0 0 0 0 0 0 0 0.0333042 0 0 0 0 0 0 0 0 0 0 0 0 0 0 0 0 0 0 0 0 0 0 0 0 0 0 0 0 0 0 0 0 0 0 0 0.513282 0 0 0 0.803068 0 0 0 0 0 0 0 0 0 0 0.589247 0 0 0 0 0 0 0 0.857853 1.02806 0 0 0 0 0 0.481594 0 0 0.831119 0 0 0 0 0 0 0 0 0 0 0 0 0.722918 0 0 0 0 0 0 0 0 0 0 0 0 0 0 0 0 0 0 0 0 0 0 0 0 0 0 0
0.567976 0 0 0 0 0 0 0 0 0 0 0 0 0 0 0 0.336876 0 0 0 0 0 0 0 0 0 0 0 0 0 0 0 0 0 0.62469 0.773589 0.675357 0 0 0 0.373799 0.716228 0 0 0 0 0 0 0 0 0 0 0 0 0 0 0 0 0 0 0.115979 0 0.337527 0 0 0 0 0 0 0 0 0 0 0 0 0 0 0 0 0 0 0 0 0 0 0 0 0.476758 0 0 0 0 0.269498 0.274593 0 0 0 0.26127 0 0 0 0 0 0 0 0 0 0 0 0 0 0 0 0 0.263962 0 0 0 0 0 0 0 0 0 0 0 0 0 0 0 0 0 0 0 0.82225 0 0 0 0 0 0 0 0 0 0 0 0 0 0 0 0 0 0 0 0 0 0 0 0 0 0 0 0.733497 0 0 0 0 0 0.847229 0 0 0 0 0 0 0 0 0 0 0 0 0 0 0 0 0 0 0 0 0 0 0 0 0 0 0 0 0 0 0
0 0 0 0 0 0 0 0 0 0 0 0.682856 0 0 0 0 0 0 0 0 0 0 0 0 0 0 0 0.917771 0 0 0 0 0 0 0 0 0 0 0 0 0.484438 0 0 0 0 0 0 0 0 0 0 0 0 0 0 0 0 0 0 0 0 0 0 0 0 0 0 0 0 0 0 0 0.458023 0 0 0 0 0.618125 0 0 0 0 0 0 0 0 0 0 0 0 0 0 0 0 0 0 0 0 0 0 0 0.591705 0 0 0 0 0 0 0 0 0 0 0 0 0 0.273423 0 0 0 0 0 0.749751 0 0 0 0 0 0 0 0 0 0 0 0 0 0 0 0 0 0 0 0 0 0 0 0 0 0 0 0 0 0 0 0 0 0 0 0 0 0 0 0 0 0.949465 0 0 0 0 0 0 0 0 0 0 0.725546 0 0 0 0 0.42113 0 0 0 0 0 0 0 0 0 0 0 0 0 0 0 0 0 0 0 0
0 0 0.33167 0 0 0 0 0 0 0 0 0 0 0 0 0 0 0 0 0 0 0 0 0.361755 0 0 0 0 0 0 0 0 0 0 0 0 0 0 0 0 0 0 0 0 0 0 0 0 0 0 0 0.402152 0 0 0 0 0 0 0 0 0 0 0 0 0 0 0 0 0 0 0 0 0 0 0 0 0 0 0 0.186847 0 0 0 0 0 0 0 0 0 0 0 0 0.299926 0 0 0 0 0 0 0 0 0 0 0 0.479901 0 0 0 0 0 0 0.506501 0.579712 0.32992 0 0 0 0 0 0.379315 0 0 0 0 0 0 0 0 0 0 0 0 0 0 0 0 0.597784 0 0.756386 0 0 0 0 0 0 0.561951 0 0 0 0 0 0 0 0 0 0.226007 0 0 0 0 0 0 0.629818 0 0 0 0 0 0 0 0 0 0 0 0 0.486356 0 0 0 0 0 0 0 0 0 0 0 0 0 0 0 0 0 0 0 0 0 0 0 0
0 0 0 0 0 0 0 0.0895878 0 0 0 0 0 0 0 0 0 0 0 0 0 0 0 0.449448 0 0 0 0 0 0 0 0 0 0 0 0 0 0 0 0 0 0 0 0 0 0 0 0 0 0 0 0 0 0 0 0 0.771358 0.115979 0 0 0 0 0 0 0 0 0 0 0 0 0 0 0.270859 0.380702 0 0 0 0 0 0 0 0 0 0.290854 0 0 0.619218 0 0 0 0 0 0 0 0 0.30811 0 0 0 0 0 0 0 0 0 0 0 0 0 0 0 0 0 0 0 0 0 0 0 0 0 0 0 0 0.331233 0 0 0 0.495774 0 0 0 0 0 0 0 0 0 0 0 0 0 0 0 0 0 0 0 0 0 0.265782 0 0 0 0.691797 0 0 0.615331 0 0 0 0 0.79558 0 0 0 0 0 0 0 0 0 0 0 0 0 0 0 0 0 0 0 0 0 0 0 0 0 0 0 0 0 0 0 0 0 0 0 0 0
0 0.891197 0 0 0 0 0 0 0 0 0 0 0 0 0 0 0.39738 0 0 0 0 0 0 0.761121 0 0 0 0 0 0 0 0 0.32203 0 0 0 0 0 0 0 0 0 0 0 0 0 0 0 0 0 0.61866 0 0 0 0 0 0 0 0 0 0 0 0 0 0 0 0 0 0 0 0 0 0 0 0 0 0 0 0.643644 0 0 0 0 0 0 0 0 0 0 0 0 0 0 0 0 0 0 0 0 0 0 0 0 0.620516 0 0 0 0 0 0 0 0 0.0885781 0 0 0 0 0 0 0 0 0 0 0 0 0 0 0 0 0 0 0 0.593583 0 0 0 0 0 0 0 0 0 0 0 0 0 0 0 0 0 0 0 0 0 0 0 0 0 0 0 0 0 0 0 0 0 0 0 0 0 0 0 0 0 0 0 0 0 0 0 0 0 0 0 0.712352 0 0 0 0 0 0 0 0.360499 0 0.782399 0 0 0 0 0
0 0 0 0 0 0 0 0 0 0 0 0 0 0 0 0 0 1.01689 0 0 0 0 0 0 0 0 0 0 0 0 0.528895 0 0 0.942278 0 0 0 0 0 0 0 1.05352 0 0 0 0 0 0 0.905178 0 0 0 0 0 0 0 0 0.337527 0 0 0 0 0 0 0 0 0 0 0 0 0.753621 0 0 0 0 0 0.90699 0 0 0 0.64713 0 0 0 0 0 0 0.329653 0.563149 0 0.743019 0 0 0 0 0 0 0 0 0 0 0 0 0 0 0 0 0 0 0 0 0 0 0 0 0 0.574505 0 0 0 0 0 0 0 0 0 0 0 0 0 0 0 0 0 0 0 0 0 0 0 0 0 0 0 0 0 0 0 0.357208 0 0 0 0 0 0 0 0 0 0 0 0 0 0 0 0 0 0 0 0 0 0 0 0 0 0 0 0 0 0 0 0 0 0 0 0 0 0 0 0 0 0 0 0 0 0 0 0 0 0.540835 0
0 0 0 0 0 0 0 0 0 0 0 0 0 0 0 0.230698 0 0 0 0 0 0 0 0.55687 0.277369 0 0.709838 0 0 0 0.479321 0.670501 0 0 0 0 0 0.534109 0 0 0 0 0 0 0 0 0 0 0 0 0 0 0 0 0 0 0 0 0 0 0 0 0 0 0 0 0 0 0 0 0 0 0 0 0 0 0 0 0 0 0 0 0 0 0 0 0 0 0 0 0 0 0 0 0 0 0 0 0 0 0 0 0 0 0 0 0 0 0 0 0 0 0 0 0 0 0 0 0 0 0 0 0 0 0 0.42882 0 0 0 0 0 0.497224 0 0 0 0 0 0 0 0 0 0 0 0 0 0 0 0 0 0 0 0 0 0 0 0 0 0 0 0 0 0 0 0 0 0 0 0 0 0 0 0 0 0 0 0 0 0 0 0 0 0 0 0 0 0 0 0 0 0 0 0 0 0 0 0 0 0 0 0
0 0 0 0 0 0 0 0 0 0 0 0 0.406918 0 0 0 0 0 0 0 0 0 0.663915 0 0 0 0 0 0 0 0 0 0.497923 0 0 0 0 0 0 0 0 0 0 0 0 0 0 0 0 0 0 0 0 0 0 0 0 0 0 0 0 0 0 0 0 0 0 0 0 0 0 0 0 0 0 0 0 0 0 0.459157 0 0 0 0 0 0 0 0 0 0 0 0.695349 0 0 0 0 0 0 0 0 0 0 0 0 0 0 0.523083 0 0 0 0 0 0 0 0 0.4657 0 0 0 0 0 0 0 0 0 0 0 0 0 0 0 0 0 0 0 0 0 0 0 0 0 0 0 0 0 0 0 0 0 0 0 0 0 0 0 0 0 0 0 0 0 0 0 0 0 0 0 0 0 0 0 0 0 0 0 0 0 0 0 0 0 0 0 0 0 0 0 0 0 0 0 0 0.766559 0 1.01364 0 0 0 0 0
0 0 0 0 0 0 0 0 0 0 0 0 0 0 0 0 0.553627 0 0 0 0 0 0 0 0 0 0 0 0.85568 0 0 0 0 0 0 0 0 0 0 0 0 0 0 0 0 0 0 0 0 0 0 0 0 0 0 0 0 0 0 0 0 0 0 0 0 0 0 0 0 0 0.431426 0 0 0 0 0 0 0 0 0 0 0 0 0 0 0 0 0 0 0 0 0 0 0 0 0 0 0.397 0 0 0 0 0 0 0 0 0 0 0 0 0 0 0.247618 0 0 0 0 0 0 0 0 0 0 0 0 0 0.610687 0 0 0 0 0 0.65168 0 0 0 0 0 0 0 0 0 0 0 0 0 0 0 0 0 0 0 0 0 0 0 0 0 0 0 0 0 0 0 0 0 0 0 0 0 0.939373 0 0 0 0 0 0 0 0.469977 0 0.840217 0 0 0 0 0 0 0 0 0.490538 0.822301 0 0 0 0 0 0.312038 0 0.467824 0
0 0 0 0 0 0 0 0 0 0.194182 0 0 0 0 0 0 0 0 0 0 0 0 0 0 0 0 0 0 0 0 0 0 0.487469 0 0 0 0 0 0 0 0 0 0 0 0 0 0 0 0 0 0 0 0 0 0 0 0 0 0 0 0 0 0 0 0 0 0 0 0 0 0 0 0 0 0 0 0 0 0 0 0 0 0 0 0 0 0 0 0 0 0 0 0.44154 0 0 0 0 0 0.804649 0 0 0 0 0 0 0 0 0 0 0 0 0 0 0 0 0 0 0 0 0 0 0 0 0 0 0 0 0 0 0 0 0 0 0 0 0 0 0 0.822427 0 0 0 0 0 0 0 0 0 0 0 0 0 0 0 0 0 0 0 0 0 0 0 0 0 0 0 0 0 0 0 0 0 0 0 0 0 0 0 0.452152 0 0 0 0 0 0 0 0 0 0 0 0 0 0 0 0 0 0 0 0 0
0 0 0 0 0.308708 0 0 0 0 0 0 0 0 0 0 0 0 0 0 0.89433 0 0 0 0 0 0 0 0 0 0 0 0 0 0 0 0 0 0 0 0 0 0 0 0 0 0 0 0 0.964985 0 0 0 0 0 0 0.816358 0 0 0 0 0 0 0 0 0 0 0 0 0 0 0 0 0 0 0 0 0 0 0 0 0 0 0 0 0 0.258931 0 0 0 0 0 0 0 0 0.140692 0.213526 0 0 0 0 0 0 0 0 0 0.772294 0 0 0 0 0 0 0 0 0 0 0 0 0 0 0 0.500134 0 0 0 0 0 0 0 0 0 0 0 0 0 0 0 0 0 0 0 0 0.265121 0 0 0 0 0 0 0 0 0 0 0.775448 0 0 0 0 0 0 0 0 0 0 0 0 0 0 0 0 0 0 0 0 0 0 0 0 0 0 0 0 0 0 0 0 0 0 0.890779 0 0 0 0 0 0 0 0 0 0 0
0.631353 0 0 0 0 0 0 0 0 0.413175 0 0 0 0 0 0 0.26353 0 0 0.703916 0 0 0 0 0 0 0 0 0 0 0 0 0.298994 0 0 0 0 0 0 0 0 0 0 0 0 0 0 0 0 0 0 0 0 0 0 0 0 0 0 0 0 0 0 0 0 0 0 0 0 0 0 0 0 0 0 0 0 0 0 0 0 0 0 0 0 0 0 0 0 0 0 0 0 0 0 0 0 0 0 0 0 0 0 0 0 0 0 0 0 0 0.309658 0 0 0 0 0 0 0.21702 0 0 0 0 0 0 0 0 0 0.70816 0 0 0 0 0.0344201 0 0 0 0 0 0 0 0 0 0 0 0 0 0 0 0 0 0 0 0 0 0.637616 0 0 0 0 0 0 0 0.721026 0.581947 0 0 0 0 0 0 0 0 0.35234 0 0 0.573725 0 0 0 0 0 0 0 0 0 0 0 0 0 0 0 0 0 0.55593 0 0 0 0 0 0
0 0 0 0 0 0 0 0 0.589929 0 0 0 0 0 0 0 0 0 0 0 0 0 0 0 0 0 0 0 0 0 0 0 0 0 0 0 0 0 0 0 0 0.787822 0 0 0 0 0 0 0.728355 0 0 0 0 0 0 0 0 0 0 0 0 0 0 0 0 0 0 0 0 0 0 0 0 0 0 0 0 0 0 0 0 0 0 0 0 0.446017 0 0 0 0 0 0.447687 0 0 0 0 0 0 0 0 0 0 0 0 0 0.320003 0 0 0 0 0 0 0 0 0 0 0 0 0 0 0 0 0 0 0 0 0 0 0 0 0 0 0 0 0 0 0 0 0 0 0 0 0 0 0 0 0 0 0 0 0 0 0 0 0 0 0 0.435275 0 0 0.0403859 0 0 0 0 0 0 0 0 0 0 0 0 0 0 0 0 0 0 0 0 0 0 0 0 0 0 0.513024 0 0 0.189103 0 0 0 0.332911 0 0 0 0 0
0 0 0.614901 0 0 0 0 0 0.384036 0.695052 0 0.604019 0 0 0 0 0 0 0 0 0 0 0 0 0 0 0 0 0 0 0 0 0 0 0 0.356847 0 0 0 0 0 0 0 0 0 0.234014 0 0 0 0 0 0 0 0 0 0 0 0 0 0 0 0 0.753621 0 0 0.431426 0 0 0 0 0 0 0 0 0 0 0 0 0 0 0 0 0 0 0.756103 0 0 0 0 0 0 0.869594 0 0 0 0 0 0 0 0 0 0 0.213593 0.551895 0 0 0 0 0 0 0 0 0 0 0 0 0 0 0 0 0 0 0 0 0 0 0 0 0 0 0 0 0 0 0 0 0 0 0.843024 0 0 0 0 0 0 0 0 0 0 0 0 0 0 0 0 0 0 0 0 0 0 0 0 0.824701 0 0 0 0 0 0 0 0 0 0 0.641798 0.366676 0 0 0 0 0 0 0 0.764126 0 0 0 0 0 0 0 0 0 0 0 0 0 0 0 0
0 0 0 0 0 0 0 0 0 0 0 0 0 0 0 0 0 0 0 0 0 0 0 0.267807 0 0 0 0 0 0 0 0 0 0 0 0 0 0.0854008 0 0 0 0 0 0 0 0 0 0 0 0 0 0 0 0 0 0 0 0 0 0 0 0 0 0 0 0 0 0 0 0 0 0 0 0 0 0 0.8412 0 0 0 0 0 0 0.37446 0 0 0 0 0 0 0 0 0 0 0 0 0 0 0 0 0 0 0 0 0 0 0.557402 0 0 0 0 0 0 0 0 0 0 0 0 0 0 0 0 0 0 0 0 0 0 0 0 0 0 0 0 0 0.995126 0 0 0 0.921106 0 0.482006 0 0 0 0 0.371923 0 0 0 0 0 0 0 0 0 0 0 0 0.250271 0 0 0 0 0 0 0 0 0 0 0 0 0 0 0 0 0 0 0 0 0 0 0 0 0 0 0 0 0 0 0 0 0 0 0 0 0 0 0
0 0 0 0 0 0 0 0 0 0 0 0 0 0 0 0 0 0 0.269885 0 0 0.510564 0 0 0 0 0 0 0 0 0 0.449902 0 0.467854 0 0 0 0 0 0 0 0.610329 0 0 0 0 0 0 0 0 0 0 0 0 0 0 0 0 0.458023 0 0.270859 0 0 0 0 0 0 0 0 0 0 0 0 0 0.665837 0 0 0 0 0 0.180048 0 0 0 0 0 0 0 0 0 0 0 0 0 0 0 0 0 0 0 0.250463 0.140405 0 0 0 0 0 0 0 0.473994 0 0 0 0 0 0 0 0 0 0 0 0 0 0 0 0 0 0 0 0.609059 0.282267 0 0 0 0 0 0 0 0 0 0 0.517705 0.2173 0 0 0 0.418827 0 0 0 0 0 0 0 0 0 0 0 0 0 0 0 0 0.501981 0 0 0 0 0 0 0 0 0 0 0 0 0 0 0 0 0 0.465001 0 0 0 0 0 0 0 0.583846 0 0 0 0 0 0.549574 0 0 0 0
0.77013 0 0 0 0 0 0 0 0 0 0 0 0 0 0 0 0 0.33179 0 0 0 0 0 0 0 0 0 0 0 0 0 0 0 0 0 0 0 0 0 0 0 0 0 0 0 0 0 0 0.504138 0 0 0 0 0 0 0.361077 0 0 0 0 0.380702 0 0 0 0 0 0 0 0 0 0 0 0 0 0.449684 0 0 0 0 0 0 0 0 0 0 0 0.328509 0 0 0 0 0 0 0 0 0 0 0 0 0 0 0 0 0 0 0 0.084225 0.594805 0 0 0 0 0 0 0 0 0 0.28095 0 0 0 0 0 0 0 0 0.400026 0 0 0 0 0 0 0 0 0 0 0 0.688213 0 0 0 0 0 0 0 0 0 0 0 0 0 0 0 0 0 0 0 0 0.443598 0 0 0 0 0 0 0 0 0 0 0 0 0 0 0 0 0 0 0 0.238274 0 0 0 0 0 0 0 0 0 0 0 0 0 0 0 0 0 0 0.427142 0
0 0 0 0 0 0 0.956373 0 0 0 0 0.826358 0 0.910235 0 0 0 0 0.739275 0 0 0 0 0 0 0 0 0 0 0 0 0 0 0 0 0.0665273 0 1.04573 0 0 0 0.12939 0 0.598586 0.896775 0 0 0 0 0 0 0 0 0 0 0 0 0 0 0 0 0 0 0 0 0 0 0 0 0 0 0 0.665837 0.449684 0 0 0 0 0 0.631055 0 0 0 0 0 0 0 0 0 0 0 0 0 0 0 0 0 0 0 0 0 0 0 0 0 0 0 0 0 0 0 0 0 0 0 0 0 0 0 0 0 0 1.0759 0 0 0 0.847978 0 1.10798 0 0 0.910462 0 0 0 0 0 0 0 0 0 0.486346 0 0.887382 0 0 0 0 0 0 0 0 0 0 0 0.64885 0 0 0 0 0 0 0 0 0 0 0 0 0 0 0 0 0 0 0 0 0.678809 0 0 0 0 0 0 1.13781 0 0 0 0 0 0 0 0 0 0 0 0 0 0 0 0
0 0 0.225506 0 0 0 0 0 0 0 0 0 0 0 0 0 0.305782 0 0.571825 0 0.251106 0 0 0 0 0 0 0 0 0.319233 0 0 0 0 0 0 0 0 0 0.931484 0 0 0 0 0 0 0 0 0 0 0 0 0 0 0 0 0 0 0 0 0 0 0 0 0 0 0 0 0 0 0 0 0 0 0 0 0 0 0 0 0 0 0 0 0.704709 0 0 0 0 0 0 0 0 0 0 0 0 0 0 0 0 0.280531 0 0 0 0 0 0 0.655218 0 0 0 0 0 0 0 0 0 0 0 0 0 0 0 0.348508 0 0 0 0 0 0 0.415584 0 0 0 0 0 0 0 0 0 0 0 0 0 0 0 0 0 0 0 0 0 0 0 0.175588 0 0 0 0 0 0 0 0 0 0 0 0 0 0 0 0 0 0 0 0 0 0 0 0 0 0 0 0 0 0 0 0 0.610928 0 0 0 0 0 0 0 0.420684 0 0 0
0.727237 0 0 0 0 0.528435 0 0 0 0 0 0 0 0 0 0 0.731831 0 0 0 0 0 0 0 0 0 0 0 0 0 0 0 0 0 0 0 0 0 0 0 0 0 0 0 0 0 0 0.181435 0.022294 0 0 0 0 0 0 0 0 0 0 0 0 0 0.90699 0 0 0 0 0 0 0 0 0.8412 0 0 0 0 0 0 0 0 0 0 0 0 0 0 0.167524 0 0 0 0 0 0.906247 0 0 0 0 0 0 0 0 0 0 0 0 0.784789 0.474562 0 0 0 0.781723 0 0 0 0 0 0 0 0 0 0 0 0 0 0 0 0.616722 0 0 0 0 0 0 0 0 0 0 0 0.242501 0 0 0 0.699582 0 0 0.427275 0 0 0 0 0 0 0 0.886733 0 0 0 0 0 0 0 0 0 0 0 0 0 0 0 0 0 0 0 0 0 0 0 0 0 0 0 0 0 0 0 0 0 0 0 0 0.894073 0 0 0 0 0 0 0 0 0
0 0 0 0 0 0 0 0.173304 0 0 0 0.686082 0 0 0 0 0 0 0 0 0 0 0 0 0 0 0 0 0 0 0 0 0 0 0 0 0 0 0 0 0 0 0 0 0 0 0 0 0 0 0 0 0 0 0 0 0 0 0.618125 0 0 0 0 0 0 0 0 0 0 0 0 0 0 0 0 0 0 0 0 0 0 0 0 0 0 0 0 0 0.1885 0 0 0 0.150569 0 0.372418 0 0 0 0 0 0 0 0.443566 0 0 0 0 0 0 0 0 0 0 0 0 0.650332 0 0 0 0.6304 0 0 0 0 0 0 0 0 0 0 0 0 0 0.717749 0 0 0 0 0 0 0 0.854182 0 0 0 0 0.305761 0 0 0 0 0 0 0 0 0 0 0 0 0 0 0 0 0 0 0 0 0 0 0 0 0 0 0 0 0 0 0.341097 0 0 0 0 0 0 0 0 0 0 0 0 0 0 0 0.708729 0 0 0 0 0 0
0 0 0 0 0 0 0 0 0 0 0 0 0 0 0 0 0 0 0 0 0.42128 0 0 0 0 0 0 0 0 0 0 0 0 0 0.788441 0 0 0.640548 0 0 0 0 0 0 0 0 0 0 0 0 0 0 0 0 0 0 0 0 0 0 0 0.643644 0 0 0 0 0 0 0 0 0 0 0 0 0 0 0 0 0 0 0 0 0 0 0 0 0 0.426954 0.807859 0 0 0 0 0 0 0 0 0 0 0 0 0 0 0 0 0 0 0 0 0 0 0 0 0 0 0 0 0.692887 0 0 0.348932 0 0 0 0 0 0 0 0 0 0.667086 0 0 0 0 0 0 0 0 0 0 0 0 0 0 0 0 0 0 0 0 0 0.894324 0 0 0 0 0 0 0 0 0 0 0 0 0 0 0 0 0 0 0 0 0 0 0 0.642303 0 0.0850498 0 0 0 0 0 0 0 0 0 0 0 0 0 0 0 0 0 0 0 0 0
0 0 0 0 0 0 0 0 0 0 0 0 0 0 0 0 0 0 0 0 0.174958 0 0 0.340259 0 0 0 0.479468 0 0 0 0 0 0 0 0.629026 0 0 0 0 0 0 0 0 0 0 0 0 0 0 0 0 0.443284 0 0 0 0 0 0 0.186847 0 0 0 0 0.459157 0 0 0 0 0 0 0 0 0 0.631055 0 0 0 0 0 0 0 0 0 0 0 0 0 0 0 0 0 0 0 0 0 0 0 0 0 0 0 0 0 0 0 0 0 0 0 0 0 0 0 0 0 0 0.361513 0 0 0 0 0 0 0 0 0.244594 0 0 0 0 0 0 0 0 0.469053 0 0 0 0 0 0 0 0 0 0 0 0 0 0 0 0 0 0 0 0 0 0 0 0 0 0 0 0 0 0 0 0 0 0 0.604651 0 0 0.419611 0 0 0 0 0 0 0 0 0 0 0.437105 0 0 0 0 0 0 0 0 0 0 0 0 0 0 0
0 0 0 0 0 0 0 0 0 0 0.434857 0 0.645364 0 0 0 0 0 0 0 0 0 0 0 0 0 0 0 0 0 0 0 0 0 0 0 0 0 0 0 0 0 0 0 0 0 0 0.569692 0 0 0 0 0 0 0 0 0 0 0 0 0 0 0.64713 0 0 0 0 0 0 0 0 0 0.180048 0 0 0 0 0 0 0 0 0 0 0 0 0 0 0.671176 0 0 0.665307 0 0 0 0 0 0 0 0 0 0 0 0 0 0 0.645791 0 0 0 0 0 0 0 0 0 0 0 0 0 0 0 0 0 0 0 0 0 0.453151 0 0 0 0 0 0 0.518318 0 0 0 0 0 0 0 0.195357 0 0 0 0 0 0 0 0 0 0 0 0 0 0.202607 0.768866 0 0 0 0 0 0 0 0.507294 0 0 0 0 0 0 0 0 0 0 0 0 0.455417 0 0 0 0 0 0 0.486196 0 0 0 0 0 0 0.183659 0 0 0 0 0 0 0
0 0 0 0 0 0 0 0 0 0 0 0 0 0 0 0 0 0 0 0 0 0 0 0 0 0 0 0 0 0.886928 0 0 0 0.359456 0 0 0 0 0 0 0 0 0 0 0 0 0 0 0 0 0 0 0 0 0 0 0 0 0 0 0 0 0 0 0 0 0 0 0 0 0 0 0 0 0 0 0 0 0 0 0 0 0 0 0 0 0 0 0 0.804428 0 0 0 0 0 0 0 0.55188 0 0 0 0 0 0 0.544688 0 0 0 0 0 0 0 0 0 0 0 0 0 0 0.276356 0 0 0 0 0 0 0 0 0 0 0 0 0 0 0 0 0 0 0 0 0 0 0 0 0 0 0.925213 0 0 0 0 0.216927 0 0 0 0 0 0.843723 0 0 0 0 0 0 0 0 0 0 0 0 0 0 0 0 0 0 0 0 0 0 0 0 0 0 0 0 0 0 0 0 0 0 0 0 0 0 0 0 0 0
0 0 0 0 0 0 0 0 0 0 0 0 0 0 0 0 0 0 0 0 0 0 0 0 0 0 0 0 0 0 0 0 0 0 0 0 0 0 0 0 0 0 0 0 0.307305 0 0.288622 0 0 0 0 0 0 0 0 0 0 0 0 0 0 0 0 0 0 0 0 0 0 0 0 0 0 0 0 0 0 0 0 0 0 0 0 0 0 0 0 0 0 0 0 0 0 0 0.147863 0 0 0 0 0 0 0 0 0.595629 0 0 0 0 0 0 0 0 0 0 0 0 0 0 0 0 0 0 0.791843 0 0 0 0 0 0 0 0 0 0 0 0 0 0 0 0 0 0 0 0 0 0 0 0 0.349094 0 0 0 0 0 0 0 0 0 0.789942 0 0 0 0 0 0 0 0 0 0.199478 0 0 0 0 0 0 0 0 0 0 0 0 0.599745 0 0 0 0 0 0 0 0 0 0 0.48918 0 0 0 0 0 0 0.635687 0
0 0 0 0 0 0 0 0 0 0 0 0 0 0 0 0 0 0 0 0.54481 0 0 0 0 0 0 0 0 0 0 0 0 0 0 0 0.723189 0 0 0 0 0 0 0 0 0 0 0 0 0 0 0 0 0 0 0 0 0 0 0 0 0.290854 0 0 0 0 0 0 0 0 0 0 0.37446 0 0 0 0 0 0 0 0 0 0 0 0 0 0 0 0 0 0 0 0 0 0 0.512543 0.598926 0 0 0 0 0.216315 0 0 0 0 0 0 0 0 0 0 0 0.595765 0.227824 0 0.399099 0 0 0 0 0 0 0.406099 0 0 0 0.127104 0 0 0 0 0 0 0 0 0 0 0 0 0 0 0 0 0 0 0 0 0 0 0 0 0 0 0 0 0 0 0 0 0 0 0 0 0 0.659352 0 0 0 0.643529 0 0 0 0 0 0 0 0 0 0 0 0 0 0 0 0 0 0 0 0 0 0 0 0 0 0 0 0 0 0 0
0 0 0 0 0 0 0 0 0 0 0 0.184841 0 0 0 0 0 0 0 0 0 0 0 0 0 0 0 0 0 0 0 0 0 0 0 0 0 0 0.744609 0 0 0 0 0 0 0 0 0 0 0 0 0 0 0 0 0 0 0 0 0 0 0 0 0 0 0 0 0 0 0 0.756103 0 0 0 0 0.704709 0 0 0 0 0 0 0 0 0 0 0.397753 0 0 0 0 0 0 0 0 0 0 0 0 0 0 0 0 0 0 0.426588 0 0 0 0 0 0 0 0.324535 0 0 0 0 0 0 0 0 0 0 0 0 0 0 0 0 0 0.297433 0 0 0 0 0 0 0 0 0 0 0 0 0 0 0 0 0 0 0 0 0 0 0 0 0 0 0 0 0 0 0 0 0 0 0 0 0 0 0 0 0 0 0 0 0 0 0 0 0 0 0 0 0.726011 0 0 0 0.513346 0 0.723927 0 0 0.681014 0 0 0.529486 0 0 0
0 0 0 0 0 0 0 0 0 0 0 0 0 0 0 0 0 0 0 0 0 1.07336 0 0 0 0 0 0 0 0 0.0204142 0 0 0 0 0 0 0.457231 0 0 0 0 0 0 0 0 0 0 0 0 0 0 0 0 0 0 0 0 0 0 0 0 0 0 0 0 0 0.258931 0 0.446017 0 0 0 0 0 0 0 0 0 0 0 0 0 0 0 0 0 0 0 0 0 0 0 0.443556 0 0 0 0 0 0 0 0 0 0 0 0 0.636537 0 0.872788 0 0 0 0 0 0 0 0 0 0 0 0 0 0 0 0 0 0 0 0 0 0 0 0 0.953681 0 0 0 0 0 0 0 0 0 0 0 0 0 0 0 0 0 0 0 0 0 0 0 0 0 0.249003 0.42339 0 0 0 0 0 0 0 0 0 0.758883 0 0 0 0 0 0 0 0 0 0 0.122505 0 0 0 0 0 0 0 0 0 0 0 0 0 0 0 0 0 0
0 0 0 0 0 0.442934 0 0 0 0 0 0 0 0 0 0 0 0 0 0 0 0 0 0 0 0.229107 0 0 0 0 0 0 0 0 0 0 0 0 0 0.274283 0.185232 0 0 0 0 0 0.402918 0 0.179691 0 0 0 0 0 0 0 0 0 0 0 0.619218 0 0 0 0 0 0 0 0 0 0 0 0 0.328509 0 0 0.167524 0 0 0 0 0 0 0 0.397753 0 0 0 0 0 0 0 0 0 0 0 0 0 0 0 0 0 0 0 0 0 0 0 0 0 0 0 0 0 0 0 0 0.593082 0 0 0 0 0 0 0 0 0 0 0 0 0 0.442266 0 0 0 0.629949 0 0 0 0 0 0 0 0 0 0.354834 0 0 0.671447 0 0 0 0 0 0 0 0 0 0 0 0.5654 0 0 0 0 0 0 0 0 0 0 0 0 0 0.260295 0 0 0 0 0 0 0 0 0 0.704148 0 0 0 0 0 0 0 0 0 0 0 0 0.500626 0 0
0 0 0 0 0 0 0 0 0 0 0 0 0 0 0.496348 0 0 1.02893 0 0 0 0 0 0 0 0 0 0 0 0 0 0 0 0 0 0 0 0 0 0 0 0 0 0 0 0 0 0 0.702511 0 0 0 0 0 0 0.627772 0 0.476758 0 0 0 0 0.329653 0 0 0 0 0 0 0 0 0 0 0 0 0 0 0 0.426954 0 0.671176 0 0 0 0 0 0 0 0 0 0 0 0 0 0 0 0 0 0 0.314155 0 0 0 0 0 0 0 0 0 0 0 0 0 0 0 0 0 0.751512 0 0 0 0 0 0 0 0 0 0 0 0 0 0 0.557287 0 1.17893 0 0 0 0 0 0 0 0 0 0 0 0 0 0 0.76972 0 0 0 0 0 0 0 0.172946 0 0 0 0.738797 0 0 0 0 0.252253 0 0 0 0 0 0 0 0 0 0 0 0 0 0 0 0 0 0 0.28938 0 0 0 0 0 0 0 0 0 0 0 0 0 0
0 0 0 0 0 0 0 0 0 0 0 0 0 0 0 0.233156 0 0 0 0 0 0 0 0 0 0.886175 0 0 0 0 0 0 0 0 0 0 0 0.464188 0 0 0 0 0 0.631748 0.279269 0 0 0 0 0 0 0 0 0 0 0 0 0 0 0 0 0 0.563149 0 0 0 0 0 0 0 0 0 0 0 0 0 0 0.1885 0.807859 0 0 0 0 0 0 0 0 0 0 0 0 0 0 0 0 0 0 0 1.0561 0 0 0 0 0 0.759523 0 0 0 0 0.76705 0 0 0 0 0 0 0 0 0 0 0 0 0 0 0 0 0 0 0 0 0 0 0 0 0 0 0 0 0 0 0 0.843764 0 0 0.718982 0 0 0 0 0 0 0 0 0 0 0 0 0 0 0 0 0 0 0 0 0 0 0 0 0 0 0 0 0 0 0 0 0 0 0.274838 0.594833 0 0 0 0 0 0 0 0 0 0 0 0 0 0 0 0 0 0.697478 0.82349
0 0 0 0 0 0 0 0 0 0 0 0 0 0 0 0 0 0 0 0 0 0 0 0 0 0 0.826051 0 0 0 0 0 0 0 0 0 0 0 0 0 0 0 0 0 0 0 0 0 0 0 0 0 0 0 0 0 0 0 0 0 0 0 0 0 0 0 0 0 0 0 0 0 0 0 0 0 0 0 0 0 0 0.804428 0 0 0 0 0 0 0 0 0.624913 0 0 0 0 0 0 0 0 0 0 0 0 0 0 0 0 0 0 0 0 0 0 0.212308 0.602545 0.810895 0 0 0.253445 0 0 0 0 0 0 0 0 0 0 0 0 0 0 0 0 0.0951458 0 0 0 0 0 0 0.572195 0 0 0 0 0 0 0 0.718384 0 0.590916 0 0 0 0 0 0 0 0 0 0 0 0 0 0 0 0 0 0 0 0 0 0 0 0 0.669801 0 0 0 0 0 0.0803167 0 0 0 0 0 0 0 0 0 0 0 0 0 0 0 0
0 0 0 0.443398 0 0.319699 0 0.815023 0 0 0 0 0 0 0 0 0 0 0 0 0 0 0 0 0.612481 0 0 0 0.622839 0 1.09869 0 0 0 0 0 0 0 0 0 0 1.01875 0 0 0 0 0 0 0 0 0 0 0 0 0 0 0.0333042 0 0 0 0 0 0.743019 0 0 0 0 0 0 0 0 0 0 0 0 0 0 0 0 0 0.665307 0 0 0 0 0 0 0 0 0.624913 0 0.495861 0 0 0 0 0 0 0 0 0 0 0 0 0 0 0 0 0.691566 0 0 0 0 0 0 0 0 0 0 0 0 0 0 0 0 0 0 0 0 0 0 0 0 0 0 0 0 0 0 0 0 0 0 0 0 0 0 0 0 0 1.05063 0 0 0 0 0 0 0 0 0 0 0.801264 0 0 0 0 0 0 0 0 0 0 0 0 0 0 0.802131 0 0 0 0 0 0.379839 0 0 0 0 0 0 0 0 0 0 0 0 0 0 0 0 0
0 0 0 0.206923 0.659996 0 0 0 0 0 0 0 0 0 0 0 0 0 0 0 0 0 0 0 0 0 0 0 0 0 0 0 0 0 0 0 0 0 0 0 0 1.1576 0 0 0 0 0 0 0 0 0 0 0 0 0 0 0 0 0 0 0 0 0 0 0.695349 0 0 0 0 0.447687 0.869594 0 0 0 0 0 0 0 0 0 0 0 0 0 0 0 0 0 0 0 0.495861 0 0 0 0 0 0 0 0 0 0 0 0 0 0 0 0 0 0 0 0 0 0 0 0 0 0 0 0 0 0 0 0 0 0 0 0 0 0 0 0.695722 0 0 0 0 0 0 0 0 0 0.912449 0 0 0 0 0.995171 0 0 0 0.818703 0 0 0 0 0 0 0.672246 0 0 0 0 0 0 0 0 0 0 0 0 0 0 0 0 0 0 0 0 0 0 0 0 0 0 0 0 0.344266 0 0 0 0 0 0 0 0 0 0 0 0 0 0
0 0 0 0 0 0 0 0 0 0 0 0 0 0.967886 0 0 0 0 0 0 0 0 0 0 0 0 0 0.812171 0 0 0 0 0 0 0 0 0 0 0 0 0.572352 0 0 0 0 0 0 0 0 0 0 0 0.237195 0 0 0 0 0.269498 0 0.299926 0 0 0 0 0 0 0.44154 0 0 0 0 0 0 0 0 0 0.906247 0.150569 0 0 0 0 0 0 0 0 0 0 0 0 0 0 0 0 0 0 0.166939 0 0 0 0 0 0 0 0 0 0 0 0 0 0 0 0 0 0 0 0 0 0 0 0 0 0 0 0 0 0.430372 0 0 0 0 0 0 0 0 0.630065 0 0 1.05597 0 0 0 0 0.551297 0 0 0 0 0 0 0 0 0 0 0 0 0 0 0 0 0 0 0 0 0 0 0 0 0 0 0 0 0 0 0 0 0 0 0.716676 0 0 0 0 0 0 0 0 0 0 0 0 0 0 0 0 0.775393 0 0 0 0
0 0 0 0.345061 0 0 0 0 0 0 0 0 0 0 0 0 0 0 0 0 0 0 0 0 0 0 0 0 0 0 0 0 0 0 0 0 0 0 0 0 0 0 0 0 0 0 0 0 0 0 0 0 0 0 0 0 0 0.274593 0 0 0 0 0 0 0 0 0 0 0 0 0 0 0 0 0 0 0 0 0 0 0 0 0 0 0 0.443556 0 0 0 0 0 0 0 0 0 0 0 0 0 0 0 0 0 0.511471 0 0 0 0 0 0 0 0 0 0 0 0 0 0 0 0 0 0 0 0 0 0 0 0 0.290496 0.462041 0 0 0 0 0 0 0 0 0 0 0 0.96713 0.458954 0 0 0 0 0 0 0 0 0 0 0 0 0 0 0 0 0 0 0.573382 0.936733 0 0 0 0 0 0 0 0 0 0 0 0 0 0 0 0 0 0 0 0.773765 0 0 0 1.00004 0 0 0 0 0 0 0 0 0 0 0 0 0
0 0 0 0 0 0 0 0 0 0 0 0 0 0 0 0 0 0 0 0 0 0 0 0 0 0 0 0 0 0 0 0 0 0 0 0 0 0 0 0 0 0 0 0 0 0 0.310464 0 0.888843 0 0 0 0 0 0.944144 0 0 0 0 0 0 0 0 0 0 0 0 0.140692 0 0 0 0 0 0 0 0 0 0.372418 0 0 0 0 0.147863 0.512543 0 0 0 0 0 0 0 0 0 0 0 0 0 0 0 0.80875 0.697525 0 0 0 0.855177 0 0 0 0 0 0 0 0 0 0 0 0 0 0 0 0 0 0 0 0 0 0 0 0 0 0 0 0 0 0 0 0 0 0 0 0 0 0 0 0 0 0 0 0 0.128135 0 0 0 0 0 0 0 0 0 0 0 0 0 0 0 0 0 0 0 0 0 0 0 0 0 0 0 0 0 0 0 0 0 0 0 0 0 0 0 0 0 0 0 0 0 0 0 0 0 0.804555
0 0 0 0 0 0 0 0 0.874156 0 0 0 0.989096 0 0 0 0 0 0 0 0 0 0 0 0 1.03653 0 0 0 0 0 0 0 0 0 0 0 0 0 0 0 0 0 0 0 0 0 0 0 0 0 0.151007 0 0 0 0 0 0 0 0 0.30811 0 0 0 0 0 0 0.213526 0 0 0 0 0 0 0 0 0 0 0 0 0 0 0 0.598926 0 0 0 0 0 0 0 0 0 0 0 0 0 0 0 0 0 0 0 0 0.854894 0 0 0 0.841996 0 0 0 0 0 0 0 0 0 0 0 0 0 0.932385 0 0 0 0 0 0 0 0 0 0.352355 0 0 0 0 0 0 0 0 0 0 0 0 0 0 0 0 0 0 0 0.102375 0 0 0 0 0 0 0 0 0 0 0 0 0 0 0 0 0 0 0 0 0 0 0 0 0.457416 0 0 0 0 0 0 0 0.856935 0 0.901477 0.821454 0 0 0 0 0 0 0 0 0 0 0
0 0 0 0.545119 0 0 0 0 0 0 0 0 0 0 0 0 0 0 0.534825 0 0 0 0 0 0 0 0 0 0 0 0 0 0 0 0 0 0 0.454906 0 0 0 0 0 0 0 0 0 0 0 0 0 0 0 0 0 0 0 0 0 0 0 0 0 0 0 0 0 0 0 0 0 0 0 0 0 0 0 0 0 0 0 0 0 0 0 0 0 0 0 0 0 0 0.166939 0 0 0 0 0 0 0 0 0 0 0 0 0.620404 0 0 0 0 0 0 0.580871 0 0 0 0 0 0 0 0 0.385092 0 0 0 0 0 0 0 0 0 0 0 0 0 0 0 0 0 0 0 0 0 0 0 0 0.153697 0 0 0 0 0 0 0 0 0 0 0 0 0 0 0 0.752407 0 0 0 0 0 0 0 0 0.259559 0 0 0 0 0 0 0 0 0 0 0 0 0 0 0 0 0 0 0 0 0 0 0 0 0 0 0.555284 0
0 0 0 0.425185 0 0 0 0 0 0 0 0 0 0 0.52123 0 0 0 0 0 0 0 0 0 0 0 0 0 0 0 0 0 0 0 0 0 0 0 0 0 0 0 0 0 0 0 0 0 0 0 0.287888 0 0 0 0 0 0 0.26127 0 0 0 0 0 0 0 0.397 0 0 0 0 0 0 0 0 0 0 0 0 0 0 0 0.55188 0 0 0 0 0 0 0 0 0 0 0 0 0 0 0 0 0 0 0 0 0 0 0 0 0 0 0 0 0 0 0 0.381011 0 0 0 0 0 0 0 0 0 0 0 0 0 0 0 0 0 0 0 0 0 0 0.51367 0 0 0 0 0.467747 0 0 0 0 0 0 0 0 0 0 0 0 0 0 0 0 0.450357 0 0 0 0 0 0 0 0 0 0 0 0 0 0 0 0 0 0 0 0 0 0 0 0 0 0.384808 0 0 0 0.697461 0 0 0 0 0 0 0 0 0 0 0
0 0 0 0 0 0 0 0 0 0.658043 0 0 0 0 0 0 0 0 0 0 0 0 0 0 0 0 0 0 0 0 0 0 0 0 0 0 0 0 0 0.211837 0.472824 0 0 0 0 0 0 0 0 0 0 0 0 0 0 0 0 0 0 0 0 0 0 0 0 0 0.804649 0 0 0 0 0 0 0 0 0 0 0 0 0 0 0 0 0 0 0 0 0 1.0561 0 0 0 0 0 0 0 0 0 0 0.370562 0 0 0 0 0.527433 0 0 0 0 0 0 0 0 0 0 0 0 0 0 0 0 0 0 0 0 0 0 0 0.72177 0 0 0 0 0 0 0 0.959808 0 0 0 0 0 0 0 0 0 0 0 0.668404 0 0 0 0 0 0 0 0 0 0 0.966305 0 0 0 0.568445 0.140806 0 0.403296 1.11987 0 0 0.812307 0 0 0 0 0.5473 0 0 0 0 0 0 0 0 0 0 0.887165 0 0 0 0 0 0 0 0 0 0 0 0 0
0 0 0 0.245854 0 0 0 0 0 0 0 0 0 0 0 0 0 0 0 0 0 0 0 0 0 0 0 0 0 0 0 0 0 0.541363 0 0 0 0 0 0 0 0 0 0 0 0 0 0 0 0 0 0 0 0 0 0 0 0 0 0 0 0 0 0 0 0 0 0 0 0 0 0 0 0 0 0 0 0 0 0 0 0 0 0 0 0 0 0.314155 0 0 0 0 0 0 0.80875 0 0 0 0.370562 0 0 0 0 0 0 0 0 0 0 0 0 0 0 0 0 0 0 0 0 0.244011 0 0 0 0 0 0 0 0 0 0 0 0 0 0 0 0.349051 0 0 0 0 0 0 0 0 0 0 0 0 0 0 0 0 0 0 0 0 0 0 0 0 0 0 0.431765 0 0 0 0 0 0 0 0 0 0 0 0 0.534786 0 0 0.0553801 0 0 0 0 0 0 0 0 0 0 0 0 0 0 0 0 0 0 0 0 0
0 0 0 0 0 0 0 0 0 0.345594 0 0 0 0 0 0 0 0 0 0 0 0 0 0 0 0 0 0.31655 0 0 0 0 0 0 0 0 0.265737 0 0 0.431503 0 0 0 0 0 0 0 0 0 0 0 0 0 0 0 0 0 0 0 0 0 0 0 0 0 0 0 0 0 0 0 0 0.250463 0 0 0 0 0 0 0 0 0 0 0.216315 0 0 0 0 0 0 0 0 0 0 0.697525 0 0 0 0 0 0 0 0 0 0 0 0 0 0.47183 0.459044 0 0 0 0 0 0 0 0 0.415226 0 0.34053 0 0 0 0 0 0 0 0 0.843277 0 0 0 0 0 0 0 0 0 0 0 0 0 0 0 0 0 0 0 0 0 0 0 0 0 0 0 0.561385 0 0 0 0 0 0 0 0.789932 0 0 0 0 0 0 0 0.618183 0 0 0 0 0 0 0 0.701981 0 0 0 0 0 0 0 0 0 0 0 0 0 0 0 0 0 0
0 0 0 0 0 0 0 0 0 0 0.168994 0 0 0 0 0 0 0 0 0 0 0 0 0 0 0 0 0 0.307403 0 0 0 0 0 0 0 0 0 0 0 0 0 0 0 0 0 0 0 0 0 0 0 0 0 0 0 0 0 0.591705 0 0 0 0 0 0 0 0 0 0 0 0 0 0.140405 0 0 0.280531 0 0 0 0 0 0 0 0 0 0 0 0 0 0 0 0 0 0 0 0 0 0 0 0 0 0 0 0 0 0 0 0 0 0 0 0 0 0.173112 0 0 0 0.383752 0 0 0 0 0 0 0 0 0 0 0 0 0 0 0 0 0 0 0 0 0 0 0 0 0 0 0 0.644146 0 0 0 0.402241 0 0 0 0 0 0 0 0.454017 0 0 0 0 0 0 0 0 0 0 0 0 0 0 0 0 0 0 0 0 0 0 0 0 0.444873 0 0 0 0 0 0 0 0 0 0 0 0 0 0 0 0 0.474209
0 0 0 0 0 0 0 0 0 0 0 0 0 0 0 0 0 0 0 0 0 0 0 0 0 0 0 0 0 0 0 0 0 0 0 0 0 0 0 0 0 0.476545 0 0 0 0 0 0 0 0 0 0 0 0 0 0 0 0 0 0 0 0 0 0 0 0 0 0 0 0 0.213593 0 0 0 0 0 0 0.443566 0 0 0 0 0 0 0 0 0 0 0 0 0 0 0 0 0 0 0 0 0 0 0 0 0 0 0 0.611299 0 0 0 0 0 0 0 0 0 0 0.61311 0.288903 0 0 0 0 0 0 0 0 0 0 0 0 0 0 0 0 0 0.570696 0.461946 0 0 0 0 0 0 0 0 0 0 0 0.679326 0 0 0 0 0 0 0 0 0 0 0 0 0 0 0 0 0 0 0 0 0 0 0 0 0.313597 0 0 0 0 0 0 0.572722 0 0 0 0 0 0 0 0 0 0 0 0 0 0 0 0 0 0 0
0 0 0 0 0 0 0 0 0 0 0.374368 0 0 0 0 0 0 0 0 0 0.258669 0 0 0 0 0 0 0 0 0 0 0 0 0 0 0 0.299025 0 0 0 0 0.810816 0 0 0 0 0 0 0 0.806583 0 0 0 0 0 0 0 0 0 0 0 0.620516 0 0 0 0 0 0 0 0 0.551895 0 0 0 0 0 0 0 0 0 0 0 0.595629 0 0 0 0 0 0 0 0 0 0 0.511471 0 0 0 0 0 0 0 0 0 0 0 0 0.333945 0 0 0 0 0 0 0 0 0 0.780178 0 0 0 0 0 0 0 0 0 0 0 0 0 0 0 0 0 0 0 0 0 0 0 0 0 0 0 0 0 0 0 0 0 0 0 0 0 0 0 0 0 0 0 0 0 0 0.301125 0 0 0 0.702336 0.502829 0 0 0 0 0 0 0 0.490669 0 0 0 0 0 0 0 0 0 0 0 0 0 0 0 0 0 0 0 0 0 0 0
0 0 0 0 0 0 0 0 0 0 0 0 0 0 0 0 0 0 0 0 0 0 0 0 0 0 0 0 0 0 0.83599 0 0 0 0 0 0 0 0 0 0 0 0 0 0 0 0 0 0 0 0 0 0.80726 0 0 0 0 0 0 0.479901 0 0 0 0 0 0 0 0 0 0 0 0 0 0 0 0 0 0 0 0 0 0.544688 0 0 0 0 0 0 0.759523 0 0 0 0 0 0.855177 0.854894 0 0 0.527433 0 0 0 0 0 0 0 0 0 0 0 0 0 0 0 0 0 0 0 0 0 0 0.43272 0 0 0 0 0 0 0 0 0 0.177088 0 0 0 0.190176 0 0 0 0 0 0 0 0 0 0 0 0 0 0 0 0 0 0 0 0.693653 0 0 0 0 0 0 0 0 0 0 0 0 0 0 0 0.660386 0.688785 0 0 0 0 0 0.236447 0 0 0 0.507741 0.357214 0 0 0.970879 0 0 0 0 0 0 0 0 0 0 0 0 0
0 0 0 0 0 0 0 0 0 0 0.282669 0 0 0 0 0 0.725887 0 0 0 0 0 0 0 0 0 0.783791 0 0 0 0 0 0 0 0 0 0 0 0 0 0 0 0 0 0 0 0 0 0 0 0 0 0 0 0 0 0 0 0 0 0 0 0 0 0 0 0 0.772294 0 0.320003 0 0 0 0 0 0 0.784789 0 0 0 0.645791 0 0 0 0.426588 0 0 0 0 0 0 0 0 0 0 0 0.620404 0 0 0 0 0 0.611299 0 0 0 0 0 0 0 0 0 0 0 0 0 0 0 0 0 0 0 0 0.510602 0 0 0 0 0 0 0 0 0 0 0 0 0 0 0 0 0 0 0 0 0 0 0 0 0 0 0 0 0.634273 0 0 0 0 0 0 0.52615 0 0 0 0 0 0 0 0 0 0 0 0 0.746262 0 0 0 0 0 0 0 0 0 0 0 0 0 0 0 0 0 0 0 0 0 0.602768 0 0 0 0 0
0 0 0 0 0 0 0 0.296239 0 0 0 0 0 0 0 0.299051 0 0 0 0 0 0 0 0 0 0 0 0 0 0 0 0 0 0 0 0 0 0 0 0 0 0 0 0 0 0 0 0 0 0 0 0.57422 0 0 0 0 0 0 0 0 0 0 0 0 0.523083 0 0 0 0 0 0 0.557402 0 0.084225 0 0 0.474562 0 0 0 0 0 0 0 0 0.636537 0 0 0 0 0 0 0 0 0 0 0 0 0 0 0 0 0 0.333945 0 0 0 0 0 0 0 0 0 0 0 0 0 0 0 0 0 0 0 0 0 0.237401 0.318003 0 0 0 0 0 0 0 0 0 0 0 0 0 0 0 0 0 0 0 0 0 0 0 0 0 0 0 0 0.331665 0 0 0 0 0 0 0 0 0 0 0 0 0 0 0 0 0 0 0 0 0 0 0 0 0 0 0 0.616144 0 0 0 0 0 0 0 0 0 0 0 0 0 0 0 0
0 0 0 0 0 0 0 0 0 0 0 0 0 0 0 0.377759 0 0 0 0 0 0 0 0 0 0 0 0.315611 0 0 0 0 0 0.796934 0 0 0 0 0.626443 0 0 0 0 0 0 0 0 0 0 0 0 0 0 0 0 0.623922 0 0 0 0 0 0 0 0 0 0 0 0 0 0 0 0 0 0.594805 0 0 0 0 0 0 0 0 0 0 0 0 0 0 0 0 0 0 0 0 0 0 0 0 0 0 0 0 0 0 0 0 0 0 0 0 0 0.646904 0.910564 0 0 0 0 0 0 0 0 0 0 0 0 0 0 0 0 0 0 0 0 0 0 0 0.972759 0 0 0 0 0 0 0 0 0 0 0.32942 0 0 0 0 0 0 0 0 0 0 0 0 0 0 0 0 0 0 0 0 0 0.95248 0 0 0 0 0 0 0 0 0.392217 0 0 0 0 0 0 0 0 0 0 0 0 0 0 0 0 0.916447 0 0 0 0
0 0 0 0 0 0 0 0.542602 0 0 0 0 0 0 0 0 0 0 0 0 0 0 0 0 0 0 0 0 0 0 0 0 0.27142 0 0 0 0 0 0 0 0 0 0 0.287138 0 0 0 0 0 0 0 0 0 0 0 0 0 0 0 0 0 0 0 0 0 0 0 0 0 0 0 0 0 0 0 0.655218 0 0 0 0 0 0 0 0 0 0.872788 0 0 0 0 0.691566 0 0 0 0 0.841996 0 0 0 0 0.47183 0 0 0 0 0 0 0 0 0 0 0 0 0 0 0 0 0 0 0 0 0 0 0 0 0 0 0.250004 0 0 0 0.633748 0 0 0 0 0 0 0 0 0 0 0 0.609483 0 0 0 0 0 0 0 0 0 0 0 0 0.247735 0 0 0 0 0 0 0 0 0 0 0 0 0 0 0 0 0 0 0 0 0 0 0.464377 0.842146 0 0 0 0 0 0 0 1.01321 0 0 0 0 0.0146967 0 0 0 0 0 0
0 0 0.866776 0 0 0 0.566348 0 0 0 0 0 0 0 0 0 0 0 0 0 0 0 0 0 0 0 0 0 0 0 0 0 0 0 0 0 0 0 0 0 0 0.451281 0.669209 0 0 0 0 0 0 0 0 0 0 0 0 0 0 0 0 0 0 0 0 0 0 0 0 0 0 0 0 0 0.473994 0 0 0 0 0 0 0 0 0 0 0 0 0 0 0 0.76705 0 0 0 0 0 0 0 0 0 0 0 0.459044 0 0 0 0 0 0 0 0 0 0.575716 0 0 0 0 0 0 0.588687 0 0 0 0 0 0 0 0 0 0 0 0 0 0.652536 0 0 0 0 0 0 0 0 0 0 0 0 0 0 0 0 0 0 0 0 0 0 0 0 0 0 0 0 0 0.50244 0 0 0 0 0 0 0 0 0 0 0 0 0 0 0 0 0 0 0 0 0 0 0 0 0 0 0 0 0 0 0 0 0 0 0 0 0 0
0 0 0 0 0 0 0 0 0 0 0 0 0 0 0 0 0 0 0 0 0 0 0 0 0 0 0 0 0 0 0 0 0 0 0 0 0 0 0 0 0 0.383511 0 0 0 0 0 0 0 0.467355 0 0 0 0 0 0 0 0 0 0 0 0 0 0 0 0 0 0 0.309658 0 0 0 0 0 0 0 0.781723 0 0 0 0 0 0 0 0 0 0 0 0 0 0 0 0 0 0 0 0 0 0 0 0 0 0 0 0 0 0 0 0 0.575716 0 0 0 0 0 0 0 0 0 0 0 0 0.846209 0 0 0 0 0 0 0 0 0 0 0 0 0.749299 0 0 0 0 0 0 0 0 0 0.530143 0 0 0 0 0 0.631294 0.442064 0 0 0 0 0 0 0 0 0 0 0 0 0 0 0 0 0 0 0 0 0 0 0 0 0 0 0 0 0 0 0 0 0 0 0 0 0 0 0 0 0.467697 0 0 0 0 0 0
0 0 0 0 0 0 0 0 0 0 0 0 0 0 0 0 0 0 0 0 0 0 0 0 0 0 0 0 0.724006 0 0 0 0 0 0 0 0 0 0 0 0 0 0 0 0 0 0 0 0 0 0 0 0 0 0 0 0 0 0 0.506501 0 0 0 0 0 0 0 0 0 0 0 0 0 0 0 0 0 0 0 0 0 0 0 0 0 0 0 0 0 0 0 0 0 0 0 0 0 0 0 0 0 0 0 0 0 0 0 0.646904 0 0 0 0 0 0 0 0 0 0 0 0 0 0.727018 0 0 0 0 0 0 0.670413 0 0 0 0 0 0 0 0.657553 0 0 0 0 0.231237 0 0 0 0 0 0.443569 0 0.662593 0 0.062127 0 0 0 0 0 0 0.149415 0 0.613719 0 0 0 0 0 0 0 0 0 0 0 0 0 0 0 0 0 0 0 0 0 0 0 0 0 0 0 0.831745 0 0 0 0 0 0 0 0 0 0 0
0 0 0 0 0 0 0 0 0 0 0 0 0 0 0 0 0 0.151587 0 0 0 0 0 0 0 0 0 0 0 0 0 0 0 0 0 0 0 0.948609 0 0 0 0 0 0 0 0 0 0 0 0 0 0 0 0 1.06631 0 0 0 0 0.579712 0 0.0885781 0 0 0 0.247618 0 0 0 0 0 0 0 0 0 0 0 0 0 0 0 0 0 0.595765 0 0 0 0 0 0 0 0 0 0 0 0 0.580871 0 0 0 0 0 0 0 0 0 0 0.910564 0 0 0 0 0 0 0 0 0 0 0 0 0 0 0 0.503779 0 0 0 0 0 0 0 0 0 0.573798 0 0 0 0 0 0 0 0 0 0.73601 0 0 0 0.590967 0 0 0 0 0 1.07 0 0 0 0 0 0 0 0 0 0 0 0 0 0 0 0 0 0 0 0 0 0 0 0 0.67431 0 0 0 0 0 0 0 0 0 0 0.736994 0 0 0.44906 0 0 0 0 0 0 0.526541
0 0.21023 0 0 0 0 0 0 0 0 0 0 0 0 0 0 0 0 0 0 0 0 0.102129 0 0 0 0 0 0 0 0 0 0 0 0 0 0 0 0 0 0 0 0 0 0 0 0 0 0 0 0 0 0 0 0 0 0 0 0 0.32992 0 0 0 0 0 0 0 0 0 0 0 0 0 0 0 0 0 0 0 0 0 0 0 0.227824 0.324535 0 0 0 0 0.212308 0 0 0 0 0 0 0 0.381011 0 0 0 0.173112 0 0 0 0 0 0 0 0 0 0 0 0 0 0 0 0 0 0 0 0 0 0 0 0 0 0 0 0 0 0 0 0 0 0 0 0 0 0 0 0 0 0 0.239174 0 0 0 0 0 0.67227 0 0 0.275068 0.7518 0 0 0 0 0 0 0 0 0 0.71587 0 0 0 0 0.862787 0 0 0 0 0 0 0 0 0 0 0 0 0 0.256735 0 0 0 0 0 0 0 0 0 0 0 0 0 0 0 0
0 0 0 0 0 0.509722 0 0 0 0 0 0 0.635361 0 0 0 0 0 0 0 0 0 0 0 0 0 0 0.633398 0 0 0 0 0 0 0 0 0 0 0.14384 0 0 0 0 0 0 0 0 0 0 0 0 0 0 0 0 0 0 0.263962 0 0 0 0 0 0 0 0 0 0 0 0 0 0 0 0 0 0 0 0 0 0 0 0 0 0 0 0 0 0 0 0.602545 0 0 0 0 0 0 0 0 0 0 0 0 0 0 0 0 0 0 0 0 0 0 0 0 0 0 0 0 0 0 0 0.439393 0 0 0 0 0 0 0 0 0 0 0 0 0 0 0 0 0 0.363685 0 0 0 0 0 0 0 0 0 0 0 0 0 0 0 0 0 0 0 0 0 0 0 0 0 0 0 0 0 0 0 0 0.151318 0 0 0 0 0 0 0 0 0 0 0 0 0 0 0 0 0 0 0 0 0 0 0 0 0.118771 0 0
0 0 0 0 0 0 0 0 0 0 0 0 0 0 0 0 0 0 0 0 0 0 0 0 0.105143 0 0 0 0 0 0 0 0 0 0 0 0 0 0 0 0 0 0 0 0 0 0 0 0 0 0 0.784594 0 0 0 0 0 0 0.273423 0 0 0 0 0 0.4657 0 0 0 0 0 0 0 0 0 0 0 0 0.650332 0 0 0 0 0 0.399099 0 0 0 0 0 0.810895 0 0 0 0 0 0 0 0 0 0 0 0 0 0 0 0 0 0 0 0 0 0 0 0 0 0 0 0 0 0 0 0.70283 0.69361 0 0 0 0 0 0 0 0.521915 0 0 0 0 0 0 0 0 0 0 0 0 0 0 0 0 0 0 0 0 0.279048 0 0 0 0 0 0 0 0 0 0 0 0 0 0 0 0 0 0 0 0 0 0 0 0 0 0 0 0 0 0 0 0 0 0 0 0 0 0 0 0 0 0 0 0 0 0 0 0
0 0.886292 0 0 0 0 0 0 0.864598 0 0 0 0 0 0.38232 0 0 0 0 0 0 0 0 0 0 0 0 0 0 0 0 0 0 0 0.694793 0.837156 0 0 0 0 0 0 0 0 0 0 0.5625 0 0 0.860545 0 0.1532 0 0.344908 0 0 0 0 0 0 0 0 0.574505 0 0 0 0 0 0 0 0 0 0 0 0 0 0 0 0 0 0 0 0 0 0 0 0 0 0 0 0 0 0 0 0 0 0 0 0 0 0 0 0.61311 0.780178 0 0 0 0 0 0 0 0 0 0 0 0 0 0 0 0 0.97683 0 0 0 0 0 0 0 0 0 0.289766 0.68807 0 0 0 0 0 0 0 0 0 0 0 0 0 0 0 0 0.885458 0 0 0 0 0 0 0 0 0 0 0 0 0 0 0 0 0 0 0.0831802 1.22062 0 0 0 0 0 0 0 0 0 0 0 0 0 0 0 0.257318 0 0 0 0.822065 0 0 0 0 0 0 0 0 0 0 0
0 0.75828 0 0.604195 0 0.657584 0 0 0 0 0 0 0 0 0 0 0 0.468561 0 0 0 0 0 0 0.356099 0 0 0 0 0 0 0 0 0 0 0 0 0 0 0 0 0 0 0 0 0 0 0 0 0 0 0 0 0 0 0 0 0 0 0 0 0 0 0 0 0 0 0 0.21702 0 0 0 0 0.28095 0 0 0 0 0.692887 0.361513 0 0 0 0 0 0 0.593082 0.751512 0 0 0 0 0 0 0 0 0 0 0 0 0 0.383752 0.288903 0 0 0 0 0 0 0.588687 0 0 0 0 0 0 0 0 0 0 0 0 0 0 0 0 0 0 0 0 0 0 0 0 0.58331 0 0 0 0 0 0 0 0 0.518449 0 0 0.110996 0.319022 0 0 0 0 0 0 0 0 0 0 0 0.235788 0 0 0 0 0 0 0 0 0 0 0 0 0 0.166861 0 0 0 0 0 0 0 0 0.596011 0 0 0 0 0 0 0 0 0 0 0 0 0 0 0 0 0
0.0398472 0 0 0 0 0 0 0 0.731153 0 0 0 0 0 0 0 0 0 0 0.82332 0 0 0 0 0 0 0 0 0 0 0 0 0 0 0 1.17236 0.47251 0 0 0 0 0 0 0 0 0 0 0 0 0 0 0 0 0 0 0 0 0 0 0 0 0 0 0 0 0 0 0 0 0 0 0 0 0 0 0 0 0 0 0 0 0 0 0 0 0 0 0 0 0.253445 0 0 0 0 0 0 0 0 0 0 0.415226 0 0 0 0 0 0 0 0 0 0 0 0 0 0 0 0 0 0 0 0 0 0 0 0 0 0 0 0 0 0.704532 0 0 0 0 0 0 0 0 0 0 0 0 0 0 0 0 0 0 0 0 0 0 0 0 0.775265 0 0 0 0 0 0 0 0 0 0 0 0 0 0 0 0 0 0 0 0 0 0 0 0 0 0 0 0 0 0 0 0 0 0.554927 0 0 0.835233 0 0.777237 0 0 0 0 0.584449
0 0 0 0 0 0 0 0 0 0 0 0 0 0 0 0 0 0 0 0 0 0 0 0 0.264656 0 0 0 0 0 0 0 0 0.301818 0 0 0 0 0 0 0 0 0 0 0 0 0 0 0 0 0 0 0 0 0 0 0 0 0 0.379315 0 0 0 0 0 0 0 0 0 0 0 0 0 0 0 0 0 0.6304 0 0 0 0.276356 0 0 0 0 0 0 0 0 0 0 0 0 0 0 0 0 0 0.244011 0 0 0 0 0 0 0 0 0 0 0 0 0 0 0 0 0 0 0 0 0 0 0 0 0 0.181268 0 0.611366 0 0 0 0.34111 0 0 0 0 0 0 0 0 0 0 0 0 0.629443 0 0 0 0 0 0 0 0 0 0 0 0 0 0 0 0.476399 0 0 0 0 0 0.323764 0 0 0 0 0 0 0 0 0 0 0 0 0 0 0 0 0 0 0 0 0 0 0 0 0 0 0 0 0 0 0 0 0
0 0 0 0 0 0 0 0 0 0 0 0 0 0 0 0 0 0 0 0 0 0 0.667637 0 0 0 0 0 0 0.860647 0 0 0 0 0 0 0 0 0 0 0 0 0 0 0 0 0 0 0 0 0 0 0 0 0 0 0 0 0 0 0 0 0 0 0 0 0 0 0 0 0 0 0 0 0 0 0 0 0.348932 0 0 0 0 0 0 0 0 0 0 0 0 0 0 0 0 0 0 0 0 0 0.34053 0 0 0 0 0 0 0 0 0 0 0 0 0 0 0 0.97683 0 0 0 0 0 0 0.440484 0 0 0 0.495704 0 0 0 0.558798 0 0 0 0 0 0 0 0 0 0 0 0 0 0 0 0 0 0 0 0 0 0 0 0 0 0 0 0 0 0 0 0 0 0 0 0 0 0 0 0 0 0 0 0 0 0 0 0 0 0 0 0.86525 0 0.45949 0 0.929734 0 0.377633 0.826294 0 0 0 0 0 0 0 0 0
0 0 0 0 0 0 0 0 0 0 0 0 0 0 0 0 0 0 0 0 0 0 0 0 0 0 0 0 0 0 0.412553 0 0 0 0 0 0 0 0 0 0 0 0 0 0 0.376677 0 0 0 0 0 0 0 0 0 0.700988 0 0 0.749751 0 0 0 0 0 0 0 0 0.500134 0 0 0 0 0 0 0 0 0 0 0 0 0 0 0 0 0 0 0 0 0 0 0 0 0 0 0 0 0.385092 0 0 0 0 0 0 0 0.43272 0 0 0 0 0 0 0.727018 0 0 0.439393 0.70283 0 0 0 0 0 0 0 0 0 0 0 0 0 0 0 0 0 0 0 0 0 0 0 0 0 0 0 0 0 0 0 0 0 0 0 0.664961 0 0 0 0 0 0 0 0 0 0 0 0 0.955468 0 0 0 0 0 0 0 0 0 0 0 0 0 0 0 0 0 0 0 0 0 0 0 0 0 0 0 0.527222 0 0 0 0 0 0 0
0 0 0 0 0 0 0 0 0 0 0 0 0 0 0 0 0.788392 0 0 0 0 0 0 0 0 0 0 0 0 0.509066 0 0 0 0 0 0 0 0 0.759951 0 0 0 0.0883992 0 0 0 0 0 0.540909 0 0 0 0 0 0 0 0 0 0 0 0 0 0 0 0 0 0 0 0 0 0 0 0 0 1.0759 0 0 0 0 0 0 0 0.791843 0.406099 0 0 0 0 0 0 0 0 0 0 0 0.932385 0 0 0 0 0 0 0 0 0 0 0 0 0 0 0.846209 0 0 0 0 0.69361 0 0 0 0 0 0 0 0 0 0 0 0 0 0 0.695824 0 0 0 0 0 0 0 0 0 0 0.731305 0 0 0 0 0 0 0 0 0 0 0 0 0 0 0 0 0 0 0 0 0 0 0 0 0 0 0 0 0 0 0 0 0 0 0.679258 0 0 0 0 0 0 0 0 0 0 0 0 0 0 0 0 0 0 0 0 0 0 0
0 0 0 0 0 0 0 0 0.340638 0 0.314248 0 0 0 0 0 0 0.506105 0 0 0 0 0 0 0 0 0 0.532094 0 0 0 0 0 0 0 0 0.546142 0 0 0 0 0 0 0 0.350889 0 0 0 0 0 0 0 0.359992 0 0 0 0 0 0 0 0 0 0 0 0 0 0 0 0 0 0 0 0 0 0 0 0 0 0 0 0 0 0 0 0 0 0 0 0 0 0 0 0 0 0 0 0 0 0 0 0 0 0 0 0 0.510602 0 0 0 0 0 0 0.503779 0 0 0 0 0 0 0 0.440484 0 0 0 0 0 0 0 0 0 0 0 0 0 0 0 0 0 0 0 0 0 0 0 0 0 0 0 0 0 0 0 0 0 0 0 0.211268 0 0 0 0 0 0 0 0 0 0 0 0 0 0 0.412514 0 0 0 0 0 0 0 0.123495 0.466532 0 0 0 0.350993 0 0 0 0 0 0 0 0 0.38932 0 0 0 0 0 0
0 0 0 0 0 0 0 0 0 0 0 0.324912 0 0 0 0 0 0 0 0 0 0 0 0 0 0 0 0 0 0 0 0 0 0 0.704568 0.839084 0 0 0 0 0 0 0 0 0 0 0.421021 0 0 0 0 0.517435 0 0 0 0 0 0 0 0 0.331233 0 0 0 0 0 0 0 0 0 0 0 0 0 0 0.348508 0 0 0 0 0 0 0 0 0 0 0 0 0 0 0 0 0 0 0 0 0 0 0 0 0 0 0 0 0 0 0 0 0 0 0 0 0 0 0 0 0 0 0 0 0 0 0 0 0 0 0 0 0 0 0 0.0778055 0 0 0 0.246609 0 0.662179 0 0 0 0 0 0 0 0 0 0 0 0 0 0 0 0 0 0 0 0 0 0 0 0 0 0 0 0 0 0 0 0 0 0 0 0 0 0 0 0 0 0 0 0 0 0 0 0 0 0 0 0 0 0 0 0 0 0 0 0 0.221554 0
0 0 0.719323 0 0 0 0 0 0 0 0 0 0 0 0 0 0 0 0 0 0 0 0 0 0 0 0 0 0.732323 0 0 0 0 0.143147 0 0 0 0 0.414582 0 0 0 0 0 0 0 0 0 0 0 0 0 0 0 0 0.159988 0 0 0 0 0 0 0 0.42882 0 0 0 0 0 0 0 0 0 0 0 0 0 0 0 0 0 0 0 0 0 0 0 0 0 0 0 0 0 0 0 0 0 0 0 0 0 0 0 0 0 0 0.237401 0 0 0 0 0 0 0 0 0 0 0 0 0.181268 0 0 0 0 0 0 0 0 0 0 0 0 0 0 0 0 0 0 0.488348 0 0 0 0 0 0 0 0 0 0 0.518777 0 0 0 0 0 0 0 0 0 0 0 0.424113 0.258922 0 0 0 0 0 0 0 0 0 0 0 0 0 0 0 0 0 0 0 0 0 0.666007 0 0 0 0 0.45696 0 0 0 0 0 0 0 0 0 0
0 0 0 0.187618 0 0 0 0 0 0.20914 0 0 0 0 0 0 0 0 0 0 0 0 0 0 0 0 0 0 0 0.27956 0 0 0 0 0.695009 0 0 0 0 0 0 0 0 0 0 0 0 0 0 0 0 0 0 0 0 0 0.513282 0 0 0 0 0 0 0 0 0.610687 0 0 0 0 0 0 0 0.400026 0.847978 0 0.616722 0 0 0.244594 0 0 0 0.127104 0 0 0 0 0 0 0 0 0.430372 0 0 0 0 0 0 0 0 0 0 0 0 0 0.318003 0 0 0 0 0 0 0 0 0 0 0 0 0 0 0 0 0 0 0 0 0 0 0 0 0 0 0 0 0 0 0 0 0 0 0 0 0 0 0 0.509113 0 0 0 0 0 0 0 0 0 0 0 0 0 0 0.405189 0 0 0 0 0 0 0 0 0.380168 0 0 0 0.386567 0 0 0 0 0 0 0 0 0 0 0 0 0.476617 0 0 0 0 0 0 0 0 0 0 0 0
0 0 0 0 0 0 0 0 0 0 0 0 0 0 0 0 0 0 0 0 0 0 0 0 0 0 0 0 0 0 0 0 0 0 0 0 0 0 0 0 0 0 0 0 0 0 0 0 0 0 0 0.939771 0 0 0 0 0 0 0 0 0 0 0 0 0 0 0 0 0.70816 0 0 0 0 0 0 0 0 0 0 0 0.453151 0 0 0 0 0 0 0 0 0 0 0 0 0 0 0 0 0 0 0 0 0 0 0 0 0 0 0 0.250004 0 0 0 0 0 0 0 0 0 0 0.611366 0.495704 0 0 0 0 0 0 0 0 0 0 0 0.727324 0 0 0 0 0 0 0 0 0 0 0 0 0.214733 0 0 0 0 0 0 0 0 0 0 0 0 0 0 0 0 0 0 0 0 0 0 0 0.0491121 0 0.869344 0 0 0 0 0 0 0 0 0 0 0 0 0 0 0 1.2659 0 0 0 0 0 0 0 0.17763 0 0 0 0
0 0 0 0 0 0 0 0 0 0 0.277405 0.477376 0 0 0 0 0.709696 0.990088 0 0 0 0 0 0 0 0 0 0.271122 0 0 0 0 0 0 0 0 0 0.26261 0 0 0 0 0 0 0 0.589657 0 0 0 0 0 0 0 0 0 0 0 0 0 0 0.495774 0 0 0 0 0 0 0 0 0 0 0 0 0 1.10798 0 0 0 0 0 0 0 0 0 0 0 0 0 0 0 0 0 0 0.290496 0 0 0 0 0.72177 0 0 0 0 0 0 0 0 0 0 0 0 0.670413 0 0 0 0 0 0 0 0 0 0 0 0 0 0 0 0 0 0 0 0.208836 0 0 0 0 0 0 0 0 0.868583 0 0 0 0 0 0 0.397053 0.155603 0 0 0 0 0 0 0 0.599378 0 0 0 0 0 0 0 0 0 0 0 0 0 0 0 0 0 0 0 0 0 0 0 0 0 0 0.161739 0.481706 0 0 0 0 0 0 0 0 0 0 0 0 0 0 0
0 0.896896 0 0 0 0 0 0 0 0 0 0 0 0 0 0 0 0 0 0 0 0 0 0 0 0 0 0 0 0 0 0 0 0 0 0 0 0 0 0 0 0 0 0 0 0 0 0 0 0.926411 0 0 0 0 0 0 0 0 0 0 0 0 0 0 0 0 0 0 0 0 0 0 0.609059 0 0 0 0 0 0 0 0 0 0 0 0 0 0 0 0 0 0 0 0 0.462041 0 0 0 0 0 0 0.843277 0 0 0 0 0 0 0 0 0 0 0 0 0 0 0 0 0 0 0 0 0 0 0 0 0 0 0 0 0 0 0 0 0 0 0 0 0.0245146 0 0 0 0 0 0.70867 0 0 0 0 0 0 0 0 0 0 0 0 0 0 0 0 0 0 0 0 1.27871 0.180747 0 0 0 0 0 0 0 0 0 0.94104 0 0 0 0 0 0 0 0 0 0 0 0 0 0 0 0 0 0 0 0.99646 0 0 0.858053 0
0 0 0 0 0 0 0 0.027498 0 0 0 0 0 0 0 0 0 0 0 0 0 0 0 0 0 0.746793 0 0 0 0.418916 0 0 0 0.67836 0 0 0 0 0 0 0 0 0 0 0.209129 0 0 0 0 0 0 0.264056 0 0 0 0 0.803068 0 0 0 0 0 0 0 0 0 0 0 0 0 0 0 0.282267 0 0 0 0 0 0.667086 0 0 0 0 0 0 0 0 0 0 0 0 0.695722 0 0 0 0 0 0 0 0 0 0 0 0 0 0 0 0 0 0 0 0 0 0 0 0.521915 0.289766 0 0.704532 0 0 0 0.695824 0 0 0 0 0 0 0 0 0 0.0938683 0 0 0 0 0 0 0 0 0 0 0 0 0 0 0 0 0 0 0 0 0 0 0 0 0 0 0 0 0 0 0 0 0 0 0 0 0 0 0.184931 0.348761 0 0 0 0 0 0 0 0 0 0 0 0 0 0 0 0 0 0 0 0 0 0 0 0 0 0 0
0 0 0 0 0.386813 0 0 0 0 0 0 0 0 0 0 0 0 0 0 0 0 0 0 0 0 0 0 0.256013 0 0 0 0 0 0 0 0 0 0 0 0 0 0.863101 0 0 0 0 0 0 0 0 0 0 0 0 0.309536 0 0 0 0 0 0 0 0 0.497224 0 0 0 0 0 0 0 0 0 0 0.910462 0.415584 0 0 0 0 0 0 0 0 0.297433 0 0.442266 0 0 0 0 0 0 0 0 0 0 0 0 0 0 0 0 0 0.177088 0 0 0 0.633748 0.652536 0 0 0 0 0 0 0.68807 0 0 0.34111 0.558798 0 0 0 0.0778055 0 0 0 0.208836 0 0 0 0 0 0 0 0 0 0 0 0 0 0 0 0 0 0 0 0 0 0 0 0.61944 0 0 0 0 0 0 0 0 0 0 0 0 0 0 0 0 0 0 0 0.532445 0 0.292317 0 0 0 0 0 0 0 0 0.311237 0 0 0 0 0 0 0 0 0 0 0 0 0 0 0 0
0 0 0 0.41829 0 0 0 0 0 0 0 0 0 0.783708 0 0 0 0 0 0 0 0 0 0 0 0 0 0 0 0 0.361165 0 0 0.668445 0.567418 0 0 0 0 0 0 0 0 0 0 0.139256 0 0 0 0 0 0 0.310905 0 0 0 0 0 0 0 0 0.593583 0 0 0 0.65168 0 0 0.0344201 0 0 0 0 0 0 0 0 0 0 0 0 0 0 0 0 0 0 0.557287 0 0 0 0 0 0 0 0.352355 0 0 0 0 0 0 0 0 0 0 0 0 0 0 0 0 0 0 0 0 0 0 0 0 0 0 0 0 0 0 0 0.727324 0 0 0.0938683 0 0 0 0 0 0 0 0.872716 0 0.73391 0 0 0 0 0 0 0 0 0 0 0 0 0 0 0 0 0 0 0 0 0 0 0 0 0 0 0.266071 0 0 0 0.189974 0 0 0 0 0 0 0.523508 0 0 0 0 0.425364 0.12934 0 0.678497 0.669682 0 0 0 0 0 0 0 0 0.339673 0 0 0
0 0 0 0 0 0 0 0 0 0 0 0 0 0 0 0 0 0 0 0 0 0 0 0 0 0 0 0 0.610779 0 0 0 0 0 0 0 0 0 0.597064 0 0 0 0 0 0 0 0 0 0 0 0 0 0 0 0 0 0 0 0 0 0 0 0 0 0 0 0 0 0 0 0 0 0 0 0 0 0 0.717749 0 0 0 0 0 0 0 0.953681 0 0 0 0 0 0 0 0 0 0 0 0 0 0 0 0 0 0 0 0 0 0 0 0 0 0 0.573798 0 0 0 0 0 0 0 0 0 0 0 0 0 0 0 0 0 0 0 0 0 0 0 0 0 0 0 0 0 0 0 0 0 0 0 0 0 0 0 0 0 0 0.688094 0.255344 0 0 0 0 0 0 0 0 0 0 0 0 0 0 0 0 0 0 0 0 0 0 0 0 0 0 0 0 0 0 0 0 0 0 0 0 0 0 0 0 0 0 0
0 0 0 0 0 0 0 0.690323 0 0 0 0 0 0 0 0 0 0 0 0.598841 0 0 0 0 0.47522 0 0 0 0 0 0 0 0 0 0 0 0 1.06943 0 0 0.689442 0 0 0 0 0 0 0 0 0 0 0.955851 0 0 0 0 0 0.82225 0 0 0 0 0 0 0 0 0 0 0 0 0 0 0 0 0 0 0 0 0 0 0.518318 0 0 0 0 0 0 1.17893 0 0 0 0 0 0 0 0 0 0 0 0 0 0 0 0 0 0 0 0 0 0 0 0 0 0 0 0 0 0.58331 0 0 0 0 0 0 0 0 0 0 0 0 0 0 0 0 0 0 0 0 0 0 0 0 0 0 0 0 0 0 0 0 0 0 0 0 0 0 0 0 0 0 0 0 0 0 0 0 0 0 0 0 0 0 0 0 0 0 0 0 0 0 0 0 0 0 0 0 0 1.34541 0 0 0 0 0 0 0 0 0 0 0 0
0 0 0 0 0 0 0 0 0 0 0 0 0 0 0 0 0 0 0 0 0 0 0 0 0 0 0 0 0 0 0 0 0 0 0 0 0 0 0 0 0 0 0 0 0 0 0 0 0 0 0 0 0 0 0 0 0 0 0 0 0 0 0 0 0 0 0 0 0 0 0 0 0 0 0 0 0 0 0 0.469053 0 0 0 0 0 0 0.629949 0 0 0.0951458 0 0 0.630065 0 0 0 0 0 0 0.349051 0 0 0.570696 0 0.190176 0 0 0 0 0 0.749299 0 0 0 0 0 0 0 0 0 0 0 0 0 0.246609 0 0 0 0 0 0 0 0 0 0 0 0 0 0 0 0 0 0 0 0 0.90717 0 0 0 0 0 0 0 0 0 0 0 0 0 0 0 0 0 0 0 0 0 0 0 0 0 0 0 0 0 0 0 0 0 0 0.103999 0 0.631863 0 0 0 0 0 0 0 0.44497 0 0 0 0 0 0 0 0 0
0 0 0 0 0 0 0 0 0 0 0 0 0 0.907582 0 0 0 0 0 0 0 0 0 0 0 0 0 0 0 0 0 0 0 0 0 0 0 0 0 0 0 0 0 0 0 0 0 0 0 0 0 0 0 0 0 0.647067 0 0 0 0.597784 0 0 0 0 0 0 0 0 0 0 0 0.995126 0 0 0 0 0 0 0 0 0 0 0 0 0 0 0 0 0 0 0 0 0 0 0 0 0 0.51367 0.959808 0 0 0 0.461946 0 0 0 0 0.972759 0 0 0 0.657553 0 0 0 0 0 0 0 0 0 0 0 0 0 0 0 0 0 0 0 0 0 0 0 0 0 0 0 0 0 0 0 0 0 0.315887 0.492676 0 0 0 0 0 0 0 0 0 0 0 0 0 0 0 0 0 0 0 0 0 0 0 0 0 0 0 0 0 0 0 0 0 0 0 0 0 0 0 0 0 0 0 0 0 0 0 0 0 0 0 0 0
0 0 0 0 0 0 0 0 0 0.737036 0 0 1.01703 0 0 0 0 0 0 0 0 0 0 0 0.777314 1.08361 0 0 0 0 0 0 0 0 0 0 0 0 0 0 0 0 0 0.858829 0 0 0 0 0 0 0 0.150241 0 0 0 0 0 0 0 0 0 0 0 0 0 0 0 0 0 0 0 0 0 0 0 0 0 0 0 0 0 0 0 0 0 0 0 0 0 0 0 0 0 0 0 0 0 0 0 0 0 0 0 0 0 0 0 0 0 0 0 0 0 0 0 0 0 0 0 0 0 0 0 0 0.662179 0 0 0 0 0.0245146 0 0 0 0 0 0 0 0 0 0 0 0 0.453103 0 0 0 0 0 0 0 0 0 0 0 0 0 0 0 0 0 0 0 0 0 0 0 0 0 0 0 0 0 0 0.570865 0 0 0 0 0 0.494915 0 0 0 0 0.292377 0 0 0 0 0 0 0 0 0 0 0 0 0 0 0
0 0 0 0 0 0 0 0 0 0 0 0 0 0 0 0 0 0 0 0.41138 0 0 0 0 0 0 0 0 0.818397 0 0 0 0 0 0.940646 0 0 0.925591 0 0 0 0 0 0 0 0 0 0 0 0 0 0 0 0 0 0 0 0 0 0.756386 0 0 0 0 0 0 0.822427 0 0 0 0.843024 0 0 0.688213 0 0 0.242501 0 0 0 0 0 0 0 0 0 0 0 0 0 0 0 1.05597 0 0 0 0 0 0 0 0 0 0 0 0 0 0 0 0 0 0 0 0 0 0 0 0 0 0 0 0 0 0 0 0 0.488348 0 0 0 0 0 0 0.872716 0 0 0 0 0 0 0 0 0.484286 0 0 0 0 0 0 0 0 0 0 0 0 0 0 0 0.839667 0 0 0 0 0 0 0 0 0 0 0 0 0 0 0 0 0 0 0 0 0.371635 0 0 0 0 0 0 0 0 0 0 0 0 0 0 0 0 0 0 0 0 0
0 0 0.208735 0 0 0 0 0 0 0 0.106111 0 0 0 0 0 0 0 0 0 0 0 0 0.170187 0 0.545385 0 0 0 0 0 0 0 0 0 0 0 0 0 0 0 0 0 0.434314 0 0 0 0 0 0 0 0 0 0 0 0 0 0 0 0 0 0 0 0 0 0 0 0 0 0 0 0 0 0 0 0 0 0 0 0 0 0 0 0 0 0 0 0 0 0 0 0 0 0 0 0 0 0 0 0 0 0 0 0 0 0 0 0 0 0 0 0 0 0 0.363685 0 0 0 0 0 0 0 0 0 0 0 0 0 0 0 0 0 0 0 0 0 0 0 0 0 0 0 0 0 0 0 0 0 0 0 0 0 0 0 0 0 0 0 0 0 0 0 0 0 0 0 0 0.487918 0 0 0 0 0 0.586442 0 0 0 0 0 0 0 0 0 0 0 0 0 0 0 0 0 0 0 0.655736 0 0 0 0 0 0
0 0 0 0 0 0.669904 0 0 0 0 0 0.432503 0.675387 0 0 0 0 0.444201 0 0 0 0 0 0 0 0 0 0.73968 0 0 0 0 0 0 0 0.555623 0 0 0.582928 0.27532 0 0 0 0 0 0 0 0 0 0 0 0 0 0 0 0 0 0 0 0 0 0 0 0 0 0 0 0 0 0 0 0.921106 0 0 0 0 0 0 0 0 0 0 0 0 0 0 0 0 0 0 0 0.912449 0 0 0 0 0 0 0 0 0 0 0 0 0 0 0 0 0 0 0 0 0 0 0 0 0 0 0 0 0 0 0 0 0 0 0 0 0.868583 0 0 0 0.73391 0 0 0 0 0 0 0 0 0 0 0 0 0 0 0 0 0 0 0 0 0 0 0 0 0 0 0 0 0 0 0 0 0 0 0 0 0 0 0 0.441355 0 0 0 0 0 0 0 0 0 0 0 0 0 0 0 0 0 0 0.979035 0 0 0 0 0 0 0 0
0 0 0 0 0 0 0 0 0 0 0 0.443146 0 0 0 0 0 0 0 0.0736864 0 0 0 0 0 0 0 0 0 0 0 0 0 0 0 0 0 0 0 0 0.383456 0 0 0 0 0 0 0 0 0 0 0 0 0 0 0 0.589247 0 0 0 0 0 0 0 0 0 0 0 0 0 0 0 0.517705 0 0.486346 0 0 0.854182 0 0 0 0 0 0 0 0 0 0 0.843764 0 0 0 0 0.96713 0 0 0 0.467747 0 0 0 0 0 0 0 0 0 0 0 0 0 0.231237 0 0 0 0 0 0 0 0 0 0 0.731305 0 0 0 0 0 0 0 0 0 0 0 0 0 0 0 0.484286 0 0 0 0 0 0 0 0 0 0 0 0 0 1.01398 0 0 0 0.299989 0 0 0 0 0 0 0 0 0 0 0 0 0 0.990762 0 0 0 0 0 0 0 0 0 0 0 0 0 0 0 0 0 0 0 0 0 0 0 0 0 0 0 0 0
0 0 0 0 0 0 0 0 0 0 0 0 0 0 0 0 0 0 0 0 0 0.664814 0 0 0 0 0 0.681013 0 0 0 0 0 0 0 0 0 0.436574 0 0 0 0 0 0 0 0 0 0 0 0 0.147929 0 0 0 0 0 0 0 0 0 0 0 0 0 0 0 0 0.265121 0 0 0 0.482006 0.2173 0 0 0 0.699582 0 0 0 0.195357 0 0 0 0 0 0 0 0 0.572195 0 0 0 0.458954 0 0 0 0 0 0 0 0 0 0 0 0 0 0 0 0 0 0 0 0 0 0 0 0 0 0 0 0 0 0 0 0 0 0 0 0 0 0 0 0 0 0 0 0.453103 0 0 0 0 0 0 0 0.561037 0 0 0 0 0 0 0 0 0 0 0 0 0 0 0 0 0 0 0 0 0 0 0 0 0 0 0 0 0 0 0 0 0 0 0 0 0 0 0 0 0 0 0 0 0 0 0 0 0 0 0 0 0.502398 0
0 0 0 0 0 0 0 0 0 0 0 0 0 0.499477 0 0 0 0 0 0 0 0 0 0 0 0 0 0 0 0 0 0 0 0 0 0 0 0 0 0 0 0.841351 0.244902 0 0 0 0 0 0 0 0.379345 0 0 0 0 0 0 0 0 0 0 0 0 0 0 0 0 0 0 0 0 0 0 0 0.887382 0 0 0 0 0 0 0 0 0 0 0 0 0 0 0 0 0 0.551297 0 0 0 0 0 0 0 0 0 0 0 0 0 0 0 0.609483 0 0 0 0.73601 0 0 0 0 0.518449 0 0 0 0 0 0 0 0 0 0 0 0.70867 0 0 0 0 0 0 0 0 0 0 0 0 0 0 0 0 0 0 0 0 0 0 0 0 0 0 0 0 0 0 0 0 0 0 0 0 0.219553 0 0 0 0 0 0 0 0 0 0 0 0 0 0 0 0 0 0 0 0 0 0 0 0 0 0 0 0.572266 0 0 0 0 0
0 0 0 0 0 0 0.669246 0.626446 0 0 0 0 0 0 0 0 0 0 0 0 0 0 0 0 0 0 0 0 0 0 0 0 0 0 0 0 0 0.275186 0 0 0 0 0 0 0 0 0 0 0 0 0 0 0 0 0 0 0 0 0 0 0 0 0 0 0 0 0 0 0 0 0 0 0 0 0 0 0 0 0 0 0 0 0 0 0 0 0 0 0.718982 0 0 0 0 0 0 0 0 0 0 0 0 0 0 0 0 0 0 0 0 0 0 0 0 0.239174 0 0 0 0 0 0.629443 0 0 0 0 0 0 0 0 0 0 0 0 0 0 0 0 0 0 0 0 0 0 0 0 0 0 0 0.475191 0 0 0 0 0 0 0 0 0 0 0 0 0 0 0 0 0 0 0 0.709511 0 0 0 0 0 0 0 0.891667 0 0 0 0 0 0 0 0 0 0 0 0 0 0 0 0 0 0 0 0 0 0 0 0
0 0 0.891721 0 0 0 0 0.628785 0 0 0 0 0 0 0 0 0 0 0 0.268522 0.603182 0 0 0.76944 0.259986 0 0 0 0 0 0 0 0 0 0 0 0 0 0 0 0 0 0 0 0 0 0 0 0 0 0 0 0 0 0 0.376685 0 0 0 0.561951 0 0 0 0 0 0 0 0 0 0 0 0 0 0 0 0 0.427275 0 0 0 0 0 0 0 0 0 0.354834 0 0 0 0 0.995171 0 0 0 0 0 0 0 0 0 0.644146 0 0 0 0 0 0 0 0 0.530143 0 0 0 0 0 0 0 0 0 0 0 0 0 0 0 0 0.214733 0 0 0 0 0 0 0 0.90717 0.315887 0 0 0 0 0 0.561037 0 0 0 0 0 0 0 0 0 0 0 0 0.63481 0 0 0 0 0 0 0.399674 0 0.589839 0 0 0 0 0 0 0 0 0 0 0 0 0 0 0 0 0 0 0 0 0 0 1.11537 0 0 0.843137 0 0 0.0888271 0 0 0 0 0 0
0 0 0 0.696346 0 0 0 0 0 0.711578 0 0 0 0 0 0.292989 0 0 0 0 0 0 0 0 0 0.869114 0 0 0 0 0 0 0.420912 0 0.403641 0 0 0 0 0 0 0 0 0 0 0 0 0 0 0 0 0 0 0 0 0 0 0 0 0 0 0 0 0 0 0 0 0 0 0 0 0 0.418827 0 0 0 0 0.305761 0 0 0 0.925213 0 0 0 0 0 0 0 0 0 0 0 0 0 0 0.153697 0 0 0 0 0 0 0 0 0 0 0 0 0 0 0 0 0 0 0 0 0.110996 0 0 0 0 0 0 0 0 0.509113 0 0 0 0 0 0 0 0 0 0.492676 0 0 0 0 0 0 0 0 0 0 0 0 0 0 0.708298 0 0 0.644909 0 0 0 0 0 0 0 0 0 0 0.192962 0 0 0 0 0 0 0 0 0 0 0 0 0 0 0 0 0 0 0 0 0 0 0 0 0 0 0.171206 0 0 0 0 0 0 0
0 0 0 0 0 0 0 0 0 0 0 0 0 0 0 0 0 0 0 0 0 0 0 0 0 0.485537 0 0 0 0 0 0 0 0 0 0 0 0 0 0 0 0 0.422455 0 0 0 0 0 0 0 0 0 0.415312 0 0 0 0 0 0 0 0 0 0 0 0 0 0 0 0 0 0 0.371923 0 0 0 0 0 0 0 0 0 0 0.349094 0 0 0 0 0 0 0 0 0 0 0 0 0 0 0 0 0 0 0 0 0 0 0 0 0.32942 0 0 0 0.443569 0.590967 0 0 0 0 0.319022 0 0 0 0 0 0 0 0 0 0 0.397053 0 0 0 0 0 0 0 0 0 0 0 0 0 0 0 0.475191 0 0 0 0 0 0 0 0 0 0 0 0 0 0 0 0 0 0 0 0 0 0 0 0 0 0 0 0 0 0 0 0 0 0 0 0 0 0 0 0 0 0 0 0 0 0 0 0 0 0 0 0 0 0 0.443904
0 0 0 0 0 0 0 0 0 0 0 0 0 0 0 0 0 0 0 0 0 0 0 0 0 0 0 0 0 0.400188 0 0 0.672573 0 0 0 0 0 0 0 0 0 0 0.631585 0 0 0 0 0 0 0 0 0 0 0 0 0 0 0 0 0 0 0.357208 0 0 0 0 0 0 0 0 0 0 0 0 0 0 0 0 0 0 0 0 0 0 0 0.671447 0 0 0 0 0 0 0 0 0 0 0 0.668404 0 0 0 0.679326 0 0 0 0 0 0 0 0 0 0 0 0 0 0.885458 0 0 0 0 0 0 0 0 0 0 0 0.155603 0 0 0 0 0 0 0 0 0 0 0 0 0 0 0 0 0 0 0 0 0 0 0 0 0 0 0 0 0 0 0 0 0 0 0 0 0 0 0 0 0 0 0 0 0 0 0.860702 0 0 0 0 0 0 0 0 0 0 0 0 0 0 0 0 0 0 0 0 0 0 0 0
0 0 0 0 0 0 0 0 0 0 0.42978 0 0.81842 0 0 0 0 0 0 0 0 0 0 0 0 0 0 0 0.654306 0 0 0 0 0 0 0 0 0 0 0 0 0 0 0 0 0 0 0 0 0 0 0 0 0 0 0 0.857853 0 0 0 0 0 0 0 0 0 0 0 0 0 0 0 0 0 0 0 0 0 0 0 0 0 0 0 0 0 0 0.76972 0 0 0 0.818703 0 0 0.128135 0 0 0 0 0 0 0.402241 0 0 0 0 0 0 0 0 0 0.662593 0 0 0 0 0 0 0 0 0 0 0 0 0 0.518777 0 0 0 0 0 0 0 0 0 0 0 0 0 0 0 0 0 0 0 0 0 0 0 0 0 0 0 0 0 0 0 0 0 0 0 0 0 0 0 0 0 0 0 0 0 0 0 0.157074 0 0 0 0 0 0 0 0 0 0 0 0 0 0 0 0 0 0 0 0 0 0 0 0.159461 0.613915 0
0 0 0 0 0 0 0 0 0 0 0 0 0 0 0 0 0 0 0 0 0 0 0 0 0 0 0 0 0 0 0 0 0 0 0 0 0 0.526761 0 0 0 0 0 0 0 0 0 0 0 0 0 0 0 0 0 0 1.02806 0 0 0 0.265782 0 0 0 0 0 0 0 0 0 0 0 0 0 0 0 0 0 0 0 0 0 0 0 0 0 0 0 0 0.718384 1.05063 0 0 0 0 0 0 0 0 0 0 0 0 0 0 0 0 0 0 0 0 0 0 0.67227 0 0 0 0 0 0 0 0 0 0 0 0 0 0 0 0 0 0 0 0 0 0 0 0 0 0 0 0 0 0 0 0 0 0 0 0 0 0 0 0 0 0 0 0 0 0 0 0 0 0 0 0 0 0 0 0 0 0 0 0 0 0 0 0 0 0 0 0 0 0 0 0 0 0 0 0 0 0 0 0 0 0 0.550876 0 0 0
0 0 0 0 0 0 0 0 0 0 0 0 0 0 0 0 0 0 0 0 0 0 0 0 0.283422 0 0 0 0 0 0 0 0.287486 0 0 0 0 0 0 0 0 0 0 0 0 0 0 0 0 0 0 0 0 0 0 0 0 0 0 0 0 0 0 0 0 0 0 0 0 0 0 0 0 0 0 0 0 0 0 0 0 0.216927 0 0 0 0 0 0 0 0 0 0 0 0 0 0 0 0 0 0 0 0 0 0 0 0 0 0 0 0 0.631294 0.062127 0 0 0 0.279048 0 0 0 0 0 0.664961 0 0 0 0 0 0 0 0 0 0 0 0 0 0 0 0 0 0 0 0 0 0 0 0 0.708298 0 0 0 0 0 0 0 0 0 0 0 0 0.681945 0 0 0 0 0 0 0 0 0 0 0 0.76121 0 0 0 0 0 0 0 0 0 0 0 0 0 0 0 0 0 0 0.722946 0 0 0 0 0 0 0 0 0
0 0 0 0 0 0 0 0 0 0 0 0 0 1.08507 0 0 0 0 0 0 0 0 0 0 0 0 0 0 0 0 0 0 0 0 0 0 0 0 0 0 0 0 0 0 0 0 0.574524 0 0 0 0 0 0.417905 0 0 0 0 0 0 0 0 0 0 0 0 0 0 0 0 0 0 0 0 0 0 0 0 0 0.894324 0 0 0 0 0 0 0 0 0 0 0.590916 0 0 0 0 0 0.102375 0 0 0 0 0 0 0 0 0 0.634273 0 0 0 0 0.442064 0 0 0 0 0 0 0 0 0 0 0 0 0 0 0 0 0 0 0 0 0.61944 0 0 0 0 0 0 0 0 0 1.01398 0 0 0 0 0 0 0 0 0 0 0 0 0 0 0.735355 0 0 0 0 0 1.06083 0 0 0 0 0 0 0 0 0 0 0 0 0 0 0 0 0 0 0 0 0 0 0 0 0 0 0 0 0 0 0.852651 0 0 0 0 0 0
0 0 0 0 0 0 0 0 0 0.211616 0.299562 0 0 0 0 0 0 0 0 0 0 0 0 0 0 0 0 0 0 0 0 0 0 0 0 0 0 0 0 0 0 0 0 0 0 0 0 0 0.881744 0 0 0 0 0 0 0 0 0 0 0 0 0 0 0 0 0 0 0.775448 0 0 0 0 0 0 0 0 0.886733 0 0 0 0 0 0 0 0 0 0 0 0 0 0 0 0 0 0 0 0 0 0 0 0 0 0 0 0 0 0 0 0 0 0 0 1.07 0.275068 0 0 0 0 0 0 0 0 0 0 0 0 0 0 0 0 0 0 0 0 0 0 0 0 0 0 0 0 0 0 0 0 0 0 0 0 0 0 0 0 0 0 0 0 0 0 0 0 0 0 0 0 0 0 0 0 0 0 0.80609 0 0 0 0 0 0 0 0 0 0 0 0 0 0 0 0 0.796862 0 0 0 0 0 0 0 0 0 0
0 0 0 0 0 0 0 0 0 0 0 0 0 0 0 0 0 0 0 0 0 0 0 0 0 0 0 0 0 0 0 0 0 0.134996 0 0 0 0 0 0 0 0 0 0 0 0 0 0 0 0 0 0 0 0 0 0 0 0 0 0 0.691797 0 0 0 0 0 0 0 0.637616 0 0 0 0 0 0 0 0 0 0 0 0 0 0 0 0 0 0 0 0 0 0 0 0 0 0 0 0 0 0 0 0 0 0 0 0 0 0 0 0 0 0 0 0 0.7518 0 0 0 0 0 0 0 0 0 0 0 0 0 0 0 0 0 0 0 0 0 0 0 0 0 0 0 0 0 0 0 0 0.644909 0 0 0 0 0 0 0 0 0 0 0 0 0 0 0 0 0 0 0 0 0 0 0 0 0 0 0 0 0 0 0 0 0 0 0 0 0 0 0 0 0 0 0 0 0 0 0 0.878801 0 0 0 0 0
0 0 0 0 0 0 0 0 0 0 0 0 0 0 0 0 0 0 0 0 0 0 0 0 0 0 0 0 0 0 0 0 0 0.675073 0 0 0 0 0 0 0 0 0 0 0 0 0 0 0 0 0 0 0 0 0 0 0 0 0 0.226007 0 0 0 0 0 0 0 0 0 0 0 0 0 0 0.64885 0.175588 0 0 0 0 0 0 0 0 0 0 0 0 0 0 0 0 0 0 0 0 0 0 0 0 0 0 0 0 0.693653 0 0.331665 0 0 0 0 0 0 0 0 0 0 0 0.775265 0 0 0 0 0 0 0 0 0 0 0 0 0 0 0.688094 0 0 0 0 0 0 0 0 0 0 0 0.63481 0 0 0 0 0 0 0 0 0 0 0 0 0 0 0 0.159314 0 0 0 0 0 0 0 0 0 0 0 0 0 0 0 0 0 0 0 0 0 0 0 0 0 0 0 0 0 0 0 0 0 0 0 0 0 0
0 0 0 0 0 0 0 0 0 0 0 0 0 0 0 0 0 0 0 0 0 0 0.473661 0 0 0.355569 0 0 0.628077 0.653941 0 0 0 0 0.461903 0.561677 0 0 0 0 0 0 0 0 0 0.396269 0 0 0 0 0 0 0 0 0 0.19327 0.481594 0 0 0 0 0 0 0 0 0 0 0 0 0 0 0 0 0 0 0 0 0 0 0 0.202607 0 0 0 0 0 0 0 0 0 0 0.672246 0 0 0 0 0 0 0 0 0 0 0 0 0 0 0 0 0.247735 0 0 0 0 0 0 0 0 0 0 0 0 0 0 0.211268 0 0 0 0 0.599378 0 0 0 0 0.255344 0 0 0 0 0 0 0 0.299989 0 0 0 0 0 0 0 0 0 0 0.735355 0 0 0 0 0 0 0 0.440885 0 0 0 0 0 0 0 0 0 0 0 0 0 0 0 0 0 0 0 0 0 0 0 0 0 0 0 0 0 0 0 0.384732 0 0 0 0 0.344665 0 0
0 0 0.39362 0 0 0 0.699827 0 0 0 0 0 0 0 0 0 0 0 0 0 0 0 0.313734 0 0.827035 0 0 0 0.166568 0 0 0.703014 0 0 0 0 0 0 0 0 0 0 0 0.725652 0 0 0 0 0 1.22283 0.596184 0.666366 0 0 0 0 0 0 0 0 0.615331 0 0 0 0 0 0 0 0 0.435275 0 0 0 0 0 0 0 0 0 0 0.768866 0.843723 0.789942 0 0 0 0 0.172946 0 0 0 0 0 0 0 0 0 0 0 0 0.561385 0.454017 0 0 0 0 0 0 0 0 0 0 0 0 0 0 0 0 0 0 0 0 0 0 0 0 0 0 0 0 0 0 0 0 0 0 0 0 0.839667 0 0 0 0 0 0 0 0 0 0 0 0 0 0 0 0 0 0 0 0.948291 0 0 0 0.911785 0 0 0 0 0 0 0 0 0 0 0 0 0.953025 0 0 0 0 0.190272 0 0 0.193402 0 0 0 0 0 0 0 0 0 0 0 0 0 0 0.51163 0.757501
0 0 0 0 0 0 0 0 0 0 0 0 0.605634 0 0 0 0 0 0 0 0 0 0 0 0 0 0 0 0 0 0 0.315427 0 0 0.567334 0 0 0 0 0 0 0 0 0 0 0 0 0 0 0 0 0 0 0 0 0 0 0 0 0 0 0 0 0 0 0 0 0 0 0 0 0 0 0 0 0 0 0 0 0 0 0 0 0 0 0 0 0 0 0 0 0 0 0 0 0 0 0.450357 0 0 0 0 0 0 0 0 0 0 0 0 0 0.149415 0 0 0 0 0 0 0 0 0 0 0 0 0 0 0 0 0 0 0 0 0 0 0 0 0 0 0 0 0 0 0 0 0 0 0 0 0 0 0 0 0 0 0 0 0 0.948291 0 0 0 0 0 0 0 0 0 0 0 0 0 0.893655 0 0 0 0 0 0 0 0 0.842872 0 0 0.912536 0 0 0 0 0 0.39806 0 0.934227 0 0 0 0 0 0 0 0
0 0 0 0 0 0 0 0 0 0 0 0 0 0 0.256827 0 0 0 0 0 0 0 0.361253 0 0 0 0 0 0 0 0 0 0 0 0 0 0 0 0 0 0 0 0 0 0 0 0 0.828731 0 0 0 0.170503 0 0 0 0 0.831119 0 0 0 0 0 0 0 0 0 0 0 0 0 0 0 0 0.443598 0 0 0 0 0 0 0 0 0 0 0 0.249003 0 0 0 0 0 0 0 0 0 0 0 0 0.966305 0 0 0 0 0 0 0.52615 0 0 0 0 0 0 0 0 0 0 0 0.235788 0 0 0 0 0 0 0 0 0 0 0 0 0 0 0 0 0 0 0 0 0 0 0 0 0 0 0 0 0 0 0 0 0 0.681945 0 0 0 0 0 0 0 0 0 0 0 0 0 0 0 0 0 0 0 0 0 0 0 0 0 0 0 0.213648 0 0 0 0 0 0 0 0 0 0 0 0 0 0 0 0 0 0 0 0
0 0 0 0.309142 0 0 0 0 0 0 0 0 0 0 0 0 0 0 0 0 0 0 0 0 0 0 0 0 0 0 0 0 0 0 0 0 0 0 0 0 0 0 0 0.457337 0 0 0 0 0 0 0 0 0 0 0 0 0 0 0 0 0 0 0 0 0 0 0 0 0 0.0403859 0 0.250271 0 0 0 0 0 0 0 0 0 0 0 0 0 0.42339 0.5654 0 0 0 0 0 0 0 0 0 0 0 0 0 0 0 0 0 0 0 0 0 0 0 0 0.613719 0 0 0 0 0 0 0 0.476399 0 0 0 0 0 0 0 0 0 0 0 0 0 0 0 0 0 0 0 0 0 0 0 0 0 0 0 0 0 0 0 0 0 0 0 0 0.440885 0 0 0 0 0 0 0 0 0 0 0 0 0 0 0 0 0 0 0 0.205257 0 0 0 0 0 0.568269 0 0 0 0 0 0 0 0 0 0 0 0 0 0 0 0 0
0 0 0 0 0.137203 0 0 0 0 0 0 0 0 0 0 0 0 0 0 0 0 0 0 0 0 0 0 0 0 0.582229 0 0 0 0 0 0 0 0 0.0382524 0 0 0 0 0 0 0 0 0 0 0 0 0 0.142867 0 0 0 0 0 0 0 0 0 0 0 0 0 0 0 0 0 0 0 0 0 0 0 0 0 0 0 0 0 0 0 0 0 0 0.738797 0 0 0.801264 0 0 0.573382 0 0 0 0 0 0 0 0 0 0 0 0 0 0 0 0.50244 0 0 0 0 0 0 0 0 0 0 0 0 0 0 0 0.424113 0.405189 0 0 0 0 0 0 0 0 0 0 0 0 0 0 0 0 0 0 0 0 0 0 0 0 0 0 0 0 0.159314 0 0 0 0 0 0 0.678916 0 0.854145 0 0 0 0 0 0 0 0 0 0 0 0 0 0 0 0 0 0 0 0 0 0 0 0 0 0 0 0 0 0.405614 0 0 0 0 0
0 0 0 0 0 0 0 0 0 0 0 0 0 0 0 0 0 0 0 0 0 0 0 0 0 0 0 0 0 0 0 0 0.450006 0 0 0 0 0 0 0 0 0 0 0 0 0 0 0 0 0 0 0 0 0 0 0 0 0.733497 0 0.629818 0.79558 0 0 0 0 0 0 0 0.721026 0 0 0 0 0 0 0 0 0 0 0 0 0 0 0 0 0 0 0 0 0 0 0 0 0.936733 0 0 0.752407 0 0 0.431765 0 0 0 0 0 0 0 0 0 0 0 0 0 0 0 0 0 0 0 0 0 0 0 0 0 0.258922 0 0 0 0 0 0 0 0 0 0 0 0 0 0 0 0 0 0 0 0.399674 0 0 0 0 0 0 1.06083 0 0 0 0 0.911785 0 0 0 0.678916 0 0 0 0 0 0 0 0 0 0 0.543115 0 0 0 0.76306 0 0 0 0 0 0 0 0 0 0 0 0 0 0 0 0.702355 0 0 0 0 0 0 0
0.0798238 0 0 0 0 0 0 0.69634 0 0 0 0 0 0 0 0 0 0 0 0 0 0 0 0 0 0 0 0 0 0 0 0 0 0 0 0 0 0.457551 0 0 0 0 0 0 0 0 0 0 0 1.10441 0 0 0 0 0 0 0 0 0.949465 0 0 0 0 0 0 0 0 0 0.581947 0 0.824701 0 0.501981 0 0 0 0 0 0 0 0 0 0 0 0 0 0 0 0 0 0 0 0 0 0 0 0 0 0.568445 0 0 0 0 0.301125 0 0 0 0 0 0 0 0 0 0 0 0 0 0 0 0 0 0 0 0 0 0 0 0 0 0 0 0 0 0 0 0 0 0 0 0 0 0 0 0 0 0 0 0 0 0 0 0 0 0 0 0 0 0 0 0 0 0 0 0 0 0 0 0 0 0 0 0 0 0 0 0 0 0 0 0 0 0 0 0 0 0 0 0 0 0 0 0 0 0 0 0 0 0 0 0
0 0 0 0 0 0 0 0.928309 0 0 0 0 0 0 0 0 0 0 0 0 0 0 0 0 0 0 0 0 0 0 0 0 0.619019 0 0 0.923039 0 0 0 0 0 0 0.505895 0 0 0 0 0 0 0 0 0 0 0 0 0 0 0 0 0 0 0 0 0 0 0 0 0 0 0 0 0 0 0 0 0 0 0 0 0 0 0 0 0.659352 0 0 0 0 0 0 0 0 0 0 0 0 0 0 0.140806 0 0 0 0 0 0 0 0 0 0 0 0 0 0 0.71587 0 0 0 0 0 0 0 0.955468 0 0 0 0 0 0 0 1.27871 0 0 0 0 0 0 0 0 0 0 0 0 0 0 0 0.589839 0 0 0 0 0 0 0 0 0 0 0 0 0 0 0 0.854145 0 0 0 0 0.515233 0 0 0 0 1.08444 0 0 0 0 0 0 0 0 0 0 0 0 0 0 0 0 0 0 0 0 0 0 0 0 0 0 0 0
0 0 0 0 0 0 0 0 0 0 0 0 0 0 0 0 0 0 0 0.980021 0 0 0.615101 0 0 0 0 0 0.712137 0 0 0 0 0 0 0 0 0 0 0 0 0 0 0 0 0 0 0 1.04098 0 0 0 0 0 0 0 0 0 0 0 0 0 0 0 0 0 0 0 0 0 0 0 0 0 0 0 0 0 0 0 0.507294 0 0 0 0 0 0 0 0 0 0 0 0 0 0 0 0 0 0 0 0.789932 0 0 0 0 0 0 0 0 0 0 0 0 0 0 0 0 0 0 0 0 0 0 0 0 0 0 0 0 0.180747 0 0 0 0 0 0 0 0 0 0 0 0 0 0 0 0 0.192962 0 0 0 0 0 0 0 0 0 0 0 0 0 0 0 0 0 0 0 0.911918 0 0 0 0 0 0 0 0 0 0 0 0 0 0 0 0 0 0 0 0 0 0 0 0 0 0 0.760597 0 0 0 0 0 0
0 0 0 0 0 0 0 0 0 0 0 0 0 0 0 0.56229 0 0 0 0 0 0 0 0 0 0 0 0 0 0 0.900404 0 0 0.620529 0 0 0 0 0 0 0 0 0 0 0 0 0 0 0 0 0 0 0 0 0.331132 0 0 0 0 0 0 0 0 0 0 0 0 0 0 0 0 0 0 0 0 0 0 0 0 0 0 0 0 0 0 0 0 0.252253 0 0 0 0 0 0 0 0 0 0 0.403296 0 0 0 0 0 0 0 0 0 0 0 0 0 0 0 0 0 0 0 0 0.323764 0 0 0 0 0 0 0 0 0 0 0 0 0 0 0 0 0 0 0 0 0 0 0 0.219553 0 0 0 0 0 0 0 0 0 0 0 0 0 0 0 0 0 0 0 0 0.515233 0.911918 0 0 0.501054 0 0 0 0 0 0 0 0 0 0 0 0 0 0 0 0 0 0 0 0 0 0 0.584826 0 0 0 0 0 0 0 0
0 0 0 0.658344 0 0 0 0 0 0 0 0 0 0 0 0 0 0 0.754869 0 0 0 0 0 0 0 0 0 0 0 0 0.934609 0 0 0 0 0 0 0 0 0 0 0.857753 0 0 0 0 0 0 0 0 0 0 0 0 0 0 0 0 0 0 0 0 0 0 0 0 0 0 0 0 0 0 0 0 0 0 0 0 0 0 0 0.199478 0 0 0 0 0 0 0 0 0 0 0 0 0 0 0 1.11987 0 0 0 0 0.702336 0 0 0 0 0 0 0 0 0 0 0 0 0.0831802 0 0 0 0 0 0 0 0 0 0 0 0 0 0 0 0.266071 0 0 0 0 0 0 0.487918 0 0 0 0 0.709511 0 0 0 0 0 0 0 0 0 0 0 0 0 0 0 0 0 0 0 0 0 0 0 0 0 0 0 0 0 0 0 0 0 0 0 0 0 0 0.580102 0 0 0 0 0 0 0 0 0.372574 0 0 0 0 0 0 0
0 0 0 0 0 0 0 0 0 0 0.871509 0 0 0 0 0 0 0 0 0 0 0 0 0 0 0 0 0 0 0 0 0 0 0 0 0 0 0 0 0 0 0 0 0 0 0 0 0 0 0 0 0 0 0 0 0 0 0.847229 0 0 0 0 0 0 0 0 0 0 0 0 0 0 0 0 0 0 0 0 0 0 0 0 0 0.643529 0 0 0 0 0 0 0 0 0 0 0 0 0 0 0 0 0 0 0 0.502829 0 0 0 0 0 0 0 0 0 0 0 0 1.22062 0 0 0 0 0 0 0 0 0 0 0 0 0 0 0 0 0 0 0 0 0 0 0 0 0 0 0 0 0 0 0 0 0 0 0 0 0 0 0 0 0 0 0 0 0 0 0 0 0 0.501054 0 0 0 0 0 0.715766 0 0 0 0 0 0 0 0 0 0 0 1.00088 0 0 0.924244 0 0 0 0 0.868368 0 0 0 0 0.817368 0 0
0 0 0 0 0 0 0 0 0 0 0 0 0 0 0 0 0 0 0 0 0 0 0 0 0 0 0 0 0 0 0 0 0 0 0 0 0 0 0 0 0 0 0 0 0.828961 0 0 0 0.636709 0 0 0 0 0 1.12256 0 0 0 0 0 0 0 0 0 0 0 0 0 0 0 0 0 0 0 0 0 0 0 0 0 0 0 0 0 0 0 0 0 0 0 0 0 0 0 0 0 0 0 0 0 0 0 0 0 0 0 0 0.95248 0 0 0 0 0 0.862787 0 0 0 0 0 0 0 0 0 0 0 0 0 0.0491121 0 0 0 0 0 0 0 0 0 0 0 0 0 0 0 0 0 0 0 0 0 0 0 0 0 0 0 0 0 0 0 0 0 0 0 0 0 0 0 0 0 0 0 0 0 0 0 0 0 0 0 0 0 0 0 1.05275 0 0 0 1.21809 0 0 0 0 0.419063 0 0 0 0 0 0 0
0 0 0 0 0 0 0 0 0 0 0 0 0 0 0 0 0 0 0 0 0 0.933307 0 0 0 0 0 0 0 0.278099 0.745861 0 0 0 1.07495 0 0 0 0 0 0 0 0 0 0.475788 0 0 0 0.853364 0 0 0.637709 0 0 0 0 0 0 0 0 0 0 0 0 0 0.939373 0 0 0 0 0 0 0 0 0 0 0 0 0 0.604651 0 0 0 0 0 0.758883 0 0 0 0 0 0 0 0 0 0 0 0 0.812307 0 0 0 0 0 0 0 0 0 0 0 0 0 0 0 0 0 0 0 0 0 0 0 0 0 0 0 0.380168 0 0 0 0 0 0 0 0 0 0 0 0 0 0 0.990762 0 0 0 0 0 0 0 0 0 0 0 0 0 0 0 0 0 0 0 0 0 0 0 0 0 0 0 0 0 0 0 0 0 0 0 0 0 0 0 0 0 0 0.552265 0 0 0 0 0 0 0 0 0 0 0 0 0 0 0
0 0 0 0 0 0 0 0 0 0 0 0 0 0 0 0.196674 0 0 0 0 0 0 0 0 0 0 0 0 0 0 0 0 0 0 0 0 0 0 0 0 0 0 0 0 0 0 0 0 0 0 0 0 0 0 0 0.794305 0 0 0 0 0 0 0 0 0 0 0 0 0 0 0 0 0 0 0 0 0 0 0 0 0 0 0 0 0 0 0 0 0 0 0 0 0 0 0 0 0.259559 0 0 0 0 0 0 0 0.660386 0 0 0 0 0 0 0 0 0 0 0 0 0 0 0 0 0 0 0.412514 0 0 0 0.869344 0 0 0.184931 0 0.189974 0 0 0 0 0 0 0 0 0 0 0 0 0 0 0 0 0 0 0.76121 0 0 0 0 0 0 0.893655 0 0 0 0 0 1.08444 0 0 0 0 0 0 0 0 0 0 0 0 0 0 0 0 0 0 0 0 0 0 0 0.639366 0 0 0 0.406848 0 0 0 0 0 0 0
0 0 0.616233 0 0 0 0 0 0 0 0 0 0 0 0 0 0 0 0 0.46485 0 0 0 0 0 0 0 0 0 0 0 0 0 0 0 0 0 0 0 0 0 0 0 0 0 0 0 0 0 0 0 0 0 0 0 0 0.722918 0 0 0 0 0 0 0 0 0 0 0 0.35234 0 0 0 0 0 0 0 0 0 0 0 0 0 0 0 0 0 0 0 0 0 0 0 0 0 0 0 0 0 0 0 0 0 0 0 0.688785 0.746262 0 0 0 0 0 0 0 0 0.151318 0 0 0 0 0 0 0 0 0 0 0 0 0 0 0 0.348761 0.532445 0 0 0 0 0 0 0 0 0.441355 0 0 0 0 0 0 0 0 0 0 0 0 0.80609 0 0 0 0 0 0 0 0 0.543115 0 0 0 0 0 0.715766 0 0 0 0 0 0 0 0 0 0 0 0 0 0 0 0 0 0 0 0 0 0 0 0 0 0 0 0 0.252969 0 0
0 0 0 0 0 0 0.890224 0 0 0 0 0 0 0 0 0 0 0 0 0 0 0 0 0 0 0 0 0 0 0 0 0.770652 0 0 0 0 0.858613 0.682215 0 0 0 0 0 0.495651 0 0 0 0 0 0 0 0 0.114262 0 0 0 0 0 0 0 0 0 0 0 0 0 0 0 0 0 0 0 0 0 0 0 0 0 0 0.419611 0 0 0 0 0 0 0 0 0 0 0 0 0 0 0 0 0 0 0 0 0.618183 0 0.313597 0 0 0 0 0 0 0 0 0 0 0 0 0 0 0.166861 0 0 0 0 0 0 0 0 0 0 0 0 0 0 0 0 0 0 0 0.570865 0 0.586442 0 0 0 0 0 0 0 0 0 0.157074 0 0 0 0 0 0 0 0 0 0 0 0 0 0 0 0 0 0 0 0 0 0 0 0 0 0 0 0 0 0 0 0 0 0 0 0 0 0 0 0 0 0 0 0 0 0 0.333632 0 0 0
0 0 0 0 0 0 0 0 0 0 0 0 0 0 0 0 0 0 0 0 0 0 0.427683 0 0 0.128925 0 0 0 0 0 0 0 0 0 0 0 0 0 0.380374 0 0 0.159087 0 0 0 0 0 0 0 0 0 0 0 0 0 0 0 0.725546 0 0 0 0 0 0 0 0 0 0 0 0.641798 0 0 0 0 0 0 0 0 0 0 0 0 0 0 0 0.260295 0 0 0 0 0 0 0 0 0 0 0 0 0 0 0 0 0 0 0 0 0 0 0 0 0 0 0 0 0 0 0 0 0 0 0 0 0 0 0 0.386567 0 0 0 0 0.292317 0 0 0 0 0 0 0 0 0 0 0 0 0 0 0 0 0 0 0 0 0 0 0 0 0 0 0 0 0 0 0 0 0 0 0 0 0 0 0 0 0 0 0 0 0 0 0 0 0 0 0.260584 0 0 0 0 0 0 0 0 0.674362 0.671726 0 0 0 0 0 0 0
0 0 0 0 0 0 0 0 0 0 0 0 0 0 0 0 0 0 0 0 0 0 0 0 0 0 0 0 0 0 0 0.424942 0 0 0 0 0.525755 0 0 0 0 0 0 0 0 0 0 0 0 0 0 0.870277 0 0 0 0 0 0 0 0.486356 0 0 0 0 0 0 0 0 0.573725 0 0.366676 0 0 0 0 0 0 0 0 0 0 0 0 0 0 0 0 0 0 0 0 0 0 0 0 0 0 0 0.5473 0.534786 0 0 0 0 0 0 0 0 0 0 0 0 0 0 0 0 0 0 0 0 0 0 0 0 0 0 0 0 0 0.94104 0 0 0 0 0 0 0 0 0 0 0 0 0 0 0.891667 0 0 0 0.860702 0 0 0 0 0 0 0 0 0.953025 0 0 0 0 0 0 0 0 0 0 0 0 0 0 0 0 0 0 0 0 0 0 0.819353 0 0 0 0 0 0 0 0 0 0 0 0 0 0 0 0 0 0 0
0 0 0 0 0 0 0 0 0 0 0 0 0.719535 0 0 0 0 0 0 0 0 0 0 0 0 0 0 0.691301 0 0 0 0 0 0 0 0 0 0 0 0 0 0 0 0 0.222072 0 0 0 0 0 0 0 0 0 0.688843 0 0 0 0 0 0 0 0 0 0 0 0 0 0 0 0 0 0 0 0.678809 0 0 0 0.642303 0 0 0 0 0 0 0 0 0 0 0 0.802131 0 0 0 0 0 0 0 0 0 0 0 0 0.490669 0 0 0 0 0 0 0 0 0 0 0 0 0 0 0 0 0 0 0.679258 0 0 0 0 0 0 0 0 0 0 0 0 0 0 0 0 0 0 0 0 0 0 0 0 0 0 0 0 0 0 0 0 0 0 0 0 0 0.205257 0 0.76306 0 0 0 0 0 0 0 0 0 0 0 0 0 0 0 0 0 0 0 0 0 0 0 0 0 0 0 0 0 0 0 0 0 0 0.0884325 0 0
0 0 0 0.576803 0 0 0 0 0.431241 0.603458 0 0 0 0 0 0 0.0708792 0 0 0 0 0 0 0 0 0 0 0 0 0.577179 0 0 0 0 0 0 0 0 0 0 0 0 0 0 0 0 0 0 0 0 0 0 0 0 0.787603 0 0 0 0 0 0 0 0 0 0 0 0 0 0 0 0 0 0 0 0 0 0 0.341097 0 0 0 0 0 0 0 0 0 0 0 0.669801 0 0 0 0 0 0.457416 0 0 0 0 0 0 0 0 0 0 0 0 0 0 0 0 0 0 0 0 0 0 0 0 0 0 0 0 0 0 0 0 0 0 0 0 0 0 0 0 0 0 0 0 0 0 0 0 0 0 0 0 0 0 0 0 0 0 0 0 0 0 0 0 0 0 0 0 0 0 0 0 0 0 0 0 0 0 0 0 0 0 0 0.154008 0 0 0.50428 0 0 0 0 0.869231 0 0 0 0 0 0 0 0 0 0 0 0
0 0 0 0 0 0 0 0 0 0 0 0.0781414 0 0 0 0 0 0 0 0 0 0 0 0 0 0 0 0 0.465496 0 0 0 0 0 0 0 0 0 0.597346 0 0 0 0.147967 0.261622 0 0 0 0 0 0 0 0 0 0 0 0 0 0 0 0 0 0 0 0 0 0.469977 0.452152 0 0 0 0 0 0 0 0 0 0 0 0.0850498 0 0.455417 0 0 0 0 0 0 0 0 0 0 0 0.716676 0 0 0 0 0 0 0.0553801 0 0 0 0 0.236447 0 0 0.392217 0 0 0 0 0.67431 0 0 0 0 0 0 0 0 0 0 0 0 0 0 0 0 0 0 0 0.523508 0 0 0 0 0 0.371635 0 0 0 0 0 0 0 0 0 0 0 0 0 0 0 0 0 0 0 0 0 0 0 0 0 0 0 0 0 0 0 0 0 0 0 0 0 0 0 0 0 0 0 0.274064 0.532655 0 0 0 0 0 0 0 0 0 0 0 0 0 0 0 0
0 0 0 0 0 0.482267 0 0 0 0 0 0 0 0 0 0 0 0 0 0 0 0 0 0 0 0 0 0 0 0 0 0 0 0 0 0 0 0 0 0 0 0 0 0 0 0 0 0 0 0 0.145802 0 0 0 0 0 0 0 0.42113 0 0 0 0 0 0 0 0 0 0 0 0 0 0 0.238274 0 0 0 0 0 0 0 0 0 0 0 0 0 0 0.274838 0 0 0 0 0 0 0 0 0 0 0 0 0 0 0 0 0 0 0 0.464377 0 0 0 0 0 0 0 0 0 0 0 0 0 0 0.123495 0 0 0 0 0 0 0 0 0 0 0 0 0 0.494915 0 0 0 0 0 0 0 0 0 0 0 0 0 0 0 0 0 0 0 0 0 0.213648 0 0 0 0 0 0 0 0 0 0 0 0 0 0 0 0 0 0.154008 0 0 0 0 0 0.499487 0 0 0 0 0 0 0 0.422535 0.215059 0.467705 0 0 0 0 0 0
0 0 0 0 0 0 0 0 0 0 0 0 0 0 0 0 0 0 0 0 0 0 0 0 0 0 0 0 0 0.147203 0 0 0 0 0 1.07347 0 0 0 0 0 0 0 0 0 0 0 0 0 0 0 0 0 0 0 0 0 0 0 0 0 0 0 0 0 0.840217 0 0 0 0 0 0 0 0 0 0 0 0 0 0 0 0 0.599745 0 0 0 0 0 0.594833 0 0 0 0 0 0 0 0 0 0 0 0 0 0.572722 0 0 0 0 0 0.842146 0 0 0 0 0 0 0 0 0 0 0 0 0 0 0.466532 0 0 0 0 0 0 0 0 0 0 0 0.103999 0 0 0 0 0 0 0 0 0 0 0 0 0 0 0 0 0 0 0 0 0 0.190272 0.842872 0 0 0 0 0 0 0 0 0 0 0 0 0 0 0 0 0.819353 0 0 0 0 0 0 0 0 0 0 0 0 0 0 0 0 0 0 0 0 0 0 0 0
0 0 0 0 0 0 0 0 0 0 0 0 0 0 0 0.247815 0 0 0 0 0 0 0 0 0 0.923761 0 0 0 0 0 0 0 0 0 0 0 0 0 0 0 0 0 0 0 0 0.48579 0 0 0 0 0 0 0 0 0 0 0 0 0 0 0 0 0 0 0 0 0 0 0 0 0 0.465001 0 0 0 0 0 0 0 0 0 0 0 0 0.122505 0 0 0 0 0 0 0 0 0 0 0 0 0 0 0.701981 0 0 0 0 0 0 0 0 0 0 0 0 0 0 0 0 0 0 0 0 0 0 0 0 0 0 0 0 0 0 0 0 0 0 0 0 0 0 0 0 0 0 0 0 0 0 0 0 0 0 0 0 0 0 0 0 0 0 0 0 0 0 0 0 0 0 0 0 0 0 0 0 0 0 0 0 0 0 0 0 0 0 0 0 0 0 0 0 0 0 0 0 0 0 0.867731 0 0 0 0
0 0 0 0 0 0 0 0 0 0 0 0 0 0 0 0 0 0 0 0 0 0 0 0 0 0 0 0 0 0 0.939357 0 0 0 0.584523 0 0 0.734754 0 0 0 0 0 0 0 0 0 0 0 0 0 0 0 0 0.712396 0 0 0 0 0 0 0 0 0 0 0 0 0 0 0 0 0 0 0 0 0 0 0 0 0 0 0 0 0 0 0 0 0 0 0 0.379839 0 0 0.773765 0 0 0 0 0 0 0 0.444873 0 0 0.507741 0 0 0 0 0 0 0 0 0 0 0 0 0.596011 0 0 0 0 0 0 0 0 0 0 0 0 0 0 0 0 0 0.631863 0 0 0 0 0 0 0 0 0 0 0 0 0 0 0 0 0 0 0 0 0 0 0 0 0.568269 0 0 0 0 0 0 0 0 0 0 0 0 0 0.260584 0 0 0.50428 0.274064 0 0 0 0 0 0 0 0 0.814008 0 0 0 0 0 0 0 0 0 0 0 0
0 0 0 0 0 0 0 0 0 0 0 0 0 0 0 0 0 0 0 0 0 0 0 0 0 0 0 0 0 0 0 0 0 0 0 0 0 0 0.695609 0 0 1.06439 0 0 0 0 0 0 0 0 0 0 0 0 0 0 0 0 0 0 0 0 0 0 0 0 0 0 0 0 0.764126 0 0 0 1.13781 0 0 0 0 0 0 0 0 0 0 0 0 0 0 0.0803167 0 0 0 0 0 0 0 0 0 0 0 0 0 0 0.357214 0 0.616144 0 0 0 0 0 0 0.256735 0 0 0 0 0 0 0.86525 0 0 0 0 0 0 0 0.161739 0 0 0.311237 0.425364 0 0 0 0 0 0 0 0 0 0 0 0 0 0 0 0 0 0 0 0 0 0 0 0 0.193402 0.912536 0 0 0 0 0 0 0 0 0.580102 0 1.05275 0 0 0 0 0 0 0 0 0.532655 0.499487 0 0 0 0 0 0 0 0 0 0 0 0.175331 0 0 0 0 0 0 0 0
0 0 0 0 0 0 0 0 0 0 0 0 0 0 0 0 0 0 0 0 0 0 0 0 0 0 0 0 0 0 0 0 0 0 0 0 0.831224 0 0 0 0 0 0 0 0 0 0 0 0 0 0 0 0 0.171292 0 0.729121 0 0 0 0 0 0.712352 0 0 0 0 0 0 0 0 0 0 0 0 0 0 0 0 0 0.437105 0 0 0 0 0.726011 0 0.704148 0 0 0 0 0 0 0 0 0 0 0.384808 0 0 0 0 0 0 0 0 0 0 0 0 0 0 0 0 0 0 0.257318 0 0 0 0 0 0 0.350993 0 0.666007 0 0 0.481706 0 0 0 0.12934 0 0 0 0 0.292377 0 0 0 0 0 0 0 0 0 0 0 0 0 0 0 0 0 0 0 0 0 0 0 0 0 0 0 0 0 0 1.00088 0 0.552265 0 0 0 0 0 0 0 0 0 0 0 0 0 0 0 0 0 0 0 0 0 0 0 0 0 0 0 0 0
0 0 0.523123 0.213117 0 0 0 0 0 0 0 0 0 0 0 0 0 0 0 0 0 0 0.316079 0 0 0 0 0 0.401005 0 0 0 0 0 0 0 0 0 0 0 0 0 0 0 0 0 0 0 0 0 0 0.74721 0 0 0 0 0 0 0 0 0 0 0 0 0 0 0 0 0 0 0 0 0 0 0 0 0 0 0 0 0.486196 0 0 0 0 0 0 0.28938 0 0 0 0.344266 0 0 0 0.856935 0 0 0 0 0 0 0 0 0 0 0 0 0 0 0 0 0 0 0 0 0 0 0 0 0.45949 0 0 0 0 0 0 0 0 0 0 0 0 0 0 0 0 0 0 0 0 0 0 0 0 0 0 0 0 0 0 0 0 0 0 0 0 0 0 0 0 0 0 0 0 0 0 0 0 0 0 0 0 0 0 0 0 0 0 0 0 0 0 0 0 0 0 0 0 0 0 0.56192 0 0 0 0 0 0 0 0
0 0 0 0 0 0 0 0 0 0 0 0 0 0 0 0 0 0 0 0 0 0 0 0.890537 0 0 0 0 0 0 0 0 0 0 0 0 0 0.972149 0 0 0 0 0 0 0 0 0 0 0 0 0 0 0 0 0 0 0 0 0 0 0 0 0 0 0 0 0 0 0 0 0 0 0 0 0 0 0 0 0 0 0 0 0 0 0 0 0 0 0 0 0 0 0 1.00004 0 0 0 0 0.887165 0 0 0 0 0 0.970879 0 0 0 0 0 0 0 0 0 0 0 0 0 0 0 0 0 0 0 0 0 0 0 0 0 0 0 0.678497 0 0 0 0 0 0 0 0 0 0 0 0 0 0 0 0 0 0 0 0 0 0 0 0 0 0 0 0 0 0 0 0 0 0 0 0 0 0 0 0 0 0 0 0 0 0 0 0 0 0 0 0 0 0 0 0 0 0 0 0 0 0 0 0 0 0 0
0 0 0 0 0 0 0 0 0 0 0 0 0 0 0 0 0 1.1963 0 0 0 0 0 0 0 0 0 0 0 0 0.860225 0 0 0 0 0 0 0 0 0 0.685731 0 0 0 0 0 0 0 0 0 0 0 0 0 0 0 0 0 0 0 0 0 0 0 0 0 0 0 0 0.513024 0 0 0 0 0 0 0 0 0 0 0 0 0 0 0 0 0 0 0 0 0 0 0 0 0 0.901477 0 0 0 0 0 0 0 0 0 0 0 0 0 0 0 0 0 0 0 0 0 0 0 0 0.929734 0 0 0 0 0 0.476617 1.2659 0 0 0 0 0.669682 0 1.34541 0 0 0 0 0 0 0 0 0 0 1.11537 0 0 0 0 0 0 0 0 0 0 0 0 0 0 0 0 0 0 0 0 0 0 0.924244 1.21809 0 0 0 0 0 0 0 0.869231 0 0 0 0 0.814008 0 0 0 0 0 0 0 0 0 0 0 0 0 0 0 0 0
0.230637 0 0 0 0 0 0 0 0 0 0 0 0 0 0 0 0 0 0 0 0 0 0 0 0 0 0 0 0 0 0 0 0 0 0 0 0 0 0 0 0 0 0 0 0 0 0 0 0 0 0 0 0 0 0 0 0 0 0 0 0 0 0 0 0 0 0 0.890779 0 0 0 0 0 0 0 0.610928 0 0 0 0 0 0 0 0 0.513346 0 0 0 0 0 0 0 0 0 0 0.821454 0 0.697461 0 0 0 0 0 0 0 0 0 0 1.01321 0 0 0.831745 0 0 0 0 0.822065 0 0 0 0 0 0 0 0 0 0 0 0 0 0 0 0 0 0 0 0 0 0 0 0 0 0 0 0 0 0 0 0 0 0 0 0 0 0 0 0 0 0 0 0 0 0 0 0 0 0 0 0 0 0 0.639366 0 0 0 0 0 0 0 0 0 0 0 0 0 0 0 0 0 0 0 0 0 0 0 0 0 0 0.537029 0
0 0 0 0 0 0 0 0 0 0 0 0 0 0 0 0 0 0 0 0 0 0 0 0 0 0 0 0 0 0 0 0 0 0 0.910144 0 0 0 0 0 0 0 0 0 0 0 0 0 0 0 0 0 0 0 0 0 0 0 0 0 0 0 0 0 0 0.490538 0 0 0 0 0 0 0.583846 0 0 0 0 0 0 0 0 0 0 0 0 0 0 0 0 0 0 0 0 0 0 0 0 0 0 0 0 0 0 0 0 0 0 0 0 0 0 0 0.736994 0 0 0 0 0 0.554927 0 0.377633 0 0 0 0 0.45696 0 0 0 0 0 0 0 0 0 0 0 0 0 0 0 0 0 0 0 0 0 0 0 0 0 0 0 0.796862 0 0 0 0 0.39806 0 0 0 0 0 0 0 0 0 0 0 0 0 0 0 0 0 0 0 0 0 0 0 0 0 0 0 0 0 0 0 0 0 0.84735 0 0 0.702621 0 0 0 0
0 0 0 0.450926 0 0 0 0 0 0 0 0.689583 0 0 0 0 0.411173 0 0 0 0 0 0 0 0 0 0 0 0 0 0 0 0.501479 0 0 0 0 0.212679 0 0 0 0 0 0 0 0 0 0 0 0 0 0 0 0 0 0 0 0 0 0 0 0 0 0 0 0.822301 0 0 0 0.189103 0 0 0 0 0 0 0.894073 0 0 0 0 0 0 0 0.723927 0 0 0 0 0 0 0 0 0 0 0 0 0 0 0 0 0 0 0 0 0 0 0 0 0 0 0 0 0 0 0 0 0 0 0 0.826294 0 0 0 0 0 0 0 0 0 0 0 0 0 0 0.44497 0 0 0 0 0 0 0 0 0 0.843137 0 0 0 0 0 0.722946 0 0 0 0 0 0 0 0 0 0 0 0 0 0 0 0 0 0 0 0 0 0 0 0 0 0 0 0 0 0 0 0 0 0 0 0 0 0 0 0 0 0 0 0 0 0 0 0
0 0 0 0 0 0 0 0 0 0 0.172383 0 0 0 0 0 0.585364 0 0 0 0 0.952787 0 0 0 0 0 0 0 0 0 0 0 0 0 0 0 0 0 0 0 0 0.606868 0 0 0 0 0 0 0 0 0 0 0 0 0 0 0 0 0 0 0 0 0 0 0 0 0 0 0 0 0 0 0 0 0 0 0 0 0 0 0 0.48918 0 0 0 0 0 0 0 0 0 0 0 0 0 0 0 0 0 0 0 0 0 0 0 0 0 0 0 0 0 0 0 0 0 0 0 0 0 0 0 0 0 0 0 0 0 0 0 0 0 0 0 0 0 0 0 0 0 0.979035 0 0 0 0 0 0 0 0 0 0 0 0 0 0 0 0 0 0.934227 0 0 0 0 0 0 0 0.584826 0 0 0 0 0 0 0 0.674362 0 0 0 0 0.422535 0 0 0 0.175331 0 0.56192 0 0 0 0 0 0 0 0 0 0 0.611918 0 0 0
0 0 0 0.640995 0 0 0 0 0 0.667067 0 0 0 0 0 0 0 0 0 0 0 0 0 0 0 0 0 0 0 0 0 0 0 0 0 0 0 0 0.0316417 0 0 0 0 0.439496 0 0 0 0 0 0 0 0 0 0 0 0.576813 0 0 0 0 0 0.360499 0 0 0.766559 0 0 0 0 0 0 0 0 0 0 0 0 0 0 0 0.183659 0 0 0 0 0 0 0 0 0 0 0 0 0 0 0 0 0 0 0 0 0 0 0 0 0 0 0 0 0 0 0 0.44906 0 0 0 0 0 0.835233 0 0 0.527222 0 0 0 0 0 0 0 0 0 0 0 0 0 0 0 0 0 0 0 0 0 0 0 0 0.171206 0 0 0 0 0 0 0 0 0 0.384732 0 0 0 0 0 0.702355 0 0 0 0 0.372574 0.868368 0.419063 0 0.406848 0 0 0.671726 0 0 0 0 0.215059 0 0 0 0 0 0 0 0 0 0.84735 0 0 0 0.400889 0 0 0 0 0 0
0 0 0 0 0 0 0 0 0 0 0 0 0 0 0 0 0 0 0 0 0 0 0 0.685076 0 0 0 0 0 0 0 0 0 0 0 0 0 0 0 0 0 0 0 0 0 0 0 0 0 0 0 0 0 0 0 0 0 0 0 0 0 0 0 0 0 0 0 0 0.55593 0 0 0 0 0 0 0 0 0.708729 0 0 0 0 0 0 0.681014 0 0 0 0 0 0 0 0 0 0 0 0 0 0 0 0 0 0 0 0 0 0 0 0.0146967 0 0.467697 0 0 0 0 0 0 0 0 0 0 0 0 0.38932 0 0 0 0 0 0 0 0 0 0 0 0 0 0 0 0.655736 0 0 0 0 0 0.0888271 0 0 0 0 0 0 0.852651 0 0 0 0 0 0 0 0 0 0 0 0 0.760597 0 0 0 0 0 0 0 0 0 0 0 0 0 0.467705 0 0 0 0 0 0 0 0 0 0 0 0 0.400889 0 0 0 0 0 0 0
0 0 0 0 0 0 0 0 0 0 0 0 0 0 0.263538 0 0 0 0 0 0.421131 0.974978 0 0 0 0 0 0 0 0 0 0 0.568143 0.901545 0 0 0 0.360918 0 0 0 0 0 0 0 0.305963 0 0 0 0 0 0 0 0 0 0 0 0 0 0 0 0.782399 0 0 1.01364 0 0 0 0 0.332911 0 0 0 0 0 0 0 0 0 0 0 0 0 0 0 0 0 0 0 0 0 0 0 0 0 0 0 0 0 0 0 0 0 0 0 0.602768 0 0 0 0 0 0 0 0 0 0 0 0 0.777237 0 0 0 0 0 0 0 0 0 0 0 0 0 0 0 0 0 0 0 0 0 0 0 0 0.572266 0 0 0 0 0 0 0 0 0 0 0.878801 0 0 0 0 0 0 0.405614 0 0 0 0 0 0 0 0 0 0 0 0 0 0 0 0 0 0 0 0 0 0 0 0 0 0 0 0 0 0 0 0 0 0 0 0 0 0
0 0 0 0 0 0 0 0 0.276966 0 0 0 0 0 0 0 0 0 0 0 0 0 0 0 0 0 0 0 0 0.992443 0.991412 0 0 0 0 0 0 0 0 0 0 0 0 0 0 0.600668 0 0 0 0 0 0 0 0 0 0 0 0 0 0 0 0 0 0 0 0 0 0 0 0 0 0 0.549574 0 0 0 0 0 0 0 0 0 0 0 0 0 0 0 0 0 0 0 0.775393 0 0 0 0 0 0 0 0 0 0 0 0 0 0 0.916447 0 0 0 0 0 0 0 0 0 0 0 0 0 0 0 0 0 0 0 0.17763 0 0.99646 0 0 0 0 0 0 0 0 0 0 0 0 0 0 0 0 0 0 0 0 0 0 0 0 0 0 0 0 0 0 0 0 0 0 0 0 0 0 0 0 0 0 0 0 0 0 0 0 0 0 0 0.867731 0 0 0 0 0 0 0 0.702621 0 0 0 0 0 0 0 0.584394 0 0
0 0 0 0 0.234849 0 0 0 0 0 0 0 0 0 0 0.335123 0 0 0 0 0 0 0 0 0 0 0 0 0 0 0 0.438228 0 0 0 0 0 0 0 0 0 0 0 0 0 0 0 0 0 0 0 0 0 0 0 0 0 0 0 0 0 0 0 0 0 0.312038 0 0 0 0 0 0 0 0 0 0.420684 0 0 0 0 0 0 0 0 0.529486 0 0 0 0 0 0 0 0 0 0 0 0 0 0 0 0 0 0 0 0 0 0 0 0 0 0 0 0 0 0 0 0 0 0 0 0 0 0 0 0 0 0 0 0 0 0 0 0.339673 0 0 0 0 0 0 0 0 0 0 0 0 0 0 0 0 0 0.550876 0 0 0 0 0 0 0 0 0 0 0 0 0 0 0 0 0 0 0 0 0 0 0.333632 0 0 0 0 0 0 0 0 0 0 0 0 0 0 0 0 0 0.611918 0 0 0 0 0 0 0 0
0 0 0 0 0 0 0 0 0 0 0.297665 0 0 0 0 0 0 0 0 0 0 0 0 0.449009 0 0 0 0 0 0 0 0 0 0 0 0 0 0 0 0 0 0 0 0 0 0 0 0 0 0 0 0 0 0 0 0 0 0 0 0 0 0 0 0 0 0 0 0 0 0 0 0 0 0 0 0 0 0 0 0 0 0 0 0 0 0 0.500626 0 0 0 0 0 0 0 0 0 0 0 0 0 0 0 0 0 0 0 0 0 0 0 0 0 0 0 0.118771 0 0 0 0 0 0 0 0 0 0 0 0 0 0 0 0 0 0 0 0 0 0 0 0 0 0 0 0 0 0 0 0 0 0 0.159461 0 0 0 0 0 0 0.344665 0 0 0 0 0 0 0 0 0 0 0 0.817368 0 0 0 0.252969 0 0 0 0.0884325 0 0 0 0 0 0 0 0 0 0 0 0 0 0 0 0 0 0 0.584394 0 0 0 0
0 0 0 0.253639 0 0 0 0 0 0 0 0 0 0 0 0 0 0 0 0 0 0 0 0 0.406458 0 0 0 0 0 0 0 0 0 0 0 0 0 0 0 0 0 0.166634 0 0 0 0 0 0 0 0 0 0 0 0 0 0 0 0 0 0 0 0.540835 0 0 0.467824 0 0 0 0 0 0 0 0.427142 0 0 0 0 0 0 0 0 0.635687 0 0 0 0 0 0.697478 0 0 0 0 0 0 0 0.555284 0 0 0 0 0 0 0 0 0 0 0 0 0 0 0 0 0 0 0 0 0 0 0 0 0 0 0 0.221554 0 0 0 0 0.858053 0 0 0 0 0 0 0 0 0 0 0 0 0.502398 0 0 0 0 0 0 0.613915 0 0 0 0 0 0 0 0.51163 0 0 0 0 0 0 0 0 0 0 0 0 0 0 0 0 0 0 0 0 0 0 0 0 0 0 0 0 0 0 0.537029 0 0 0 0 0 0 0 0 0 0 0
0.614332 0 0 0 0 0 0 0 0 0 0 0 0 0 0 0 0 0 0 0 0 0 0 0 0 0 0 0.459355 0 0 0 0 0 0 0 0 0 0 0 0 0 0 0 0.199525 0 0.634103 0 0 0 0 0 0 0 0 0 0 0 0 0 0 0 0 0 0 0 0 0 0 0 0 0 0 0 0 0 0 0 0 0 0 0 0 0 0 0 0 0 0 0.82349 0 0 0 0 0 0.804555 0 0 0 0 0 0 0.474209 0 0 0 0 0 0 0 0 0 0 0.526541 0 0 0 0 0 0.584449 0 0 0 0 0 0 0 0 0 0 0 0 0 0 0 0 0 0 0 0 0 0 0 0 0 0 0 0 0.443904 0 0 0 0 0 0 0 0 0 0.757501 0 0 0 0 0 0 0 0 0 0 0 0 0 0 0 0 0 0 0 0 0 0 0 0 0 0 0 0 0 0 0 0 0 0 0 0 0 0 0 0 0 0
