|100|0|1257.18750000000000000000|.01696120437500000000|.01801213287492090010|.00864519937500000000|.00922796584022956545|.00211254937500000000|.00224859875000000000|
|100|1|922.81250000000000000000|.01757596875000000000|.01787489530034022325|.00775975375000000000|.00792931311338267811|.00158028562500000000|.00169617437500000000|
|100|2|769.25000000000000000000|.01407956687500000000|.01453767474823712136|.00603354000000000000|.00628312245226348425|.00136358581250000000|.00146796706250000000|
|100|3|659.50000000000000000000|.01501952250000000000|.01536239331287324188|.00648011187500000000|.00672707064601534045|.00122049837500000000|.00131448587500000000|
|100|4|564.68750000000000000000|.01488169250000000000|.01556046914201657353|.00543137687500000000|.00589043869518062720|.00105819893750000000|.00113646268750000000|
|200|0|3661.75000000000000000000|.10563710000000000000|.10658839831258020175|.03643120625000000000|.03747330356356208688|.00697097250000000000|.00736361937500000000|
|200|1|2651.12500000000000000000|.10443939375000000000|.10649163722598420544|.03264170625000000000|.03394525002910016864|.00512671312500000000|.00546891000000000000|
|200|2|2200.12500000000000000000|.09713324375000000000|.09928402094641476092|.02959414375000000000|.03043400379264327094|.00443492437500000000|.00476081687500000000|
|200|3|2029.87500000000000000000|.09824535000000000000|.09936652525380466377|.03372859375000000000|.03452371833925373977|.00424472187500000000|.00454075562500000000|
|200|4|1757.93750000000000000000|.09842025625000000000|.10020068796669699013|.02775356875000000000|.02874756321222070119|.00356681937500000000|.00384173062500000000|
|300|0|6979.93750000000000000000|.29095293750000000000|.29520684146787231936|.09549246875000000000|.09986486755900758215|.01446869375000000000|.01541380000000000000|
|300|1|4931.37500000000000000000|.26216556250000000000|.26689351311185421915|.07421756250000000000|.07728930275624337652|.01008826250000000000|.01076636875000000000|
|300|2|4146.12500000000000000000|.26898893750000000000|.27106528093189562885|.08158943125000000000|.08449396657512372344|.00849923250000000000|.00900518687500000000|
|300|3|3542.75000000000000000000|.29566368750000000000|.29898497009287523715|.08944454375000000000|.09074000545326948017|.00744057500000000000|.00795900625000000000|
|300|4|3268.50000000000000000000|.26458793750000000000|.27209557608391485937|.06925210000000000000|.07384663819279453157|.00681150687500000000|.00727794250000000000|
|400|0|10676.87500000000000000000|.63676768750000000000|.64152822379704191779|.19584287500000000000|.19786475547769996928|.02328411250000000000|.02465000625000000000|
|400|1|7774.62500000000000000000|.62440550000000000000|.63145024407212798226|.18597575000000000000|.19121791493901663187|.01725431250000000000|.01825805000000000000|
|400|2|6387.00000000000000000000|.79893150000000000000|.81231077027883854101|.23804343750000000000|.24687616912773800573|.01638080312500000000|.01737519687500000000|
|400|3|5580.87500000000000000000|.63869625000000000000|.64551873758755059084|.18102787500000000000|.18499738981604578304|.01379254125000000000|.01462543500000000000|
|400|4|4947.25000000000000000000|.84456043750000000000|1.05643365096479793078|.23504962500000000000|.28182149209739132314|.01097607562500000000|.01202021937500000000|
|500|0|15179.93750000000000000000|1.17393318750000000000|1.18514235834389849049|.33730300000000000000|.34979189360961468685|.03462254375000000000|.03696506875000000000|
|500|1|10772.43750000000000000000|1.12246350000000000000|1.13731915953773723454|.30101987500000000000|.30892904652524987197|.02392443125000000000|.02539950000000000000|
|500|2|8913.37500000000000000000|1.15003068750000000000|1.16102208188542327138|.27884531250000000000|.28857270079489934316|.01917034375000000000|.02038703750000000000|
|500|3|7799.93750000000000000000|1.21531593750000000000|1.23011561100534875701|.31937643750000000000|.32600128135378931359|.01749254375000000000|.01874001875000000000|
|500|4|6950.25000000000000000000|1.09470406250000000000|1.11499040624412437138|.28216712500000000000|.29498099249972870073|.01553860625000000000|.01667326875000000000|
|600|0|19990.43750000000000000000|1.89650000000000000000|1.91989662764691578589|.48734362500000000000|.50847833362678787790|.04822320625000000000|.05150243750000000000|
|600|1|14381.68750000000000000000|2.19587062500000000000|2.22500392226480131209|.58597818750000000000|.60626344249483450113|.03445451875000000000|.03670837500000000000|
|600|2|11618.00000000000000000000|2.08731437500000000000|2.11283855098271765701|.52797068750000000000|.54948486278303199496|.02935256250000000000|.03135740625000000000|
|600|3|10225.75000000000000000000|2.03184500000000000000|2.04683882326503666501|.46358562500000000000|.47989568684103111034|.02482369375000000000|.02656491250000000000|
|600|4|9218.12500000000000000000|2.03113937500000000000|2.05123138886895205389|.46049425000000000000|.48221154567082899741|.02318431250000000000|.02473830000000000000|
|700|0|25359.56250000000000000000|3.39918437500000000000|3.44247916671528311516|.95980850000000000000|.99690669016105765123|.06186920625000000000|.06549953750000000000|
|700|1|18050.25000000000000000000|3.16043625000000000000|3.20384850558863035639|.84204618750000000000|.86902548372857714488|.04480251250000000000|.04767769375000000000|
|700|2|14937.12500000000000000000|3.17265000000000000000|3.20647898326770574827|.77380125000000000000|.79239400135380883636|.04121527500000000000|.04380240000000000000|
|700|3|12945.12500000000000000000|2.96356750000000000000|3.00666196440504432041|.76190856250000000000|.78566630441225650160|.03229635625000000000|.03429572500000000000|
|700|4|11590.37500000000000000000|3.14756625000000000000|3.17025139031000189860|.74913625000000000000|.78565434954071882869|.02788911250000000000|.03000813125000000000|
|800|0|31043.56250000000000000000|4.82393812500000000000|4.87362447535263533254|1.26775750000000000000|1.28951097513146432312|.08330656875000000000|.08820493750000000000|
|800|1|22107.12500000000000000000|4.51397750000000000000|4.58779663688354869956|1.19883850000000000000|1.26050849929859655825|.05594497500000000000|.05956351875000000000|
|800|2|18309.18750000000000000000|4.78502000000000000000|4.83059974015520147400|1.20031462500000000000|1.21338824907080956945|.05091824375000000000|.05473383750000000000|
|800|3|15833.43750000000000000000|4.89806562500000000000|4.96016679510439951092|1.11705912500000000000|1.14034743968631112983|.04377358125000000000|.04622146875000000000|
|800|4|14157.56250000000000000000|5.38682500000000000000|5.43208640703436344003|1.24753137500000000000|1.28162793714976032430|.04095817500000000000|.04369820000000000000|
|900|0|37354.56250000000000000000|7.42802062500000000000|7.47998135951763251451|1.96634437500000000000|1.99956641921911411159|.10779430000000000000|.11370666875000000000|
|900|1|26586.00000000000000000000|7.51855687500000000000|7.55620759980618518209|1.98713625000000000000|2.01042561684087183240|.07776610000000000000|.08214869375000000000|
|900|2|22141.31250000000000000000|7.99916000000000000000|8.07977655058603709156|2.08032312500000000000|2.10994098571352227287|.06481126250000000000|.06899887500000000000|
|900|3|18910.87500000000000000000|6.90760750000000000000|7.00437146305880182364|1.66675000000000000000|1.72298760211006741881|.05229318750000000000|.05612145000000000000|
|900|4|17016.50000000000000000000|9.09765562500000000000|9.20386849833366263312|2.33616062500000000000|2.40379780046466262673|.05294833750000000000|.05610650000000000000|
|1000|0|43829.06250000000000000000|6.60273437500000000000|6.63633228397047264669|1.63670625000000000000|1.67560469565467618380|.08798728125000000000|.09391152500000000000|
|1000|1|31241.25000000000000000000|7.68069187500000000000|7.73046007617310251897|1.83960225000000000000|1.90017975600165259733|.07408726250000000000|.07903639375000000000|
|1000|2|25674.43750000000000000000|8.24271562500000000000|8.32721073945269203068|1.85161375000000000000|1.90872368067643567966|.06388257500000000000|.06776101250000000000|
|1000|3|22180.75000000000000000000|8.79449937500000000000|8.90379505262468123034|2.23918062500000000000|2.28784126364926157216|.06270683750000000000|.06732984375000000000|
|1000|4|19781.87500000000000000000|8.66663187500000000000|8.83695381910778970208|2.04668750000000000000|2.12193994528591689830|.05368804375000000000|.05668620000000000000|