|100|0|1257.18750000000000000000|57.39228125000000000000|57.25364375000000000000|57.24801875000000000000|60.87775625000000000000|57.22059375000000000000|
|100|1|922.81250000000000000000|12.35963000000000000000|11.69875125000000000000|11.68832750000000000000|12.29129125000000000000|11.57516750000000000000|
|100|2|769.25000000000000000000|45.66405625000000000000|45.52294375000000000000|45.52281875000000000000|48.42125625000000000000|45.49429375000000000000|
|100|3|659.50000000000000000000|21.69891875000000000000|21.02813750000000000000|21.15010000000000000000|22.32285000000000000000|20.83509375000000000000|
|100|4|564.68750000000000000000|10.19141875000000000000|10.09614187500000000000|10.09154875000000000000|10.85830500000000000000|10.07531875000000000000|
|1000|0|43829.06250000000000000000|44.15183125000000000000|43.36594375000000000000|43.35360625000000000000|47.07297500000000000000|43.15903125000000000000|
|1000|1|31241.25000000000000000000|45.26993750000000000000|43.33999375000000000000|43.44709375000000000000|45.92347500000000000000|42.87488125000000000000|
|1000|2|25674.43750000000000000000|201.19531250000000000000|199.97287500000000000000|199.93112500000000000000|213.25062500000000000000|199.59556250000000000000|
|1000|3|22180.75000000000000000000|69.81245000000000000000|68.47797500000000000000|68.50251250000000000000|73.38439375000000000000|68.09311875000000000000|
|1000|4|19781.87500000000000000000|76.09433750000000000000|74.67725625000000000000|74.67536875000000000000|79.81917500000000000000|74.27683750000000000000|
|200|0|3661.75000000000000000000|34.52560625000000000000|34.10078125000000000000|34.10836250000000000000|36.29408750000000000000|34.01743125000000000000|
|200|1|2651.12500000000000000000|15.98886875000000000000|15.36675625000000000000|15.42615000000000000000|16.33411875000000000000|15.22723125000000000000|
|200|2|2200.12500000000000000000|89.47594375000000000000|89.31316250000000000000|89.31055000000000000000|95.26431250000000000000|89.27520625000000000000|
|200|3|2029.87500000000000000000|91.94565625000000000000|91.53366875000000000000|91.51823750000000000000|97.28175000000000000000|91.38695625000000000000|
|200|4|1757.93750000000000000000|71.62709375000000000000|71.01864375000000000000|71.09456250000000000000|75.47716250000000000000|70.89488125000000000000|
|300|0|6979.93750000000000000000|55.49418125000000000000|55.02137500000000000000|55.02016250000000000000|58.59120625000000000000|54.90327500000000000000|
|300|1|4931.37500000000000000000|202.79006250000000000000|202.34681250000000000000|202.34487500000000000000|215.12837500000000000000|202.24462500000000000000|
|300|2|4146.12500000000000000000|189.00293750000000000000|188.49781250000000000000|188.50462500000000000000|200.42206250000000000000|188.36575000000000000000|
|300|3|3542.75000000000000000000|71.02039375000000000000|69.90510000000000000000|69.99055625000000000000|74.15417500000000000000|69.62320625000000000000|
|300|4|3268.50000000000000000000|120.26606250000000000000|119.83500000000000000000|119.83131250000000000000|127.51893750000000000000|119.75593750000000000000|
|400|0|10676.87500000000000000000|104.83937500000000000000|104.08881250000000000000|104.09893750000000000000|110.74706250000000000000|103.88912500000000000000|
|400|1|7774.62500000000000000000|104.78906250000000000000|103.88562500000000000000|103.90362500000000000000|110.40356250000000000000|103.60412500000000000000|
|400|2|6387.00000000000000000000|81.44680000000000000000|80.38374375000000000000|80.46086875000000000000|85.48118750000000000000|80.07718750000000000000|
|400|3|5580.87500000000000000000|62.60222500000000000000|61.79472500000000000000|61.84346250000000000000|65.66838750000000000000|61.53961250000000000000|
|400|4|4947.25000000000000000000|173.56775000000000000000|172.54893750000000000000|172.56387500000000000000|183.30306250000000000000|172.17118750000000000000|
|500|0|15179.93750000000000000000|147.70581250000000000000|147.03325000000000000000|147.03637500000000000000|156.57281250000000000000|146.85237500000000000000|
|500|1|10772.43750000000000000000|174.73268750000000000000|174.09300000000000000000|174.07831250000000000000|185.36593750000000000000|173.93662500000000000000|
|500|2|8913.37500000000000000000|53.28128750000000000000|52.89854375000000000000|52.88710625000000000000|57.19819375000000000000|52.79904375000000000000|
|500|3|7799.93750000000000000000|148.47368750000000000000|147.37243750000000000000|147.44506250000000000000|156.71937500000000000000|147.08281250000000000000|
|500|4|6950.25000000000000000000|171.10675000000000000000|170.39681250000000000000|170.40156250000000000000|181.32593750000000000000|170.22393750000000000000|
|600|0|19990.43750000000000000000|290.77050000000000000000|290.16018750000000000000|290.14962500000000000000|308.90312500000000000000|290.02118750000000000000|
|600|1|14381.68750000000000000000|243.05331250000000000000|242.46887500000000000000|242.43881250000000000000|258.39668750000000000000|242.30593750000000000000|
|600|2|11618.00000000000000000000|19.49434375000000000000|18.40982500000000000000|18.53658750000000000000|19.33547500000000000000|18.17186875000000000000|
|600|3|10225.75000000000000000000|362.20068750000000000000|361.14225000000000000000|361.21925000000000000000|383.97581250000000000000|360.90987500000000000000|
|600|4|9218.12500000000000000000|254.48512500000000000000|253.19443750000000000000|253.26300000000000000000|269.15212500000000000000|252.88075000000000000000|
|700|0|25359.56250000000000000000|515.64231250000000000000|515.15525000000000000000|515.10768750000000000000|548.66525000000000000000|514.98962500000000000000|
|700|1|18050.25000000000000000000|164.62912500000000000000|163.41450000000000000000|163.44325000000000000000|173.85050000000000000000|163.04943750000000000000|
|700|2|14937.12500000000000000000|383.34293750000000000000|382.52756250000000000000|382.51306250000000000000|406.97218750000000000000|382.27237500000000000000|
|700|3|12945.12500000000000000000|150.94275000000000000000|150.04231250000000000000|150.07350000000000000000|159.86643750000000000000|149.77843750000000000000|
|700|4|11590.37500000000000000000|412.71937500000000000000|411.64681250000000000000|411.63525000000000000000|437.77731250000000000000|411.34775000000000000000|
|800|0|31043.56250000000000000000|76.37300000000000000000|75.18686250000000000000|75.17463125000000000000|80.30865625000000000000|74.81208125000000000000|
|800|1|22107.12500000000000000000|20.02908750000000000000|19.22982500000000000000|19.24862500000000000000|20.42159375000000000000|19.01745625000000000000|
|800|2|18309.18750000000000000000|134.34443750000000000000|132.98881250000000000000|132.99775000000000000000|141.63550000000000000000|132.64687500000000000000|
|800|3|15833.43750000000000000000|414.11725000000000000000|413.13062500000000000000|413.10293750000000000000|439.57825000000000000000|412.86375000000000000000|
|800|4|14157.56250000000000000000|255.38193750000000000000|254.22287500000000000000|254.24493750000000000000|270.63450000000000000000|253.89475000000000000000|
|900|0|37354.56250000000000000000|460.22650000000000000000|459.48575000000000000000|459.44593750000000000000|489.64868750000000000000|459.26318750000000000000|
|900|1|26586.00000000000000000000|385.10912500000000000000|384.16487500000000000000|384.12218750000000000000|409.20650000000000000000|383.87393750000000000000|
|900|2|22141.31250000000000000000|151.99300000000000000000|149.83700000000000000000|149.92643750000000000000|159.30231250000000000000|149.20368750000000000000|
|900|3|18910.87500000000000000000|526.06725000000000000000|525.36943750000000000000|525.33675000000000000000|560.11025000000000000000|525.18481250000000000000|
|900|4|17016.50000000000000000000|125.64100000000000000000|123.97918750000000000000|124.05543750000000000000|132.05325000000000000000|123.51225000000000000000|