100
0 0 0 0 0 0 0 0 0 0 0 0 0 0 0 0 0 0 0 0 0 0 0 0 0 0 0 0 0 0 0 0 0 0 0 0 0 1.17627 0 0 0 0 0 0 0 0 0 0 0 0 0 0 0 0 0 0 0 0 0 0 0.358809 0 0 0.917656 0 0 0 0 0 0 0.49393 0 0 0 0 0 0 0 0 0 0 0 0 0 0 0 0 0 0 0 0 0 0.849668 0 0 0 0 0 0 0.91366
0 0 0 0.624646 0 0 0 0 0 0 0 0 0 0 0 0 0 0 0 0 0 0 0 0 0 0.892804 0 0 0.7569 0 0 0 0 0 0 0.405572 0 0 0 0 0 0 0 0 0 0 0 0 0 0 0 0 0 0 0 0 0 0 0 0 0.839728 0 0 0 0 0 0 0 0 0 0 0 0 0 0 0 0 0 0 0 0.912085 0 0 0 0 0 0 0 0 0 0 0 0 0 0 0 0 0 0 0
0 0 0 0 0 0 0.903416 0 0 0 0 0 0 0 0 0 0 0 0 0 0 0 0 1.01445 0 0 0 0 0 0 0 0 0 0 0 0 0 0 0 0 0 0 0 0 0 0 0 0.808962 0 0 0 0 0 0 0 0 0 0 0 0 0 0 0 0 0 0 0 0.192403 0 0 0 0 0 0 0 0 0 0 0 0 0 0 0 0 0 0 0 0 0 0 0 0 0 0 0 0 0 0 0 0
0 0.624646 0 0 0 0 0 0 0 0 0 0 0 0 0.24263 0 0 0 0 0 0 0 0 0 0 0 0 0.179794 0 0 0 0 0 0 0 0 0 0 0 0 0 0 0 0 0 0 0 0 0 0 0 0 0 0 0 0 0 0 0 0 0 0 0 0 0 0 0 0 0 0.676835 0 0 0 0 0 0 0.193529 0 0 0 0 0.391186 0 0 0 0 0 0 0 0 0 0 0 0 0 0 0 0 0 0
0 0 0 0 0 0 0 0 0 0 0 0 0 0 0 0 0 0 0 0.545082 0 0 0 0 0 0 0 0 0 0 0 0.419039 0 0 0 0 0 0 0 0 0 0 0 0 0 0 0 0 0 0 0 0 0 0 0 0 0 0 0 0 0 0 0 0 0 0 0 0 0 0 0 0 0 0 0 0 0 0 0 0 0 0 0 0 0 0 0 0 0 0 0 0 0 0 0 0 0 0 0 0
0 0 0 0 0 0 0 0 0 0 0 0 0 0 0 0 0 0 0 0 0 0 0 0 0.300931 0 0 0 0 0 0 0 0 0 0 0 0 0 0 0 0 0 0 0 0 0 0 0 0 0 0 0 0 0 0 0 0 0 0 0.967049 0 0 0 0 0 0 0 0 0 0 0 0 0 0 0 0 0 0 0 0 0 0 0 0 0 0 0 0 0 0.805066 0 0 0 0 0 0 0 0 0 0
0 0 0.903416 0 0 0 0 0 0 0 0 0 0 0 0 0 0 0 0 0 0 0 0 0 0 0 0 0.494187 0 0 0 0 0 0 0 0 0 0 0 0 0 0 0 0 0 0 0 0 0 0 0 0 0 0 0 0 0 0 0 0.604302 0 0 0 0 0 0 0 0 0 0 0 0 0 0 0 0 0 0 0 0 0 0 0 0 0 0 0 0 0 0 0 0 0 0.748008 0 0 0 0 0 0
0 0 0 0 0 0 0 0 0 0 0 0 0 0 0 0 0 0.164994 0 0 0 0 0 0 0 0 0 0.690735 0 0 0 0 0 0 0 0.354719 0 0 0 0 0 0 0 0 0 0 0 0 0 0 0 0 0 0 0 0 0 0 0 0 0 0 0 0 0 0 0 0 0 0 0 0 0 0 0 0 0 0 0 0 0.308706 0 0 0 0 0 0.549631 0 0 0 0 0 0 0 0.267508 0 0 0.790136 0 0
0 0 0 0 0 0 0 0 0 0 0 0 0 0 0 0 0 0 0 0 0 0 0 0 0.360779 0 0 0 0 0.360762 0 0 0 0 0 0 0 0 0 0 0 0 0 0 0 0.243213 0 0 0 0 0 0 0 0.237931 0 0 0 0 0.369201 0 0 0 0 0 0 0 0 0 0 0 0 0 0 0 0 0 0 0 0 0 0 0 0 0 0 0 0 0 0 0 0 0 0 0 0 0 0 0 0 0
0 0 0 0 0 0 0 0 0 0 0 0 0.186362 0 0 0 0 0 0 0 0 0 0 0 0 0 0 0 0 0 0 0 0 0.481432 0 0 0 0 0 0 0 0 0 0 0 0 0 0 0 0 0 0 0 0 0 0 0 0 0 0 0 0 0 0 0 0 0 0 0 0 0 0 0 0 0 0 0 0 0 0.609463 0 0 0 0 0 0 0 0 0 0 0 0 0 0 0 0 0 0.651243 0 0
0 0 0 0 0 0 0 0 0 0 0 0 0 0 0 0 0 0 0.143971 0 0 0 0 0 0 0 0 0 0 0 0 0 0 0.439784 0.555283 0 0 0 0 0 0 0 0 0.735667 0 0 0 0 0 0 0 0.618391 0 0 0 0 0 0 0 0 0 0 0 0 0 0 0 0.278235 0.946567 0 0 0 0 0 0 0 0 0 0 0 0 0 0 0 0 0 0 0 0 0 0 0 0.701401 0 0 0 0 0 0 0
0 0 0 0 0 0 0 0 0 0 0 0 0 0 0 0 0 0 0 0 0 0 0 0 0 0 0 0 0 0 0 0 0 0.378148 0 0 0 0 0 0.430825 0 0 0 0 0 0 0 0 0 0 0 0 0 0 0 0 0 0 0 0 0 0.802227 0 0 0 0 0 0.14496 0 0 0 0 0 0 0 0 0 0 0 0 0 0 0 0 0 0 0 0 0 0 0 0 0 0 0 0 0 0 0 0
0 0 0 0 0 0 0 0 0 0.186362 0 0 0 0.609216 0 0 0 0 0 0 0 0 0 0 0 0 0 0 0.590384 0.463295 0 0 0 0 0 0 0 0 0 0 0 0 0 0 0 0 0 0 0 0 0 0 0 0 0 0 0 0 0 0 0 0 0 0 0 0 0 0 0 0 0 0 0 0 0 0 0 0.189398 0 0 0 0 0 0 0 0 0 0 0 0 0 0 0 0 0 0 0 0.487251 0 0
0 0 0 0 0 0 0 0 0 0 0 0 0.609216 0 0 0 0 0 0 0 0 0 0 0 0 0 0 0 0 0 0 0 0 0 0 0 0 0 0 0 0 0 0 0 0 0 0 0 0 0.278181 0 0 0 0 0 0 0 0 0 0 0 0 0 0 0 0 0 0 0 0 0 0 0 0 0 0 0 0 0 0 0 0 0.114143 0 0 0 0 0 0 0 0 0 0 0 0 0 0 0 0 0
0 0 0 0.24263 0 0 0 0 0 0 0 0 0 0 0 0 0 0 0 0 0 0.335142 0 0 0 0 0 0 0 0 0 0 0 0 0 0 0 0 0 0 0 0 0 0 0.348841 0 0 0.886081 0.451626 0 0 0 0 0 0 0 0 0 0 0 0.117277 0 0 0 0 0 0 0 0 0 0 0 0 0 0 0 0 0 0 0 0 0 0 0 0 0 0 0 0 0 0 0 0 0 0 0 0 0 0 0
0 0 0 0 0 0 0 0 0 0 0 0 0 0 0 0 0.417107 0 0 0 0 0 1.0296 0 0 0 0 0 0 0 0 0 0 0.635351 0 0 0 0 0 0 0 0 0 0 0 0 0 0 0 0 0 0 0 0 0 0.573185 0 0 0 0 0 0 0 0 0 0 0 0 0.829076 0 0 0 0 0 0 0 0 0 0 0 0 0 0 0 0 0 0 0.882446 0 0 0 0 0 0 0 0 0 0 0 0
0 0 0 0 0 0 0 0 0 0 0 0 0 0 0 0.417107 0 0 0 0 0 0 0 0 0 0 0 0 0 0 0 0 0 0 0 0 0 0 0 0 0 0.227097 0 0 0 0 0 0 0 0 0 0 0 0 0.354757 0 0 0 0 0 0 0 0 0 0 0 0 0 0 0 0 0 0 0 0 0 0 0 0 0 0.480064 0 0 0 0.825154 0 0 0 0 0 0 0 0 0 0 0 0 0 0 0
0 0 0 0 0 0 0 0.164994 0 0 0 0 0 0 0 0 0 0 0 0 0 0 0 0 0 0 0 0 0 0 0 0 0 0 0 0 0 0 0 0 0 0 0 0 0 0 0 0 0 0 0 0 0 0 0 0 0 0 0 0 0 0 0 0 0.189127 0 0 0 0 0.14572 0 0 0 0 0 0 0 0.781874 0.315718 0 0 0 0 0 0 0 0 0 0 0 0 0 0 0 0 0 0 0 0 0
0 0 0 0 0 0 0 0 0 0 0.143971 0 0 0 0 0 0 0 0 0 0 0 0 0 0 0 0 0 0.129322 0 0 0 0 0 0 0 0 0 0 0 0 0 0 0 0 0 0 0 0 0 0 0 0 0 0 0 0 0 0 0 0 0 0.486645 0 0 0 0.674771 0 0 0 0 0 0 0 0 0 0 0 0 0 0 0 0 0 0 0 0 0 0 0.664837 0 0 0 0 0 0 0 0 0 0
0 0 0 0 0.545082 0 0 0 0 0 0 0 0 0 0 0 0 0 0 0 0 0 0 0 0 0 0 0 0 0 0 0 0 0 0 0 0 0 0 0 0 0 0 0 0 0 0 0 0 0 0 0 0 0 0 0 0 0 0 0 0 0 0 0 0 0 0 0 0 0.969848 0 0 0.957629 0 0 0 0 0 0 0 0 0 0 0 0 0 0 0 0 0 0 0 0 0 0 0 0 0 0 0
0 0 0 0 0 0 0 0 0 0 0 0 0 0 0 0 0 0 0 0 0 0 0.637224 0 0 0 0 0 0 0 0 0 0 0 0 0 0 0 0.898522 0 0 0 0 0 0 0 0 0 0 0 0 0 0 0 0 0 0 0 0 0 0 0 0 0 0.328707 0 0 0 0 0 0 0 0 0 0 0 0 0 0 0 0 0 0 0 0 0 0 0 0 0 0.725168 0 0 0 0 0 0 0 0 0
0 0 0 0 0 0 0 0 0 0 0 0 0 0 0.335142 0 0 0 0 0 0 0 0 0 0 0 0 0.24605 0 0.630292 0 0 0 0 0 0 0 0 0 0 0 0 0 0 0 0 0 0 0 0 0 0 0 0 0 0 0 0 0 0 0 0 0 0 0.603904 0 0 0 0 0 0 0 0 0 0 0 0 0 0.428878 0 0 0 0 0 0 0 0 0 0 0 0 0 0 0 0 0 0 0 0 0
0 0 0 0 0 0 0 0 0 0 0 0 0 0 0 1.0296 0 0 0 0 0.637224 0 0 0 0 0 0 0 0 0 0 0 0 0 0 0 0 0 0 0 0 0 0 0 0 0 0 0.729477 0 0 0 0.33219 0 0 0 0 0 0 0 0 0 0 0 0.277361 0 0 0 0 0 0 0 0 0 0 0 0 0 0.259123 0 0 0 0 0.627028 0 0 0 0 0 0 0 0 0 0.632884 0 0 0 0 0 0 0
0 0 1.01445 0 0 0 0 0 0 0 0 0 0 0 0 0 0 0 0 0 0 0 0 0 0 0 0 0 0 0 0 0 0 0 0 0 0.948876 0.0638432 0 0.679589 0.441547 0 0 0 0 0 0 0 0 0 0 0 0 0 0 0 0 0 0 0 0 0 0 0 0 0 0 0 0.181428 0 0 0 0 0 0 0 0 0 0 0 1.07549 0 0 0 0 0 0 0 0 0 0 0 0 0 0 0 0 0 0 0.428562
0 0 0 0 0 0.300931 0 0 0.360779 0 0 0 0 0 0 0 0 0 0 0 0 0 0 0 0 0 0 0 0 0 0 0 0 0 0 0 0 0 0 0 0 0 0 0 0 0.146031 0 0 0 0 0 0 0 0 0 0 0 0 0 0 0.60372 0 0.66987 0 0 0 0 0 0 0 0 0 0 0 0 0 0 0 0 0 0 0 0 0.690034 0 0.556194 0 0 0 0 0 0 0 0 0 0 0 0 0 0
0 0.892804 0 0 0 0 0 0 0 0 0 0 0 0 0 0 0 0 0 0 0 0 0 0 0 0 0 0 0 0 0 0 0 0 0 0 0 0 0 0 0 0 0 0 0 0 0 0 0 0 0 0 0 0 0 0 0 0 0.971622 0 0 0 0 0 0 0 0 0 0.967717 0 0 0 0 0 0 0 0 0 0 0 0 0 0 0 0 0 0 0.941955 0 0 0 0 0 0 0 0 0 0 0 0
0 0 0 0 0 0 0 0 0 0 0 0 0 0 0 0 0 0 0 0 0 0 0 0 0 0 0 0 0 0 0 0 0 0 0 0 0 0 0 0 0 0 0 0 0 0 0 0 0 0 0 0 0 0 0 0 0 0 0 0 0 0 0 0 0 0 0 0 0 0 0 0 0 0 0 0 0 0 0 0 0 0 0 0 0 0 0 0 0 0 0 0.499344 0 0 0 0 0 0 0 0
0 0 0 0.179794 0 0 0.494187 0.690735 0 0 0 0 0 0 0 0 0 0 0 0 0 0.24605 0 0 0 0 0 0 0 0 0 0 0 0 0 0 0 0 0 0 0 0 0 0 0 0 0 0.792398 0 0 0.762744 0 0 0 0 0 0 0 0 0 0 0 0 0 0.620112 0 0 0 0 0 0 0 0 0 0 0 0 0 0 0 0 0 0 0 0 0 0 0 0 0 0 0 0 0 0 0 0 0 0 0
0 0.7569 0 0 0 0 0 0 0 0 0 0 0.590384 0 0 0 0 0 0.129322 0 0 0 0 0 0 0 0 0 0 0 0 0 0 0 0 0 0 0.876705 0 0 0 0 0 0 0 0 0 0 0 0 0 0 0 0 0 0 0 0 0 0.371816 0 0 0 0 0 0 0 0 0 0 0 0 0 0.206486 0 0 0 0 0 0 0 0 0 0.449761 0 0 0 0 0 0 0 0 0 0 0 0 0 0 0 0
0 0 0 0 0 0 0 0 0.360762 0 0 0 0.463295 0 0 0 0 0 0 0 0 0.630292 0 0 0 0 0 0 0 0 0 0 0 0.749398 0 0 0 0 0 0 0 0 0 0 0 0 0 0 0 0 0 0 0 0 0 0 0 0 0 0 0 0.0780092 0 0 0 0 0 0 0 0 0 0 0 0 0 0 0 0 0 0 0 0 0 0 0 0 0 0 0 0 0 0.891969 0 0 0 0 0 0 0 0
0 0 0 0 0 0 0 0 0 0 0 0 0 0 0 0 0 0 0 0 0 0 0 0 0 0 0 0 0 0 0 0 0 0 0 0 0 0 0 0 0 0 0 0 0 0 0 0 0 0 0 0 0 0 0 0 0 0 0 0 0 0 0 0.808451 0 0 0 0 0 0.555151 0 0 0 0 0 0 0 0 0 0 0.337068 0 0 0 0 0 0 0 0 0 0 0 0 0 0 0 0 0 0 0
0 0 0 0 0.419039 0 0 0 0 0 0 0 0 0 0 0 0 0 0 0 0 0 0 0 0 0 0 0 0 0 0 0 0 0 0 0 0 0 0 0 0 0.534791 0 0 0 0 0 0 0 0 0 0 0 0 0 0 0 0 0 0 0 0 0 0.796933 0 0 0 0 0 0 0 0 0 0 0 0 0 0 0 0.365521 0 0 0 0 0 0 0 0 0 0 0 0 0 0 0 0 0 0 0 0
0 0 0 0 0 0 0 0 0 0 0 0 0 0 0 0 0 0 0 0 0 0 0 0 0 0 0 0 0 0 0 0 0 0 0 0 0 0 0 0 0 0 0 0 0 0.360756 0 0 0 0 0 0 0 0 0 0 0 0 0 0 0 0 0 0 0 0 0 0.297288 0 0 0 0 0 0 0 0.321914 0 0 0 0 0 0 0 0 0.621617 0 0 0 0 0 0 0 0 0 0 0 0 0 0 0
0 0 0 0 0 0 0 0 0 0.481432 0.439784 0.378148 0 0 0 0.635351 0 0 0 0 0 0 0 0 0 0 0 0 0 0.749398 0 0 0 0 0 0 0 0 0 0 0 0 0 0 0 0 0.65738 0 0 0 0 0 0 0 0 0 0 0 0 0 0 0 0 0 0 0 0 0 0 0 0.45421 0 0 0 0 0 0 0 0.271714 0 0 0 0 0 0 0 0 0 0 0 0 0 0 0 0 0 0 0 0 0
0 0 0 0 0 0 0 0 0 0 0.555283 0 0 0 0 0 0 0 0 0 0 0 0 0 0 0 0 0 0 0 0 0 0 0 0 0 0 0 0 0 0 0 0 0 0 0 0 0 0 0 0 0 0 0 0 0 0 0 0 0 0 0 0.542405 0 0 0 0 0 0 0 0.403435 0 0 0 0 0 0 0 0 0 0 0 0 0 0 0 0 0 0 0 0 0 0 0 0 0 0 0.470663 0 0
0 0.405572 0 0 0 0 0 0.354719 0 0 0 0 0 0 0 0 0 0 0 0 0 0 0 0 0 0 0 0 0 0 0 0 0 0 0 0 0 0 0 0 0 0 0 0 0 0 0.20217 0 0 0 0 0 0 0 0.407436 0 0 0 0 0 0 0 0 0 0 0 0 0 0 0 0 0 0 0 0 0 0 0 0 0 0 0 0 0 0 0.671759 0 0 0 0 0 0 0 0 0 0 0 0.457921 0 0
0 0 0 0 0 0 0 0 0 0 0 0 0 0 0 0 0 0 0 0 0 0 0 0.948876 0 0 0 0 0 0 0 0 0 0 0 0 0 0 0 0 0 0 0 0 0 0 0 0 0 0 0 0 0 0 0 0.551725 0 0 0 0 0 0 0 0 0 0 0 0 0 0.949765 0 0 0 0 0 0 0.114087 0 0 0 0 0 0 0 0 0 0 0 0 0 0 0.591114 0 0 0 0 0 0 0 0
1.17627 0 0 0 0 0 0 0 0 0 0 0 0 0 0 0 0 0 0 0 0 0 0 0.0638432 0 0 0 0 0.876705 0 0 0 0 0 0 0 0 0 0 0 0 0 0 0 0 0 0 0 0 0 0 0 0 0 0 0 0 0 0 0 0 0 0 0.561319 0 0 0 0 0 0 0 0 0 0 0.51511 0 0 0 0 0 0 0 0 0 0 0 0 0 0 0 0.735866 0 0 0 0 0 0 0 0.259055 0
0 0 0 0 0 0 0 0 0 0 0 0 0 0 0 0 0 0 0 0 0.898522 0 0 0 0 0 0 0 0 0 0 0 0 0 0 0 0 0 0 0 0 0 0 0.569811 0 0 0 0 0 0.732748 0 0 0 0 0 0 0 0 0 0 0 0 0 0 0 0 0 0 0 0.843252 0 0 0 0.639857 0 0 0 0 0 0 0 0 0 0 0 0 0 0 0 0 0 0 0 0.484047 0 0 0.994243 0 0 0
0 0 0 0 0 0 0 0 0 0 0 0.430825 0 0 0 0 0 0 0 0 0 0 0 0.679589 0 0 0 0 0 0 0 0 0 0 0 0 0 0 0 0 0 0.351311 0.623646 0 0 0 0 0 0 0 0 0 0 0 0 0 0.283654 0 0 0 0 0 0 0 0.387922 0 0 0 0 0 0 0 0 0 0 0 0 0 0 0 0 0 0 0 0 0 0 0 0 0 0 0 0 0 0 0 0 0 0 0
0 0 0 0 0 0 0 0 0 0 0 0 0 0 0 0 0 0 0 0 0 0 0 0.441547 0 0 0 0 0 0 0 0 0 0 0 0 0 0 0 0 0 0 0 0 0 0 0.0734626 0 0 0 0 0 0 0 0 0 0 0 0 0 0 0 0 0 0 0 0 0.427128 0 0 0 0 0 0 0 0 0 0 0 0 0 0 0 0 0 0 0 0 0 0 0 0 0 0 0 0 0 0 0 0
0 0 0 0 0 0 0 0 0 0 0 0 0 0 0 0 0.227097 0 0 0 0 0 0 0 0 0 0 0 0 0 0 0.534791 0 0 0 0 0 0 0 0.351311 0 0 0 0 0 0 0 0 0 0 0 0 0 0 0 0 0 0 0 0 0 0 0 0 0 0 0 0 0 0 0 0 0 0 0 0 0 0 0 0 0.701105 0 0 0.742906 0 0 0 0 0 0 0 0 0 0 0 0 0 0.285674 0 0
0 0 0 0 0 0 0 0 0 0 0 0 0 0 0 0 0 0 0 0 0 0 0 0 0 0 0 0 0 0 0 0 0 0 0 0 0 0 0 0.623646 0 0 0 0 0 0 0 0 0 0 0 0 0 0 0 0 0 0 0 0 0 0 0 0 0 0 0.613872 0 0 0 0 0.550787 0 0 0 0 0 0 0 0 0 0 0 0 0 0 0 0 0 0 0 0 0 0 0 0 0 0 0 0
0 0 0 0 0 0 0 0 0 0 0.735667 0 0 0 0 0 0 0 0 0 0 0 0 0 0 0 0 0 0 0 0 0 0 0 0 0 0 0 0.569811 0 0 0 0 0 0.691914 0 0 0 0 0.761474 0 0 0 0 0 0 0 0 0 0 0 0 0 0 0 0 0 0 0 0 0 0 0 0 0 0 0 0 0 0 0 0 0 0 0 0 0 0 0 0.123903 0 0 0.421045 0 0 0 0 0 0 0
0 0 0 0 0 0 0 0 0 0 0 0 0 0 0.348841 0 0 0 0 0 0 0 0 0 0 0 0 0 0 0 0 0 0 0 0 0 0 0 0 0 0 0 0 0.691914 0 0 0 0 0 0 0 0.640274 0 0 0 0 0 0 0 0 0 0 0 0 0 0 0 0 0 0 0 0 0 0.540138 0 0 0 0 0 0 0 0 0 0 0 0 0 0 0 0 0 0 0 0 0 0 0 0 0 0
0 0 0 0 0 0 0 0 0.243213 0 0 0 0 0 0 0 0 0 0 0 0 0 0 0 0.146031 0 0 0 0 0 0 0 0.360756 0 0 0 0 0 0 0 0 0 0 0 0 0 0 0 0 0 0 0 0 0 0 0 0 0 0 0 0 0 0 0 0 0 0 0 0 0 0 0 0 0 0 0 0 0.64707 0 0 0 0 0 0 0 0 0 0 0 0 0 0 0 0 0 0 0 0 0 0.44478
0 0 0 0 0 0 0 0 0 0 0 0 0 0 0 0 0 0 0 0 0 0 0 0 0 0 0 0 0 0 0 0 0 0.65738 0 0.20217 0 0 0 0 0.0734626 0 0 0 0 0 0 0 0 0 0 0 0 0 0 0 0 0 0 0.923425 0 0 0 0 0 0 0 0 0 0 0 0 0 0 0 0 0 0 0 0.723231 0 0 0 0 0.989628 0 0.278203 0 0 0 0 0 0 0 0 0 0 0 0 0
0 0 0.808962 0 0 0 0 0 0 0 0 0 0 0 0.886081 0 0 0 0 0 0 0 0.729477 0 0 0 0 0.792398 0 0 0 0 0 0 0 0 0 0 0 0 0 0 0 0 0 0 0 0 0 0.600062 0 0 0 0 0 0 0 0 0 0 0 0 0 0 0 0 0 0 0 0 0 0 0 0 0 0 0 0 0.818073 0 0 0 0 0 0 0 0 0 0 0 0 0 0 0.351268 0 0 0 0 0 0
0 0 0 0 0 0 0 0 0 0 0 0 0 0 0.451626 0 0 0 0 0 0 0 0 0 0 0 0 0 0 0 0 0 0 0 0 0 0 0 0 0 0 0 0 0 0 0 0 0 0 0 0 0 0 0 0 0 0 0 0 0 0 0 0 0 0 0 0 0 0 0 0 0 0 0 0 0 0 0 0 0 0 0 0 0 0 0 0.708297 0 0 0 0 0 0 0 0 0 0 0 0.840806 0
0 0 0 0 0 0 0 0 0 0 0 0 0 0.278181 0 0 0 0 0 0 0 0 0 0 0 0 0 0 0 0 0 0 0 0 0 0 0 0 0.732748 0 0 0 0 0.761474 0 0 0 0.600062 0 0 0 0 0 0 0 0 0 0 0 0 0 0 0 0 0 0 0 0 0 0 0 0 0 0 0 0 0 0 0 0 0 0 0 0 0 0 0 0 0 0 0 0 0 0 0 0 0 0 0 0
0 0 0 0 0 0 0 0 0 0 0 0 0 0 0 0 0 0 0 0 0 0 0 0 0 0 0 0.762744 0 0 0 0 0 0 0 0 0 0 0 0 0 0 0 0 0 0 0 0 0 0 0 0 0 0 0 0 0 0 0 0 0 0 0 0 0 0 0 0 0 0 0 0 0 0 0 0 0 0 0 0 0 0 0 0 0 0 0 0 0.310319 0 0 0 0 0 0 0 0 0 0 0
0 0 0 0 0 0 0 0 0 0 0.618391 0 0 0 0 0 0 0 0 0 0 0 0.33219 0 0 0 0 0 0 0 0 0 0 0 0 0 0 0 0 0 0 0 0 0 0.640274 0 0 0 0 0 0 0 0 0 0 0 0 0 0 0 0 0 0 0 0 0 0 0.499148 0 0 0 0 0 0 0 0 0 0 0 0.369964 0 0 0 0 0 0 0 0 0 0 0 0.424271 0 0 0 0 0 0 0 0
0 0 0 0 0 0 0 0 0 0 0 0 0 0 0 0 0 0 0 0 0 0 0 0 0 0 0 0 0 0 0 0 0 0 0 0 0 0 0 0 0 0 0 0 0 0 0 0 0 0 0 0 0 0.574384 0 0 0 0 0 0 0 0 0 0 0 0 0 0 0 0 0 0 0 0 0 0 0 0 0 0 0 0.246866 0 0 0 0 0 0 0 0 0 0 0 0 0 0 0 0 0 0
0 0 0 0 0 0 0 0 0.237931 0 0 0 0 0 0 0 0 0 0 0 0 0 0 0 0 0 0 0 0 0 0 0 0 0 0 0 0 0 0 0 0 0 0 0 0 0 0 0 0 0 0 0 0.574384 0 0 0 0 0 0 0 0 0 0 0.363414 0 0 0 0 0 0 0 0 0 0 0 0 0 0 0 0 0 0 0 0 0 0 0 0 0 0 0 0 0 0 0 0 0 0 0.051196 0
0 0 0 0 0 0 0 0 0 0 0 0 0 0 0 0 0.354757 0 0 0 0 0 0 0 0 0 0 0 0 0 0 0 0 0 0 0.407436 0 0 0 0 0 0 0 0 0 0 0 0 0 0 0 0 0 0 0 0 0 0 0 0.59461 0 0 0 0.836148 0 0 0 0.135443 0 0 0 0 0 0 0 0.261474 0 0 0 0 0 0 0 0 0 0 0 0 0 0 0 0 0 0 0 0 0 0 0 0
0 0 0 0 0 0 0 0 0 0 0 0 0 0 0 0.573185 0 0 0 0 0 0 0 0 0 0 0 0 0 0 0 0 0 0 0 0 0.551725 0 0 0 0 0 0 0 0 0 0 0 0 0 0 0 0 0 0 0 0 0 0 0 0 0 0 0 0 0.325229 0.462033 0 0 0 0 0 0 0 0.411862 0 0.449181 0 0 0 0 0 0 0 0 0 0 0 0 0 0 0 0 0 0 0 0 0 0 0
0 0 0 0 0 0 0 0 0 0 0 0 0 0 0 0 0 0 0 0 0 0 0 0 0 0 0 0 0 0 0 0 0 0 0 0 0 0 0 0.283654 0 0 0 0 0 0 0 0 0 0 0 0 0 0 0 0 0 0 0 0 0 0 0 1.00429 0 0 0 0 0.782474 0 0 0 0 0 0 0 0 0 0 0 0 0 0 0 0 0 0 0.846462 0 0 0 0 0 0 0 0 0 0 0 0
0 0 0 0 0 0 0 0 0 0 0 0 0 0 0 0 0 0 0 0 0 0 0 0 0 0 0 0 0 0 0 0 0 0 0 0 0 0 0 0 0 0 0 0 0 0 0 0 0 0 0 0 0 0 0 0 0 0 0 0 0 0.753171 0 0 0 0 0 0 0 0 0 0 0 0 0 0 0 0 0 0 0 0 0 0 0 0 0 0 0 0 0 0 0 0 0 0 0 0 0 0
0 0 0 0 0 0 0 0 0.369201 0 0 0 0 0 0 0 0 0 0 0 0 0 0 0 0 0.971622 0 0 0 0 0 0 0 0 0 0 0 0 0 0 0 0 0 0 0 0 0 0 0 0 0 0 0 0 0 0 0 0 0 0 0 0 0 0 0 0 0 0 0 0 0 0 0 0 0.464027 0 0 0 0 0 0 0 0 0 0 0 0 0 0 0 0 0 0 0 0 0 0 0 0 0
0 0 0 0 0 0.967049 0.604302 0 0 0 0 0 0 0 0 0 0 0 0 0 0 0 0 0 0 0 0 0 0.371816 0 0 0 0 0 0 0 0 0 0 0 0 0 0 0 0 0 0.923425 0 0 0 0 0 0 0 0.59461 0 0 0 0 0 0 0 0 0 0 0 0 0 1.04817 0 0 0 0 0 0 0 0 0 0 0 0 0.304782 0 0 0 0.390586 0 0 0 0 0 0 0 0 0 0 0 0 0 0
0.358809 0.839728 0 0 0 0 0 0 0 0 0 0 0 0 0.117277 0 0 0 0 0 0 0 0 0 0.60372 0 0 0 0 0 0 0 0 0 0 0 0 0 0 0 0 0 0 0 0 0 0 0 0 0 0 0 0 0 0 0 0 0 0 0 0 0 0 0 0 0 0 0 0.966348 0 0 0 0 0 0 0 0 0 0 0 0 0 0 0 0 0 0 0 0.773695 0 0 0 0 0.74384 0 0 0 0 0 0
0 0 0 0 0 0 0 0 0 0 0 0.802227 0 0 0 0 0 0 0 0 0 0 0 0 0 0 0 0 0 0.0780092 0 0 0 0 0 0 0 0 0 0 0 0 0 0 0 0 0 0 0 0 0 0 0 0 0 0 0 0.753171 0 0 0 0 0 0 0 0 0 0 0 0 0 0 0 0 0 0 0 0 0 0 0 0 0.66196 0 0 0 0 0 0 0 0 0 0 0 0 0 0 0 0 0
0 0 0 0 0 0 0 0 0 0 0 0 0 0 0 0 0 0 0.486645 0 0 0 0 0 0.66987 0 0 0 0 0 0 0 0 0 0.542405 0 0 0 0 0 0 0 0 0 0 0 0 0 0 0 0 0 0 0 0 0 0 0 0 0 0 0 0 0 0 0 0 0 0 0 0 0 0 0 0 0 0 0 0 0 0 0 0 0 0 0 0 0 0 0 0 0 0 0 0 0 0 0 0 0
0.917656 0 0 0 0 0 0 0 0 0 0 0 0 0 0 0 0 0 0 0 0 0 0.277361 0 0 0 0 0 0 0 0.808451 0.796933 0 0 0 0 0 0.561319 0 0 0 0 0 0 0 0 0 0 0 0 0 0 0 0.363414 0.836148 0 1.00429 0 0 0 0 0 0 0 0 0 0 0 0 0 0 0.813642 0 0 0 0 0 0 0 0 0 0 0 0 0 0 0 0 0 0 0 0 0 0 0 0 0 0 0 0
0 0 0 0 0 0 0 0 0 0 0 0 0 0 0 0 0 0.189127 0 0 0.328707 0.603904 0 0 0 0 0 0.620112 0 0 0 0 0 0 0 0 0 0 0 0.387922 0 0 0 0 0 0 0 0 0 0 0 0 0 0 0 0 0 0 0 0 0 0 0 0 0 0 0 0 0 0 0 0 0 0 0 0 0 0 0 0 0.173273 0 0 0 0 0 0 0 0 0 0 0 0 0 0 0.16586 0 0 0 0
0 0 0 0 0 0 0 0 0 0 0 0 0 0 0 0 0 0 0 0 0 0 0 0 0 0 0 0 0 0 0 0 0 0 0 0 0 0 0 0 0 0 0 0 0 0 0 0 0 0 0 0 0 0 0 0.325229 0 0 0 0 0 0 0 0 0 0 0 0 0 0 0 0 0 0 0 0 0 0.804243 0 0 0 0 0 0 0 0 0 0 0.653781 0 0 0 0 0 0 0 0 0 0 0
0 0 0 0 0 0 0 0 0 0 0 0 0 0 0 0 0 0 0.674771 0 0 0 0 0 0 0 0 0 0 0 0 0 0 0 0 0 0 0 0 0 0 0 0.613872 0 0 0 0 0 0 0 0 0 0 0 0 0.462033 0 0 0 0 0 0 0 0 0 0 0 0 0 0 0 0 0 0 0 0 0 0 0 0 0 0 0 0 0 0 0 0 0 0 0 0 0 0.114713 0 0 0 0 0 0
0 0 0.192403 0 0 0 0 0 0 0 0.278235 0.14496 0 0 0 0 0 0 0 0 0 0 0 0 0 0 0 0 0 0 0 0 0.297288 0 0 0 0 0 0 0 0.427128 0 0 0 0 0 0 0 0 0 0 0.499148 0 0 0.135443 0 0 0 0 0 0 0 0 0 0 0 0 0 0 0 0 0 0 0 0 0 0 0 0 0 0 0 0 0 0 0 0 0 0 0 0 0 0 0 0 0 0 0 0 0
0 0 0 0 0 0 0 0 0 0 0.946567 0 0 0 0 0.829076 0 0 0 0 0 0 0 0.181428 0 0.967717 0 0 0 0 0 0 0 0 0 0 0 0 0 0 0 0 0 0 0 0 0 0 0 0 0 0 0 0 0 0 0.782474 0 0 1.04817 0.966348 0 0 0 0 0 0 0 0 0 0 0 0 0 0 0 0 0 0 0.892893 0 0 0 0 0 0 0 0 0 0 0 0.921326 0 0 0 0 0 0 0 0
0 0 0 0.676835 0 0 0 0 0 0 0 0 0 0 0 0 0 0.14572 0 0.969848 0 0 0 0 0 0 0 0 0 0 0.555151 0 0 0 0 0 0.949765 0 0.843252 0 0 0 0 0 0 0 0 0 0 0 0 0 0 0 0 0 0 0 0 0 0 0 0 0 0 0 0 0 0 0 0 0 0 0 0 0 0 0 0 0 0 0 0 0.776143 0 0 0 0 0 0 0 0 0 0 0 0 0 0 0 0
0.49393 0 0 0 0 0 0 0 0 0 0 0 0 0 0 0 0 0 0 0 0 0 0 0 0 0 0 0 0 0 0 0 0 0.45421 0.403435 0 0 0 0 0 0 0 0 0 0 0 0 0 0 0 0 0 0 0 0 0 0 0 0 0 0 0 0 0 0 0 0 0 0 0 0 0 0 0 0 0 0 0 0 0 0 0 0 0 0 0 0 0 0 0 0 0 0 0 0.19266 0 0 0 0 0
0 0 0 0 0 0 0 0 0 0 0 0 0 0 0 0 0 0 0 0 0 0 0 0 0 0 0 0 0 0 0 0 0 0 0 0 0 0 0 0 0 0 0.550787 0 0 0 0 0 0 0 0 0 0 0 0 0 0 0 0 0 0 0 0 0.813642 0 0 0 0 0 0 0 0 0 0 0 0 0 0 0 0 0 0 0 0 0 0 0 0 0 0 0 0 0 0 0 0 0 0 0 0
0 0 0 0 0 0 0 0 0 0 0 0 0 0 0 0 0 0 0 0.957629 0 0 0 0 0 0 0 0 0 0 0 0 0 0 0 0 0 0 0 0 0 0 0 0 0 0 0 0 0 0 0 0 0 0 0 0 0 0 0 0 0 0 0 0 0 0 0 0 0 0 0 0 0 0 0 0 0 0 0.498455 0 0 0 0 0 0 0 0.475415 0 0 0 0 0 0 0 0 0 0 0 0 0
0 0 0 0 0 0 0 0 0 0 0 0 0 0 0 0 0 0 0 0 0 0 0 0 0 0 0 0 0.206486 0 0 0 0 0 0 0 0 0 0.639857 0 0 0 0 0 0.540138 0 0 0 0 0 0 0 0 0 0 0 0 0 0 0 0 0 0 0 0 0 0 0 0 0 0 0 0 0 0 0 0.478738 0 0 0 0 0 0 0 0 0.456568 0 0 0 0 0 0 0 0 0 0 0 0 0 0
0 0 0 0 0 0 0 0 0 0 0 0 0 0 0 0 0 0 0 0 0 0 0 0 0 0 0 0 0 0 0 0 0 0 0 0 0 0.51511 0 0 0 0 0 0 0 0 0 0 0 0 0 0 0 0 0 0.411862 0 0 0.464027 0 0 0 0 0 0 0 0 0 0 0 0 0 0 0 0 0 0 0 0 0 0 0 0 0 0 0 0 0 0 0 0 0 0 0 0 0 0 0 0 0
0 0 0 0 0 0 0 0 0 0 0 0 0 0 0 0 0 0 0 0 0 0 0 0 0 0 0 0 0 0 0 0 0.321914 0 0 0 0 0 0 0 0 0 0 0 0 0 0 0 0 0 0 0 0 0 0.261474 0 0 0 0 0 0 0 0 0 0 0 0 0 0 0 0 0 0 0 0 0 0 0 0 0 0 0 0 0 0 0 0 0 0 0 0 0 0 0 0.132638 0 0 0.609773 0 0
0 0 0 0.193529 0 0 0 0 0 0 0 0 0 0 0 0 0 0 0 0 0 0 0 0 0 0 0 0 0 0 0 0 0 0 0 0 0.114087 0 0 0 0 0 0 0 0 0 0 0 0 0 0 0 0 0 0 0.449181 0 0 0 0 0 0 0 0 0 0 0 0 0 0 0 0 0 0.478738 0 0 0 0 0.643884 0 0 0 0 0 0 0 0 0 0 0 0 0 0.605788 0 0 0 0 0 0 0
0 0 0 0 0 0 0 0 0 0 0 0 0.189398 0 0 0 0 0.781874 0 0 0 0 0.259123 0 0 0 0 0 0 0 0 0 0 0 0 0 0 0 0 0 0 0 0 0 0 0.64707 0 0 0 0 0 0 0 0 0 0 0 0 0 0 0 0 0 0 0 0.804243 0 0 0 0 0 0 0 0 0 0 0 0 0 0 0 0 0 0.468205 0 0 0 0 0 0 0 0 0 0 0 0 0 0 0 0
0 0 0 0 0 0 0 0 0 0 0 0 0 0 0 0 0 0.315718 0 0 0 0.428878 0 0 0 0 0 0 0 0 0 0 0 0.271714 0 0 0 0 0 0 0 0 0 0 0 0 0 0.818073 0 0 0 0 0 0 0 0 0 0 0 0 0 0 0 0 0 0 0 0 0 0 0 0 0.498455 0 0 0 0.643884 0 0 0 0 0 0 0 0 0 0 0 0 0 0 0 0 0 0 0 0 0 0 0
0 0 0 0 0 0 0 0 0 0.609463 0 0 0 0 0 0 0 0 0 0 0 0 0 0 0 0 0 0 0 0 0 0.365521 0 0 0 0 0 0 0 0 0 0 0 0 0 0 0.723231 0 0 0 0 0.369964 0 0 0 0 0 0 0 0 0 0 0 0 0 0 0 0 0.892893 0 0 0 0 0 0 0 0 0 0 0 0 0 0 0 0 0.265831 0 0 0.734879 0 0 0 0 0 0 0 0 0 0 0
0 0.912085 0 0 0 0 0 0.308706 0 0 0 0 0 0 0 0 0.480064 0 0 0 0 0 0 1.07549 0 0 0 0 0 0 0.337068 0 0 0 0 0 0 0 0 0 0 0.701105 0 0 0 0 0 0 0 0 0 0 0 0 0 0 0 0 0 0 0 0 0 0 0.173273 0 0 0 0 0 0 0 0 0 0 0 0 0 0 0 0 0 0 0 0.927463 0.222 0 0 0 0 0 0 0 0 0 0 0 0 0 0
0 0 0 0.391186 0 0 0 0 0 0 0 0 0 0 0 0 0 0 0 0 0 0 0 0 0 0 0 0 0 0 0 0 0 0 0 0 0 0 0 0 0 0 0 0 0 0 0 0 0 0 0 0 0.246866 0 0 0 0 0 0 0.304782 0 0 0 0 0 0 0 0 0 0 0 0 0 0 0 0 0 0 0 0 0 0 0 0 0 0 0 0 0 0 0 0.0442584 0 0 0 0 0 0 0 0
0 0 0 0 0 0 0 0 0 0 0 0 0 0.114143 0 0 0 0 0 0 0 0 0.627028 0 0 0 0 0 0 0 0 0 0 0 0 0 0 0 0 0 0 0 0 0 0 0 0 0 0 0 0 0 0 0 0 0 0 0 0 0 0 0.66196 0 0 0 0 0 0 0 0 0 0 0 0 0 0 0 0 0 0 0 0 0 0 0 0 0.41084 0 0 0 0 0 0 0 0 0 0 0 0 0
0 0 0 0 0 0 0 0 0 0 0 0 0 0 0 0 0 0 0 0 0 0 0 0 0.690034 0 0 0 0.449761 0 0 0 0 0 0 0 0 0 0 0 0 0.742906 0 0 0 0 0 0 0 0 0 0 0 0 0 0 0 0 0 0 0 0 0 0 0 0 0 0 0 0.776143 0 0 0 0 0 0 0 0.468205 0 0 0 0 0 0 0 0 0 0 0 0 0 0 0 0 0 0 0 0 0 0.555262
0 0 0 0 0 0 0 0 0 0 0 0 0 0 0 0 0.825154 0 0 0 0 0 0 0 0 0 0 0 0 0 0 0 0.621617 0 0 0 0 0 0 0 0 0 0 0 0 0 0.989628 0 0 0 0 0 0 0 0 0 0 0 0 0 0 0 0 0 0 0 0 0 0 0 0 0 0 0 0 0 0 0 0 0 0.927463 0 0 0 0 0 0 0 0 0 0 0 0 0 0 0 0 0 0 0
0 0 0 0 0 0 0 0 0 0 0 0 0 0 0 0 0 0 0 0 0 0 0 0 0.556194 0 0 0 0 0 0 0 0 0 0 0.671759 0 0 0 0 0 0 0 0 0 0 0 0 0 0 0 0 0 0 0 0 0 0 0 0.390586 0 0 0 0 0 0 0 0 0 0 0 0 0 0.456568 0 0 0 0 0 0.265831 0.222 0 0 0 0 0 0 0 0 0 0 0 0 0 0 0 0 0 0.943587 0
0 0 0 0 0 0 0 0.549631 0 0 0 0 0 0 0 0 0 0 0 0 0 0 0 0 0 0 0 0 0 0 0 0 0 0 0 0 0 0 0 0 0 0 0 0 0 0 0.278203 0 0.708297 0 0 0 0 0 0 0 0 0 0 0 0 0 0 0 0 0 0 0 0 0 0 0 0.475415 0 0 0 0 0 0 0 0 0 0.41084 0 0 0 0 0 0 0 0 0 0 0 0 0 0 0 0 0
0 0 0 0 0 0 0 0 0 0 0 0 0 0 0 0.882446 0 0 0 0 0 0 0 0 0 0.941955 0 0 0 0 0 0 0 0 0 0 0 0 0 0 0 0 0 0 0 0 0 0 0 0 0 0 0 0 0 0 0.846462 0 0 0 0 0 0 0 0 0 0 0 0 0 0 0 0 0 0 0 0 0 0 0 0 0 0 0 0 0 0 0 0 0 0 0 0 0 0 0 0 0 0 0
0 0 0 0 0 0 0 0 0 0 0 0 0 0 0 0 0 0 0 0 0 0 0 0 0 0 0 0 0 0 0 0 0 0 0 0 0 0 0 0 0 0 0 0 0 0 0 0 0 0 0.310319 0 0 0 0 0 0 0 0 0 0.773695 0 0 0 0 0.653781 0 0 0 0 0 0 0 0 0 0 0 0 0 0.734879 0 0 0 0 0 0 0 0 0 0 0 0 0 0 0 0 0 0 0 0
0 0 0 0 0 0.805066 0 0 0 0 0 0 0 0 0 0 0 0 0.664837 0 0 0 0 0 0 0 0 0 0 0 0 0 0 0 0 0 0 0 0 0 0 0 0 0.123903 0 0 0 0 0 0 0 0 0 0 0 0 0 0 0 0 0 0 0 0 0 0 0 0 0 0 0 0 0 0 0 0 0 0 0 0 0 0 0 0 0 0 0 0 0 0 0 0 0 0 0 0 0 0 0 0
0 0 0 0 0 0 0 0 0 0 0 0 0 0 0 0 0 0 0 0 0.725168 0 0 0 0 0 0 0 0 0 0 0 0 0 0 0 0 0.735866 0 0 0 0 0 0 0 0 0 0 0 0 0 0 0 0 0 0 0 0 0 0 0 0 0 0 0 0 0 0 0 0 0 0 0 0 0 0 0 0 0 0 0 0 0 0 0 0 0 0 0 0 0 0 0 0 0 0 0 0 0 0
0 0 0 0 0 0 0 0 0 0 0 0 0 0 0 0 0 0 0 0 0 0 0 0 0 0 0.499344 0 0 0.891969 0 0 0 0 0 0 0.591114 0 0 0 0 0 0 0 0 0 0 0 0 0 0 0.424271 0 0 0 0 0 0 0 0 0 0 0 0 0 0 0 0 0.921326 0 0 0 0 0 0 0 0 0 0 0 0 0.0442584 0 0 0 0 0 0 0 0 0 0 0 0 0 0 0 0 0 0.686158
0.849668 0 0 0 0 0 0 0 0 0 0.701401 0 0 0 0 0 0 0 0 0 0 0 0.632884 0 0 0 0 0 0 0 0 0 0 0 0 0 0 0 0 0 0 0 0 0.421045 0 0 0 0 0 0 0 0 0 0 0 0 0 0 0 0 0 0 0 0 0 0 0 0 0 0 0 0 0 0 0 0 0.605788 0 0 0 0 0 0 0 0 0 0 0 0 0 0 0 0 0 0 0 0 0 0 0
0 0 0 0 0 0 0.748008 0 0 0 0 0 0 0 0 0 0 0 0 0 0 0 0 0 0 0 0 0 0 0 0 0 0 0 0 0 0 0 0.484047 0 0 0 0 0 0 0 0 0.351268 0 0 0 0 0 0 0 0 0 0 0 0 0.74384 0 0 0 0 0 0.114713 0 0 0 0 0 0 0 0 0 0 0 0 0 0 0 0 0 0 0 0 0 0 0 0 0 0 0 0 0 0 0 0 0
0 0 0 0 0 0 0 0.267508 0 0 0 0 0 0 0 0 0 0 0 0 0 0 0 0 0 0 0 0 0 0 0 0 0 0 0 0 0 0 0 0 0 0 0 0 0 0 0 0 0 0 0 0 0 0 0 0 0 0 0 0 0 0 0 0 0 0 0 0 0 0 0.19266 0 0 0 0 0.132638 0 0 0 0 0 0 0 0 0 0 0 0 0 0 0 0 0 0 0 0 0 0 0 0
0 0 0 0 0 0 0 0 0 0 0 0 0 0 0 0 0 0 0 0 0 0 0 0 0 0 0 0 0 0 0 0 0 0 0 0 0 0 0 0 0 0 0 0 0 0 0 0 0 0 0 0 0 0 0 0 0 0 0 0 0 0 0 0 0.16586 0 0 0 0 0 0 0 0 0 0 0 0 0 0 0 0 0 0 0 0 0 0 0 0 0 0 0 0 0 0 0 0 0 0 0
0 0 0 0 0 0 0 0 0 0 0 0 0 0 0 0 0 0 0 0 0 0 0 0 0 0 0 0 0 0 0 0 0 0 0 0 0 0 0.994243 0 0 0 0 0 0 0 0 0 0 0 0 0 0 0 0 0 0 0 0 0 0 0 0 0 0 0 0 0 0 0 0 0 0 0 0 0 0 0 0 0 0 0 0 0 0 0 0 0 0 0 0 0 0 0 0 0 0 0 0 0
0 0 0 0 0 0 0 0.790136 0 0.651243 0 0 0.487251 0 0 0 0 0 0 0 0 0 0 0 0 0 0 0 0 0 0 0 0 0 0.470663 0.457921 0 0 0 0 0 0.285674 0 0 0 0 0 0 0 0 0 0 0 0 0 0 0 0 0 0 0 0 0 0 0 0 0 0 0 0 0 0 0 0 0 0.609773 0 0 0 0 0 0 0 0 0 0 0 0 0 0 0 0 0 0 0 0 0 0 0 0
0 0 0 0 0 0 0 0 0 0 0 0 0 0 0 0 0 0 0 0 0 0 0 0 0 0 0 0 0 0 0 0 0 0 0 0 0 0.259055 0 0 0 0 0 0 0 0 0 0 0.840806 0 0 0 0 0.051196 0 0 0 0 0 0 0 0 0 0 0 0 0 0 0 0 0 0 0 0 0 0 0 0 0 0 0 0 0 0 0 0.943587 0 0 0 0 0 0 0 0 0 0 0 0 0 0
0.91366 0 0 0 0 0 0 0 0 0 0 0 0 0 0 0 0 0 0 0 0 0 0 0.428562 0 0 0 0 0 0 0 0 0 0 0 0 0 0 0 0 0 0 0 0 0 0.44478 0 0 0 0 0 0 0 0 0 0 0 0 0 0 0 0 0 0 0 0 0 0 0 0 0 0 0 0 0 0 0 0 0 0 0 0 0 0.555262 0 0 0 0 0 0 0 0.686158 0 0 0 0 0 0 0 0
