50
0 0 0.62156 0.804819 0 0.47615 0.235892 0.555581 0 0 0 0.30081 0 0.364304 0 0 0 0 0 0 0.795281 0 0 0 0.889297 0 0 0 0 0 0 0 0 0.140079 0 0 0 0 0 0 0 0 0 0 0 0 0 0 0 0
0 0 0 0 0.572563 0 0 0 0 0 0 0 0 0 0.364941 0 0 0 0.239925 0 0.614846 0 0 0 0.609936 0 0 0 0 0 0.516838 0 0 0 0 0 0 0 0 0 0 0 0 0 0 0.219489 0 0 0 0.274625
0.62156 0 0 0 0 0 0 0.126994 0 0 0.394864 0 0 0 0 0 0 0 0 0 0 0.439441 0 0 0 0 0.699568 0 0 0.625718 0 0 0 0 0 0.343188 0 0 0 0 0 0.304353 0 0 0 0 0 0 0 0
0.804819 0 0 0 0.0668321 0 0 0 0 0 0.330216 0 0 0 0 0 0 0 0 0.697915 0 0 0 0 0 0 0 0 0 0 0 0 0 0 0 0 0 0 0 0 0 0 0 0 0 0 0 0 0 0
0 0.572563 0 0.0668321 0 0 0.808047 0 0 0 0.382273 0 0 0.532812 0 0 0 0.576867 0 0 0 0 0 0 0 0 0 0 0 0.849857 0.624154 0 0 0 0 0 0 0 0 0 0 0 0 0 0 0 0 0 0 0
0.47615 0 0 0 0 0 0 0 0 0 0 0 0 0 0 0 0 0 0 0 0 0 0 0 0 0 0 0 0 0 0.309749 0 0 0 0.961362 0 0 0.0913375 0.490154 0 0.362524 0 0 0 0 0.559946 0 0 0 0
0.235892 0 0 0 0.808047 0 0 0 0 0 0 0 0 0 0.623872 0 0 0.239824 0 0 0 0 0 0 0 0 0.531557 0 0 0 0 0 0 0 0 0 0.732567 0 0 0 0 0 0.797375 0 0 0 0 0 0 0
0.555581 0 0.126994 0 0 0 0 0 0 0 0 0 0 0 0 0 0 0 0 0 0 0 0 0.271562 0 0 0 0 0 0 0 0 0.260553 0 0.515226 0 0 0.5398 0.422632 0 0.471102 0 0 0 0 0 0.563519 0.472441 0.324569 0
0 0 0 0 0 0 0 0 0 0 0 0 0 0 0 0.274439 0 0 0 0 0 0 0 0 0 0 0 0.322347 0 0 0 0 0 0.785782 0 0 0 0 0 0 0 0 0 0 0 0 0 0 0 0
0 0 0 0 0 0 0 0 0 0 0 0.444769 0 0 0 0 0 0 0 0 0 0 0 0 0 0 0 0 0 0 0 0 0 0 0 0.836079 0 0 0.879888 0 0 0 0 0 0 0 0 0 0.798292 0.345737
0 0 0.394864 0.330216 0.382273 0 0 0 0 0 0 0 0 0 0 0 0 0 0 0 0 0.729566 0.67971 0.547974 0 0.173863 0 0 0 0 0 0 0 0 0 0 0.366449 0 0 0 0 0 0 0 0 0 0 0 0 0
0.30081 0 0 0 0 0 0 0 0 0.444769 0 0 0 0 0 0 0 0 0.478658 0 0 0 0 0 0 0 0 0 0.895749 0.0961513 0 0 0 0 0 0 0 0 0 0 0 0 0.731858 0.506651 0.190119 0 0 0 0 0
0 0 0 0 0 0 0 0 0 0 0 0 0 0 0 0 0 0 0 0 0 0.714154 0 0.271259 0.564802 0 0 0 0 0 0 0 0 0.842257 0 0 0 0 0 0 0 0 0 0 0 0 0 0 0 0.380572
0.364304 0 0 0 0.532812 0 0 0 0 0 0 0 0 0 0 0 0 0 0.182604 0 0.791487 0 0 0 0 0.579141 0 0 0 0 0 0 0 0 0 0 0 0 0 0 0 0 0 0.0541559 0 0.181111 0 0 0 0
0 0.364941 0 0 0 0 0.623872 0 0 0 0 0 0 0 0 0 0 0 0 0 0.894605 0 0 0 0 0 0 0 0 0 0 0 0 0.47351 0 0 0 0 0 0 0 0 0 0 0 0.336807 0 0.479351 0 0
0 0 0 0 0 0 0 0 0.274439 0 0 0 0 0 0 0 0 0 0 0 0 0 0 0 0 0 0 0 0 0 0 0 0 0 0 0 0 0 0 0 0 0 0 0 0 0 0 0 0.406221 0
0 0 0 0 0 0 0 0 0 0 0 0 0 0 0 0 0 0 0 0 0 0.754729 0.659635 0.470954 0 0 0 0.332316 0 0 0 0 0 0 0 0 0.258701 0 0 0 0.840956 0 0 0 0.668303 0.830736 0.879522 0 0 0
0 0 0 0 0.576867 0 0.239824 0 0 0 0 0 0 0 0 0 0 0 0 0 0 0 0 0 0 0.429699 0 0 0 0 0 0 0 0 0 0 0 0 0 0 0.211111 0 0 0 0 0 0 0.217859 0 0
0 0.239925 0 0 0 0 0 0 0 0 0 0.478658 0 0.182604 0 0 0 0 0 0 0 0 0 0 0 0 0 0 0 0 0.572006 0 0 0 0.429297 0 0.288701 0 0 0 0 0 0 0 0 0 0 0 0 0
0 0 0 0.697915 0 0 0 0 0 0 0 0 0 0 0 0 0 0 0 0 0 0 0 0.520683 0 0 0 0 0 0 0.6543 0 0 0 0 0.801283 0 0 0 0 0 0.213427 0 0.301233 0 0 0 0 0 0
0.795281 0.614846 0 0 0 0 0 0 0 0 0 0 0 0.791487 0.894605 0 0 0 0 0 0 0 0.766287 0 0.508367 0 0 0 0 0 0 0 0 0 0 0 0 0.357351 0 0.413873 0 0 0 0 0 0 0.527765 0.728413 0 0
0 0 0.439441 0 0 0 0 0 0 0 0.729566 0 0.714154 0 0 0 0.754729 0 0 0 0 0 0 0.450223 0 0 0 0.856546 0 0 0 0 0 0.226904 0 0 0 0 0 0 0.143506 0.139488 0 0 0 0.133937 0 0 0.655407 0
0 0 0 0 0 0 0 0 0 0 0.67971 0 0 0 0 0 0.659635 0 0 0 0.766287 0 0 0 0 0 0 0 0.626126 0.493835 0 0 0 0 0 0 0 0 0 0 0 0 0 0 0 0 0 0 0 0
0 0 0 0 0 0 0 0.271562 0 0 0.547974 0 0.271259 0 0 0 0.470954 0 0 0.520683 0 0.450223 0 0 0 0 0 0 0 0 0 0 0 0 0 0 0 0 0 0 0.58617 0 0.456984 0 0.656375 0 0 0 0 0
0.889297 0.609936 0 0 0 0 0 0 0 0 0 0 0.564802 0 0 0 0 0 0 0 0.508367 0 0 0 0 0 0 0 0 0 0 0 0 0 0 0 0 0 0 0 0 0.601986 0 0 0 0 0 0 0 0.523814
0 0 0 0 0 0 0 0 0 0 0.173863 0 0 0.579141 0 0 0 0.429699 0 0 0 0 0 0 0 0 0 0 0 0 0 0 0 0.79827 0 0 0 0 0.182671 0 0.621043 0 0.25593 0 0 0.678961 0 0 0.0860873 0
0 0 0.699568 0 0 0 0.531557 0 0 0 0 0 0 0 0 0 0 0 0 0 0 0 0 0 0 0 0 0 0.963987 0 0 0 0 0.886804 0 0 0.785528 0 0 0 0 0 0 0 0 0 0 0.70563 0 0
0 0 0 0 0 0 0 0 0.322347 0 0 0 0 0 0 0 0.332316 0 0 0 0 0.856546 0 0 0 0 0 0 0 0.841389 0 0 0.653597 0 0.840128 0 0 0 0 0 0 0 0 0 0 0.967098 0.825781 0 0 0
0 0 0 0 0 0 0 0 0 0 0 0.895749 0 0 0 0 0 0 0 0 0 0 0.626126 0 0 0 0.963987 0 0 0 0 0.352732 0 0 0 0 0 0 0 0 0 0 0 0.648011 0 0 1.03425 0 0 0
0 0 0.625718 0 0.849857 0 0 0 0 0 0 0.0961513 0 0 0 0 0 0 0 0 0 0 0.493835 0 0 0 0 0.841389 0 0 0 0 0 0 0 0 0 0 0 0.169065 0 0 0 0 0 0 0 0.244487 0 0
0 0.516838 0 0 0.624154 0.309749 0 0 0 0 0 0 0 0 0 0 0 0 0.572006 0.6543 0 0 0 0 0 0 0 0 0 0 0 0 0 0 0 0 0 0 0.18411 0 0 0 0 0 0 0 0 0 0 0
0 0 0 0 0 0 0 0 0 0 0 0 0 0 0 0 0 0 0 0 0 0 0 0 0 0 0 0 0.352732 0 0 0 0 0.922997 0 0.0266452 0.257152 0.72699 0.302033 0 0 0 0 0.680325 0 0 0 0 0 0
0 0 0 0 0 0 0 0.260553 0 0 0 0 0 0 0 0 0 0 0 0 0 0 0 0 0 0 0 0.653597 0 0 0 0 0 0 0 0 0 0 0 0 0.241287 0 0 0 0 0 0 0 0.458083 0
0.140079 0 0 0 0 0 0 0 0.785782 0 0 0 0.842257 0 0.47351 0 0 0 0 0 0 0.226904 0 0 0 0.79827 0.886804 0 0 0 0 0.922997 0 0 0 0.949088 0 0.656583 0 0 0 0 0 0 0 0 0 0 0.882309 0
0 0 0 0 0 0.961362 0 0.515226 0 0 0 0 0 0 0 0 0 0 0.429297 0 0 0 0 0 0 0 0 0.840128 0 0 0 0 0 0 0 0 0 1.05245 0 0 0.871385 0 0 0 0 0 0 0 0 0
0 0 0.343188 0 0 0 0 0 0 0.836079 0 0 0 0 0 0 0 0 0 0.801283 0 0 0 0 0 0 0 0 0 0 0 0.0266452 0 0.949088 0 0 0 0 0.299453 0 0.808325 0 0 0.706874 0 0 0 0 0 0.533147
0 0 0 0 0 0 0.732567 0 0 0 0.366449 0 0 0 0 0 0.258701 0 0.288701 0 0 0 0 0 0 0 0.785528 0 0 0 0 0.257152 0 0 0 0 0 0 0 0 0 0.45435 0 0 0 0 0 0 0.411733 0
0 0 0 0 0 0.0913375 0 0.5398 0 0 0 0 0 0 0 0 0 0 0 0 0.357351 0 0 0 0 0 0 0 0 0 0 0.72699 0 0.656583 1.05245 0 0 0 0 0.0928414 0 0 0.76437 0 0 0.629048 0 0 0.547552 0
0 0 0 0 0 0.490154 0 0.422632 0 0.879888 0 0 0 0 0 0 0 0 0 0 0 0 0 0 0 0.182671 0 0 0 0 0.18411 0.302033 0 0 0 0.299453 0 0 0 0 0 0 0 0 0 0.843174 0 0 0.108672 0
0 0 0 0 0 0 0 0 0 0 0 0 0 0 0 0 0 0 0 0 0.413873 0 0 0 0 0 0 0 0 0.169065 0 0 0 0 0 0 0 0.0928414 0 0 0 0 0 0 0 0 0 0 0 0
0 0 0 0 0 0.362524 0 0.471102 0 0 0 0 0 0 0 0 0.840956 0.211111 0 0 0 0.143506 0 0.58617 0 0.621043 0 0 0 0 0 0 0.241287 0 0.871385 0.808325 0 0 0 0 0 0 0.812678 0 0 0 0.273347 0 0 0
0 0 0.304353 0 0 0 0 0 0 0 0 0 0 0 0 0 0 0 0 0.213427 0 0.139488 0 0 0.601986 0 0 0 0 0 0 0 0 0 0 0 0.45435 0 0 0 0 0 0 0 0.439983 0 0 0 0.570522 0
0 0 0 0 0 0 0.797375 0 0 0 0 0.731858 0 0 0 0 0 0 0 0 0 0 0 0.456984 0 0.25593 0 0 0 0 0 0 0 0 0 0 0 0.76437 0 0 0.812678 0 0 0 0.638759 0 0 0 0 0
0 0 0 0 0 0 0 0 0 0 0 0.506651 0 0.0541559 0 0 0 0 0 0.301233 0 0 0 0 0 0 0 0 0.648011 0 0 0.680325 0 0 0 0.706874 0 0 0 0 0 0 0 0 0 0 0 0.341074 0 0
0 0 0 0 0 0 0 0 0 0 0 0.190119 0 0 0 0 0.668303 0 0 0 0 0 0 0.656375 0 0 0 0 0 0 0 0 0 0 0 0 0 0 0 0 0 0.439983 0.638759 0 0 0 0 0 0 0
0 0.219489 0 0 0 0.559946 0 0 0 0 0 0 0 0.181111 0.336807 0 0.830736 0 0 0 0 0.133937 0 0 0 0.678961 0 0.967098 0 0 0 0 0 0 0 0 0 0.629048 0.843174 0 0 0 0 0 0 0 0 0 0 0
0 0 0 0 0 0 0 0.563519 0 0 0 0 0 0 0 0 0.879522 0 0 0 0.527765 0 0 0 0 0 0 0.825781 1.03425 0 0 0 0 0 0 0 0 0 0 0 0.273347 0 0 0 0 0 0 0 0 0
0 0 0 0 0 0 0 0.472441 0 0 0 0 0 0 0.479351 0 0 0.217859 0 0 0.728413 0 0 0 0 0 0.70563 0 0 0.244487 0 0 0 0 0 0 0 0 0 0 0 0 0 0.341074 0 0 0 0 0.725362 0.439517
0 0 0 0 0 0 0 0.324569 0 0.798292 0 0 0 0 0 0.406221 0 0 0 0 0 0.655407 0 0 0 0.0860873 0 0 0 0 0 0 0.458083 0.882309 0 0 0.411733 0.547552 0.108672 0 0 0.570522 0 0 0 0 0 0.725362 0 0
0 0.274625 0 0 0 0 0 0 0 0.345737 0 0 0.380572 0 0 0 0 0 0 0 0 0 0 0 0.523814 0 0 0 0 0 0 0 0 0 0 0.533147 0 0 0 0 0 0 0 0 0 0 0 0.439517 0 0
