100
0 0 0 0 0 0.767532 0 0.356005 0 0 0 0 0 0 0 0 0 0 0 0 0.308706 0 0 0.463461 0 0 0 0 0 0 0 0 0 0 0.166127 0 0.519461 0 0 0 0 0.585777 0 0 0 0 0 0 0 0 0 0.156758 0 0 0.469553 0 0 0 0.656872 0 0 0 0 0 0 0 0.234967 0 0 0 0.567005 0 0.165638 0 0 0 0.550253 0 0 0 0 0.187219 0 0 0 0.100531 0 0 0 0 0.269817 0 0 0 0 0 0.257444 0 0 0.567624
0 0 0 0 0 0 0 0 0 0 0 0 0 0 0 0 0 0 0 0 0 0 0.128152 0 0 0 0 0 0 0 0 0 0 0 0 0 0 0 0 0 0 0 0 0 0 0 0 0 0 0.648004 0 0 0 0 0 0 0.602686 0 0 0 0 0 0 0 0 0 0 0 0.519855 0 0 0 0 0 0 0.784908 0.582616 0 0 0 0 0 0 0 0 0 0 0 0 0 0 0.763705 0 0 0 0 0 0 0 0
0 0 0 0 0.180686 0 0 0 0 0 0 0 0 0 0 0 0.656694 0 0 0 0 0 0 0 0 0 0 0 0 0 0 0 0 0 0 1.01676 0 0 0 0 0 0 0 0 0 0 0 0 0 0.716393 0 0 0 0 0 0 0 0 0.956846 0 0 0 0 0 0 0.624622 0 0 0 0 0.854576 0 0 0 0 0 0 0.563906 0 0 0 0 0 0.533313 0 0 0.302695 0.762316 0.686262 0 0 0 0 0.837666 0 0 0.482361 0 0 0
0 0 0 0 0 0.878566 0 0 0 0 0 0 0 0 0 0.127591 0 0 0 0.491135 0 0 0 0 0 0.597886 0 0 0 0 0.814709 0 0 0 0 0 0 0 0 0 0 0 0 0.368279 0 0 0 0 0 0 0 0.506049 0 0 0.936856 0 0 0 0 0 0 0 0 0 0 0 0 0 0 0.43834 0 0 0 0 0.564205 0 0 0 0 0 0 0 0 0 0 0 0 0 0 0 0 0 0 0 0 0 0 0 0 0
0 0 0.180686 0 0 0 0.406004 0 0 0 0 0 0 0 0 0 0 0 0 0.264138 0.418132 0 0 0 0 0 0 0.439204 0.810245 0 0 0 0 0 0 0 0 0 0 0.558991 0 0 0 0 0 0 0 0 0 0.641277 0 0.153819 0 0 0 0 0 0 0 0 0 0 0 0 0 0 0 0 0 0 0 0 0 0 0 0 0 0.0407234 0.689501 0 0 0 0 0 0 0.261791 0 0 0 0 0 0.572283 0 0 0 0 0 0 0 0
0.767532 0 0 0.878566 0 0 0 0 0 0 0 0 0 0 0 0 0 0 0 0 0 0.570844 0 0.29375 0 0 0 0 0.708274 0 0 0 0 0 0 0 0 0 0 0 0 0 0 0 0 0 0 0 0 0 0 0 0 0 0.0138788 0.1755 0 0 0 0 0 0.0762273 0 0 0 0 0 0 0 0 0.801398 0 0.51362 0 0.564916 0 0 0 0 0 0.183378 0 0.458428 0 0 0 0.551955 0 0 0 0 0.156587 0 0.640715 0 0.746854 0 0 0 0
0 0 0 0 0.406004 0 0 0 0 0.364326 0 0 0 0 0 0 0 0 0.994799 0 0.303725 0 0 0 0.815535 0 0.878034 0.958713 0 0 0 0.302395 0.385741 0 0 0 -0.0309837 0 0 0 0 0 0.789193 0 0.992509 0 0 0.475616 0 0 0 0 0.417628 0 0 0.790032 0 0 0 0 0 0 0 0 0 0.687326 0 0.93092 0 0 0 0 0 0 0 0.174095 0 0 0 0 0 0 0 0.889615 0.53296 0 0 0 0 0 0 0 0 0.745847 0 0 0 0.660916 0 0
0.356005 0 0 0 0 0 0 0 0 0 0 0 0 0 0 0 0 0 0 0 0 0 0 0.948744 0 0 0 0 0 0 0.438142 0 0 0 0.724991 0 0 0 0 0 0 0 0 0 0 0 0.979626 0 0 0 0 0 0 0 0 0 0 0 0 0.936798 0 0 0.629041 0 0 0 0.345493 0 0 0.964561 0 0.771081 0 0 0 0 0 0 0 0 0 0 0.850224 0 0 0 0 0.111707 0.420483 0 0 0 0 0 0 0 0 0.510329 0 0.785348
0 0 0 0 0 0 0 0 0 0 0 0 0 0.697265 0 0 0 0 0.193072 0 0 0 0.408338 0 0 0 0 0 0.112883 0.2452 0.0221725 0 0 0 0 0 0.779956 0 0 0 0 0 0 0 0 0 0 0 0 0 0 0 0 0 0 0 0 0.237528 0 0 0 0.663177 0 0 0 0 0 0 0 0 0 0 0 0 0 0 0 0 0 0 0 0 0 0 0.781972 0 0.121865 0.74059 0 0 0 0 0.414795 0 0 0 0 0 0.489391 0
0 0 0 0 0 0 0.364326 0 0 0 0 0 0 0 0 0 0 0 0 0 0 0 0 0.357286 0 0 0.776754 0 0 0 0 0 0 0.889917 0.65104 0 0.832951 0 0.809443 0 0 0 0 0 0 0 0 0 0 0 0 0.919831 0 0 0 0 0 0 0 0 0 0 0 0 0 0 0 0 0 0.919786 0.525782 0 0 0 0 0 0 0 0 0 0.299786 0 0 0 0 0 0 0 0.373921 0 0 0 0 0.920057 0 0 0 0.358447 0 0.197753
0 0 0 0 0 0 0 0 0 0 0 0 0 0 0 0 0 0.557496 0 0.455192 0 0 0 0 0 0 0 0 0 0 0 0 0 0 0 0 0.281423 0 0 0 0 0.914474 0 0 0 0 0 0 0 0 0 0 0 0 0.0998746 0 0 0 0 0 0 0.0824081 0 0.08167 0 0.905219 0 0.823596 0.984158 0 0 0 0 0 0 0 0 0 0 0 0 0.801421 0 0 0 0.88829 0 0 0 0 0 0 0 0 0 0.236167 0 0 0.139185 0
0 0 0 0 0 0 0 0 0 0 0 0 0 0.126881 0 0 0.87426 0.438481 0 0.344195 0 0 0 0 0 0 0 0 0 0 0 0 0 0 0.738459 0 0 0 0.562278 0 0 0.423337 0 0 0.809208 0 0 0 0 0.851475 0 0.739522 0 0 0 0 0 0 0 0.301695 0.666605 0.728797 0 0 0.707924 0 0 0 0 0 0 0 0 0 0.145645 0 0 0.812714 0 0 0.953566 0 0 0.781467 0.928768 0 0 0 0 0 0 0 0.562231 0 0 0 0 0 0 0
0 0 0 0 0 0 0 0 0 0 0 0 0 0 0 0 0.129358 0 0 0 0 0 0 0 0 0 0 0 0 0 0 0 0 0 0 0.462343 0 0 0 0 0.510883 0 0.868069 0 0.342949 0 0 0.404704 0 0.517862 0 0 0 0 0 0.711047 0 0.972036 0 0 0 0 0 0 0 0 0 0 0.137445 0 0 0 0 0 0 0 0 0 0 0.915122 0 0 0 0.583463 0 0.637156 0.143663 0 0 0 0 0 0.687922 0 0 0 0 0 0 0
0 0 0 0 0 0 0 0 0.697265 0 0 0.126881 0 0 0 0.408586 0 0.148182 0.584395 0 0 0 0 0.0855549 0 0.735395 0.451772 0 0 0 0 0.149949 0 0 0 0 0 0 0 0 0 0 0.317608 0.860992 0 0 0.37788 0 0 0 0 0 0 0 0.713976 0.612699 0 0 0 0 0.651977 0 0 0 0 0 0 0 0 0 0 0 0 0 0 0 0 0 0 0 0 0 0 0 0 0 0 0.733514 0 0 0 0 0 0 0.331297 0 0 0 0 0
0 0 0 0 0 0 0 0 0 0 0 0 0 0 0 0 0 0 0 0 0 0 0 0 0 0 0 0 0 0.415935 0 0 0.392393 0 0.68679 0 0 0 0 0 0 0 0 0 0 0 0.239289 0 0 0 0 0 0 0.864873 0 0 0 0 0.751846 0 0 0 0 0 0 0 0 0 0.503548 0 0 0 0.726966 0.306897 0 0 0 0 0 0 0 0 0 0 0 0 0 0 0 0 0 0 0 0 0 0 0 0 0 0
0 0 0 0.127591 0 0 0 0 0 0 0 0 0 0.408586 0 0 0 0.649764 0 0 0 0 0 0 0 0 0 0 0 0 0 0 0.992398 0 0 0 0.136825 0.385838 0 0 0 0 0 0 0.442862 0 0.824588 0.608762 0.650583 0 0 0 0 0 0 0 0 0 0.988444 0 0 0 0 0 0 0 0 0 0 0 0 0.747792 0 0 0 0 0 0 0 0 0 0 0 0 0 0.987013 0 0 0 0 0.454081 0 0.146033 0 0 0.0519931 0 0 0 0
0 0 0.656694 0 0 0 0 0 0 0 0 0.87426 0.129358 0 0 0 0 0 0 0 0 0 0 0 0 0.284553 0 0 0 0 0 0 0 0 0 0 0.920193 0 0 0 0 0 0.569233 0 0 0 0 0 0 0 0.536135 0 0 0 0.94798 0 0 0 0 0 0 0 0 0 0 0 0 0 0 0 0 0 0 0 0 0 0 0 0 0 0 0 0.257765 0 0 0 0 0 0 0 0.307946 0 0 0 0 0.577778 0 0 0 0.863033
0 0 0 0 0 0 0 0 0 0 0.557496 0.438481 0 0.148182 0 0.649764 0 0 0 0 0 0 0 0 0 0 0 0 0 0 0 0 0.312922 0 0 0 0 0 0 0 0 0 0 0 0 0 0 0 0 0 0 0 0 0 0 0 0 0 0 0 0 0 0 0 0 0 0 0 0 0 0.640676 0 0 0 0 0 0 0 0.805685 0 0 0 0 0 0 0.193299 0 0.807311 0 0 0 0 0 0 0 0 0 0 0 0.333716
0 0 0 0 0 0 0.994799 0 0.193072 0 0 0 0 0.584395 0 0 0 0 0 0 0 0 0.799256 0 0 0 0 0 0.960248 0 0 0 0 0.7275 0 0 0 0 0.131792 0 0 0 0 0 0 0.566852 0 0 0.902189 0 0 0 0 0.548207 0 0 0 0 0 0 0 0 0 0 0 0 0 0 0.611433 0 0 0 0 0.109264 0 0 0 0 0 0 0 0 0 0 0 0 0 0 0 0 0 0 0 0 0.681235 0 0 0.294947 0 0
0 0 0 0.491135 0.264138 0 0 0 0 0 0.455192 0.344195 0 0 0 0 0 0 0 0 0 0 0 0 0 0 0 0.202906 0 0 0 0.739791 0 0 0 0 0 0 0 0 0.931191 0.0239487 0 0 0 0 0 0 0 0 0 0 0.4808 0 0.281142 0 0 0 0 0 0 0 0 0 0 0.843368 0 0.728932 0 0 0 0 0 0 0 0 0 0 0 0.830064 0 0 0 0.52124 0 0 0.679867 0.740998 0 0 0.888754 0 0 0 0 0 0 0 0.845718 0
0.308706 0 0 0 0.418132 0 0.303725 0 0 0 0 0 0 0 0 0 0 0 0 0 0 0 0 0 0 0 0.468719 0 0 0 0 0 0 0 0.0955158 0 0 0 0 0 0 0 0.316786 0.665041 0 0 0 0 0 0 0 0 0.777342 0 0 0 0 0 0 0.901001 0 0 0 0 0 0 0 0 0 0 0 0 0 0 0 0 0 0 0 0.258387 0 0 0 0 0 0 0 0.733905 0 0 0 0 0 0 0 0 0 0 0 0
0 0 0 0 0 0.570844 0 0 0 0 0 0 0 0 0 0 0 0 0 0 0 0 0 0 0 0 0 0 0 0 0.0808328 0 0 0.541585 0.707159 0.813092 0 0 0.326997 0 0 0 0 0.148976 0 0 0 0 0 0 0 0 0 0.355261 0 0 0 0 0 0 0 0 1.00288 0 0 0.647184 0 0 0 0 0 0 0 0 0.32251 0 0.717636 0 0 0 0.211737 0 0 0 0.392483 0 0 0 0 0 0 0 0 0 0 0 0 0 0 0
0 0.128152 0 0 0 0 0 0 0.408338 0 0 0 0 0 0 0 0 0 0.799256 0 0 0 0 0 0 0 0 0 0.436142 0 0 0 0.285143 0 0 0 0 0 0 0 0 0 0 0 0 0 0 0 0 0 0 0 0 0 0 1.01568 0 0 0 0 0 0 0 0 0 0 0 0 0 0.3983 0 0 0 0 0 0 0 0 0.90402 0 0.692116 0 0 0.90006 0 0.197241 0 0 0 0 0 0 0 0 0 0 0 0 0.695043 0
0.463461 0 0 0 0 0.29375 0 0.948744 0 0.357286 0 0 0 0.0855549 0 0 0 0 0 0 0 0 0 0 0 0 0 0 0 0.470067 0 0 0 0 0 0 0 0 0 0 0 0 0 0 0 0 0 0 0 0 0 0 0 0 0 0 0 0.776404 0 0 0 0 0 0 0 0 0 0 0 0 0 0 0 0 0 0 0 0 0.374916 0 0 0 0 0.91873 0 0 0.331115 0 0 0 0 0 0 0.539258 0 0 0 0 0 0
0 0 0 0 0 0 0.815535 0 0 0 0 0 0 0 0 0 0 0 0 0 0 0 0 0 0 0.700639 0 0 0 0 0 0 0 0 0 0 0 0 0 0 0 0 0 0 0 0 0 0 0 0 0.155105 0.720108 0 0.346564 0 0 0.287447 0 0.381919 0 0.128449 0 0 0 0 0 0 0 0 0 0 0.0520316 0 0 0 0 0 0 0 0 0 0 0 0.127015 0.800638 0 0.272876 0.206084 0 0.928541 0 0 0 0 0 0.912834 0 0 0 0.911082
0 0 0 0.597886 0 0 0 0 0 0 0 0 0 0.735395 0 0 0.284553 0 0 0 0 0 0 0 0.700639 0 0 0 0 0.454065 0 0.422323 0 0 0 0 0 0 0 0 0 0 0 0.743655 0 0 0 0 0 0 0 0 0 0 0.164595 0.463359 0 0 0 0 0 0.828401 0 0 0 0.544238 0 0 0 0 0.473132 0.397886 0 0 0 0 0 0 0 0 0 0 0 0 0 0 0 0 0.541363 0.69367 0 0 0 0 0 0 0 0 0 0
0 0 0 0 0 0 0.878034 0 0 0.776754 0 0 0 0.451772 0 0 0 0 0 0 0.468719 0 0 0 0 0 0 0 0 0 0 0.650053 0 0.811706 0 0 0.948064 0 0 0 0 0 0 0 0 0 0 0 0 0 0.818181 0 0 0 0 0 0 0 0 0 0 0 0 0 0 0 0 0 0 0 0 0 0 0 0.704963 0 0.31562 0.622269 0 0 0 0 0 0 0.685738 0 0 0 0.786769 0 0 0 0 0 0.24232 0.584957 0 0 0 0
0 0 0 0 0.439204 0 0.958713 0 0 0 0 0 0 0 0 0 0 0 0 0.202906 0 0 0 0 0 0 0 0 0 0 0 0 0 0 0 0 0 0 0 0 0 0.813601 0 0 0 0 0 0 0 0 0 0 0 0 0 0 0 0.237089 0 0.961212 0 0 0 0.916966 0 0 0.959292 0 0 0 0 0 0 0 0 0 0 0 0 0 0 0.162765 0 0 0.800087 0 0 0 0 0 0 0 0 0 0 0 0 0 0 0
0 0 0 0 0.810245 0.708274 0 0 0.112883 0 0 0 0 0 0 0 0 0 0.960248 0 0 0 0.436142 0 0 0 0 0 0 0 0 0.803876 0.947594 0 0 0 0.443534 0.0696523 0 0.650849 0 0 0 0 0 0 0 0 0 0 0 0.888695 0.0671022 0 0 0.39369 0 0 0.605284 0 0 0 0 0 0 0 0 0.173767 0 0 0 0 0 0 0 0 0.189075 0.472795 0 0.286118 0 0 0 0 0 0 0 0 0 0 0 0 0 0.438533 0 0 0 0 0 0
0 0 0 0 0 0 0 0 0.2452 0 0 0 0 0 0.415935 0 0 0 0 0 0 0 0 0.470067 0 0.454065 0 0 0 0 0.625194 0 0 0 0 0 0 0 0 0 0 0.945964 0 0.581576 0 0 0 0.663855 0.286535 0 0 0.953351 0 0.88414 0 0 0 0 0 0 0 0.509142 0 0 0 0.469201 0 0 0 0 0 0 0 0 0 0 0.149611 0 0 0 0 0 0 0 0 0 0 0 0 0 0 0.557583 0.49219 0 0 0 0 0 0 0
0 0 0 0.814709 0 0 0 0.438142 0.0221725 0 0 0 0 0 0 0 0 0 0 0 0 0.0808328 0 0 0 0 0 0 0 0.625194 0 0 0 0.146554 0 0 0 0.879268 0 0 0 0 0.838915 0 0.284453 0 0 0.603848 0 0 0 0 0 0 0 0 0 0 0.554634 0 0 0 0 0 0 0 0 0 0 0 0 0.887838 0 0 0 0.537452 0 0 0 0 0 0 0 0 0 0 0 0 0 0 0 0.55485 0 0 0 0 0.511198 0 0 0
0 0 0 0 0 0 0.302395 0 0 0 0 0 0 0.149949 0 0 0 0 0 0.739791 0 0 0 0 0 0.422323 0.650053 0 0.803876 0 0 0 0 0.863158 0 0 0.449249 0 0 0 0 0 0 0.349517 0 0 0 0 0 0 0 0 0.355059 0 0 0 0 0.515343 0 0 0.991961 0.741305 0 0 0 0 0 0 0 0 0 0.215301 0 0 0 0.193813 0.938903 0 0 0 0 0 0 0.512685 0 0 0 0 0 0 0.799822 0 0 0 0 0 0 0 0 0
0 0 0 0 0 0 0.385741 0 0 0 0 0 0 0 0.392393 0.992398 0 0.312922 0 0 0 0 0.285143 0 0 0 0 0 0.947594 0 0 0 0 0 0 0 0 0 0 0 0 0 0 0 0 0 0 0 0.392756 0.790844 0 0 0.909038 0.362707 0 0 0 0 0 0 0 0 0 0 0 0 0 0 0 0 0 0 0 0 0 0 0 0 0 0 0 0 0 0 0 0.619875 0 0 0.799812 0 0 0 0 0 0 0 0 0 0 0
0 0 0 0 0 0 0 0 0 0.889917 0 0 0 0 0 0 0 0 0.7275 0 0 0.541585 0 0 0 0 0.811706 0 0 0 0.146554 0.863158 0 0 0 0 0.871008 0 0 0.580641 0 0 0 0 0 0.285357 0 0 0 0 0 0 0.275266 0 0 0 0.949704 0 0 0 0.371819 0 0 0 0 0 0 0 0 0 0.858342 0 0 0 0 0 0 0 0 0 0 0 0.966611 0 0 0 0 0.547376 0 0 0 0 0.30784 0 0 0 0 0 0 0
0.166127 0 0 0 0 0 0 0.724991 0 0.65104 0 0.738459 0 0 0.68679 0 0 0 0 0 0.0955158 0.707159 0 0 0 0 0 0 0 0 0 0 0 0 0 0 0 0 0 0.141907 0 0.92598 0 0 0 0 0.615252 0 0 0 0 0 0 0 0 0 0 0.291997 0 0 0 0 0.164673 0 0 0 0 0 0 0 0.270514 0 0.87382 0 0 0 0 0 0 0 0 0 0 0.894384 0 0 -0.0203972 0 1.01436 0 0 0 0 0 0 0 0 0 0.692911 0
0 0 1.01676 0 0 0 0 0 0 0 0 0 0.462343 0 0 0 0 0 0 0 0 0.813092 0 0 0 0 0 0 0 0 0 0 0 0 0 0 0 0 0 0 0.460212 0 0 0 0 0 0 0 0 0 0 0.0648145 0 0 0 0 0 0 0.561545 0.796601 0 0.26566 0 0 0 0 0 0 0.0845742 0 0 0 0 0 0 0 0 0 0 0 0 0 0 0.108397 0 0 0 0 0 0 0 0 0 0 0 0 0 0 0 0
0.519461 0 0 0 0 0 -0.0309837 0 0.779956 0.832951 0.281423 0 0 0 0 0.136825 0.920193 0 0 0 0 0 0 0 0 0 0.948064 0 0.443534 0 0 0.449249 0 0.871008 0 0 0 0 0 0 0 0 0 0.831203 0 0 0 0 0 0 0 0 0.550075 0 0 0 0 0.409785 0.892641 0 0 0 0 0 0 0 0 0 0.456841 0 0 0 0 0 0 0.221664 0 0 0 0 0 0.852769 0 0 0 0 0 0 0 0 0 0 0 0 0.480707 0 0 0 0 0
0 0 0 0 0 0 0 0 0 0 0 0 0 0 0 0.385838 0 0 0 0 0 0 0 0 0 0 0 0 0.0696523 0 0.879268 0 0 0 0 0 0 0 0 0.489907 0 0 0 0 0 0 0 0 0 0 0 0 0 0 0 0 0.795846 0 0 0 0 0 0 0 0 0 0 0 0 0 0 0.430354 0 0 0 0 0 0 0 0 0 0 0 0 0 0 0 0 0 0 0 0 0 0 0.621998 0 0 0.887581 0 0
0 0 0 0 0 0 0 0 0 0.809443 0 0.562278 0 0 0 0 0 0 0.131792 0 0 0.326997 0 0 0 0 0 0 0 0 0 0 0 0 0 0 0 0 0 0 0 0 0.732615 0.835154 0 0 0 0 0 0 0.466363 0 0 0 0 0 0 0 0 0 0 0 0 0 0 0 0 0 0 0.705527 0.892199 0 0 0 0 0 0 0 0 0 0 0 0 0 0 0 0 0 0 0 0 0 0 0 0 0 0 0 0 0
0 0 0 0 0.558991 0 0 0 0 0 0 0 0 0 0 0 0 0 0 0 0 0 0 0 0 0 0 0 0.650849 0 0 0 0 0.580641 0.141907 0 0 0.489907 0 0 0 0 0 0 0 0 0 0 0 0 0 0 0.464967 0.392556 0 0 0 0 0 0 0 0 0.748869 0 0 0 0.985302 0 0 0.726453 0 0 0 0.216142 0 0 0 0 0 0 0.612057 0 0 0.0687969 0 0 0 0 0.947228 0 0 0 0.015201 0 0 0.979176 0 0 0 0
0 0 0 0 0 0 0 0 0 0 0 0 0.510883 0 0 0 0 0 0 0.931191 0 0 0 0 0 0 0 0 0 0 0 0 0 0 0 0.460212 0 0 0 0 0 0.701579 0 0 0 0.437716 0.569039 0 0 0.697048 0 0.481571 0 0 0 0 0 0 0 0 0 0 0 0 0 0 0 0 0 0 0 0 0 0 0.607231 0.285882 0 0.273438 0 0 0 0 0 0.475388 0 0 0 0 0 0 0 0 0 0 0 0 0 0 0 0
0.585777 0 0 0 0 0 0 0 0 0 0.914474 0.423337 0 0 0 0 0 0 0 0.0239487 0 0 0 0 0 0 0 0.813601 0 0.945964 0 0 0 0 0.92598 0 0 0 0 0 0.701579 0 0 0 0.411194 0 0.539886 0 0 0 0 0 0 0 0 0.0969728 0 0 0 0 0 0 0.260095 0 0.49172 0 0 0 0 0 0 0 0 0 0 0 0 0 0 0 0 0.13507 0 0 0 0 0 0 0 0 0.431345 0 0 0.748312 0.0337955 0 0 0 0 0
0 0 0 0 0 0 0.789193 0 0 0 0 0 0.868069 0.317608 0 0 0.569233 0 0 0 0.316786 0 0 0 0 0 0 0 0 0 0.838915 0 0 0 0 0 0 0 0.732615 0 0 0 0 0.46623 0 0 0 0 0 0 0 0 0 0 0.364328 0 0 0 0 0 0 0 0 0 0 0 0 0 0 0.214263 0 0 0 0 0 0.225893 0 0 0 0 0 0 0 0 0 0 0 0.160047 0 0 0 0 0.223505 0 0 0 0 0 0 0
0 0 0 0.368279 0 0 0 0 0 0 0 0 0 0.860992 0 0 0 0 0 0 0.665041 0.148976 0 0 0 0.743655 0 0 0 0.581576 0 0.349517 0 0 0 0 0.831203 0 0.835154 0 0 0 0.46623 0 0 0 0 0 0 0 0 0 0 0 0 0 0.128733 0 0 0 0 0.4915 0 0 0 0 0 0 0 0.454557 0.493828 0 0 0 0 0 0 0 0 0 0 0 0.852495 0 0 0 0.526969 0 0 0 0 0.39153 0 0 0 0 0 0 0 0
0 0 0 0 0 0 0.992509 0 0 0 0 0.809208 0.342949 0 0 0.442862 0 0 0 0 0 0 0 0 0 0 0 0 0 0 0.284453 0 0 0 0 0 0 0 0 0 0 0.411194 0 0 0 0 0 0 0 0 0.725671 0.733394 0 0.562809 0 0 0 0 0 0 0 0.910317 0.527247 0 0 0 0 0 0 0 0 0.370699 0 0 0 0 0 0 0 0 0.215548 0 0 0 0 0 0 0 0.767122 0 0.717471 0 0 0 0 0 0 0 0 0
0 0 0 0 0 0 0 0 0 0 0 0 0 0 0 0 0 0 0.566852 0 0 0 0 0 0 0 0 0 0 0 0 0 0 0.285357 0 0 0 0 0 0 0.437716 0 0 0 0 0 0.267513 0 0 0 0 0 0 0.857409 0 0 0 0 0 0 0 0 0 0 0.864733 0 0 0 0 0 0 0.863606 0.201832 0 0 0.229045 0 0 0.486121 0 0 0 0.1066 0 0 0 0 0 0 0 0 0 0 0 0 0 0 0 0 0
0 0 0 0 0 0 0 0.979626 0 0 0 0 0 0.37788 0.239289 0.824588 0 0 0 0 0 0 0 0 0 0 0 0 0 0 0 0 0 0 0.615252 0 0 0 0 0 0.569039 0.539886 0 0 0 0.267513 0 0 0 0 0 0 0 0 0 0 0 0.144696 0.828583 0 0 0 0 0 0 0 0 0 0 0 0 0 0 0 0 0 0 0 0 0 0 0 0 0.82603 0 0 0 0 0 0 0 0 0 0 0 0 0.669041 0 0 0
0 0 0 0 0 0 0.475616 0 0 0 0 0 0.404704 0 0 0.608762 0 0 0 0 0 0 0 0 0 0 0 0 0 0.663855 0.603848 0 0 0 0 0 0 0 0 0 0 0 0 0 0 0 0 0 0.590583 0 0.290371 0 0 0.419736 0 0.596966 0 0.214743 0 0 0 0 0 0 0.203536 0 0 0 0 0 0 0 0 0 0 0 0 0 0 0 0 0 0 0 0 0.481197 0 0.575404 0 0.558254 0 0 0 0 0.819907 0 0 0 0 0
0 0 0 0 0 0 0 0 0 0 0 0 0 0 0 0.650583 0 0 0.902189 0 0 0 0 0 0 0 0 0 0 0.286535 0 0 0.392756 0 0 0 0 0 0 0 0 0 0 0 0 0 0 0.590583 0 0 0 0 0.777808 0 0 0 0 0 0.118948 0.901271 0 0 0 0.765612 0 0 0 0 0.911969 0 0 0 0 0 0 0 0 0 0 0 0 0 0 0 0 0 0 0.707567 0 0 0.496995 0 0.829108 0 0 0 0 0 0 0
0 0.648004 0.716393 0 0.641277 0 0 0 0 0 0 0.851475 0.517862 0 0 0 0 0 0 0 0 0 0 0 0 0 0 0 0 0 0 0 0.790844 0 0 0 0 0 0 0 0.697048 0 0 0 0 0 0 0 0 0 0 0 0 0 0 0 0 0 0 0 0 0 0 0 0 0 0 0.658536 0 0 0.0807246 0 0 0 0 0 0 0 0 0 0 0 0.878005 0 0 0 0 0 0.455492 0 0 0 0 0 0.223644 0 0 0 0 0
0 0 0 0 0 0 0 0 0 0 0 0 0 0 0 0 0.536135 0 0 0 0 0 0 0 0.155105 0 0.818181 0 0 0 0 0 0 0 0 0 0 0 0.466363 0 0 0 0 0 0.725671 0 0 0.290371 0 0 0 0 0 0 0 0 0 0 0 0 0 0 0.749987 0.705767 0 0 0 0.431081 0.231326 0 0.685828 0 0 0 0 0.942775 0 0 0.445076 0.233519 0 0 0 0 0.722156 0 0 0 0 0 0 0 0 0 0 0 0 0 0 0
0.156758 0 0 0.506049 0.153819 0 0 0 0 0.919831 0 0.739522 0 0 0 0 0 0 0 0 0 0 0 0 0.720108 0 0 0 0.888695 0.953351 0 0 0 0 0 0.0648145 0 0 0 0 0.481571 0 0 0 0.733394 0 0 0 0 0 0 0 0 0 0 0 1.00357 0 0 0 0 0 0 0.515041 0.998214 0 0 0 0 0.197578 0 0 0 0 0 0 0 0.777966 0 0 0.358707 0 0 0 0 0.897295 0 0 0 0 0 0 0 0 0 0 0 0.166551 0.336434 0.888499
0 0 0 0 0 0 0.417628 0 0 0 0 0 0 0 0 0 0 0 0 0.4808 0.777342 0 0 0 0 0 0 0 0.0671022 0 0 0.355059 0.909038 0.275266 0 0 0.550075 0 0 0.464967 0 0 0 0 0 0 0 0 0.777808 0 0 0 0 0 0 0 0.905656 0 0 0 0 0 0 0 0 0 0 0 0 0 0 0 0 0 0 0 0 0 0 0 0 0.408594 0 0 0 0 0 0 0 0 0 0 0 0 0 0 0 0 0 0
0 0 0 0 0 0 0 0 0 0 0 0 0 0 0.864873 0 0 0 0.548207 0 0 0.355261 0 0 0.346564 0 0 0 0 0.88414 0 0 0.362707 0 0 0 0 0 0 0.392556 0 0 0 0 0.562809 0.857409 0 0.419736 0 0 0 0 0 0 0 0 0 0 0 0 0 0 0 0 0 0 0 0 0 0 0.422973 0 0 0 0 0 0 0 0 0 0 0 0 0.53239 0 0 0 0 0 0 0 0 0 0 0 0 0.30294 0 0 0
0.469553 0 0 0.936856 0 0.0138788 0 0 0 0 0.0998746 0 0 0.713976 0 0 0.94798 0 0 0.281142 0 0 0 0 0 0.164595 0 0 0 0 0 0 0 0 0 0 0 0 0 0 0 0 0.364328 0 0 0 0 0 0 0 0 0 0 0 0 0 0.822701 0 0 0 0 0 0 0 0 0 0 0 0.094718 0 0 0 0 0 0 0 0 0 0.109441 0 0 0 0 0 0 0 0 0 0.183736 0.633524 0 0 0 0 0 0 0 0 0 0
0 0 0 0 0 0.1755 0.790032 0 0 0 0 0 0.711047 0.612699 0 0 0 0 0 0 0 0 1.01568 0 0 0.463359 0 0 0.39369 0 0 0 0 0 0 0 0 0 0 0 0 0.0969728 0 0 0 0 0 0.596966 0 0 0 0 0 0 0 0 1.00965 0 0 0 0 0 0 0 0 0 0 0.0995027 0 0 0 0 0 0 0.608023 0 0 0 0 0.630841 0 0 0 0 0 0 0 0 0 0 0 0 0 0 0 0.887445 0 0 0 0
0 0.602686 0 0 0 0 0 0 0 0 0 0 0 0 0 0 0 0 0 0 0 0 0 0 0.287447 0 0 0 0 0 0 0 0 0.949704 0 0 0 0.795846 0 0 0 0 0 0.128733 0 0 0 0 0 0 0 1.00357 0.905656 0 0.822701 1.00965 0 0 0 0 0 0 0 0 0 0 0 0 0 0 0.279594 0 0 0 0.111648 0 0 0 0 0 0 0 0 0 0 0 0.375606 0 0 0 0 0 0 0 0 0 0 0 0.649498 0
0 0 0 0 0 0 0 0 0.237528 0 0 0 0.972036 0 0 0 0 0 0 0 0 0 0 0.776404 0 0 0 0.237089 0 0 0 0.515343 0 0 0.291997 0 0.409785 0 0 0 0 0 0 0 0 0 0.144696 0.214743 0 0 0 0 0 0 0 0 0 0 0 0 0 0.299298 0 0 0 0 0 0 0 0 0 0 0 0 0 0 0 0 0 0 0 0 0 0.929768 0 0 0 0 0 0.296121 0 0 0 0 0 0 0 0 0 0
0.656872 0 0.956846 0 0 0 0 0 0 0 0 0 0 0 0.751846 0.988444 0 0 0 0 0 0 0 0 0.381919 0 0 0 0.605284 0 0.554634 0 0 0 0 0.561545 0.892641 0 0 0 0 0 0 0 0 0 0.828583 0 0.118948 0 0 0 0 0 0 0 0 0 0 0 0 0 0.628194 0 0.772907 0.843089 0 0 0 0 0 0 0 0 0 0 0 0 0 0 0 0 0 0 0 0.517081 0 0 0.149228 0 0 0 0 0 0 0 0 0 0.16495 0.332836
0 0 0 0 0 0 0 0.936798 0 0 0 0.301695 0 0 0 0 0 0 0 0 0.901001 0 0 0 0 0 0 0.961212 0 0 0 0 0 0 0 0.796601 0 0 0 0 0 0 0 0 0 0 0 0 0.901271 0 0 0 0 0 0 0 0 0 0 0 0 0 0.765658 0 0 0 0 0.732521 0 0 0 0.561222 0 0 0 0 0 0 0 0 0 0.638089 0 0.970762 0 0 0 0 0 0 0.116363 0 0 0 0.0107331 0 0 0 0.207217 0
0 0 0 0 0 0 0 0 0 0 0 0.666605 0 0.651977 0 0 0 0 0 0 0 0 0 0 0.128449 0 0 0 0 0 0 0.991961 0 0.371819 0 0 0 0 0 0 0 0 0 0 0 0 0 0 0 0 0 0 0 0 0 0 0 0 0 0 0 0 0 0 0 0 0 0 0 0 0 0 0.162277 0 0 0 0 0 0.950067 0 0 0 0 0 0.283497 0 0 0 0 0 0 0 0 0 0 0 0 0.550582 0 0.583821
0 0 0 0 0 0.0762273 0 0 0.663177 0 0.0824081 0.728797 0 0 0 0 0 0 0 0 0 0 0 0 0 0.828401 0 0 0 0.509142 0 0.741305 0 0 0 0.26566 0 0 0 0 0 0 0 0.4915 0.910317 0 0 0 0 0 0 0 0 0 0 0 0 0.299298 0 0 0 0 0 0 0 0.382512 0 0 0 0 0 0 0.636636 0 0 0 0.239691 0.350541 0 0 0 0 0 0 0 0 0 0.0876883 0 0 0 0 0 0 0.809644 0 0 0.265012 0 0
0 0 0 0 0 0 0 0.629041 0 0 0 0 0 0 0 0 0 0 0 0 0 1.00288 0 0 0 0 0 0 0 0 0 0 0 0 0.164673 0 0 0 0 0.748869 0 0.260095 0 0 0.527247 0 0 0 0 0 0.749987 0 0 0 0 0 0 0 0.628194 0.765658 0 0 0 0 0 0 0 0 0.127279 0 0.82758 0 0 0 0 0 0.260165 0 0 0 0 0.940397 0 0 0 0 0 0 0 0 0 0 0 0 0 0 0 0 0 0
0 0 0 0 0 0 0 0 0 0 0.08167 0 0 0 0 0 0 0 0 0 0 0 0 0 0 0 0 0.916966 0 0 0 0 0 0 0 0 0 0 0 0 0 0 0 0 0 0 0 0 0.765612 0 0.705767 0.515041 0 0 0 0 0 0 0 0 0 0 0 0 0 0 0 0 0 0 0 0 0 0 0 0 0 0 0 0 0 0 0 0.665477 0 0 0 0 0 0 0 0 0 0 0 0 0 0 0 0
0 0 0 0 0 0 0 0 0 0 0 0.707924 0 0 0 0 0 0 0 0 0 0 0 0 0 0 0 0 0 0 0 0 0 0 0 0 0 0 0 0 0 0.49172 0 0 0 0.864733 0 0.203536 0 0 0 0.998214 0 0 0 0 0 0 0.772907 0 0 0 0 0 0 0 0 0 0.112017 0 0 0 0 0.163228 0 0 0.47767 0 0 0 0 0 0 0 0.236218 0 0 0 0 0 0 0 0 0 0 0 0 0 0 0
0 0 0.624622 0 0 0 0.687326 0 0 0 0.905219 0 0 0 0 0 0 0 0 0.843368 0 0.647184 0 0 0 0.544238 0 0 0 0.469201 0 0 0 0 0 0 0 0 0 0 0 0 0 0 0 0 0 0 0 0 0 0 0 0 0 0 0 0 0.843089 0 0 0.382512 0 0 0 0 0 0 0 0 0 0 0 0.907033 0 0 0 0 0 0 0 0 0 0 0 0 0 0 0.278315 0 0 0 0 0 0 0 0 0 0 0
0.234967 0 0 0 0 0 0 0.345493 0 0 0 0 0 0 0 0 0 0 0 0 0 0 0 0 0 0 0 0.959292 0 0 0 0 0 0 0 0 0 0 0 0.985302 0 0 0 0 0 0 0 0 0 0 0 0 0 0 0 0 0 0 0 0 0 0 0 0 0 0 0 0 0 0.60992 0.562976 0 0 0 0 0 0 0 0.566858 0 0 0 0 0 0 0 0 0.893603 0.322995 0 0 0 0 0 0.144715 0 0 0 0 0
0 0 0 0 0 0 0.93092 0 0 0 0.823596 0 0 0 0 0 0 0 0 0.728932 0 0 0 0 0 0 0 0 0.173767 0 0 0 0 0 0 0 0 0 0 0 0 0 0 0 0 0 0 0 0 0.658536 0.431081 0 0 0 0 0.0995027 0 0 0 0.732521 0 0 0 0 0 0 0 0 0 0 0 0 0 0.959016 0 0 0 0 0.654643 0.847115 0 0.623558 0 0 0 0 0 0 0 0.769576 0 0 0 0 0 0 0 0 0 0
0 0.519855 0 0 0 0 0 0 0 0 0.984158 0 0.137445 0 0.503548 0 0 0 0.611433 0 0 0 0 0 0 0 0 0 0 0 0 0 0 0 0 0.0845742 0.456841 0 0 0 0 0 0 0 0 0 0 0 0.911969 0 0.231326 0 0 0 0.094718 0 0 0 0 0 0 0 0.127279 0 0.112017 0 0 0 0 0.331863 0 0 0 0.27679 0 0 0 0 0.734694 0.657451 0 0.336455 0 0 0 0 0 0.895602 0 0.11291 0 0.36817 0.453659 0 0 0 0.690533 0 0 0
0 0 0 0.43834 0 0 0 0.964561 0 0.919786 0 0 0 0 0 0 0 0 0 0 0 0 0.3983 0 0 0 0 0 0 0 0 0 0 0 0 0 0 0 0.705527 0.726453 0 0 0.214263 0.454557 0 0 0 0 0 0 0 0.197578 0 0 0 0 0 0 0 0 0 0 0 0 0 0 0.60992 0 0.331863 0 0 0.724963 0 0 0.18307 0.282238 0 0 0 0 0.510464 0 0 0.487966 0 0 0.372021 0 0.269994 0 0 0.617102 0 0 0.252497 0 0 0 0 0
0.567005 0 0.854576 0 0 0.801398 0 0 0 0.525782 0 0 0 0 0 0 0 0.640676 0 0 0 0 0 0 0 0.473132 0 0 0 0 0 0 0 0.858342 0.270514 0 0 0 0.892199 0 0 0 0 0.493828 0 0 0 0 0 0.0807246 0.685828 0 0 0.422973 0 0 0.279594 0 0 0 0 0 0.82758 0 0 0 0.562976 0 0 0 0 0 0.125504 0 0.0425115 0.839677 0 0.477183 0 0 0 0 0 0 0 0 0 0 0 0 0.83965 0 0 0 0 0.785854 0 0 0 0
0 0 0 0 0 0 0 0.771081 0 0 0 0 0 0 0 0.747792 0 0 0 0 0 0 0 0 0.0520316 0.397886 0 0 0 0 0.887838 0.215301 0 0 0 0 0 0.430354 0 0 0 0 0 0 0.370699 0.863606 0 0 0 0 0 0 0 0 0 0 0 0 0 0.561222 0 0 0 0 0 0 0 0 0 0.724963 0 0 0.541557 0 0 0 0 0 0 0 0 0 0 0 0.557366 0 0 0 0 0 0 0 0 0 0 0 0 0 0 0
0.165638 0 0 0 0 0.51362 0 0 0 0 0 0 0 0 0.726966 0 0 0 0 0 0 0 0 0 0 0 0 0 0 0 0 0 0 0 0.87382 0 0 0 0 0 0 0 0 0 0 0.201832 0 0 0 0 0 0 0 0 0 0 0 0 0 0 0.162277 0.636636 0 0 0 0 0 0 0 0 0.125504 0.541557 0 0 0 0 0 0 0 0 0 0 0 0 0 0 0 0 0 0 0 0 0 0 0 0 0 0 0 0
0 0 0 0 0 0 0 0 0 0 0 0 0 0 0.306897 0 0 0 0.109264 0 0 0 0 0 0 0 0 0 0 0 0 0 0 0 0 0 0 0 0 0.216142 0 0 0 0 0 0 0 0 0 0 0 0 0 0 0 0 0 0 0 0 0 0 0 0 0.163228 0.907033 0 0.959016 0.27679 0 0 0 0 0 0 0.502422 0.419321 0 0 0.373768 0 0 0 0 0 0 0 0.825168 0.280152 0 0 0 0.0952919 0 0 0.484944 0 0 0 0
0 0 0 0.564205 0 0.564916 0 0 0 0 0 0.145645 0 0 0 0 0 0 0 0 0 0.32251 0 0 0 0 0.704963 0 0 0 0 0 0 0 0 0 0 0 0 0 0.607231 0 0 0 0 0 0 0 0 0 0 0 0 0 0 0.608023 0.111648 0 0 0 0 0 0 0 0 0 0 0 0 0.18307 0.0425115 0 0 0 0 0.701102 0 0 0.3891 0 0 0.131776 0 0 0 0.644591 0.182842 0.493287 0 0 0 0 0 0.538325 0 0 0.0290838 0 0 0
0 0.784908 0 0 0 0 0.174095 0 0 0 0 0 0 0 0 0 0 0 0 0 0 0 0 0 0 0 0 0 0 0 0.537452 0.193813 0 0 0 0 0.221664 0 0 0 0.285882 0 0.225893 0 0 0.229045 0 0 0 0 0.942775 0 0 0 0 0 0 0 0 0 0 0 0 0 0 0 0 0 0 0.282238 0.839677 0 0 0.502422 0.701102 0 0 0 0 0 0 0 0.842958 0 0.322876 0 0 0 0 0 0.14337 0 0.703245 0 0 0 0 0 0 0
0.550253 0.582616 0 0 0 0 0 0 0 0 0 0 0 0 0 0 0 0 0 0 0 0.717636 0 0 0 0 0.31562 0 0.189075 0.149611 0 0.938903 0 0 0 0 0 0 0 0 0 0 0 0 0 0 0 0 0 0 0 0 0 0 0 0 0 0 0 0 0 0.239691 0.260165 0 0.47767 0 0 0 0 0 0 0 0 0.419321 0 0 0 0 0 0 0 0.92275 0 0 0 0 0 0 0.827893 0 0 0 0 0 0 0.370101 0.538951 0 0 0
0 0 0.563906 0 0.0407234 0 0 0 0 0 0 0.812714 0 0 0 0 0 0 0 0 0 0 0 0 0 0 0.622269 0 0.472795 0 0 0 0 0 0 0 0 0 0 0 0.273438 0 0 0 0 0 0 0 0 0 0 0.777966 0 0 0 0 0 0 0 0 0 0.350541 0 0 0 0 0 0 0 0 0.477183 0 0 0 0 0 0 0 0 0 0.697238 0 0 0 0 0 0 0 0 0 0 0.3399 0 0 0 0.407673 0 0 0 0
0 0 0 0 0.689501 0 0 0 0 0 0 0 0 0 0 0 0 0.805685 0 0 0 0 0.90402 0.374916 0 0 0 0 0 0 0 0 0 0 0 0 0 0 0 0 0 0 0 0 0 0.486121 0 0 0 0 0.445076 0 0 0 0.109441 0 0 0 0 0 0.950067 0 0 0 0 0 0.566858 0.654643 0.734694 0 0 0 0 0 0.3891 0 0 0 0 0 0 0 0 0 0 0 0 0.619119 0 0.546657 0 0 0 0 0 0 0 0 0.330445 0
0 0 0 0 0 0 0 0 0 0 0 0 0.915122 0 0 0 0 0 0 0.830064 0.258387 0 0 0 0 0 0 0 0.286118 0 0 0 0 0 0 0 0 0 0 0 0 0 0 0 0 0 0 0 0 0 0.233519 0 0 0 0 0.630841 0 0 0 0 0 0 0 0 0 0 0 0.847115 0.657451 0 0 0 0 0.373768 0 0 0 0 0 0 0 0 0 0 0 0 0 0.595626 0.589979 0 0 0 0 0 0 0 0 0 0 0
0 0 0 0 0 0.183378 0 0 0 0.299786 0 0.953566 0 0 0 0 0 0 0 0 0 0.211737 0.692116 0 0 0 0 0 0 0 0 0 0 0 0 0 0 0 0 0.612057 0 0 0 0 0.215548 0 0 0 0 0 0 0.358707 0 0 0 0 0 0 0 0 0 0 0 0 0 0 0 0 0 0.510464 0 0 0 0 0 0 0 0.697238 0 0 0 0.557086 0 0 0 0 0 0 0 0 0.132284 0 0.449118 0 0 0 0 0 0 0
0.187219 0 0 0 0 0 0 0 0 0 0.801421 0 0 0 0 0 0 0 0 0 0 0 0 0 0 0 0 0.162765 0 0 0 0 0 0 0 0 0.852769 0 0 0 0 0.13507 0 0 0 0 0 0 0 0 0 0 0.408594 0 0 0 0 0 0 0.638089 0 0 0.940397 0 0 0 0 0.623558 0.336455 0 0 0 0 0 0.131776 0 0.92275 0 0 0 0.557086 0 0.726163 0 0 0.310383 0 0 0 0 0 0 0 0 0 0.892363 0 0 0 0
0 0 0 0 0 0.458428 0 0.850224 0 0 0 0 0 0 0 0 0.257765 0 0 0 0 0 0 0 0 0 0 0 0 0 0 0 0 0.966611 0 0 0 0 0 0 0 0 0 0.852495 0 0.1066 0 0 0 0.878005 0 0 0 0 0 0 0 0 0 0 0 0 0 0 0 0 0 0 0 0 0 0 0 0 0 0.842958 0 0 0 0 0 0.726163 0 0.752495 0 0 0 0 0.316219 0 0 0 0 0 0 0 0 0 0 0
0 0 0.533313 0 0 0 0.889615 0 0 0 0 0.781467 0.583463 0 0 0 0 0 0 0.52124 0 0 0.90006 0.91873 0.127015 0 0 0 0 0 0 0.512685 0 0 0.894384 0.108397 0 0 0 0.0687969 0.475388 0 0 0 0 0 0.82603 0 0 0 0 0 0 0.53239 0 0 0 0.929768 0 0.970762 0 0 0 0.665477 0 0 0 0 0 0.487966 0 0 0 0 0 0 0 0 0 0 0 0 0.752495 0 0 0 0 0 0 0 0 0.167503 0 0.78939 0 0 0.217043 0 0 0.868547
0 0 0 0 0 0 0.53296 0 0.781972 0 0 0.928768 0 0 0 0 0 0 0 0 0 0.392483 0 0 0.800638 0 0.685738 0.800087 0 0 0 0 0 0 0 0 0 0 0 0 0 0 0 0 0 0 0 0 0 0 0.722156 0 0 0 0 0 0 0 0 0 0.283497 0 0 0 0.236218 0 0 0 0 0 0 0.557366 0 0 0 0.322876 0 0 0 0 0 0 0 0 0 0 0 0 0.416757 0 0.327661 0 0 0 0 0 0 0 0 0
0.100531 0 0 0 0.261791 0 0 0 0 0 0.88829 0 0.637156 0 0 0.987013 0 0.193299 0 0 0 0 0.197241 0 0 0 0 0 0 0 0 0 0.619875 0 0 0 0 0 0 0 0 0 0 0 0 0 0 0.481197 0 0 0 0.897295 0 0 0 0 0 0 0.517081 0 0 0 0 0 0 0 0 0 0 0 0 0 0 0 0.644591 0 0 0 0 0 0 0.310383 0 0 0 0 0 0 0 0 0 0 0 0 0 0 0 0 0 0.165776
0 0 0.302695 0 0 0.551955 0 0 0.121865 0 0 0 0.143663 0 0 0 0 0 0 0.679867 0 0 0 0.331115 0.272876 0 0 0 0 0 0 0 0 0 -0.0203972 0 0 0 0 0 0 0 0 0.526969 0 0 0 0 0 0 0 0 0 0 0 0 0.375606 0 0 0 0 0 0 0 0 0 0 0 0 0.372021 0 0 0 0 0.182842 0 0 0 0 0 0 0 0 0 0 0 0 0.523901 0 0 0 0 0 0 0 0 0 0.200411 0 0
0 0 0.762316 0 0 0 0 0.111707 0.74059 0 0 0 0 0.733514 0 0 0 0.807311 0 0.740998 0.733905 0 0 0 0.206084 0 0 0 0 0 0 0 0 0.547376 0 0 0 0 0 0 0 0 0.160047 0 0 0 0 0.575404 0.707567 0 0 0 0 0 0 0 0 0 0 0 0 0.0876883 0 0 0 0 0.893603 0 0.895602 0 0 0 0 0.825168 0.493287 0 0 0 0.619119 0.595626 0 0 0 0 0 0 0.523901 0 0.0619003 0 0 0 0 0 0 0 0 0 0 0
0 0 0.686262 0 0 0 0 0.420483 0 0.373921 0 0 0 0 0 0 0 0 0 0 0 0 0 0 0 0.541363 0.786769 0 0 0 0 0 0.799812 0 1.01436 0 0 0 0 0.947228 0 0 0 0 0.767122 0 0 0 0 0.455492 0 0 0 0 0.183736 0 0 0 0.149228 0 0 0 0 0 0 0.278315 0.322995 0 0 0.269994 0 0 0 0.280152 0 0 0.827893 0 0 0.589979 0 0 0.316219 0 0.416757 0 0 0.0619003 0 0.878586 0 0 0 0 0 0 0 0 0 0
0 0 0 0 0 0 0 0 0 0 0 0 0 0 0 0 0 0 0 0 0 0 0 0 0.928541 0.69367 0 0 0 0 0 0 0 0 0 0 0 0 0 0 0 0 0 0 0 0 0 0.558254 0 0 0 0 0 0 0.633524 0 0 0.296121 0 0 0 0 0 0 0 0 0 0.769576 0.11291 0 0 0 0 0 0 0 0 0 0.546657 0 0 0 0 0 0 0 0 0 0.878586 0 0 0 0 0 0 0.872775 0 0 0 0
0.269817 0 0 0 0 0 0 0 0 0 0 0 0 0 0 0.454081 0.307946 0 0 0.888754 0 0 0 0 0 0 0 0 0 0 0 0.799822 0 0 0 0 0 0 0 0 0 0.431345 0 0 0.717471 0 0 0 0.496995 0 0 0 0 0 0 0 0 0 0 0.116363 0 0 0 0 0 0 0 0 0 0 0.83965 0 0 0 0 0.14337 0 0 0 0 0.132284 0 0 0 0.327661 0 0 0 0 0 0 0 0 0.0686401 0 0 0 0 0.386258 0
0 0.763705 0 0 0.572283 0.156587 0 0 0 0 0 0 0 0 0 0 0 0 0 0 0 0 0 0 0 0 0 0 0 0.557583 0.55485 0 0 0 0 0 0 0 0 0 0 0 0 0.39153 0 0 0 0 0 0 0 0 0 0 0 0 0 0 0 0 0 0 0 0 0 0 0 0 0.36817 0.617102 0 0 0 0 0 0 0 0.3399 0 0 0 0 0 0.167503 0 0 0 0 0 0 0 0 0 0 0 0 0 0 0 0
0 0 0 0 0 0 0 0 0.414795 0 0 0.562231 0.687922 0 0 0.146033 0 0 0 0 0 0 0 0 0 0 0 0 0 0.49219 0 0 0 0.30784 0 0 0 0 0 0.015201 0 0 0.223505 0 0 0 0 0 0.829108 0 0 0 0 0 0 0 0 0 0 0 0 0 0 0 0 0 0 0 0.453659 0 0 0 0 0.0952919 0 0.703245 0 0 0 0 0.449118 0 0 0 0 0 0 0 0 0 0 0 0 0.53785 0.171859 0 0 0 0 0
0 0 0.837666 0 0 0.640715 0.745847 0 0 0.920057 0 0 0 0 0 0 0 0 0 0 0 0 0 0.539258 0 0 0 0 0.438533 0 0 0 0 0 0 0 0 0 0 0 0 0.748312 0 0 0 0 0 0 0 0 0 0 0 0 0 0 0 0 0 0 0 0 0 0 0 0 0 0 0 0 0 0 0 0 0.538325 0 0 0 0 0 0 0 0 0.78939 0 0 0 0 0 0 0.0686401 0 0.53785 0 0 0 0 0 0 0
0 0 0 0 0 0 0 0 0 0 0 0 0 0.331297 0 0 0 0 0.681235 0 0 0 0 0 0 0 0.24232 0 0 0 0 0 0 0 0 0 0.480707 0.621998 0 0 0 0.0337955 0 0 0 0 0 0.819907 0 0.223644 0 0 0 0 0 0 0 0 0 0.0107331 0 0.809644 0 0 0 0 0.144715 0 0 0.252497 0 0 0 0 0 0 0 0 0 0 0 0 0 0 0 0 0 0 0 0 0 0 0.171859 0 0 0 0 0 0 0
0 0 0 0 0 0.746854 0 0 0 0 0.236167 0 0 0 0 0.0519931 0.577778 0 0 0 0 0 0 0 0.912834 0 0.584957 0 0 0 0 0 0 0 0 0 0 0 0 0.979176 0 0 0 0 0 0 0 0 0 0 0 0 0 0 0 0.887445 0 0 0 0 0 0 0 0 0 0 0 0 0 0 0.785854 0 0 0.484944 0 0 0.370101 0.407673 0 0 0 0.892363 0 0 0 0 0 0 0 0.872775 0 0 0 0 0 0 0 0.223456 0 0
0.257444 0 0.482361 0 0 0 0 0 0 0 0 0 0 0 0 0 0 0 0 0 0 0 0 0 0 0 0 0 0 0 0.511198 0 0 0 0 0 0 0 0 0 0 0 0 0 0 0 0.669041 0 0 0 0 0 0 0.30294 0 0 0 0 0 0 0 0 0 0 0 0 0 0 0.690533 0 0 0 0 0 0.0290838 0 0.538951 0 0 0 0 0 0 0.217043 0 0 0 0 0 0 0 0 0 0 0 0 0 0 0 0.606652
0 0 0 0 0 0 0.660916 0.510329 0 0.358447 0 0 0 0 0 0 0 0 0.294947 0 0 0 0 0 0 0 0 0 0 0 0 0 0 0 0 0 0 0.887581 0 0 0 0 0 0 0 0 0 0 0 0 0 0.166551 0 0 0 0 0 0 0 0 0.550582 0.265012 0 0 0 0 0 0 0 0 0 0 0 0 0 0 0 0 0 0 0 0 0 0 0 0 0.200411 0 0 0 0 0 0 0 0 0.223456 0 0 0 0.609296
0 0 0 0 0 0 0 0 0.489391 0 0.139185 0 0 0 0 0 0 0 0 0.845718 0 0 0.695043 0 0 0 0 0 0 0 0 0 0 0 0.692911 0 0 0 0 0 0 0 0 0 0 0 0 0 0 0 0 0.336434 0 0 0 0 0.649498 0 0.16495 0.207217 0 0 0 0 0 0 0 0 0 0 0 0 0 0 0 0 0 0 0.330445 0 0 0 0 0 0 0 0 0 0 0 0.386258 0 0 0 0 0 0 0 0 0
0.567624 0 0 0 0 0 0 0.785348 0 0.197753 0 0 0 0 0 0 0.863033 0.333716 0 0 0 0 0 0 0.911082 0 0 0 0 0 0 0 0 0 0 0 0 0 0 0 0 0 0 0 0 0 0 0 0 0 0 0.888499 0 0 0 0 0 0 0.332836 0 0.583821 0 0 0 0 0 0 0 0 0 0 0 0 0 0 0 0 0 0 0 0 0 0 0.868547 0 0.165776 0 0 0 0 0 0 0 0 0 0 0.606652 0.609296 0 0
