100
0 0 0 0 0 0.89076 0 0.324558 0 0 0 0 0 0 0 0 0 0 0 0 0.277647 0 0 0.534339 0 0 0 0 0 0 0 0 0 0 0.160706 0 0.536043 0 0 0 0 0.622205 0 0 0 0 0 0 0 0 0 0.169236 0 0 0.533807 0 0 0 0.681351 0 0 0 0 0 0 0 0.234617 0 0 0 0.566395 0 0.218834 0 0 0 0.497278 0 0 0 0 0.186668 0 0 0 0.0848603 0 0 0 0 0.250557 0 0 0 0 0 0.210932 0 0 0.628999
0 0 0 0 0 0 0 0 0 0 0 0 0 0 0 0 0 0 0 0 0 0 0.0639673 0 0 0 0 0 0 0 0 0 0 0 0 0 0 0 0 0 0 0 0 0 0 0 0 0 0 0.665338 0 0 0 0 0 0 0.468822 0 0 0 0 0 0 0 0 0 0 0 0.492493 0 0 0 0 0 0 0.802764 0.512615 0 0 0 0 0 0 0 0 0 0 0 0 0 0 0.80459 0 0 0 0 0 0 0 0
0 0 0 0 0.266686 0 0 0 0 0 0 0 0 0 0 0 0.658253 0 0 0 0 0 0 0 0 0 0 0 0 0 0 0 0 0 0 0.943007 0 0 0 0 0 0 0 0 0 0 0 0 0 0.715615 0 0 0 0 0 0 0 0 0.915192 0 0 0 0 0 0 0.659265 0 0 0 0 0.731198 0 0 0 0 0 0 0.613791 0 0 0 0 0 0.562608 0 0 0.381434 0.798021 0.750456 0 0 0 0 0.705886 0 0 0.405871 0 0 0
0 0 0 0 0 0.800796 0 0 0 0 0 0 0 0 0 0.0907179 0 0 0 0.590604 0 0 0 0 0 0.600344 0 0 0 0 0.827893 0 0 0 0 0 0 0 0 0 0 0 0 0.402921 0 0 0 0 0 0 0 0.468689 0 0 1.01006 0 0 0 0 0 0 0 0 0 0 0 0 0 0 0.439048 0 0 0 0 0.577008 0 0 0 0 0 0 0 0 0 0 0 0 0 0 0 0 0 0 0 0 0 0 0 0 0
0 0 0.266686 0 0 0 0.360264 0 0 0 0 0 0 0 0 0 0 0 0 0.17981 0.437438 0 0 0 0 0 0 0.38936 0.797926 0 0 0 0 0 0 0 0 0 0 0.57339 0 0 0 0 0 0 0 0 0 0.649104 0 0.0804215 0 0 0 0 0 0 0 0 0 0 0 0 0 0 0 0 0 0 0 0 0 0 0 0 0 0.0553667 0.745435 0 0 0 0 0 0 0.320361 0 0 0 0 0 0.550694 0 0 0 0 0 0 0 0
0.89076 0 0 0.800796 0 0 0 0 0 0 0 0 0 0 0 0 0 0 0 0 0 0.514333 0 0.442912 0 0 0 0 0.643476 0 0 0 0 0 0 0 0 0 0 0 0 0 0 0 0 0 0 0 0 0 0 0 0 0 0.0196731 0.172536 0 0 0 0 0 0.0974657 0 0 0 0 0 0 0 0 0.774575 0 0.511093 0 0.583403 0 0 0 0 0 0.171741 0 0.495926 0 0 0 0.50999 0 0 0 0 0.209634 0 0.624057 0 0.731805 0 0 0 0
0 0 0 0 0.360264 0 0 0 0 0.400711 0 0 0 0 0 0 0 0 0.953341 0 0.387384 0 0 0 0.83196 0 0.854977 0.96241 0 0 0 0.331884 0.367141 0 0 0 0.0235351 0 0 0 0 0 0.855686 0 0.96839 0 0 0.516745 0 0 0 0 0.382022 0 0 0.690818 0 0 0 0 0 0 0 0 0 0.640978 0 0.968515 0 0 0 0 0 0 0 0.276741 0 0 0 0 0 0 0 0.992293 0.493203 0 0 0 0 0 0 0 0 0.760236 0 0 0 0.704693 0 0
0.324558 0 0 0 0 0 0 0 0 0 0 0 0 0 0 0 0 0 0 0 0 0 0 0.898236 0 0 0 0 0 0 0.443292 0 0 0 0.723349 0 0 0 0 0 0 0 0 0 0 0 0.939951 0 0 0 0 0 0 0 0 0 0 0 0 0.874174 0 0 0.617901 0 0 0 0.325235 0 0 0.888608 0 0.859353 0 0 0 0 0 0 0 0 0 0 0.906754 0 0 0 0 0.174035 0.487622 0 0 0 0 0 0 0 0 0.434583 0 0.805582
0 0 0 0 0 0 0 0 0 0 0 0 0 0.706034 0 0 0 0 0.105054 0 0 0 0.487369 0 0 0 0 0 0.0919947 0.226451 0.0953535 0 0 0 0 0 0.693725 0 0 0 0 0 0 0 0 0 0 0 0 0 0 0 0 0 0 0 0 0.316431 0 0 0 0.647083 0 0 0 0 0 0 0 0 0 0 0 0 0 0 0 0 0 0 0 0 0 0 0.763067 0 0.118464 0.822552 0 0 0 0 0.492227 0 0 0 0 0 0.48213 0
0 0 0 0 0 0 0.400711 0 0 0 0 0 0 0 0 0 0 0 0 0 0 0 0 0.318393 0 0 0.829263 0 0 0 0 0 0 0.93758 0.615851 0 0.798172 0 0.864084 0 0 0 0 0 0 0 0 0 0 0 0 0.901946 0 0 0 0 0 0 0 0 0 0 0 0 0 0 0 0 0 0.920688 0.533556 0 0 0 0 0 0 0 0 0 0.397542 0 0 0 0 0 0 0 0.435007 0 0 0 0 0.979609 0 0 0 0.401595 0 0.10629
0 0 0 0 0 0 0 0 0 0 0 0 0 0 0 0 0 0.501699 0 0.454339 0 0 0 0 0 0 0 0 0 0 0 0 0 0 0 0 0.190379 0 0 0 0 0.91309 0 0 0 0 0 0 0 0 0 0 0 0 0.0892102 0 0 0 0 0 0 0.0309011 0 0.0194707 0 0.929817 0 0.961591 0.944614 0 0 0 0 0 0 0 0 0 0 0 0 0.697547 0 0 0 0.843031 0 0 0 0 0 0 0 0 0 0.221926 0 0 0.0628032 0
0 0 0 0 0 0 0 0 0 0 0 0 0 0.162368 0 0 0.764779 0.298078 0 0.371882 0 0 0 0 0 0 0 0 0 0 0 0 0 0 0.754027 0 0 0 0.635104 0 0 0.306276 0 0 0.850573 0 0 0 0 0.809947 0 0.794692 0 0 0 0 0 0 0 0.388723 0.612519 0.677121 0 0 0.602049 0 0 0 0 0 0 0 0 0 0.149307 0 0 0.860964 0 0 1.00627 0 0 0.728397 0.99615 0 0 0 0 0 0 0 0.497318 0 0 0 0 0 0 0
0 0 0 0 0 0 0 0 0 0 0 0 0 0 0 0 0.143123 0 0 0 0 0 0 0 0 0 0 0 0 0 0 0 0 0 0 0.45038 0 0 0 0 0.558139 0 0.981203 0 0.329695 0 0 0.379385 0 0.51406 0 0 0 0 0 0.635676 0 0.978595 0 0 0 0 0 0 0 0 0 0 0.110264 0 0 0 0 0 0 0 0 0 0 0.999606 0 0 0 0.623849 0 0.592229 0.0503361 0 0 0 0 0 0.696537 0 0 0 0 0 0 0
0 0 0 0 0 0 0 0 0.706034 0 0 0.162368 0 0 0 0.467966 0 0.167315 0.531431 0 0 0 0 0.0890185 0 0.619421 0.496178 0 0 0 0 0.103729 0 0 0 0 0 0 0 0 0 0 0.411578 0.925521 0 0 0.325269 0 0 0 0 0 0 0 0.790447 0.544186 0 0 0 0 0.61183 0 0 0 0 0 0 0 0 0 0 0 0 0 0 0 0 0 0 0 0 0 0 0 0 0 0 0.709232 0 0 0 0 0 0 0.335395 0 0 0 0 0
0 0 0 0 0 0 0 0 0 0 0 0 0 0 0 0 0 0 0 0 0 0 0 0 0 0 0 0 0 0.323358 0 0 0.37071 0 0.712065 0 0 0 0 0 0 0 0 0 0 0 0.27919 0 0 0 0 0 0 0.853206 0 0 0 0 0.684339 0 0 0 0 0 0 0 0 0 0.471823 0 0 0 0.872518 0.392232 0 0 0 0 0 0 0 0 0 0 0 0 0 0 0 0 0 0 0 0 0 0 0 0 0 0
0 0 0 0.0907179 0 0 0 0 0 0 0 0 0 0.467966 0 0 0 0.607891 0 0 0 0 0 0 0 0 0 0 0 0 0 0 0.95253 0 0 0 -0.0036206 0.269803 0 0 0 0 0 0 0.333476 0 0.82775 0.506711 0.605966 0 0 0 0 0 0 0 0 0 1.04075 0 0 0 0 0 0 0 0 0 0 0 0 0.75188 0 0 0 0 0 0 0 0 0 0 0 0 0 0.980204 0 0 0 0 0.497564 0 0.140137 0 0 0.0860468 0 0 0 0
0 0 0.658253 0 0 0 0 0 0 0 0 0.764779 0.143123 0 0 0 0 0 0 0 0 0 0 0 0 0.236434 0 0 0 0 0 0 0 0 0 0 0.851766 0 0 0 0 0 0.593718 0 0 0 0 0 0 0 0.494546 0 0 0 0.943651 0 0 0 0 0 0 0 0 0 0 0 0 0 0 0 0 0 0 0 0 0 0 0 0 0 0 0 0.303938 0 0 0 0 0 0 0 0.309871 0 0 0 0 0.612458 0 0 0 0.827624
0 0 0 0 0 0 0 0 0 0 0.501699 0.298078 0 0.167315 0 0.607891 0 0 0 0 0 0 0 0 0 0 0 0 0 0 0 0 0.305065 0 0 0 0 0 0 0 0 0 0 0 0 0 0 0 0 0 0 0 0 0 0 0 0 0 0 0 0 0 0 0 0 0 0 0 0 0 0.682105 0 0 0 0 0 0 0 0.781036 0 0 0 0 0 0 0.177401 0 0.745978 0 0 0 0 0 0 0 0 0 0 0 0.32282
0 0 0 0 0 0 0.953341 0 0.105054 0 0 0 0 0.531431 0 0 0 0 0 0 0 0 0.688454 0 0 0 0 0 0.945529 0 0 0 0 0.734597 0 0 0 0 0.224886 0 0 0 0 0 0 0.542014 0 0 0.980188 0 0 0 0 0.55021 0 0 0 0 0 0 0 0 0 0 0 0 0 0 0.627326 0 0 0 0 0.170292 0 0 0 0 0 0 0 0 0 0 0 0 0 0 0 0 0 0 0 0 0.748667 0 0 0.286787 0 0
0 0 0 0.590604 0.17981 0 0 0 0 0 0.454339 0.371882 0 0 0 0 0 0 0 0 0 0 0 0 0 0 0 0.18695 0 0 0 0.892094 0 0 0 0 0 0 0 0 0.90227 0.106404 0 0 0 0 0 0 0 0 0 0 0.477588 0 0.324485 0 0 0 0 0 0 0 0 0 0 0.860007 0 0.739498 0 0 0 0 0 0 0 0 0 0 0 0.882542 0 0 0 0.599164 0 0 0.674987 0.695942 0 0 0.912276 0 0 0 0 0 0 0 0.791545 0
0.277647 0 0 0 0.437438 0 0.387384 0 0 0 0 0 0 0 0 0 0 0 0 0 0 0 0 0 0 0 0.470425 0 0 0 0 0 0 0 0.0972367 0 0 0 0 0 0 0 0.338105 0.639649 0 0 0 0 0 0 0 0 0.721613 0 0 0 0 0 0 0.938334 0 0 0 0 0 0 0 0 0 0 0 0 0 0 0 0 0 0 0 0.302407 0 0 0 0 0 0 0 0.69916 0 0 0 0 0 0 0 0 0 0 0 0
0 0 0 0 0 0.514333 0 0 0 0 0 0 0 0 0 0 0 0 0 0 0 0 0 0 0 0 0 0 0 0 0.110953 0 0 0.537852 0.738561 0.961324 0 0 0.290581 0 0 0 0 0.197405 0 0 0 0 0 0 0 0 0 0.230214 0 0 0 0 0 0 0 0 0.963057 0 0 0.679624 0 0 0 0 0 0 0 0 0.16062 0 0.712961 0 0 0 0.237259 0 0 0 0.449551 0 0 0 0 0 0 0 0 0 0 0 0 0 0 0
0 0.0639673 0 0 0 0 0 0 0.487369 0 0 0 0 0 0 0 0 0 0.688454 0 0 0 0 0 0 0 0 0 0.487546 0 0 0 0.277908 0 0 0 0 0 0 0 0 0 0 0 0 0 0 0 0 0 0 0 0 0 0 0.960444 0 0 0 0 0 0 0 0 0 0 0 0 0 0.414335 0 0 0 0 0 0 0 0 0.916251 0 0.777468 0 0 0.983186 0 0.126207 0 0 0 0 0 0 0 0 0 0 0 0 0.613154 0
0.534339 0 0 0 0 0.442912 0 0.898236 0 0.318393 0 0 0 0.0890185 0 0 0 0 0 0 0 0 0 0 0 0 0 0 0 0.399224 0 0 0 0 0 0 0 0 0 0 0 0 0 0 0 0 0 0 0 0 0 0 0 0 0 0 0 0.70604 0 0 0 0 0 0 0 0 0 0 0 0 0 0 0 0 0 0 0 0 0.505515 0 0 0 0 0.981509 0 0 0.304961 0 0 0 0 0 0 0.521277 0 0 0 0 0 0
0 0 0 0 0 0 0.83196 0 0 0 0 0 0 0 0 0 0 0 0 0 0 0 0 0 0 0.775208 0 0 0 0 0 0 0 0 0 0 0 0 0 0 0 0 0 0 0 0 0 0 0 0 0.0966303 0.708447 0 0.289765 0 0 0.328373 0 0.436387 0 0.0788194 0 0 0 0 0 0 0 0 0 0 0.0361155 0 0 0 0 0 0 0 0 0 0 0 0.100088 0.810536 0 0.222963 0.257511 0 1.00897 0 0 0 0 0 0.915368 0 0 0 0.969821
0 0 0 0.600344 0 0 0 0 0 0 0 0 0 0.619421 0 0 0.236434 0 0 0 0 0 0 0 0.775208 0 0 0 0 0.444741 0 0.411201 0 0 0 0 0 0 0 0 0 0 0 0.652129 0 0 0 0 0 0 0 0 0 0 0.236433 0.433027 0 0 0 0 0 0.772232 0 0 0 0.577025 0 0 0 0 0.547121 0.404301 0 0 0 0 0 0 0 0 0 0 0 0 0 0 0 0 0.497771 0.73597 0 0 0 0 0 0 0 0 0 0
0 0 0 0 0 0 0.854977 0 0 0.829263 0 0 0 0.496178 0 0 0 0 0 0 0.470425 0 0 0 0 0 0 0 0 0 0 0.587472 0 0.777357 0 0 0.936862 0 0 0 0 0 0 0 0 0 0 0 0 0 0.7696 0 0 0 0 0 0 0 0 0 0 0 0 0 0 0 0 0 0 0 0 0 0 0 0.702335 0 0.485802 0.527314 0 0 0 0 0 0 0.666046 0 0 0 0.833626 0 0 0 0 0 0.252679 0.609682 0 0 0 0
0 0 0 0 0.38936 0 0.96241 0 0 0 0 0 0 0 0 0 0 0 0 0.18695 0 0 0 0 0 0 0 0 0 0 0 0 0 0 0 0 0 0 0 0 0 0.75789 0 0 0 0 0 0 0 0 0 0 0 0 0 0 0 0.22199 0 0.96752 0 0 0 0.935196 0 0 1.0321 0 0 0 0 0 0 0 0 0 0 0 0 0 0 0.232423 0 0 0.833888 0 0 0 0 0 0 0 0 0 0 0 0 0 0 0
0 0 0 0 0.797926 0.643476 0 0 0.0919947 0 0 0 0 0 0 0 0 0 0.945529 0 0 0 0.487546 0 0 0 0 0 0 0 0 0.780533 1.00788 0 0 0 0.510123 0.0561197 0 0.544576 0 0 0 0 0 0 0 0 0 0 0 0.955539 -0.0241908 0 0 0.364685 0 0 0.734022 0 0 0 0 0 0 0 0 0.183985 0 0 0 0 0 0 0 0 0.229935 0.521524 0 0.307609 0 0 0 0 0 0 0 0 0 0 0 0 0 0.425304 0 0 0 0 0 0
0 0 0 0 0 0 0 0 0.226451 0 0 0 0 0 0.323358 0 0 0 0 0 0 0 0 0.399224 0 0.444741 0 0 0 0 0.644691 0 0 0 0 0 0 0 0 0 0 0.962075 0 0.609602 0 0 0 0.621422 0.198112 0 0 0.957219 0 0.799043 0 0 0 0 0 0 0 0.524972 0 0 0 0.488319 0 0 0 0 0 0 0 0 0 0 0.178088 0 0 0 0 0 0 0 0 0 0 0 0 0 0 0.510945 0.541921 0 0 0 0 0 0 0
0 0 0 0.827893 0 0 0 0.443292 0.0953535 0 0 0 0 0 0 0 0 0 0 0 0 0.110953 0 0 0 0 0 0 0 0.644691 0 0 0 0.228672 0 0 0 0.91214 0 0 0 0 0.851808 0 0.304629 0 0 0.504577 0 0 0 0 0 0 0 0 0 0 0.467071 0 0 0 0 0 0 0 0 0 0 0 0 0.895793 0 0 0 0.540223 0 0 0 0 0 0 0 0 0 0 0 0 0 0 0 0.547074 0 0 0 0 0.590631 0 0 0
0 0 0 0 0 0 0.331884 0 0 0 0 0 0 0.103729 0 0 0 0 0 0.892094 0 0 0 0 0 0.411201 0.587472 0 0.780533 0 0 0 0 0.966672 0 0 0.366082 0 0 0 0 0 0 0.310532 0 0 0 0 0 0 0 0 0.32179 0 0 0 0 0.494684 0 0 0.959744 0.800587 0 0 0 0 0 0 0 0 0 0.224266 0 0 0 0.220092 0.927441 0 0 0 0 0 0 0.488362 0 0 0 0 0 0 0.771546 0 0 0 0 0 0 0 0 0
0 0 0 0 0 0 0.367141 0 0 0 0 0 0 0 0.37071 0.95253 0 0.305065 0 0 0 0 0.277908 0 0 0 0 0 1.00788 0 0 0 0 0 0 0 0 0 0 0 0 0 0 0 0 0 0 0 0.354668 0.62127 0 0 0.951677 0.400704 0 0 0 0 0 0 0 0 0 0 0 0 0 0 0 0 0 0 0 0 0 0 0 0 0 0 0 0 0 0 0 0.615568 0 0 0.733687 0 0 0 0 0 0 0 0 0 0 0
0 0 0 0 0 0 0 0 0 0.93758 0 0 0 0 0 0 0 0 0.734597 0 0 0.537852 0 0 0 0 0.777357 0 0 0 0.228672 0.966672 0 0 0 0 0.921878 0 0 0.55411 0 0 0 0 0 0.320049 0 0 0 0 0 0 0.301775 0 0 0 0.908355 0 0 0 0.399393 0 0 0 0 0 0 0 0 0 0.964694 0 0 0 0 0 0 0 0 0 0 0 0.942717 0 0 0 0 0.695388 0 0 0 0 0.285156 0 0 0 0 0 0 0
0.160706 0 0 0 0 0 0 0.723349 0 0.615851 0 0.754027 0 0 0.712065 0 0 0 0 0 0.0972367 0.738561 0 0 0 0 0 0 0 0 0 0 0 0 0 0 0 0 0 0.222625 0 0.854875 0 0 0 0 0.647743 0 0 0 0 0 0 0 0 0 0 0.275588 0 0 0 0 0.168292 0 0 0 0 0 0 0 0.365894 0 1.00465 0 0 0 0 0 0 0 0 0 0 0.910926 0 0 0.15009 0 0.976448 0 0 0 0 0 0 0 0 0 0.770715 0
0 0 0.943007 0 0 0 0 0 0 0 0 0 0.45038 0 0 0 0 0 0 0 0 0.961324 0 0 0 0 0 0 0 0 0 0 0 0 0 0 0 0 0 0 0.538758 0 0 0 0 0 0 0 0 0 0 0.0638282 0 0 0 0 0 0 0.65479 0.719192 0 0.216289 0 0 0 0 0 0 0.161271 0 0 0 0 0 0 0 0 0 0 0 0 0 0 0.109395 0 0 0 0 0 0 0 0 0 0 0 0 0 0 0 0
0.536043 0 0 0 0 0 0.0235351 0 0.693725 0.798172 0.190379 0 0 0 0 -0.0036206 0.851766 0 0 0 0 0 0 0 0 0 0.936862 0 0.510123 0 0 0.366082 0 0.921878 0 0 0 0 0 0 0 0 0 0.854776 0 0 0 0 0 0 0 0 0.54708 0 0 0 0 0.319135 0.961149 0 0 0 0 0 0 0 0 0 0.522009 0 0 0 0 0 0 0.154573 0 0 0 0 0 0.800811 0 0 0 0 0 0 0 0 0 0 0 0 0.493672 0 0 0 0 0
0 0 0 0 0 0 0 0 0 0 0 0 0 0 0 0.269803 0 0 0 0 0 0 0 0 0 0 0 0 0.0561197 0 0.91214 0 0 0 0 0 0 0 0 0.445743 0 0 0 0 0 0 0 0 0 0 0 0 0 0 0 0 0.695507 0 0 0 0 0 0 0 0 0 0 0 0 0 0 0.372964 0 0 0 0 0 0 0 0 0 0 0 0 0 0 0 0 0 0 0 0 0 0 0.632444 0 0 0.882312 0 0
0 0 0 0 0 0 0 0 0 0.864084 0 0.635104 0 0 0 0 0 0 0.224886 0 0 0.290581 0 0 0 0 0 0 0 0 0 0 0 0 0 0 0 0 0 0 0 0 0.693656 0.961003 0 0 0 0 0 0 0.382333 0 0 0 0 0 0 0 0 0 0 0 0 0 0 0 0 0 0 0.748447 0.934572 0 0 0 0 0 0 0 0 0 0 0 0 0 0 0 0 0 0 0 0 0 0 0 0 0 0 0 0 0
0 0 0 0 0.57339 0 0 0 0 0 0 0 0 0 0 0 0 0 0 0 0 0 0 0 0 0 0 0 0.544576 0 0 0 0 0.55411 0.222625 0 0 0.445743 0 0 0 0 0 0 0 0 0 0 0 0 0 0 0.493821 0.358133 0 0 0 0 0 0 0 0 0.723001 0 0 0 1.06012 0 0 0.746005 0 0 0 0.343018 0 0 0 0 0 0 0.58957 0 0 0.140991 0 0 0 0 0.897627 0 0 0 0.0771691 0 0 0.903373 0 0 0 0
0 0 0 0 0 0 0 0 0 0 0 0 0.558139 0 0 0 0 0 0 0.90227 0 0 0 0 0 0 0 0 0 0 0 0 0 0 0 0.538758 0 0 0 0 0 0.786687 0 0 0 0.348033 0.610758 0 0 0.699937 0 0.421912 0 0 0 0 0 0 0 0 0 0 0 0 0 0 0 0 0 0 0 0 0 0 0.570561 0.251619 0 0.192409 0 0 0 0 0 0.497262 0 0 0 0 0 0 0 0 0 0 0 0 0 0 0 0
0.622205 0 0 0 0 0 0 0 0 0 0.91309 0.306276 0 0 0 0 0 0 0 0.106404 0 0 0 0 0 0 0 0.75789 0 0.962075 0 0 0 0 0.854875 0 0 0 0 0 0.786687 0 0 0 0.33016 0 0.607325 0 0 0 0 0 0 0 0 0.144724 0 0 0 0 0 0 0.331018 0 0.404625 0 0 0 0 0 0 0 0 0 0 0 0 0 0 0 0 0.151381 0 0 0 0 0 0 0 0 0.532785 0 0 0.734896 0.135023 0 0 0 0 0
0 0 0 0 0 0 0.855686 0 0 0 0 0 0.981203 0.411578 0 0 0.593718 0 0 0 0.338105 0 0 0 0 0 0 0 0 0 0.851808 0 0 0 0 0 0 0 0.693656 0 0 0 0 0.448172 0 0 0 0 0 0 0 0 0 0 0.326726 0 0 0 0 0 0 0 0 0 0 0 0 0 0 0.179031 0 0 0 0 0 0.248347 0 0 0 0 0 0 0 0 0 0 0 0.255108 0 0 0 0 0.244123 0 0 0 0 0 0 0
0 0 0 0.402921 0 0 0 0 0 0 0 0 0 0.925521 0 0 0 0 0 0 0.639649 0.197405 0 0 0 0.652129 0 0 0 0.609602 0 0.310532 0 0 0 0 0.854776 0 0.961003 0 0 0 0.448172 0 0 0 0 0 0 0 0 0 0 0 0 0 0.201572 0 0 0 0 0.482738 0 0 0 0 0 0 0 0.403828 0.475881 0 0 0 0 0 0 0 0 0 0 0 0.982294 0 0 0 0.444879 0 0 0 0 0.413529 0 0 0 0 0 0 0 0
0 0 0 0 0 0 0.96839 0 0 0 0 0.850573 0.329695 0 0 0.333476 0 0 0 0 0 0 0 0 0 0 0 0 0 0 0.304629 0 0 0 0 0 0 0 0 0 0 0.33016 0 0 0 0 0 0 0 0 0.641689 0.803527 0 0.712928 0 0 0 0 0 0 0 0.907712 0.552367 0 0 0 0 0 0 0 0 0.381145 0 0 0 0 0 0 0 0 0.151833 0 0 0 0 0 0 0 0.832853 0 0.709157 0 0 0 0 0 0 0 0 0
0 0 0 0 0 0 0 0 0 0 0 0 0 0 0 0 0 0 0.542014 0 0 0 0 0 0 0 0 0 0 0 0 0 0 0.320049 0 0 0 0 0 0 0.348033 0 0 0 0 0 0.19895 0 0 0 0 0 0 0.865354 0 0 0 0 0 0 0 0 0 0 0.870428 0 0 0 0 0 0 0.846056 0.3239 0 0 0.250045 0 0 0.533682 0 0 0 0.127328 0 0 0 0 0 0 0 0 0 0 0 0 0 0 0 0 0
0 0 0 0 0 0 0 0.939951 0 0 0 0 0 0.325269 0.27919 0.82775 0 0 0 0 0 0 0 0 0 0 0 0 0 0 0 0 0 0 0.647743 0 0 0 0 0 0.610758 0.607325 0 0 0 0.19895 0 0 0 0 0 0 0 0 0 0 0 0.181823 0.785981 0 0 0 0 0 0 0 0 0 0 0 0 0 0 0 0 0 0 0 0 0 0 0 0 0.789672 0 0 0 0 0 0 0 0 0 0 0 0 0.558698 0 0 0
0 0 0 0 0 0 0.516745 0 0 0 0 0 0.379385 0 0 0.506711 0 0 0 0 0 0 0 0 0 0 0 0 0 0.621422 0.504577 0 0 0 0 0 0 0 0 0 0 0 0 0 0 0 0 0 0.650074 0 0.301191 0 0 0.503936 0 0.562291 0 0.153512 0 0 0 0 0 0 0.188731 0 0 0 0 0 0 0 0 0 0 0 0 0 0 0 0 0 0 0 0 0.46374 0 0.526308 0 0.589171 0 0 0 0 0.815023 0 0 0 0 0
0 0 0 0 0 0 0 0 0 0 0 0 0 0 0 0.605966 0 0 0.980188 0 0 0 0 0 0 0 0 0 0 0.198112 0 0 0.354668 0 0 0 0 0 0 0 0 0 0 0 0 0 0 0.650074 0 0 0 0 0.675796 0 0 0 0 0 0.237142 0.934558 0 0 0 0.728115 0 0 0 0 0.977919 0 0 0 0 0 0 0 0 0 0 0 0 0 0 0 0 0 0 0.655697 0 0 0.530257 0 0.803204 0 0 0 0 0 0 0
0 0.665338 0.715615 0 0.649104 0 0 0 0 0 0 0.809947 0.51406 0 0 0 0 0 0 0 0 0 0 0 0 0 0 0 0 0 0 0 0.62127 0 0 0 0 0 0 0 0.699937 0 0 0 0 0 0 0 0 0 0 0 0 0 0 0 0 0 0 0 0 0 0 0 0 0 0 0.743323 0 0 0.0162707 0 0 0 0 0 0 0 0 0 0 0 0.966362 0 0 0 0 0 0.479613 0 0 0 0 0 0.119717 0 0 0 0 0
0 0 0 0 0 0 0 0 0 0 0 0 0 0 0 0 0.494546 0 0 0 0 0 0 0 0.0966303 0 0.7696 0 0 0 0 0 0 0 0 0 0 0 0.382333 0 0 0 0 0 0.641689 0 0 0.301191 0 0 0 0 0 0 0 0 0 0 0 0 0 0 0.798652 0.833642 0 0 0 0.456538 0.299552 0 0.57262 0 0 0 0 0.885963 0 0 0.461302 0.254965 0 0 0 0 0.790664 0 0 0 0 0 0 0 0 0 0 0 0 0 0 0
0.169236 0 0 0.468689 0.0804215 0 0 0 0 0.901946 0 0.794692 0 0 0 0 0 0 0 0 0 0 0 0 0.708447 0 0 0 0.955539 0.957219 0 0 0 0 0 0.0638282 0 0 0 0 0.421912 0 0 0 0.803527 0 0 0 0 0 0 0 0 0 0 0 1.01612 0 0 0 0 0 0 0.482335 0.955415 0 0 0 0 0.290412 0 0 0 0 0 0 0 0.802447 0 0 0.426695 0 0 0 0 0.935336 0 0 0 0 0 0 0 0 0 0 0 0.127204 0.375617 0.864113
0 0 0 0 0 0 0.382022 0 0 0 0 0 0 0 0 0 0 0 0 0.477588 0.721613 0 0 0 0 0 0 0 -0.0241908 0 0 0.32179 0.951677 0.301775 0 0 0.54708 0 0 0.493821 0 0 0 0 0 0 0 0 0.675796 0 0 0 0 0 0 0 0.985657 0 0 0 0 0 0 0 0 0 0 0 0 0 0 0 0 0 0 0 0 0 0 0 0 0.405555 0 0 0 0 0 0 0 0 0 0 0 0 0 0 0 0 0 0
0 0 0 0 0 0 0 0 0 0 0 0 0 0 0.853206 0 0 0 0.55021 0 0 0.230214 0 0 0.289765 0 0 0 0 0.799043 0 0 0.400704 0 0 0 0 0 0 0.358133 0 0 0 0 0.712928 0.865354 0 0.503936 0 0 0 0 0 0 0 0 0 0 0 0 0 0 0 0 0 0 0 0 0 0 0.420473 0 0 0 0 0 0 0 0 0 0 0 0 0.416459 0 0 0 0 0 0 0 0 0 0 0 0 0.330357 0 0 0
0.533807 0 0 1.01006 0 0.0196731 0 0 0 0 0.0892102 0 0 0.790447 0 0 0.943651 0 0 0.324485 0 0 0 0 0 0.236433 0 0 0 0 0 0 0 0 0 0 0 0 0 0 0 0 0.326726 0 0 0 0 0 0 0 0 0 0 0 0 0 0.867266 0 0 0 0 0 0 0 0 0 0 0 0.0607971 0 0 0 0 0 0 0 0 0 -0.00807459 0 0 0 0 0 0 0 0 0 0.1674 0.676709 0 0 0 0 0 0 0 0 0 0
0 0 0 0 0 0.172536 0.690818 0 0 0 0 0 0.635676 0.544186 0 0 0 0 0 0 0 0 0.960444 0 0 0.433027 0 0 0.364685 0 0 0 0 0 0 0 0 0 0 0 0 0.144724 0 0 0 0 0 0.562291 0 0 0 0 0 0 0 0 0.903211 0 0 0 0 0 0 0 0 0 0 0.126017 0 0 0 0 0 0 0.508756 0 0 0 0 0.591594 0 0 0 0 0 0 0 0 0 0 0 0 0 0 0 0.873852 0 0 0 0
0 0.468822 0 0 0 0 0 0 0 0 0 0 0 0 0 0 0 0 0 0 0 0 0 0 0.328373 0 0 0 0 0 0 0 0 0.908355 0 0 0 0.695507 0 0 0 0 0 0.201572 0 0 0 0 0 0 0 1.01612 0.985657 0 0.867266 0.903211 0 0 0 0 0 0 0 0 0 0 0 0 0 0 0.262489 0 0 0 0.157209 0 0 0 0 0 0 0 0 0 0 0 0.352388 0 0 0 0 0 0 0 0 0 0 0 0.721694 0
0 0 0 0 0 0 0 0 0.316431 0 0 0 0.978595 0 0 0 0 0 0 0 0 0 0 0.70604 0 0 0 0.22199 0 0 0 0.494684 0 0 0.275588 0 0.319135 0 0 0 0 0 0 0 0 0 0.181823 0.153512 0 0 0 0 0 0 0 0 0 0 0 0 0 0.272268 0 0 0 0 0 0 0 0 0 0 0 0 0 0 0 0 0 0 0 0 0 0.882467 0 0 0 0 0 0.194402 0 0 0 0 0 0 0 0 0 0
0.681351 0 0.915192 0 0 0 0 0 0 0 0 0 0 0 0.684339 1.04075 0 0 0 0 0 0 0 0 0.436387 0 0 0 0.734022 0 0.467071 0 0 0 0 0.65479 0.961149 0 0 0 0 0 0 0 0 0 0.785981 0 0.237142 0 0 0 0 0 0 0 0 0 0 0 0 0 0.63606 0 0.714304 0.816617 0 0 0 0 0 0 0 0 0 0 0 0 0 0 0 0 0 0 0 0.392307 0 0 0.0704181 0 0 0 0 0 0 0 0 0 0.15054 0.35739
0 0 0 0 0 0 0 0.874174 0 0 0 0.388723 0 0 0 0 0 0 0 0 0.938334 0 0 0 0 0 0 0.96752 0 0 0 0 0 0 0 0.719192 0 0 0 0 0 0 0 0 0 0 0 0 0.934558 0 0 0 0 0 0 0 0 0 0 0 0 0 0.882069 0 0 0 0 0.710922 0 0 0 0.512329 0 0 0 0 0 0 0 0 0 0.65317 0 0.985939 0 0 0 0 0 0 0.124516 0 0 0 0.0820489 0 0 0 0.206309 0
0 0 0 0 0 0 0 0 0 0 0 0.612519 0 0.61183 0 0 0 0 0 0 0 0 0 0 0.0788194 0 0 0 0 0 0 0.959744 0 0.399393 0 0 0 0 0 0 0 0 0 0 0 0 0 0 0 0 0 0 0 0 0 0 0 0 0 0 0 0 0 0 0 0 0 0 0 0 0 0 0.174273 0 0 0 0 0 0.912585 0 0 0 0 0 0.408465 0 0 0 0 0 0 0 0 0 0 0 0 0.63375 0 0.680021
0 0 0 0 0 0.0974657 0 0 0.647083 0 0.0309011 0.677121 0 0 0 0 0 0 0 0 0 0 0 0 0 0.772232 0 0 0 0.524972 0 0.800587 0 0 0 0.216289 0 0 0 0 0 0 0 0.482738 0.907712 0 0 0 0 0 0 0 0 0 0 0 0 0.272268 0 0 0 0 0 0 0 0.46826 0 0 0 0 0 0 0.688089 0 0 0 0.263371 0.311965 0 0 0 0 0 0 0 0 0 0.0225836 0 0 0 0 0 0 0.82143 0 0 0.29882 0 0
0 0 0 0 0 0 0 0.617901 0 0 0 0 0 0 0 0 0 0 0 0 0 0.963057 0 0 0 0 0 0 0 0 0 0 0 0 0.168292 0 0 0 0 0.723001 0 0.331018 0 0 0.552367 0 0 0 0 0 0.798652 0 0 0 0 0 0 0 0.63606 0.882069 0 0 0 0 0 0 0 0 0.213288 0 0.761833 0 0 0 0 0 0.190552 0 0 0 0 0.909179 0 0 0 0 0 0 0 0 0 0 0 0 0 0 0 0 0 0
0 0 0 0 0 0 0 0 0 0 0.0194707 0 0 0 0 0 0 0 0 0 0 0 0 0 0 0 0 0.935196 0 0 0 0 0 0 0 0 0 0 0 0 0 0 0 0 0 0 0 0 0.728115 0 0.833642 0.482335 0 0 0 0 0 0 0 0 0 0 0 0 0 0 0 0 0 0 0 0 0 0 0 0 0 0 0 0 0 0 0 0.594559 0 0 0 0 0 0 0 0 0 0 0 0 0 0 0 0
0 0 0 0 0 0 0 0 0 0 0 0.602049 0 0 0 0 0 0 0 0 0 0 0 0 0 0 0 0 0 0 0 0 0 0 0 0 0 0 0 0 0 0.404625 0 0 0 0.870428 0 0.188731 0 0 0 0.955415 0 0 0 0 0 0 0.714304 0 0 0 0 0 0 0 0 0 0.266474 0 0 0 0 0.159632 0 0 0.454972 0 0 0 0 0 0 0 0.343676 0 0 0 0 0 0 0 0 0 0 0 0 0 0 0
0 0 0.659265 0 0 0 0.640978 0 0 0 0.929817 0 0 0 0 0 0 0 0 0.860007 0 0.679624 0 0 0 0.577025 0 0 0 0.488319 0 0 0 0 0 0 0 0 0 0 0 0 0 0 0 0 0 0 0 0 0 0 0 0 0 0 0 0 0.816617 0 0 0.46826 0 0 0 0 0 0 0 0 0 0 0 1.00784 0 0 0 0 0 0 0 0 0 0 0 0 0 0 0.216885 0 0 0 0 0 0 0 0 0 0 0
0.234617 0 0 0 0 0 0 0.325235 0 0 0 0 0 0 0 0 0 0 0 0 0 0 0 0 0 0 0 1.0321 0 0 0 0 0 0 0 0 0 0 0 1.06012 0 0 0 0 0 0 0 0 0 0 0 0 0 0 0 0 0 0 0 0 0 0 0 0 0 0 0 0 0 0.587262 0.539252 0 0 0 0 0 0 0 0.534637 0 0 0 0 0 0 0 0 0.932683 0.393622 0 0 0 0 0 0.143292 0 0 0 0 0
0 0 0 0 0 0 0.968515 0 0 0 0.961591 0 0 0 0 0 0 0 0 0.739498 0 0 0 0 0 0 0 0 0.183985 0 0 0 0 0 0 0 0 0 0 0 0 0 0 0 0 0 0 0 0 0.743323 0.456538 0 0 0 0 0.126017 0 0 0 0.710922 0 0 0 0 0 0 0 0 0 0 0 0 0 0.934695 0 0 0 0 0.62419 0.813508 0 0.621264 0 0 0 0 0 0 0 0.851359 0 0 0 0 0 0 0 0 0 0
0 0.492493 0 0 0 0 0 0 0 0 0.944614 0 0.110264 0 0.471823 0 0 0 0.627326 0 0 0 0 0 0 0 0 0 0 0 0 0 0 0 0 0.161271 0.522009 0 0 0 0 0 0 0 0 0 0 0 0.977919 0 0.299552 0 0 0 0.0607971 0 0 0 0 0 0 0 0.213288 0 0.266474 0 0 0 0 0.342024 0 0 0 0.295479 0 0 0 0 0.742492 0.73449 0 0.209621 0 0 0 0 0 0.94303 0 0.00734088 0 0.367418 0.506075 0 0 0 0.692465 0 0 0
0 0 0 0.439048 0 0 0 0.888608 0 0.920688 0 0 0 0 0 0 0 0 0 0 0 0 0.414335 0 0 0 0 0 0 0 0 0 0 0 0 0 0 0 0.748447 0.746005 0 0 0.179031 0.403828 0 0 0 0 0 0 0 0.290412 0 0 0 0 0 0 0 0 0 0 0 0 0 0 0.587262 0 0.342024 0 0 0.687328 0 0 0.231363 0.340838 0 0 0 0 0.458826 0 0 0.541884 0 0 0.391661 0 0.289528 0 0 0.595854 0 0 0.327134 0 0 0 0 0
0.566395 0 0.731198 0 0 0.774575 0 0 0 0.533556 0 0 0 0 0 0 0 0.682105 0 0 0 0 0 0 0 0.547121 0 0 0 0 0 0 0 0.964694 0.365894 0 0 0 0.934572 0 0 0 0 0.475881 0 0 0 0 0 0.0162707 0.57262 0 0 0.420473 0 0 0.262489 0 0 0 0 0 0.761833 0 0 0 0.539252 0 0 0 0 0 0.0431683 0 0.0394755 0.919608 0 0.446736 0 0 0 0 0 0 0 0 0 0 0 0 0.863206 0 0 0 0 0.782689 0 0 0 0
0 0 0 0 0 0 0 0.859353 0 0 0 0 0 0 0 0.75188 0 0 0 0 0 0 0 0 0.0361155 0.404301 0 0 0 0 0.895793 0.224266 0 0 0 0 0 0.372964 0 0 0 0 0 0 0.381145 0.846056 0 0 0 0 0 0 0 0 0 0 0 0 0 0.512329 0 0 0 0 0 0 0 0 0 0.687328 0 0 0.464233 0 0 0 0 0 0 0 0 0 0 0 0.629292 0 0 0 0 0 0 0 0 0 0 0 0 0 0 0
0.218834 0 0 0 0 0.511093 0 0 0 0 0 0 0 0 0.872518 0 0 0 0 0 0 0 0 0 0 0 0 0 0 0 0 0 0 0 1.00465 0 0 0 0 0 0 0 0 0 0 0.3239 0 0 0 0 0 0 0 0 0 0 0 0 0 0 0.174273 0.688089 0 0 0 0 0 0 0 0 0.0431683 0.464233 0 0 0 0 0 0 0 0 0 0 0 0 0 0 0 0 0 0 0 0 0 0 0 0 0 0 0 0
0 0 0 0 0 0 0 0 0 0 0 0 0 0 0.392232 0 0 0 0.170292 0 0 0 0 0 0 0 0 0 0 0 0 0 0 0 0 0 0 0 0 0.343018 0 0 0 0 0 0 0 0 0 0 0 0 0 0 0 0 0 0 0 0 0 0 0 0 0.159632 1.00784 0 0.934695 0.295479 0 0 0 0 0 0 0.548513 0.372053 0 0 0.39569 0 0 0 0 0 0 0 0.923655 0.182905 0 0 0 0.0603914 0 0 0.41221 0 0 0 0
0 0 0 0.577008 0 0.583403 0 0 0 0 0 0.149307 0 0 0 0 0 0 0 0 0 0.16062 0 0 0 0 0.702335 0 0 0 0 0 0 0 0 0 0 0 0 0 0.570561 0 0 0 0 0 0 0 0 0 0 0 0 0 0 0.508756 0.157209 0 0 0 0 0 0 0 0 0 0 0 0 0.231363 0.0394755 0 0 0 0 0.608097 0 0 0.373696 0 0 0.0827646 0 0 0 0.666389 0.282939 0.426278 0 0 0 0 0 0.625288 0 0 0.0563385 0 0 0
0 0.802764 0 0 0 0 0.276741 0 0 0 0 0 0 0 0 0 0 0 0 0 0 0 0 0 0 0 0 0 0 0 0.540223 0.220092 0 0 0 0 0.154573 0 0 0 0.251619 0 0.248347 0 0 0.250045 0 0 0 0 0.885963 0 0 0 0 0 0 0 0 0 0 0 0 0 0 0 0 0 0 0.340838 0.919608 0 0 0.548513 0.608097 0 0 0 0 0 0 0 0.816387 0 0.30768 0 0 0 0 0 0.222035 0 0.75033 0 0 0 0 0 0 0
0.497278 0.512615 0 0 0 0 0 0 0 0 0 0 0 0 0 0 0 0 0 0 0 0.712961 0 0 0 0 0.485802 0 0.229935 0.178088 0 0.927441 0 0 0 0 0 0 0 0 0 0 0 0 0 0 0 0 0 0 0 0 0 0 0 0 0 0 0 0 0 0.263371 0.190552 0 0.454972 0 0 0 0 0 0 0 0 0.372053 0 0 0 0 0 0 0 0.990896 0 0 0 0 0 0 0.720064 0 0 0 0 0 0 0.341096 0.597551 0 0 0
0 0 0.613791 0 0.0553667 0 0 0 0 0 0 0.860964 0 0 0 0 0 0 0 0 0 0 0 0 0 0 0.527314 0 0.521524 0 0 0 0 0 0 0 0 0 0 0 0.192409 0 0 0 0 0 0 0 0 0 0 0.802447 0 0 0 0 0 0 0 0 0 0.311965 0 0 0 0 0 0 0 0 0.446736 0 0 0 0 0 0 0 0 0 0.577767 0 0 0 0 0 0 0 0 0 0 0.310284 0 0 0 0.412118 0 0 0 0
0 0 0 0 0.745435 0 0 0 0 0 0 0 0 0 0 0 0 0.781036 0 0 0 0 0.916251 0.505515 0 0 0 0 0 0 0 0 0 0 0 0 0 0 0 0 0 0 0 0 0 0.533682 0 0 0 0 0.461302 0 0 0 -0.00807459 0 0 0 0 0 0.912585 0 0 0 0 0 0.534637 0.62419 0.742492 0 0 0 0 0 0.373696 0 0 0 0 0 0 0 0 0 0 0 0 0.589611 0 0.562688 0 0 0 0 0 0 0 0 0.362282 0
0 0 0 0 0 0 0 0 0 0 0 0 0.999606 0 0 0 0 0 0 0.882542 0.302407 0 0 0 0 0 0 0 0.307609 0 0 0 0 0 0 0 0 0 0 0 0 0 0 0 0 0 0 0 0 0 0.254965 0 0 0 0 0.591594 0 0 0 0 0 0 0 0 0 0 0 0.813508 0.73449 0 0 0 0 0.39569 0 0 0 0 0 0 0 0 0 0 0 0 0 0.611978 0.673958 0 0 0 0 0 0 0 0 0 0 0
0 0 0 0 0 0.171741 0 0 0 0.397542 0 1.00627 0 0 0 0 0 0 0 0 0 0.237259 0.777468 0 0 0 0 0 0 0 0 0 0 0 0 0 0 0 0 0.58957 0 0 0 0 0.151833 0 0 0 0 0 0 0.426695 0 0 0 0 0 0 0 0 0 0 0 0 0 0 0 0 0 0.458826 0 0 0 0 0 0 0 0.577767 0 0 0 0.530247 0 0 0 0 0 0 0 0 0.178567 0 0.435412 0 0 0 0 0 0 0
0.186668 0 0 0 0 0 0 0 0 0 0.697547 0 0 0 0 0 0 0 0 0 0 0 0 0 0 0 0 0.232423 0 0 0 0 0 0 0 0 0.800811 0 0 0 0 0.151381 0 0 0 0 0 0 0 0 0 0 0.405555 0 0 0 0 0 0 0.65317 0 0 0.909179 0 0 0 0 0.621264 0.209621 0 0 0 0 0 0.0827646 0 0.990896 0 0 0 0.530247 0 0.727882 0 0 0.320105 0 0 0 0 0 0 0 0 0 0.874977 0 0 0 0
0 0 0 0 0 0.495926 0 0.906754 0 0 0 0 0 0 0 0 0.303938 0 0 0 0 0 0 0 0 0 0 0 0 0 0 0 0 0.942717 0 0 0 0 0 0 0 0 0 0.982294 0 0.127328 0 0 0 0.966362 0 0 0 0 0 0 0 0 0 0 0 0 0 0 0 0 0 0 0 0 0 0 0 0 0 0.816387 0 0 0 0 0 0.727882 0 0.793843 0 0 0 0 0.303526 0 0 0 0 0 0 0 0 0 0 0
0 0 0.562608 0 0 0 0.992293 0 0 0 0 0.728397 0.623849 0 0 0 0 0 0 0.599164 0 0 0.983186 0.981509 0.100088 0 0 0 0 0 0 0.488362 0 0 0.910926 0.109395 0 0 0 0.140991 0.497262 0 0 0 0 0 0.789672 0 0 0 0 0 0 0.416459 0 0 0 0.882467 0 0.985939 0 0 0 0.594559 0 0 0 0 0 0.541884 0 0 0 0 0 0 0 0 0 0 0 0 0.793843 0 0 0 0 0 0 0 0 0.0939173 0 0.789784 0 0 0.204766 0 0 0.866696
0 0 0 0 0 0 0.493203 0 0.763067 0 0 0.99615 0 0 0 0 0 0 0 0 0 0.449551 0 0 0.810536 0 0.666046 0.833888 0 0 0 0 0 0 0 0 0 0 0 0 0 0 0 0 0 0 0 0 0 0 0.790664 0 0 0 0 0 0 0 0 0 0.408465 0 0 0 0.343676 0 0 0 0 0 0 0.629292 0 0 0 0.30768 0 0 0 0 0 0 0 0 0 0 0 0 0.409111 0 0.320416 0 0 0 0 0 0 0 0 0
0.0848603 0 0 0 0.320361 0 0 0 0 0 0.843031 0 0.592229 0 0 0.980204 0 0.177401 0 0 0 0 0.126207 0 0 0 0 0 0 0 0 0 0.615568 0 0 0 0 0 0 0 0 0 0 0 0 0 0 0.46374 0 0 0 0.935336 0 0 0 0 0 0 0.392307 0 0 0 0 0 0 0 0 0 0 0 0 0 0 0 0.666389 0 0 0 0 0 0 0.320105 0 0 0 0 0 0 0 0 0 0 0 0 0 0 0 0 0 0.113722
0 0 0.381434 0 0 0.50999 0 0 0.118464 0 0 0 0.0503361 0 0 0 0 0 0 0.674987 0 0 0 0.304961 0.222963 0 0 0 0 0 0 0 0 0 0.15009 0 0 0 0 0 0 0 0 0.444879 0 0 0 0 0 0 0 0 0 0 0 0 0.352388 0 0 0 0 0 0 0 0 0 0 0 0 0.391661 0 0 0 0 0.282939 0 0 0 0 0 0 0 0 0 0 0 0 0.54289 0 0 0 0 0 0 0 0 0 0.115627 0 0
0 0 0.798021 0 0 0 0 0.174035 0.822552 0 0 0 0 0.709232 0 0 0 0.745978 0 0.695942 0.69916 0 0 0 0.257511 0 0 0 0 0 0 0 0 0.695388 0 0 0 0 0 0 0 0 0.255108 0 0 0 0 0.526308 0.655697 0 0 0 0 0 0 0 0 0 0 0 0 0.0225836 0 0 0 0 0.932683 0 0.94303 0 0 0 0 0.923655 0.426278 0 0 0 0.589611 0.611978 0 0 0 0 0 0 0.54289 0 0.174837 0 0 0 0 0 0 0 0 0 0 0
0 0 0.750456 0 0 0 0 0.487622 0 0.435007 0 0 0 0 0 0 0 0 0 0 0 0 0 0 0 0.497771 0.833626 0 0 0 0 0 0.733687 0 0.976448 0 0 0 0 0.897627 0 0 0 0 0.832853 0 0 0 0 0.479613 0 0 0 0 0.1674 0 0 0 0.0704181 0 0 0 0 0 0 0.216885 0.393622 0 0 0.289528 0 0 0 0.182905 0 0 0.720064 0 0 0.673958 0 0 0.303526 0 0.409111 0 0 0.174837 0 0.868775 0 0 0 0 0 0 0 0 0 0
0 0 0 0 0 0 0 0 0 0 0 0 0 0 0 0 0 0 0 0 0 0 0 0 1.00897 0.73597 0 0 0 0 0 0 0 0 0 0 0 0 0 0 0 0 0 0 0 0 0 0.589171 0 0 0 0 0 0 0.676709 0 0 0.194402 0 0 0 0 0 0 0 0 0 0.851359 0.00734088 0 0 0 0 0 0 0 0 0 0.562688 0 0 0 0 0 0 0 0 0 0.868775 0 0 0 0 0 0 0.927473 0 0 0 0
0.250557 0 0 0 0 0 0 0 0 0 0 0 0 0 0 0.497564 0.309871 0 0 0.912276 0 0 0 0 0 0 0 0 0 0 0 0.771546 0 0 0 0 0 0 0 0 0 0.532785 0 0 0.709157 0 0 0 0.530257 0 0 0 0 0 0 0 0 0 0 0.124516 0 0 0 0 0 0 0 0 0 0 0.863206 0 0 0 0 0.222035 0 0 0 0 0.178567 0 0 0 0.320416 0 0 0 0 0 0 0 0 0.142802 0 0 0 0 0.452185 0
0 0.80459 0 0 0.550694 0.209634 0 0 0 0 0 0 0 0 0 0 0 0 0 0 0 0 0 0 0 0 0 0 0 0.510945 0.547074 0 0 0 0 0 0 0 0 0 0 0 0 0.413529 0 0 0 0 0 0 0 0 0 0 0 0 0 0 0 0 0 0 0 0 0 0 0 0 0.367418 0.595854 0 0 0 0 0 0 0 0.310284 0 0 0 0 0 0.0939173 0 0 0 0 0 0 0 0 0 0 0 0 0 0 0 0
0 0 0 0 0 0 0 0 0.492227 0 0 0.497318 0.696537 0 0 0.140137 0 0 0 0 0 0 0 0 0 0 0 0 0 0.541921 0 0 0 0.285156 0 0 0 0 0 0.0771691 0 0 0.244123 0 0 0 0 0 0.803204 0 0 0 0 0 0 0 0 0 0 0 0 0 0 0 0 0 0 0 0.506075 0 0 0 0 0.0603914 0 0.75033 0 0 0 0 0.435412 0 0 0 0 0 0 0 0 0 0 0 0 0.528759 0.199958 0 0 0 0 0
0 0 0.705886 0 0 0.624057 0.760236 0 0 0.979609 0 0 0 0 0 0 0 0 0 0 0 0 0 0.521277 0 0 0 0 0.425304 0 0 0 0 0 0 0 0 0 0 0 0 0.734896 0 0 0 0 0 0 0 0 0 0 0 0 0 0 0 0 0 0 0 0 0 0 0 0 0 0 0 0 0 0 0 0 0.625288 0 0 0 0 0 0 0 0 0.789784 0 0 0 0 0 0 0.142802 0 0.528759 0 0 0 0 0 0 0
0 0 0 0 0 0 0 0 0 0 0 0 0 0.335395 0 0 0 0 0.748667 0 0 0 0 0 0 0 0.252679 0 0 0 0 0 0 0 0 0 0.493672 0.632444 0 0 0 0.135023 0 0 0 0 0 0.815023 0 0.119717 0 0 0 0 0 0 0 0 0 0.0820489 0 0.82143 0 0 0 0 0.143292 0 0 0.327134 0 0 0 0 0 0 0 0 0 0 0 0 0 0 0 0 0 0 0 0 0 0 0.199958 0 0 0 0 0 0 0
0 0 0 0 0 0.731805 0 0 0 0 0.221926 0 0 0 0 0.0860468 0.612458 0 0 0 0 0 0 0 0.915368 0 0.609682 0 0 0 0 0 0 0 0 0 0 0 0 0.903373 0 0 0 0 0 0 0 0 0 0 0 0 0 0 0 0.873852 0 0 0 0 0 0 0 0 0 0 0 0 0 0 0.782689 0 0 0.41221 0 0 0.341096 0.412118 0 0 0 0.874977 0 0 0 0 0 0 0 0.927473 0 0 0 0 0 0 0 0.319583 0 0
0.210932 0 0.405871 0 0 0 0 0 0 0 0 0 0 0 0 0 0 0 0 0 0 0 0 0 0 0 0 0 0 0 0.590631 0 0 0 0 0 0 0 0 0 0 0 0 0 0 0 0.558698 0 0 0 0 0 0 0.330357 0 0 0 0 0 0 0 0 0 0 0 0 0 0 0.692465 0 0 0 0 0 0.0563385 0 0.597551 0 0 0 0 0 0 0.204766 0 0 0 0 0 0 0 0 0 0 0 0 0 0 0 0.618174
0 0 0 0 0 0 0.704693 0.434583 0 0.401595 0 0 0 0 0 0 0 0 0.286787 0 0 0 0 0 0 0 0 0 0 0 0 0 0 0 0 0 0 0.882312 0 0 0 0 0 0 0 0 0 0 0 0 0 0.127204 0 0 0 0 0 0 0 0 0.63375 0.29882 0 0 0 0 0 0 0 0 0 0 0 0 0 0 0 0 0 0 0 0 0 0 0 0 0.115627 0 0 0 0 0 0 0 0 0.319583 0 0 0 0.666939
0 0 0 0 0 0 0 0 0.48213 0 0.0628032 0 0 0 0 0 0 0 0 0.791545 0 0 0.613154 0 0 0 0 0 0 0 0 0 0 0 0.770715 0 0 0 0 0 0 0 0 0 0 0 0 0 0 0 0 0.375617 0 0 0 0 0.721694 0 0.15054 0.206309 0 0 0 0 0 0 0 0 0 0 0 0 0 0 0 0 0 0 0.362282 0 0 0 0 0 0 0 0 0 0 0 0.452185 0 0 0 0 0 0 0 0 0
0.628999 0 0 0 0 0 0 0.805582 0 0.10629 0 0 0 0 0 0 0.827624 0.32282 0 0 0 0 0 0 0.969821 0 0 0 0 0 0 0 0 0 0 0 0 0 0 0 0 0 0 0 0 0 0 0 0 0 0 0.864113 0 0 0 0 0 0 0.35739 0 0.680021 0 0 0 0 0 0 0 0 0 0 0 0 0 0 0 0 0 0 0 0 0 0 0.866696 0 0.113722 0 0 0 0 0 0 0 0 0 0 0.618174 0.666939 0 0
