100
0 0 0 0 0 0.804067 0 0.396828 0 0 0 0 0 0 0 0 0 0 0 0 0.274632 0 0 0.55528 0 0 0 0 0 0 0 0 0 0 0.249917 0 0.565494 0 0 0 0 0.629885 0 0 0 0 0 0 0 0 0 0.130359 0 0 0.512858 0 0 0 0.628487 0 0 0 0 0 0 0 0.242418 0 0 0 0.575106 0 0.190953 0 0 0 0.511907 0 0 0 0 0.190492 0 0 0 0.00325883 0 0 0 0 0.207037 0 0 0 0 0 0.297024 0 0 0.650006
0 0 0 0 0 0 0 0 0 0 0 0 0 0 0 0 0 0 0 0 0 0 0.0701288 0 0 0 0 0 0 0 0 0 0 0 0 0 0 0 0 0 0 0 0 0 0 0 0 0 0 0.705914 0 0 0 0 0 0 0.564752 0 0 0 0 0 0 0 0 0 0 0 0.643468 0 0 0 0 0 0 0.854601 0.561963 0 0 0 0 0 0 0 0 0 0 0 0 0 0 0.809609 0 0 0 0 0 0 0 0
0 0 0 0 0.316295 0 0 0 0 0 0 0 0 0 0 0 0.702123 0 0 0 0 0 0 0 0 0 0 0 0 0 0 0 0 0 0 0.871448 0 0 0 0 0 0 0 0 0 0 0 0 0 0.705047 0 0 0 0 0 0 0 0 0.966856 0 0 0 0 0 0 0.667694 0 0 0 0 0.784708 0 0 0 0 0 0 0.566776 0 0 0 0 0 0.544443 0 0 0.352865 0.823022 0.723115 0 0 0 0 0.740584 0 0 0.467234 0 0 0
0 0 0 0 0 0.837847 0 0 0 0 0 0 0 0 0 0.10212 0 0 0 0.546429 0 0 0 0 0 0.533541 0 0 0 0 0.916133 0 0 0 0 0 0 0 0 0 0 0 0 0.251166 0 0 0 0 0 0 0 0.452317 0 0 0.909332 0 0 0 0 0 0 0 0 0 0 0 0 0 0 0.413382 0 0 0 0 0.606645 0 0 0 0 0 0 0 0 0 0 0 0 0 0 0 0 0 0 0 0 0 0 0 0 0
0 0 0.316295 0 0 0 0.380571 0 0 0 0 0 0 0 0 0 0 0 0 0.262281 0.45104 0 0 0 0 0 0 0.388786 0.795408 0 0 0 0 0 0 0 0 0 0 0.62537 0 0 0 0 0 0 0 0 0 0.728345 0 0.134981 0 0 0 0 0 0 0 0 0 0 0 0 0 0 0 0 0 0 0 0 0 0 0 0 0 0.0851265 0.647329 0 0 0 0 0 0 0.230557 0 0 0 0 0 0.534861 0 0 0 0 0 0 0 0
0.804067 0 0 0.837847 0 0 0 0 0 0 0 0 0 0 0 0 0 0 0 0 0 0.521929 0 0.343292 0 0 0 0 0.690341 0 0 0 0 0 0 0 0 0 0 0 0 0 0 0 0 0 0 0 0 0 0 0 0 0 0.14182 0.203002 0 0 0 0 0 0.108417 0 0 0 0 0 0 0 0 0.847046 0 0.57941 0 0.53778 0 0 0 0 0 0.103334 0 0.525542 0 0 0 0.419329 0 0 0 0 0.161774 0 0.715896 0 0.726028 0 0 0 0
0 0 0 0 0.380571 0 0 0 0 0.415112 0 0 0 0 0 0 0 0 1.03213 0 0.401838 0 0 0 0.873846 0 0.924476 0.871594 0 0 0 0.324171 0.35149 0 0 0 0.0875247 0 0 0 0 0 0.784962 0 1.0072 0 0 0.472413 0 0 0 0 0.410114 0 0 0.843432 0 0 0 0 0 0 0 0 0 0.71115 0 0.961931 0 0 0 0 0 0 0 0.226497 0 0 0 0 0 0 0 0.948361 0.454093 0 0 0 0 0 0 0 0 0.79312 0 0 0 0.627623 0 0
0.396828 0 0 0 0 0 0 0 0 0 0 0 0 0 0 0 0 0 0 0 0 0 0 0.906012 0 0 0 0 0 0 0.470992 0 0 0 0.747945 0 0 0 0 0 0 0 0 0 0 0 0.922176 0 0 0 0 0 0 0 0 0 0 0 0 0.972015 0 0 0.594223 0 0 0 0.383033 0 0 0.852504 0 0.891254 0 0 0 0 0 0 0 0 0 0 0.787527 0 0 0 0 0.193862 0.52303 0 0 0 0 0 0 0 0 0.480996 0 0.76366
0 0 0 0 0 0 0 0 0 0 0 0 0 0.736696 0 0 0 0 0.226761 0 0 0 0.573091 0 0 0 0 0 0.0706691 0.267537 0.0673179 0 0 0 0 0 0.793386 0 0 0 0 0 0 0 0 0 0 0 0 0 0 0 0 0 0 0 0 0.242121 0 0 0 0.704746 0 0 0 0 0 0 0 0 0 0 0 0 0 0 0 0 0 0 0 0 0 0 0.709469 0 0.0713479 0.782185 0 0 0 0 0.431081 0 0 0 0 0 0.526015 0
0 0 0 0 0 0 0.415112 0 0 0 0 0 0 0 0 0 0 0 0 0 0 0 0 0.278644 0 0 0.864498 0 0 0 0 0 0 1.00991 0.637721 0 0.795492 0 0.859373 0 0 0 0 0 0 0 0 0 0 0 0 0.89068 0 0 0 0 0 0 0 0 0 0 0 0 0 0 0 0 0 0.900483 0.537944 0 0 0 0 0 0 0 0 0 0.326374 0 0 0 0 0 0 0 0.415077 0 0 0 0 0.891051 0 0 0 0.371079 0 0.0587963
0 0 0 0 0 0 0 0 0 0 0 0 0 0 0 0 0 0.468761 0 0.493661 0 0 0 0 0 0 0 0 0 0 0 0 0 0 0 0 0.209217 0 0 0 0 0.814835 0 0 0 0 0 0 0 0 0 0 0 0 0.136064 0 0 0 0 0 0 0.0652355 0 0.0527684 0 0.881149 0 0.862875 0.880111 0 0 0 0 0 0 0 0 0 0 0 0 0.674138 0 0 0 0.955913 0 0 0 0 0 0 0 0 0 0.170277 0 0 0.11042 0
0 0 0 0 0 0 0 0 0 0 0 0 0 0.165103 0 0 0.827118 0.370999 0 0.380178 0 0 0 0 0 0 0 0 0 0 0 0 0 0 0.713289 0 0 0 0.680501 0 0 0.328582 0 0 0.810577 0 0 0 0 0.899297 0 0.702294 0 0 0 0 0 0 0 0.312486 0.674317 0.585882 0 0 0.658122 0 0 0 0 0 0 0 0 0 0.222518 0 0 0.799538 0 0 1.03475 0 0 0.765381 0.898107 0 0 0 0 0 0 0 0.544778 0 0 0 0 0 0 0
0 0 0 0 0 0 0 0 0 0 0 0 0 0 0 0 0.249696 0 0 0 0 0 0 0 0 0 0 0 0 0 0 0 0 0 0 0.452181 0 0 0 0 0.544805 0 0.932628 0 0.366972 0 0 0.385025 0 0.552647 0 0 0 0 0 0.680696 0 1.00033 0 0 0 0 0 0 0 0 0 0 0.0883168 0 0 0 0 0 0 0 0 0 0 0.983864 0 0 0 0.587768 0 0.655256 0.204282 0 0 0 0 0 0.723058 0 0 0 0 0 0 0
0 0 0 0 0 0 0 0 0.736696 0 0 0.165103 0 0 0 0.394284 0 0.153641 0.627082 0 0 0 0 0.104114 0 0.62318 0.48361 0 0 0 0 0.14223 0 0 0 0 0 0 0 0 0 0 0.392598 0.858445 0 0 0.256387 0 0 0 0 0 0 0 0.751266 0.628021 0 0 0 0 0.634322 0 0 0 0 0 0 0 0 0 0 0 0 0 0 0 0 0 0 0 0 0 0 0 0 0 0 0.680338 0 0 0 0 0 0 0.424433 0 0 0 0 0
0 0 0 0 0 0 0 0 0 0 0 0 0 0 0 0 0 0 0 0 0 0 0 0 0 0 0 0 0 0.496995 0 0 0.514353 0 0.661295 0 0 0 0 0 0 0 0 0 0 0 0.256299 0 0 0 0 0 0 0.842566 0 0 0 0 0.667973 0 0 0 0 0 0 0 0 0 0.443127 0 0 0 0.710388 0.299073 0 0 0 0 0 0 0 0 0 0 0 0 0 0 0 0 0 0 0 0 0 0 0 0 0 0
0 0 0 0.10212 0 0 0 0 0 0 0 0 0 0.394284 0 0 0 0.560238 0 0 0 0 0 0 0 0 0 0 0 0 0 0 0.994757 0 0 0 0.144239 0.371617 0 0 0 0 0 0 0.3551 0 0.772998 0.547293 0.630656 0 0 0 0 0 0 0 0 0 0.990654 0 0 0 0 0 0 0 0 0 0 0 0 0.78066 0 0 0 0 0 0 0 0 0 0 0 0 0 0.949859 0 0 0 0 0.418002 0 0.127503 0 0 -0.0108278 0 0 0 0
0 0 0.702123 0 0 0 0 0 0 0 0 0.827118 0.249696 0 0 0 0 0 0 0 0 0 0 0 0 0.216767 0 0 0 0 0 0 0 0 0 0 0.936655 0 0 0 0 0 0.558997 0 0 0 0 0 0 0 0.490826 0 0 0 0.918768 0 0 0 0 0 0 0 0 0 0 0 0 0 0 0 0 0 0 0 0 0 0 0 0 0 0 0 0.30997 0 0 0 0 0 0 0 0.251159 0 0 0 0 0.59288 0 0 0 0.861238
0 0 0 0 0 0 0 0 0 0 0.468761 0.370999 0 0.153641 0 0.560238 0 0 0 0 0 0 0 0 0 0 0 0 0 0 0 0 0.289048 0 0 0 0 0 0 0 0 0 0 0 0 0 0 0 0 0 0 0 0 0 0 0 0 0 0 0 0 0 0 0 0 0 0 0 0 0 0.608298 0 0 0 0 0 0 0 0.809271 0 0 0 0 0 0 0.231218 0 0.779773 0 0 0 0 0 0 0 0 0 0 0 0.330275
0 0 0 0 0 0 1.03213 0 0.226761 0 0 0 0 0.627082 0 0 0 0 0 0 0 0 0.757424 0 0 0 0 0 0.937276 0 0 0 0 0.769867 0 0 0 0 0.14546 0 0 0 0 0 0 0.559786 0 0 0.871622 0 0 0 0 0.48913 0 0 0 0 0 0 0 0 0 0 0 0 0 0 0.671493 0 0 0 0 0.204303 0 0 0 0 0 0 0 0 0 0 0 0 0 0 0 0 0 0 0 0 0.735418 0 0 0.342169 0 0
0 0 0 0.546429 0.262281 0 0 0 0 0 0.493661 0.380178 0 0 0 0 0 0 0 0 0 0 0 0 0 0 0 0.161124 0 0 0 0.7981 0 0 0 0 0 0 0 0 0.943021 0.06973 0 0 0 0 0 0 0 0 0 0 0.435621 0 0.22827 0 0 0 0 0 0 0 0 0 0 0.831514 0 0.696055 0 0 0 0 0 0 0 0 0 0 0 0.807282 0 0 0 0.475327 0 0 0.650035 0.787944 0 0 0.917663 0 0 0 0 0 0 0 0.897967 0
0.274632 0 0 0 0.45104 0 0.401838 0 0 0 0 0 0 0 0 0 0 0 0 0 0 0 0 0 0 0 0.516283 0 0 0 0 0 0 0 0.0273696 0 0 0 0 0 0 0 0.343385 0.707123 0 0 0 0 0 0 0 0 0.764169 0 0 0 0 0 0 1.01089 0 0 0 0 0 0 0 0 0 0 0 0 0 0 0 0 0 0 0 0.334043 0 0 0 0 0 0 0 0.762053 0 0 0 0 0 0 0 0 0 0 0 0
0 0 0 0 0 0.521929 0 0 0 0 0 0 0 0 0 0 0 0 0 0 0 0 0 0 0 0 0 0 0 0 0.0174766 0 0 0.531552 0.713696 0.936392 0 0 0.33074 0 0 0 0 0.115706 0 0 0 0 0 0 0 0 0 0.294208 0 0 0 0 0 0 0 0 0.942312 0 0 0.728585 0 0 0 0 0 0 0 0 0.320412 0 0.738473 0 0 0 0.197413 0 0 0 0.399532 0 0 0 0 0 0 0 0 0 0 0 0 0 0 0
0 0.0701288 0 0 0 0 0 0 0.573091 0 0 0 0 0 0 0 0 0 0.757424 0 0 0 0 0 0 0 0 0 0.44602 0 0 0 0.192724 0 0 0 0 0 0 0 0 0 0 0 0 0 0 0 0 0 0 0 0 0 0 1.03584 0 0 0 0 0 0 0 0 0 0 0 0 0 0.44846 0 0 0 0 0 0 0 0 0.892911 0 0.731224 0 0 0.920023 0 0.244085 0 0 0 0 0 0 0 0 0 0 0 0 0.627036 0
0.55528 0 0 0 0 0.343292 0 0.906012 0 0.278644 0 0 0 0.104114 0 0 0 0 0 0 0 0 0 0 0 0 0 0 0 0.372761 0 0 0 0 0 0 0 0 0 0 0 0 0 0 0 0 0 0 0 0 0 0 0 0 0 0 0 0.662095 0 0 0 0 0 0 0 0 0 0 0 0 0 0 0 0 0 0 0 0 0.445616 0 0 0 0 1.05147 0 0 0.344066 0 0 0 0 0 0 0.439713 0 0 0 0 0 0
0 0 0 0 0 0 0.873846 0 0 0 0 0 0 0 0 0 0 0 0 0 0 0 0 0 0 0.729546 0 0 0 0 0 0 0 0 0 0 0 0 0 0 0 0 0 0 0 0 0 0 0 0 0.056402 0.629617 0 0.345141 0 0 0.354197 0 0.435407 0 0.0449861 0 0 0 0 0 0 0 0 0 0 0.0436561 0 0 0 0 0 0 0 0 0 0 0 0.146343 0.803473 0 0.220354 0.199639 0 0.988113 0 0 0 0 0 0.859974 0 0 0 0.971181
0 0 0 0.533541 0 0 0 0 0 0 0 0 0 0.62318 0 0 0.216767 0 0 0 0 0 0 0 0.729546 0 0 0 0 0.505591 0 0.432363 0 0 0 0 0 0 0 0 0 0 0 0.604875 0 0 0 0 0 0 0 0 0 0 0.257045 0.378817 0 0 0 0 0 0.741801 0 0 0 0.483876 0 0 0 0 0.501152 0.373119 0 0 0 0 0 0 0 0 0 0 0 0 0 0 0 0 0.569114 0.729103 0 0 0 0 0 0 0 0 0 0
0 0 0 0 0 0 0.924476 0 0 0.864498 0 0 0 0.48361 0 0 0 0 0 0 0.516283 0 0 0 0 0 0 0 0 0 0 0.610758 0 0.900324 0 0 0.812043 0 0 0 0 0 0 0 0 0 0 0 0 0 0.84947 0 0 0 0 0 0 0 0 0 0 0 0 0 0 0 0 0 0 0 0 0 0 0 0.668395 0 0.388952 0.608355 0 0 0 0 0 0 0.633118 0 0 0 0.75346 0 0 0 0 0 0.365228 0.629418 0 0 0 0
0 0 0 0 0.388786 0 0.871594 0 0 0 0 0 0 0 0 0 0 0 0 0.161124 0 0 0 0 0 0 0 0 0 0 0 0 0 0 0 0 0 0 0 0 0 0.849255 0 0 0 0 0 0 0 0 0 0 0 0 0 0 0 0.25222 0 0.940988 0 0 0 0.881021 0 0 0.957393 0 0 0 0 0 0 0 0 0 0 0 0 0 0 0.209125 0 0 0.857565 0 0 0 0 0 0 0 0 0 0 0 0 0 0 0
0 0 0 0 0.795408 0.690341 0 0 0.0706691 0 0 0 0 0 0 0 0 0 0.937276 0 0 0 0.44602 0 0 0 0 0 0 0 0 0.764407 0.978843 0 0 0 0.482549 0.123034 0 0.582695 0 0 0 0 0 0 0 0 0 0 0 0.875131 0.0829572 0 0 0.439079 0 0 0.613213 0 0 0 0 0 0 0 0 0.150621 0 0 0 0 0 0 0 0 0.173142 0.59217 0 0.253998 0 0 0 0 0 0 0 0 0 0 0 0 0 0.447972 0 0 0 0 0 0
0 0 0 0 0 0 0 0 0.267537 0 0 0 0 0 0.496995 0 0 0 0 0 0 0 0 0.372761 0 0.505591 0 0 0 0 0.626407 0 0 0 0 0 0 0 0 0 0 1.02893 0 0.642108 0 0 0 0.534206 0.322912 0 0 0.881804 0 0.917922 0 0 0 0 0 0 0 0.510305 0 0 0 0.525428 0 0 0 0 0 0 0 0 0 0 0.133383 0 0 0 0 0 0 0 0 0 0 0 0 0 0 0.448249 0.507366 0 0 0 0 0 0 0
0 0 0 0.916133 0 0 0 0.470992 0.0673179 0 0 0 0 0 0 0 0 0 0 0 0 0.0174766 0 0 0 0 0 0 0 0.626407 0 0 0 0.159309 0 0 0 1.01795 0 0 0 0 0.812997 0 0.306669 0 0 0.589358 0 0 0 0 0 0 0 0 0 0 0.467949 0 0 0 0 0 0 0 0 0 0 0 0 0.958584 0 0 0 0.561933 0 0 0 0 0 0 0 0 0 0 0 0 0 0 0 0.422076 0 0 0 0 0.544418 0 0 0
0 0 0 0 0 0 0.324171 0 0 0 0 0 0 0.14223 0 0 0 0 0 0.7981 0 0 0 0 0 0.432363 0.610758 0 0.764407 0 0 0 0 0.985008 0 0 0.367804 0 0 0 0 0 0 0.349457 0 0 0 0 0 0 0 0 0.36734 0 0 0 0 0.5235 0 0 0.926536 0.718714 0 0 0 0 0 0 0 0 0 0.155003 0 0 0 0.271322 0.917827 0 0 0 0 0 0 0.530963 0 0 0 0 0 0 0.78999 0 0 0 0 0 0 0 0 0
0 0 0 0 0 0 0.35149 0 0 0 0 0 0 0 0.514353 0.994757 0 0.289048 0 0 0 0 0.192724 0 0 0 0 0 0.978843 0 0 0 0 0 0 0 0 0 0 0 0 0 0 0 0 0 0 0 0.315195 0.692287 0 0 0.90166 0.343322 0 0 0 0 0 0 0 0 0 0 0 0 0 0 0 0 0 0 0 0 0 0 0 0 0 0 0 0 0 0 0 0.572701 0 0 0.807228 0 0 0 0 0 0 0 0 0 0 0
0 0 0 0 0 0 0 0 0 1.00991 0 0 0 0 0 0 0 0 0.769867 0 0 0.531552 0 0 0 0 0.900324 0 0 0 0.159309 0.985008 0 0 0 0 0.883652 0 0 0.621303 0 0 0 0 0 0.27982 0 0 0 0 0 0 0.287838 0 0 0 1.00986 0 0 0 0.400658 0 0 0 0 0 0 0 0 0 0.803183 0 0 0 0 0 0 0 0 0 0 0 0.911756 0 0 0 0 0.498626 0 0 0 0 0.27559 0 0 0 0 0 0 0
0.249917 0 0 0 0 0 0 0.747945 0 0.637721 0 0.713289 0 0 0.661295 0 0 0 0 0 0.0273696 0.713696 0 0 0 0 0 0 0 0 0 0 0 0 0 0 0 0 0 0.162617 0 0.983992 0 0 0 0 0.540415 0 0 0 0 0 0 0 0 0 0 0.353751 0 0 0 0 0.206299 0 0 0 0 0 0 0 0.278399 0 0.911454 0 0 0 0 0 0 0 0 0 0 0.884605 0 0 0.0486427 0 0.901935 0 0 0 0 0 0 0 0 0 0.689843 0
0 0 0.871448 0 0 0 0 0 0 0 0 0 0.452181 0 0 0 0 0 0 0 0 0.936392 0 0 0 0 0 0 0 0 0 0 0 0 0 0 0 0 0 0 0.469354 0 0 0 0 0 0 0 0 0 0 0.124115 0 0 0 0 0 0 0.584699 0.776631 0 0.281673 0 0 0 0 0 0 0.153705 0 0 0 0 0 0 0 0 0 0 0 0 0 0 0.0815832 0 0 0 0 0 0 0 0 0 0 0 0 0 0 0 0
0.565494 0 0 0 0 0 0.0875247 0 0.793386 0.795492 0.209217 0 0 0 0 0.144239 0.936655 0 0 0 0 0 0 0 0 0 0.812043 0 0.482549 0 0 0.367804 0 0.883652 0 0 0 0 0 0 0 0 0 0.850666 0 0 0 0 0 0 0 0 0.564996 0 0 0 0 0.382553 0.933596 0 0 0 0 0 0 0 0 0 0.516296 0 0 0 0 0 0 0.209501 0 0 0 0 0 0.793494 0 0 0 0 0 0 0 0 0 0 0 0 0.472775 0 0 0 0 0
0 0 0 0 0 0 0 0 0 0 0 0 0 0 0 0.371617 0 0 0 0 0 0 0 0 0 0 0 0 0.123034 0 1.01795 0 0 0 0 0 0 0 0 0.473154 0 0 0 0 0 0 0 0 0 0 0 0 0 0 0 0 0.754437 0 0 0 0 0 0 0 0 0 0 0 0 0 0 0.40028 0 0 0 0 0 0 0 0 0 0 0 0 0 0 0 0 0 0 0 0 0 0 0.64767 0 0 0.826018 0 0
0 0 0 0 0 0 0 0 0 0.859373 0 0.680501 0 0 0 0 0 0 0.14546 0 0 0.33074 0 0 0 0 0 0 0 0 0 0 0 0 0 0 0 0 0 0 0 0 0.624248 0.920428 0 0 0 0 0 0 0.398849 0 0 0 0 0 0 0 0 0 0 0 0 0 0 0 0 0 0 0.734297 0.950558 0 0 0 0 0 0 0 0 0 0 0 0 0 0 0 0 0 0 0 0 0 0 0 0 0 0 0 0 0
0 0 0 0 0.62537 0 0 0 0 0 0 0 0 0 0 0 0 0 0 0 0 0 0 0 0 0 0 0 0.582695 0 0 0 0 0.621303 0.162617 0 0 0.473154 0 0 0 0 0 0 0 0 0 0 0 0 0 0 0.474432 0.392429 0 0 0 0 0 0 0 0 0.748578 0 0 0 0.91862 0 0 0.716948 0 0 0 0.212525 0 0 0 0 0 0 0.586495 0 0 0.14054 0 0 0 0 0.982146 0 0 0 -0.00192913 0 0 0.93073 0 0 0 0
0 0 0 0 0 0 0 0 0 0 0 0 0.544805 0 0 0 0 0 0 0.943021 0 0 0 0 0 0 0 0 0 0 0 0 0 0 0 0.469354 0 0 0 0 0 0.738597 0 0 0 0.400407 0.608269 0 0 0.762359 0 0.401613 0 0 0 0 0 0 0 0 0 0 0 0 0 0 0 0 0 0 0 0 0 0 0.538514 0.353355 0 0.197261 0 0 0 0 0 0.43871 0 0 0 0 0 0 0 0 0 0 0 0 0 0 0 0
0.629885 0 0 0 0 0 0 0 0 0 0.814835 0.328582 0 0 0 0 0 0 0 0.06973 0 0 0 0 0 0 0 0.849255 0 1.02893 0 0 0 0 0.983992 0 0 0 0 0 0.738597 0 0 0 0.407873 0 0.603679 0 0 0 0 0 0 0 0 0.0895027 0 0 0 0 0 0 0.272481 0 0.432635 0 0 0 0 0 0 0 0 0 0 0 0 0 0 0 0 0.0693817 0 0 0 0 0 0 0 0 0.562639 0 0 0.851997 0.0912987 0 0 0 0 0
0 0 0 0 0 0 0.784962 0 0 0 0 0 0.932628 0.392598 0 0 0.558997 0 0 0 0.343385 0 0 0 0 0 0 0 0 0 0.812997 0 0 0 0 0 0 0 0.624248 0 0 0 0 0.442251 0 0 0 0 0 0 0 0 0 0 0.345997 0 0 0 0 0 0 0 0 0 0 0 0 0 0 0.309851 0 0 0 0 0 0.168984 0 0 0 0 0 0 0 0 0 0 0 0.321007 0 0 0 0 0.228832 0 0 0 0 0 0 0
0 0 0 0.251166 0 0 0 0 0 0 0 0 0 0.858445 0 0 0 0 0 0 0.707123 0.115706 0 0 0 0.604875 0 0 0 0.642108 0 0.349457 0 0 0 0 0.850666 0 0.920428 0 0 0 0.442251 0 0 0 0 0 0 0 0 0 0 0 0 0 0.160768 0 0 0 0 0.464825 0 0 0 0 0 0 0 0.417764 0.409428 0 0 0 0 0 0 0 0 0 0 0 0.907678 0 0 0 0.549993 0 0 0 0 0.384079 0 0 0 0 0 0 0 0
0 0 0 0 0 0 1.0072 0 0 0 0 0.810577 0.366972 0 0 0.3551 0 0 0 0 0 0 0 0 0 0 0 0 0 0 0.306669 0 0 0 0 0 0 0 0 0 0 0.407873 0 0 0 0 0 0 0 0 0.631067 0.769968 0 0.606417 0 0 0 0 0 0 0 0.858947 0.572222 0 0 0 0 0 0 0 0 0.298131 0 0 0 0 0 0 0 0 0.0348492 0 0 0 0 0 0 0 0.768469 0 0.676145 0 0 0 0 0 0 0 0 0
0 0 0 0 0 0 0 0 0 0 0 0 0 0 0 0 0 0 0.559786 0 0 0 0 0 0 0 0 0 0 0 0 0 0 0.27982 0 0 0 0 0 0 0.400407 0 0 0 0 0 0.193708 0 0 0 0 0 0 0.977886 0 0 0 0 0 0 0 0 0 0 0.797565 0 0 0 0 0 0 0.901208 0.218638 0 0 0.267599 0 0 0.501826 0 0 0 0.0171313 0 0 0 0 0 0 0 0 0 0 0 0 0 0 0 0 0
0 0 0 0 0 0 0 0.922176 0 0 0 0 0 0.256387 0.256299 0.772998 0 0 0 0 0 0 0 0 0 0 0 0 0 0 0 0 0 0 0.540415 0 0 0 0 0 0.608269 0.603679 0 0 0 0.193708 0 0 0 0 0 0 0 0 0 0 0 0.144943 0.801459 0 0 0 0 0 0 0 0 0 0 0 0 0 0 0 0 0 0 0 0 0 0 0 0 0.827367 0 0 0 0 0 0 0 0 0 0 0 0 0.747383 0 0 0
0 0 0 0 0 0 0.472413 0 0 0 0 0 0.385025 0 0 0.547293 0 0 0 0 0 0 0 0 0 0 0 0 0 0.534206 0.589358 0 0 0 0 0 0 0 0 0 0 0 0 0 0 0 0 0 0.585973 0 0.293203 0 0 0.491738 0 0.57324 0 0.210344 0 0 0 0 0 0 0.21501 0 0 0 0 0 0 0 0 0 0 0 0 0 0 0 0 0 0 0 0 0.471826 0 0.62843 0 0.581107 0 0 0 0 0.736024 0 0 0 0 0
0 0 0 0 0 0 0 0 0 0 0 0 0 0 0 0.630656 0 0 0.871622 0 0 0 0 0 0 0 0 0 0 0.322912 0 0 0.315195 0 0 0 0 0 0 0 0 0 0 0 0 0 0 0.585973 0 0 0 0 0.746436 0 0 0 0 0 0.185648 0.899242 0 0 0 0.689934 0 0 0 0 0.967993 0 0 0 0 0 0 0 0 0 0 0 0 0 0 0 0 0 0 0.698249 0 0 0.548592 0 0.781369 0 0 0 0 0 0 0
0 0.705914 0.705047 0 0.728345 0 0 0 0 0 0 0.899297 0.552647 0 0 0 0 0 0 0 0 0 0 0 0 0 0 0 0 0 0 0 0.692287 0 0 0 0 0 0 0 0.762359 0 0 0 0 0 0 0 0 0 0 0 0 0 0 0 0 0 0 0 0 0 0 0 0 0 0 0.683177 0 0 0.0830733 0 0 0 0 0 0 0 0 0 0 0 0.882307 0 0 0 0 0 0.392153 0 0 0 0 0 0.157259 0 0 0 0 0
0 0 0 0 0 0 0 0 0 0 0 0 0 0 0 0 0.490826 0 0 0 0 0 0 0 0.056402 0 0.84947 0 0 0 0 0 0 0 0 0 0 0 0.398849 0 0 0 0 0 0.631067 0 0 0.293203 0 0 0 0 0 0 0 0 0 0 0 0 0 0 0.755552 0.72521 0 0 0 0.44461 0.337772 0 0.602163 0 0 0 0 0.904118 0 0 0.481045 0.143502 0 0 0 0 0.793557 0 0 0 0 0 0 0 0 0 0 0 0 0 0 0
0.130359 0 0 0.452317 0.134981 0 0 0 0 0.89068 0 0.702294 0 0 0 0 0 0 0 0 0 0 0 0 0.629617 0 0 0 0.875131 0.881804 0 0 0 0 0 0.124115 0 0 0 0 0.401613 0 0 0 0.769968 0 0 0 0 0 0 0 0 0 0 0 0.995438 0 0 0 0 0 0 0.467615 0.894602 0 0 0 0 0.273907 0 0 0 0 0 0 0 0.926767 0 0 0.392977 0 0 0 0 0.897015 0 0 0 0 0 0 0 0 0 0 0 0.126578 0.311204 0.846327
0 0 0 0 0 0 0.410114 0 0 0 0 0 0 0 0 0 0 0 0 0.435621 0.764169 0 0 0 0 0 0 0 0.0829572 0 0 0.36734 0.90166 0.287838 0 0 0.564996 0 0 0.474432 0 0 0 0 0 0 0 0 0.746436 0 0 0 0 0 0 0 0.997136 0 0 0 0 0 0 0 0 0 0 0 0 0 0 0 0 0 0 0 0 0 0 0 0 0.432666 0 0 0 0 0 0 0 0 0 0 0 0 0 0 0 0 0 0
0 0 0 0 0 0 0 0 0 0 0 0 0 0 0.842566 0 0 0 0.48913 0 0 0.294208 0 0 0.345141 0 0 0 0 0.917922 0 0 0.343322 0 0 0 0 0 0 0.392429 0 0 0 0 0.606417 0.977886 0 0.491738 0 0 0 0 0 0 0 0 0 0 0 0 0 0 0 0 0 0 0 0 0 0 0.433514 0 0 0 0 0 0 0 0 0 0 0 0 0.452539 0 0 0 0 0 0 0 0 0 0 0 0 0.352851 0 0 0
0.512858 0 0 0.909332 0 0.14182 0 0 0 0 0.136064 0 0 0.751266 0 0 0.918768 0 0 0.22827 0 0 0 0 0 0.257045 0 0 0 0 0 0 0 0 0 0 0 0 0 0 0 0 0.345997 0 0 0 0 0 0 0 0 0 0 0 0 0 0.798749 0 0 0 0 0 0 0 0 0 0 0 0.192587 0 0 0 0 0 0 0 0 0 -0.0215758 0 0 0 0 0 0 0 0 0 0.133074 0.675095 0 0 0 0 0 0 0 0 0 0
0 0 0 0 0 0.203002 0.843432 0 0 0 0 0 0.680696 0.628021 0 0 0 0 0 0 0 0 1.03584 0 0 0.378817 0 0 0.439079 0 0 0 0 0 0 0 0 0 0 0 0 0.0895027 0 0 0 0 0 0.57324 0 0 0 0 0 0 0 0 1.00167 0 0 0 0 0 0 0 0 0 0 0.0505269 0 0 0 0 0 0 0.524561 0 0 0 0 0.597472 0 0 0 0 0 0 0 0 0 0 0 0 0 0 0 0.878833 0 0 0 0
0 0.564752 0 0 0 0 0 0 0 0 0 0 0 0 0 0 0 0 0 0 0 0 0 0 0.354197 0 0 0 0 0 0 0 0 1.00986 0 0 0 0.754437 0 0 0 0 0 0.160768 0 0 0 0 0 0 0 0.995438 0.997136 0 0.798749 1.00167 0 0 0 0 0 0 0 0 0 0 0 0 0 0 0.279292 0 0 0 0.211391 0 0 0 0 0 0 0 0 0 0 0 0.357268 0 0 0 0 0 0 0 0 0 0 0 0.661389 0
0 0 0 0 0 0 0 0 0.242121 0 0 0 1.00033 0 0 0 0 0 0 0 0 0 0 0.662095 0 0 0 0.25222 0 0 0 0.5235 0 0 0.353751 0 0.382553 0 0 0 0 0 0 0 0 0 0.144943 0.210344 0 0 0 0 0 0 0 0 0 0 0 0 0 0.44716 0 0 0 0 0 0 0 0 0 0 0 0 0 0 0 0 0 0 0 0 0 0.92365 0 0 0 0 0 0.184563 0 0 0 0 0 0 0 0 0 0
0.628487 0 0.966856 0 0 0 0 0 0 0 0 0 0 0 0.667973 0.990654 0 0 0 0 0 0 0 0 0.435407 0 0 0 0.613213 0 0.467949 0 0 0 0 0.584699 0.933596 0 0 0 0 0 0 0 0 0 0.801459 0 0.185648 0 0 0 0 0 0 0 0 0 0 0 0 0 0.669866 0 0.733392 0.842638 0 0 0 0 0 0 0 0 0 0 0 0 0 0 0 0 0 0 0 0.422622 0 0 0.179443 0 0 0 0 0 0 0 0 0 0.137989 0.315224
0 0 0 0 0 0 0 0.972015 0 0 0 0.312486 0 0 0 0 0 0 0 0 1.01089 0 0 0 0 0 0 0.940988 0 0 0 0 0 0 0 0.776631 0 0 0 0 0 0 0 0 0 0 0 0 0.899242 0 0 0 0 0 0 0 0 0 0 0 0 0 0.806353 0 0 0 0 0.657914 0 0 0 0.508989 0 0 0 0 0 0 0 0 0 0.65642 0 0.995341 0 0 0 0 0 0 0.179096 0 0 0 0.0398955 0 0 0 0.216994 0
0 0 0 0 0 0 0 0 0 0 0 0.674317 0 0.634322 0 0 0 0 0 0 0 0 0 0 0.0449861 0 0 0 0 0 0 0.926536 0 0.400658 0 0 0 0 0 0 0 0 0 0 0 0 0 0 0 0 0 0 0 0 0 0 0 0 0 0 0 0 0 0 0 0 0 0 0 0 0 0 0.184178 0 0 0 0 0 0.928672 0 0 0 0 0 0.36727 0 0 0 0 0 0 0 0 0 0 0 0 0.532704 0 0.562655
0 0 0 0 0 0.108417 0 0 0.704746 0 0.0652355 0.585882 0 0 0 0 0 0 0 0 0 0 0 0 0 0.741801 0 0 0 0.510305 0 0.718714 0 0 0 0.281673 0 0 0 0 0 0 0 0.464825 0.858947 0 0 0 0 0 0 0 0 0 0 0 0 0.44716 0 0 0 0 0 0 0 0.412704 0 0 0 0 0 0 0.69337 0 0 0 0.163101 0.303295 0 0 0 0 0 0 0 0 0 0.0915283 0 0 0 0 0 0 0.794365 0 0 0.20537 0 0
0 0 0 0 0 0 0 0.594223 0 0 0 0 0 0 0 0 0 0 0 0 0 0.942312 0 0 0 0 0 0 0 0 0 0 0 0 0.206299 0 0 0 0 0.748578 0 0.272481 0 0 0.572222 0 0 0 0 0 0.755552 0 0 0 0 0 0 0 0.669866 0.806353 0 0 0 0 0 0 0 0 0.184393 0 0.813995 0 0 0 0 0 0.257697 0 0 0 0 0.900108 0 0 0 0 0 0 0 0 0 0 0 0 0 0 0 0 0 0
0 0 0 0 0 0 0 0 0 0 0.0527684 0 0 0 0 0 0 0 0 0 0 0 0 0 0 0 0 0.881021 0 0 0 0 0 0 0 0 0 0 0 0 0 0 0 0 0 0 0 0 0.689934 0 0.72521 0.467615 0 0 0 0 0 0 0 0 0 0 0 0 0 0 0 0 0 0 0 0 0 0 0 0 0 0 0 0 0 0 0 0.677779 0 0 0 0 0 0 0 0 0 0 0 0 0 0 0 0
0 0 0 0 0 0 0 0 0 0 0 0.658122 0 0 0 0 0 0 0 0 0 0 0 0 0 0 0 0 0 0 0 0 0 0 0 0 0 0 0 0 0 0.432635 0 0 0 0.797565 0 0.21501 0 0 0 0.894602 0 0 0 0 0 0 0.733392 0 0 0 0 0 0 0 0 0 0.206069 0 0 0 0 0.188868 0 0 0.403003 0 0 0 0 0 0 0 0.32348 0 0 0 0 0 0 0 0 0 0 0 0 0 0 0
0 0 0.667694 0 0 0 0.71115 0 0 0 0.881149 0 0 0 0 0 0 0 0 0.831514 0 0.728585 0 0 0 0.483876 0 0 0 0.525428 0 0 0 0 0 0 0 0 0 0 0 0 0 0 0 0 0 0 0 0 0 0 0 0 0 0 0 0 0.842638 0 0 0.412704 0 0 0 0 0 0 0 0 0 0 0 0.965752 0 0 0 0 0 0 0 0 0 0 0 0 0 0 0.327203 0 0 0 0 0 0 0 0 0 0 0
0.242418 0 0 0 0 0 0 0.383033 0 0 0 0 0 0 0 0 0 0 0 0 0 0 0 0 0 0 0 0.957393 0 0 0 0 0 0 0 0 0 0 0 0.91862 0 0 0 0 0 0 0 0 0 0 0 0 0 0 0 0 0 0 0 0 0 0 0 0 0 0 0 0 0 0.574861 0.516637 0 0 0 0 0 0 0 0.555437 0 0 0 0 0 0 0 0 0.948854 0.390463 0 0 0 0 0 0.179396 0 0 0 0 0
0 0 0 0 0 0 0.961931 0 0 0 0.862875 0 0 0 0 0 0 0 0 0.696055 0 0 0 0 0 0 0 0 0.150621 0 0 0 0 0 0 0 0 0 0 0 0 0 0 0 0 0 0 0 0 0.683177 0.44461 0 0 0 0 0.0505269 0 0 0 0.657914 0 0 0 0 0 0 0 0 0 0 0 0 0 0.98234 0 0 0 0 0.535872 0.784382 0 0.685401 0 0 0 0 0 0 0 0.782747 0 0 0 0 0 0 0 0 0 0
0 0.643468 0 0 0 0 0 0 0 0 0.880111 0 0.0883168 0 0.443127 0 0 0 0.671493 0 0 0 0 0 0 0 0 0 0 0 0 0 0 0 0 0.153705 0.516296 0 0 0 0 0 0 0 0 0 0 0 0.967993 0 0.337772 0 0 0 0.192587 0 0 0 0 0 0 0 0.184393 0 0.206069 0 0 0 0 0.356098 0 0 0 0.289734 0 0 0 0 0.806692 0.611963 0 0.305912 0 0 0 0 0 0.945503 0 0.117854 0 0.433303 0.51599 0 0 0 0.73437 0 0 0
0 0 0 0.413382 0 0 0 0.852504 0 0.900483 0 0 0 0 0 0 0 0 0 0 0 0 0.44846 0 0 0 0 0 0 0 0 0 0 0 0 0 0 0 0.734297 0.716948 0 0 0.309851 0.417764 0 0 0 0 0 0 0 0.273907 0 0 0 0 0 0 0 0 0 0 0 0 0 0 0.574861 0 0.356098 0 0 0.677995 0 0 0.183824 0.275638 0 0 0 0 0.539569 0 0 0.551803 0 0 0.384519 0 0.348373 0 0 0.636885 0 0 0.334551 0 0 0 0 0
0.575106 0 0.784708 0 0 0.847046 0 0 0 0.537944 0 0 0 0 0 0 0 0.608298 0 0 0 0 0 0 0 0.501152 0 0 0 0 0 0 0 0.803183 0.278399 0 0 0 0.950558 0 0 0 0 0.409428 0 0 0 0 0 0.0830733 0.602163 0 0 0.433514 0 0 0.279292 0 0 0 0 0 0.813995 0 0 0 0.516637 0 0 0 0 0 0.167646 0 0.0485794 0.887692 0 0.52128 0 0 0 0 0 0 0 0 0 0 0 0 0.849859 0 0 0 0 0.755861 0 0 0 0
0 0 0 0 0 0 0 0.891254 0 0 0 0 0 0 0 0.78066 0 0 0 0 0 0 0 0 0.0436561 0.373119 0 0 0 0 0.958584 0.155003 0 0 0 0 0 0.40028 0 0 0 0 0 0 0.298131 0.901208 0 0 0 0 0 0 0 0 0 0 0 0 0 0.508989 0 0 0 0 0 0 0 0 0 0.677995 0 0 0.503321 0 0 0 0 0 0 0 0 0 0 0 0.626511 0 0 0 0 0 0 0 0 0 0 0 0 0 0 0
0.190953 0 0 0 0 0.57941 0 0 0 0 0 0 0 0 0.710388 0 0 0 0 0 0 0 0 0 0 0 0 0 0 0 0 0 0 0 0.911454 0 0 0 0 0 0 0 0 0 0 0.218638 0 0 0 0 0 0 0 0 0 0 0 0 0 0 0.184178 0.69337 0 0 0 0 0 0 0 0 0.167646 0.503321 0 0 0 0 0 0 0 0 0 0 0 0 0 0 0 0 0 0 0 0 0 0 0 0 0 0 0 0
0 0 0 0 0 0 0 0 0 0 0 0 0 0 0.299073 0 0 0 0.204303 0 0 0 0 0 0 0 0 0 0 0 0 0 0 0 0 0 0 0 0 0.212525 0 0 0 0 0 0 0 0 0 0 0 0 0 0 0 0 0 0 0 0 0 0 0 0 0.188868 0.965752 0 0.98234 0.289734 0 0 0 0 0 0 0.516056 0.306145 0 0 0.29819 0 0 0 0 0 0 0 0.848061 0.220853 0 0 0 0.0259011 0 0 0.491041 0 0 0 0
0 0 0 0.606645 0 0.53778 0 0 0 0 0 0.222518 0 0 0 0 0 0 0 0 0 0.320412 0 0 0 0 0.668395 0 0 0 0 0 0 0 0 0 0 0 0 0 0.538514 0 0 0 0 0 0 0 0 0 0 0 0 0 0 0.524561 0.211391 0 0 0 0 0 0 0 0 0 0 0 0 0.183824 0.0485794 0 0 0 0 0.546932 0 0 0.309485 0 0 0.16478 0 0 0 0.607248 0.250578 0.477432 0 0 0 0 0 0.519359 0 0 0.0313378 0 0 0
0 0.854601 0 0 0 0 0.226497 0 0 0 0 0 0 0 0 0 0 0 0 0 0 0 0 0 0 0 0 0 0 0 0.561933 0.271322 0 0 0 0 0.209501 0 0 0 0.353355 0 0.168984 0 0 0.267599 0 0 0 0 0.904118 0 0 0 0 0 0 0 0 0 0 0 0 0 0 0 0 0 0 0.275638 0.887692 0 0 0.516056 0.546932 0 0 0 0 0 0 0 0.849382 0 0.346849 0 0 0 0 0 0.224742 0 0.725863 0 0 0 0 0 0 0
0.511907 0.561963 0 0 0 0 0 0 0 0 0 0 0 0 0 0 0 0 0 0 0 0.738473 0 0 0 0 0.388952 0 0.173142 0.133383 0 0.917827 0 0 0 0 0 0 0 0 0 0 0 0 0 0 0 0 0 0 0 0 0 0 0 0 0 0 0 0 0 0.163101 0.257697 0 0.403003 0 0 0 0 0 0 0 0 0.306145 0 0 0 0 0 0 0 0.89492 0 0 0 0 0 0 0.778964 0 0 0 0 0 0 0.249692 0.564081 0 0 0
0 0 0.566776 0 0.0851265 0 0 0 0 0 0 0.799538 0 0 0 0 0 0 0 0 0 0 0 0 0 0 0.608355 0 0.59217 0 0 0 0 0 0 0 0 0 0 0 0.197261 0 0 0 0 0 0 0 0 0 0 0.926767 0 0 0 0 0 0 0 0 0 0.303295 0 0 0 0 0 0 0 0 0.52128 0 0 0 0 0 0 0 0 0 0.66586 0 0 0 0 0 0 0 0 0 0 0.361574 0 0 0 0.390384 0 0 0 0
0 0 0 0 0.647329 0 0 0 0 0 0 0 0 0 0 0 0 0.809271 0 0 0 0 0.892911 0.445616 0 0 0 0 0 0 0 0 0 0 0 0 0 0 0 0 0 0 0 0 0 0.501826 0 0 0 0 0.481045 0 0 0 -0.0215758 0 0 0 0 0 0.928672 0 0 0 0 0 0.555437 0.535872 0.806692 0 0 0 0 0 0.309485 0 0 0 0 0 0 0 0 0 0 0 0 0.625523 0 0.58018 0 0 0 0 0 0 0 0 0.351729 0
0 0 0 0 0 0 0 0 0 0 0 0 0.983864 0 0 0 0 0 0 0.807282 0.334043 0 0 0 0 0 0 0 0.253998 0 0 0 0 0 0 0 0 0 0 0 0 0 0 0 0 0 0 0 0 0 0.143502 0 0 0 0 0.597472 0 0 0 0 0 0 0 0 0 0 0 0.784382 0.611963 0 0 0 0 0.29819 0 0 0 0 0 0 0 0 0 0 0 0 0 0.546707 0.684397 0 0 0 0 0 0 0 0 0 0 0
0 0 0 0 0 0.103334 0 0 0 0.326374 0 1.03475 0 0 0 0 0 0 0 0 0 0.197413 0.731224 0 0 0 0 0 0 0 0 0 0 0 0 0 0 0 0 0.586495 0 0 0 0 0.0348492 0 0 0 0 0 0 0.392977 0 0 0 0 0 0 0 0 0 0 0 0 0 0 0 0 0 0.539569 0 0 0 0 0 0 0 0.66586 0 0 0 0.544643 0 0 0 0 0 0 0 0 0.192596 0 0.488093 0 0 0 0 0 0 0
0.190492 0 0 0 0 0 0 0 0 0 0.674138 0 0 0 0 0 0 0 0 0 0 0 0 0 0 0 0 0.209125 0 0 0 0 0 0 0 0 0.793494 0 0 0 0 0.0693817 0 0 0 0 0 0 0 0 0 0 0.432666 0 0 0 0 0 0 0.65642 0 0 0.900108 0 0 0 0 0.685401 0.305912 0 0 0 0 0 0.16478 0 0.89492 0 0 0 0.544643 0 0.572208 0 0 0.314545 0 0 0 0 0 0 0 0 0 0.875434 0 0 0 0
0 0 0 0 0 0.525542 0 0.787527 0 0 0 0 0 0 0 0 0.30997 0 0 0 0 0 0 0 0 0 0 0 0 0 0 0 0 0.911756 0 0 0 0 0 0 0 0 0 0.907678 0 0.0171313 0 0 0 0.882307 0 0 0 0 0 0 0 0 0 0 0 0 0 0 0 0 0 0 0 0 0 0 0 0 0 0.849382 0 0 0 0 0 0.572208 0 0.659245 0 0 0 0 0.343894 0 0 0 0 0 0 0 0 0 0 0
0 0 0.544443 0 0 0 0.948361 0 0 0 0 0.765381 0.587768 0 0 0 0 0 0 0.475327 0 0 0.920023 1.05147 0.146343 0 0 0 0 0 0 0.530963 0 0 0.884605 0.0815832 0 0 0 0.14054 0.43871 0 0 0 0 0 0.827367 0 0 0 0 0 0 0.452539 0 0 0 0.92365 0 0.995341 0 0 0 0.677779 0 0 0 0 0 0.551803 0 0 0 0 0 0 0 0 0 0 0 0 0.659245 0 0 0 0 0 0 0 0 0.0998317 0 0.86034 0 0 0.160781 0 0 0.773729
0 0 0 0 0 0 0.454093 0 0.709469 0 0 0.898107 0 0 0 0 0 0 0 0 0 0.399532 0 0 0.803473 0 0.633118 0.857565 0 0 0 0 0 0 0 0 0 0 0 0 0 0 0 0 0 0 0 0 0 0 0.793557 0 0 0 0 0 0 0 0 0 0.36727 0 0 0 0.32348 0 0 0 0 0 0 0.626511 0 0 0 0.346849 0 0 0 0 0 0 0 0 0 0 0 0 0.409615 0 0.320992 0 0 0 0 0 0 0 0 0
0.00325883 0 0 0 0.230557 0 0 0 0 0 0.955913 0 0.655256 0 0 0.949859 0 0.231218 0 0 0 0 0.244085 0 0 0 0 0 0 0 0 0 0.572701 0 0 0 0 0 0 0 0 0 0 0 0 0 0 0.471826 0 0 0 0.897015 0 0 0 0 0 0 0.422622 0 0 0 0 0 0 0 0 0 0 0 0 0 0 0 0.607248 0 0 0 0 0 0 0.314545 0 0 0 0 0 0 0 0 0 0 0 0 0 0 0 0 0 0.138541
0 0 0.352865 0 0 0.419329 0 0 0.0713479 0 0 0 0.204282 0 0 0 0 0 0 0.650035 0 0 0 0.344066 0.220354 0 0 0 0 0 0 0 0 0 0.0486427 0 0 0 0 0 0 0 0 0.549993 0 0 0 0 0 0 0 0 0 0 0 0 0.357268 0 0 0 0 0 0 0 0 0 0 0 0 0.384519 0 0 0 0 0.250578 0 0 0 0 0 0 0 0 0 0 0 0 0.596656 0 0 0 0 0 0 0 0 0 0.231116 0 0
0 0 0.823022 0 0 0 0 0.193862 0.782185 0 0 0 0 0.680338 0 0 0 0.779773 0 0.787944 0.762053 0 0 0 0.199639 0 0 0 0 0 0 0 0 0.498626 0 0 0 0 0 0 0 0 0.321007 0 0 0 0 0.62843 0.698249 0 0 0 0 0 0 0 0 0 0 0 0 0.0915283 0 0 0 0 0.948854 0 0.945503 0 0 0 0 0.848061 0.477432 0 0 0 0.625523 0.546707 0 0 0 0 0 0 0.596656 0 0.0896452 0 0 0 0 0 0 0 0 0 0 0
0 0 0.723115 0 0 0 0 0.52303 0 0.415077 0 0 0 0 0 0 0 0 0 0 0 0 0 0 0 0.569114 0.75346 0 0 0 0 0 0.807228 0 0.901935 0 0 0 0 0.982146 0 0 0 0 0.768469 0 0 0 0 0.392153 0 0 0 0 0.133074 0 0 0 0.179443 0 0 0 0 0 0 0.327203 0.390463 0 0 0.348373 0 0 0 0.220853 0 0 0.778964 0 0 0.684397 0 0 0.343894 0 0.409615 0 0 0.0896452 0 0.839463 0 0 0 0 0 0 0 0 0 0
0 0 0 0 0 0 0 0 0 0 0 0 0 0 0 0 0 0 0 0 0 0 0 0 0.988113 0.729103 0 0 0 0 0 0 0 0 0 0 0 0 0 0 0 0 0 0 0 0 0 0.581107 0 0 0 0 0 0 0.675095 0 0 0.184563 0 0 0 0 0 0 0 0 0 0.782747 0.117854 0 0 0 0 0 0 0 0 0 0.58018 0 0 0 0 0 0 0 0 0 0.839463 0 0 0 0 0 0 0.899807 0 0 0 0
0.207037 0 0 0 0 0 0 0 0 0 0 0 0 0 0 0.418002 0.251159 0 0 0.917663 0 0 0 0 0 0 0 0 0 0 0 0.78999 0 0 0 0 0 0 0 0 0 0.562639 0 0 0.676145 0 0 0 0.548592 0 0 0 0 0 0 0 0 0 0 0.179096 0 0 0 0 0 0 0 0 0 0 0.849859 0 0 0 0 0.224742 0 0 0 0 0.192596 0 0 0 0.320992 0 0 0 0 0 0 0 0 0.054668 0 0 0 0 0.392714 0
0 0.809609 0 0 0.534861 0.161774 0 0 0 0 0 0 0 0 0 0 0 0 0 0 0 0 0 0 0 0 0 0 0 0.448249 0.422076 0 0 0 0 0 0 0 0 0 0 0 0 0.384079 0 0 0 0 0 0 0 0 0 0 0 0 0 0 0 0 0 0 0 0 0 0 0 0 0.433303 0.636885 0 0 0 0 0 0 0 0.361574 0 0 0 0 0 0.0998317 0 0 0 0 0 0 0 0 0 0 0 0 0 0 0 0
0 0 0 0 0 0 0 0 0.431081 0 0 0.544778 0.723058 0 0 0.127503 0 0 0 0 0 0 0 0 0 0 0 0 0 0.507366 0 0 0 0.27559 0 0 0 0 0 -0.00192913 0 0 0.228832 0 0 0 0 0 0.781369 0 0 0 0 0 0 0 0 0 0 0 0 0 0 0 0 0 0 0 0.51599 0 0 0 0 0.0259011 0 0.725863 0 0 0 0 0.488093 0 0 0 0 0 0 0 0 0 0 0 0 0.559991 0.18292 0 0 0 0 0
0 0 0.740584 0 0 0.715896 0.79312 0 0 0.891051 0 0 0 0 0 0 0 0 0 0 0 0 0 0.439713 0 0 0 0 0.447972 0 0 0 0 0 0 0 0 0 0 0 0 0.851997 0 0 0 0 0 0 0 0 0 0 0 0 0 0 0 0 0 0 0 0 0 0 0 0 0 0 0 0 0 0 0 0 0.519359 0 0 0 0 0 0 0 0 0.86034 0 0 0 0 0 0 0.054668 0 0.559991 0 0 0 0 0 0 0
0 0 0 0 0 0 0 0 0 0 0 0 0 0.424433 0 0 0 0 0.735418 0 0 0 0 0 0 0 0.365228 0 0 0 0 0 0 0 0 0 0.472775 0.64767 0 0 0 0.0912987 0 0 0 0 0 0.736024 0 0.157259 0 0 0 0 0 0 0 0 0 0.0398955 0 0.794365 0 0 0 0 0.179396 0 0 0.334551 0 0 0 0 0 0 0 0 0 0 0 0 0 0 0 0 0 0 0 0 0 0 0.18292 0 0 0 0 0 0 0
0 0 0 0 0 0.726028 0 0 0 0 0.170277 0 0 0 0 -0.0108278 0.59288 0 0 0 0 0 0 0 0.859974 0 0.629418 0 0 0 0 0 0 0 0 0 0 0 0 0.93073 0 0 0 0 0 0 0 0 0 0 0 0 0 0 0 0.878833 0 0 0 0 0 0 0 0 0 0 0 0 0 0 0.755861 0 0 0.491041 0 0 0.249692 0.390384 0 0 0 0.875434 0 0 0 0 0 0 0 0.899807 0 0 0 0 0 0 0 0.298377 0 0
0.297024 0 0.467234 0 0 0 0 0 0 0 0 0 0 0 0 0 0 0 0 0 0 0 0 0 0 0 0 0 0 0 0.544418 0 0 0 0 0 0 0 0 0 0 0 0 0 0 0 0.747383 0 0 0 0 0 0 0.352851 0 0 0 0 0 0 0 0 0 0 0 0 0 0 0.73437 0 0 0 0 0 0.0313378 0 0.564081 0 0 0 0 0 0 0.160781 0 0 0 0 0 0 0 0 0 0 0 0 0 0 0 0.53491
0 0 0 0 0 0 0.627623 0.480996 0 0.371079 0 0 0 0 0 0 0 0 0.342169 0 0 0 0 0 0 0 0 0 0 0 0 0 0 0 0 0 0 0.826018 0 0 0 0 0 0 0 0 0 0 0 0 0 0.126578 0 0 0 0 0 0 0 0 0.532704 0.20537 0 0 0 0 0 0 0 0 0 0 0 0 0 0 0 0 0 0 0 0 0 0 0 0 0.231116 0 0 0 0 0 0 0 0 0.298377 0 0 0 0.745371
0 0 0 0 0 0 0 0 0.526015 0 0.11042 0 0 0 0 0 0 0 0 0.897967 0 0 0.627036 0 0 0 0 0 0 0 0 0 0 0 0.689843 0 0 0 0 0 0 0 0 0 0 0 0 0 0 0 0 0.311204 0 0 0 0 0.661389 0 0.137989 0.216994 0 0 0 0 0 0 0 0 0 0 0 0 0 0 0 0 0 0 0.351729 0 0 0 0 0 0 0 0 0 0 0 0.392714 0 0 0 0 0 0 0 0 0
0.650006 0 0 0 0 0 0 0.76366 0 0.0587963 0 0 0 0 0 0 0.861238 0.330275 0 0 0 0 0 0 0.971181 0 0 0 0 0 0 0 0 0 0 0 0 0 0 0 0 0 0 0 0 0 0 0 0 0 0 0.846327 0 0 0 0 0 0 0.315224 0 0.562655 0 0 0 0 0 0 0 0 0 0 0 0 0 0 0 0 0 0 0 0 0 0 0.773729 0 0.138541 0 0 0 0 0 0 0 0 0 0 0.53491 0.745371 0 0
