100
0 0.0352635 0.111196 0 0 0 0 0 0 0 0 0 0 0 0 0 0 0 0 0 0 0 0 0 0 0 0 0 0 0 0 0 0 0 0 0 0 0 0 0 0 0 0 0 0 0 0 0 0 0 0 0 0 0.105308 0 0 0 0 0 0 0 0 0 0 0 0 0 0 0 0 0.130672 0 0 0 0 0 0 0 0 0 0 0 0 0 0.124033 0 0 0 0 0 0 0 0 0 0 0 0 0 0 0
0.0352635 0 0 0 0 0 0 0 0 0 0 0 0 0 0 0 0 0 0.135332 0 0 0 0 0 0 0 0 0 0 0 0 0 0 0 0 0 0 0 0 0 0.180942 0 0 0 0 0 0 0 0 0 0 0 0 0.134958 0 0 0 0 0 0 0 0 0 0.0712881 0 0 0 0 0 0 0 0 0 0 0 0 0 0 0 0 0.115653 0 0 0 0 0 0 0 0.12893 0 0 0 0 0 0 0 0.161758 0 0 0
0.111196 0 0 0 0 0 0 0 0 0 0 0 0 0 0.0311905 0 0 0 0 0 0 0 0 0 0 0 0 0 0.126693 0 0 0 0.136245 0 0 0 0 0 0 0 0 0.18331 0.0944873 0 0 0 0 0 0 0 0 0 0 0 0 0 0 0 0 0.134117 0 0 0.0933353 0 0 0 0 0 0 0 0.0957967 0 0 0 0 0 0 0 0 0 0 0 0 0.123701 0 0 0 0 0 0 0 0 0 0 0 0.148266 0 0 0 0
0 0 0 0 0 0 0 0 0 0 0 0 0 0 0 0 0 0 0 0 0 0 0 0 0.177213 0 0 0 0 0.16132 0.179877 0 0 0 0 0 0 0 0 0 0 0 0 0 0 0 0 0 0 0 0 0 0 0 0 0 0 0 0 0 0 0.137004 0 0 0 0 0 0 0 0 0.172988 0 0 0 0 0 0 0 0 0 0 0 0 0 0 0.0510266 0 0 0 0.138268 0 0 0 0 0 0 0.156197 0 0 0
0 0 0 0 0 0 0 0 0 0 0 0.117325 0 0 0 0 0 0 0 0 0 0 0 0 0 0 0 0.16269 0 0 0 0 0 0 0 0 0 0 0 0 0 0 0 0 0 0 0 0 0 0 0 0 0 0 0 0 0 0 0 0 0 0 0 0 0 0 0 0 0 0 0.0779502 0 0 0 0 0.182741 0 0 0 0 0 0 0 0 0 0 0.101416 0 0 0 0 0 0 0 0 0 0 0 0 0
0 0 0 0 0 0 0 0 0 0 0 0 0 0 0 0 0 0 0 0 0 0 0 0 0 0 0 0 0 0.138944 0.158346 0 0 0 0 0 0 0 0 0 0 0 0 0 0.22806 0 0 0 0 0 0 0 0 0 0.119212 0 0 0.145717 0 0 0 0 0 0 0 0 0 0 0 0 0 0 0 0 0 0 0 0.136559 0 0 0 0 0 0 0 0 0 0.188058 0 0 0 0.0734037 0 0 0 0 0 0 0 0
0 0 0 0 0 0 0 0 0 0 0 0 0 0 0 0 0 0 0 0 0 0 0 0 0 0.0774748 0 0 0 0 0 0 0 0 0 0 0 0 0 0 0 0 0 0 0 0 0 0 0 0.172161 0 0 0 0 0 0 0 0 0 0 0 0 0.12883 0 0 0 0 0 0 0 0 0 0 0 0 0 0 0 0 0 0 0 0 0 0 0 0 0 0 0 0 0 0 0 0 0 0 0 0 0
0 0 0 0 0 0 0 0 0 0.170817 0 0 0 0 0 0 0 0 0 0 0 0 0 0 0 0 0 0 0 0 0 0 0 0 0 0 0 0 0 0 0 0 0 0 0 0 0 0 0 0 0 0 0 0 0 0 0 0 0 0 0 0.160613 0 0 0 0 0 0 0 0 0 0 0 0 0 0 0 0 0 0 0 0 0 0 0 0 0 0 0 0 0 0 0 0 0 0 0.157828 0 0 0
0 0 0 0 0 0 0 0 0 0 0 0 0 0 0 0 0 0 0 0.0756383 0 0 0 0 0 0 0 0 0 0 0 0 0 0 0 0 0 0 0 0 0 0 0 0.117801 0 0 0 0 0 0 0 0 0 0 0.158315 0 0 0 0 0 0 0 0 0 0 0 0 0 0 0 0 0 0 0 0 0 0 0 0 0 0 0 0 0 0 0 0 0 0 0 0 0 0 0 0 0 0 0 0 0
0 0 0 0 0 0 0 0.170817 0 0 0 0 0 0 0 0 0 0 0 0 0 0 0 0 0 0 0 0 0 0 0 0 0 0 0 0 0 0 0 0 0 0 0 0 0 0 0.157994 0 0 0 0 0 0 0 0 0 0 0 0 0 0 0 0 0 0 0 0 0 0 0 0 0 0 0 0 0 0 0 0 0.168701 0 0 0 0 0 0 0 0 0 0 0 0 0 0 0 0.204205 0 0 0.040277 0
0 0 0 0 0 0 0 0 0 0 0 0 0 0 0 0 0 0 0 0 0 0.13119 0 0 0 0 0 0 0 0 0 0 0 0 0 0 0 0 0 0 0 0 0 0.17762 0 0 0 0 0 0 0.0673048 0 0 0 0 0 0 0.164324 0 0 0 0 0.13792 0 0 0 0 0 0 0 0 0 0 0 0.0474588 0 0 0 0 0 0 0 0 0 0 0 0 0 0.0826403 0 0.169436 0 0 0 0 0 0 0 0 0
0 0 0 0 0.117325 0 0 0 0 0 0 0 0 0 0 0 0 0 0 0 0 0 0 0.171515 0 0 0 0.157385 0 0 0 0.135178 0 0 0 0 0 0.171556 0 0 0 0 0 0 0 0 0 0 0 0 0 0 0 0 0 0 0 0 0 0 0 0 0 0 0 0 0 0 0 0 0 0 0 0 0 0 0 0 0 0 0 0 0 0 0 0 0 0 0 0 0 0 0 0 0 0 0 0 0.148466 0
0 0 0 0 0 0 0 0 0 0 0 0 0 0 0 0 0 0 0 0 0 0.0495833 0.146221 0 0.089084 0 0 0 0 0 0 0 0 0 0 0 0 0.127717 0 0 0 0.145706 0 0 0 0 0 0 0 0 0 0 0 0 0.112273 0 0 0 0 0 0 0 0 0 0 0 0 0 0 0 0 0 0 0 0 0 0 0 0 0 0 0 0 0 0 0 0 0 0 0 0 0 0 0 0.0925318 0 0 0 0 0
0 0 0 0 0 0 0 0 0 0 0 0 0 0 0 0 0 0 0 0 0 0 0 0.0669308 0 0 0 0 0.108822 0 0 0 0 0 0 0 0 0 0 0 0 0 0 0 0 0 0 0 0 0 0.104679 0.10534 0 0 0 0 0 0 0 0 0 0 0 0 0 0 0 0 0 0.161359 0 0 0 0 0 0.105483 0 0 0 0 0 0 0 0 0 0 0 0 0 0.0867032 0 0 0.17728 0 0 0 0 0 0 0
0 0 0.0311905 0 0 0 0 0 0 0 0 0 0 0 0 0 0 0.152493 0 0 0 0 0 0 0.104527 0 0 0 0 0 0 0 0 0 0 0 0 0 0 0.11916 0 0 0 0.162421 0 0 0 0 0 0 0 0 0 0 0.0735374 0 0 0 0 0 0 0 0 0 0 0 0 0 0 0 0.123648 0 0 0 0 0 0 0 0 0 0 0 0 0 0 0.157817 0 0 0 0 0 0 0 0 0 0 0 0 0 0
0 0 0 0 0 0 0 0 0 0 0 0 0 0 0 0 0 0 0 0 0 0 0 0 0 0 0 0 0 0 0 0 0 0.17951 0 0.17701 0 0 0 0 0 0 0 0 0 0 0 0 0 0 0 0 0.069232 0 0.123346 0 0 0 0 0 0.0844127 0 0 0 0 0 0 0 0 0 0 0 0 0 0.0718071 0 0 0 0 0 0 0 0 0 0 0 0 0 0 0 0.15761 0 0 0 0 0.152722 0 0 0 0
0 0 0 0 0 0 0 0 0 0 0 0 0 0 0 0 0 0 0 0 0 0.127992 0 0 0 0 0 0 0 0.176471 0 0 0 0 0 0 0 0 0 0 0 0 0.117653 0 0 0 0 0 0 0 0 0 0 0.136094 0 0 0 0 0.123721 0 0 0 0 0 0.138558 0 0 0 0 0 0 0 0 0 0 0 0 0 0 0 0 0.167541 0 0 0 0 0 0 0 0 0 0.157236 0 0 0 0 0 0 0 0
0 0 0 0 0 0 0 0 0 0 0 0 0 0 0.152493 0 0 0 0 0 0 0 0 0 0 0 0 0 0 0 0 0 0 0 0 0 0 0.14899 0.152052 0 0 0 0 0 0 0 0 0.0948557 0.149079 0 0 0 0 0 0 0 0 0 0 0 0 0 0.124315 0 0 0 0 0 0.074954 0 0 0 0 0 0 0.204235 0 0 0 0.0879983 0 0 0 0.152674 0 0 0 0 0 0 0 0 0 0 0 0 0 0 0 0
0 0.135332 0 0 0 0 0 0 0 0 0 0 0 0 0 0 0 0 0 0 0 0 0 0 0 0 0 0 0 0 0 0 0.102062 0.0910405 0.129584 0 0 0 0 0 0 0 0 0 0 0.110872 0 0 0 0 0 0 0 0.117356 0 0 0 0 0 0 0 0 0 0 0.0936975 0 0 0 0 0 0 0 0 0 0 0 0 0 0 0.147622 0 0 0 0 0 0 0 0 0 0 0 0 0 0 0 0 0 0 0 0
0 0 0 0 0 0 0 0 0.0756383 0 0 0 0 0 0 0 0 0 0 0 0 0 0 0 0 0 0 0 0 0 0 0 0 0 0 0 0 0 0 0 0 0 0 0 0 0 0 0 0 0 0 0 0 0.109293 0 0 0.137743 0 0 0 0 0 0 0 0 0 0 0 0 0 0 0 0 0 0 0.0344598 0 0 0 0 0 0 0.185659 0 0 0 0 0.201056 0 0 0 0 0 0.0746773 0 0 0 0 0 0
0 0 0 0 0 0 0 0 0 0 0 0 0 0 0 0 0 0 0 0 0 0 0 0 0 0 0 0 0 0 0 0 0 0 0 0 0 0 0 0 0 0 0 0 0 0 0 0 0 0 0 0 0 0 0 0 0 0 0 0 0.120253 0.17484 0 0.0911981 0 0 0 0 0 0 0 0 0 0 0 0 0.103555 0 0 0 0 0 0 0 0 0 0 0 0 0 0 0 0.154446 0 0 0 0 0 0 0
0 0 0 0 0 0 0 0 0 0 0.13119 0 0.0495833 0 0 0 0.127992 0 0 0 0 0 0.159947 0 0 0 0 0 0 0 0.141878 0.161852 0 0 0 0 0 0 0 0 0 0 0 0 0 0 0 0 0 0 0 0 0 0 0 0 0 0 0 0 0 0 0 0 0 0 0 0 0 0 0 0 0 0 0 0 0 0 0 0 0 0 0 0 0.076825 0.0960669 0.165789 0 0 0 0 0 0.131002 0 0 0 0 0 0 0
0 0 0 0 0 0 0 0 0 0 0 0 0.146221 0 0 0 0 0 0 0 0 0.159947 0 0 0 0 0 0 0 0 0 0 0 0 0 0 0 0 0 0 0 0 0 0 0 0 0 0 0 0 0 0 0 0 0 0 0 0 0 0 0 0.117955 0 0.142852 0 0 0 0 0 0 0 0 0 0 0 0 0 0 0 0 0 0 0 0 0 0 0.117508 0 0 0 0 0.0934164 0 0 0.081014 0 0 0 0 0.187428
0 0 0 0 0 0 0 0 0 0 0 0.171515 0 0.0669308 0 0 0 0 0 0 0 0 0 0 0 0 0 0.101494 0 0 0 0 0 0 0 0 0 0 0 0.12479 0 0 0 0 0 0 0 0 0 0 0 0 0 0 0 0 0 0 0 0 0.111725 0 0 0.171762 0.0952984 0 0.117036 0.128076 0 0 0 0 0 0 0 0 0 0 0 0 0 0 0 0 0 0 0 0 0 0 0 0 0 0 0 0.108972 0 0 0 0
0 0 0 0.177213 0 0 0 0 0 0 0 0 0.089084 0 0.104527 0 0 0 0 0 0 0 0 0 0 0 0 0 0 0 0 0 0 0 0 0 0 0 0 0 0 0 0 0 0 0 0 0 0.140854 0 0 0 0 0 0 0 0 0 0 0 0 0 0 0 0 0 0.146122 0 0 0 0 0 0 0 0 0 0 0 0 0 0 0.106205 0 0 0 0 0 0 0 0 0 0 0 0 0.166841 0 0 0 0 0.129383
0 0 0 0 0 0 0.0774748 0 0 0 0 0 0 0 0 0 0 0 0 0 0 0 0 0 0 0 0 0 0 0 0 0 0 0.162171 0 0 0 0 0 0 0 0 0 0 0 0 0 0 0 0 0.167798 0.147431 0 0 0 0 0 0 0.109553 0 0 0 0 0 0 0 0 0 0 0 0 0 0 0 0.145277 0 0 0 0 0 0 0 0 0 0 0 0 0 0 0.130124 0 0 0 0 0 0 0 0 0 0
0 0 0 0 0 0 0 0 0 0 0 0 0 0 0 0 0 0 0 0 0 0 0 0 0 0 0 0 0 0 0 0 0 0.088609 0 0 0 0 0 0 0 0 0.094877 0 0 0 0.0936748 0 0 0 0 0 0 0 0 0 0 0 0 0 0 0 0 0.029234 0 0 0 0 0 0 0 0 0 0 0 0 0 0 0 0 0 0 0 0 0 0 0 0 0 0 0 0 0 0.133399 0 0 0 0 0 0
0 0 0 0 0.16269 0 0 0 0 0 0 0.157385 0 0 0 0 0 0 0 0 0 0 0 0.101494 0 0 0 0 0 0 0.122457 0 0 0 0 0 0 0 0 0 0 0 0 0 0 0 0 0 0 0 0 0 0 0 0 0 0 0 0 0 0 0 0 0 0 0 0 0 0 0 0 0.21313 0 0 0 0 0 0.143484 0 0 0 0 0 0 0 0.163462 0 0 0 0 0 0 0 0 0 0 0 0 0 0
0 0 0.126693 0 0 0 0 0 0 0 0 0 0 0.108822 0 0 0 0 0 0 0 0 0 0 0 0 0 0 0 0 0.0912499 0 0 0 0.15928 0 0 0.0837761 0 0 0 0 0 0 0 0 0 0 0 0 0.150234 0 0 0 0 0.119502 0 0.101269 0 0 0 0 0 0 0 0 0 0 0 0 0 0 0 0 0 0 0 0 0 0 0 0 0.0967559 0 0.132846 0 0 0 0 0.0857748 0 0 0 0.120553 0 0 0 0 0 0.150459
0 0 0 0.16132 0 0.138944 0 0 0 0 0 0 0 0 0 0 0.176471 0 0 0 0 0 0 0 0 0 0 0 0 0 0 0 0 0 0 0 0 0 0 0 0 0 0 0 0 0 0 0 0 0 0 0 0 0 0 0 0 0 0 0 0 0 0 0 0 0 0 0 0.128508 0 0 0 0 0 0 0 0 0 0 0 0 0 0 0 0 0 0 0 0 0 0 0.0827123 0 0 0 0 0 0 0.17499 0
0 0 0 0.179877 0 0.158346 0 0 0 0 0 0 0 0 0 0 0 0 0 0 0 0.141878 0 0 0 0 0 0.122457 0.0912499 0 0 0 0 0 0.128757 0 0 0 0.0940375 0 0 0 0 0 0 0 0 0 0 0 0 0 0 0 0 0.155756 0 0 0 0 0 0 0 0 0 0 0 0.1735 0 0 0 0 0 0 0.1419 0 0 0 0.104158 0 0 0 0 0 0 0 0 0 0 0 0 0 0 0 0 0 0 0 0 0.134726
0 0 0 0 0 0 0 0 0 0 0 0.135178 0 0 0 0 0 0 0 0 0 0.161852 0 0 0 0 0 0 0 0 0 0 0 0 0 0 0 0 0 0 0 0 0 0 0 0 0 0 0 0 0 0.132334 0 0 0 0 0 0 0.146269 0 0 0 0.138022 0 0 0 0 0 0 0 0 0 0 0.118391 0 0 0 0 0.093048 0 0 0 0 0 0 0 0 0 0 0 0 0 0.102586 0 0 0 0 0 0 0
0 0 0.136245 0 0 0 0 0 0 0 0 0 0 0 0 0 0 0 0.102062 0 0 0 0 0 0 0 0 0 0 0 0 0 0 0 0 0 0.106386 0 0 0 0 0 0 0 0 0.112021 0 0 0 0 0 0 0 0 0.11838 0 0 0 0 0 0 0 0 0 0 0 0 0 0.165633 0 0 0 0.157011 0.0923812 0 0 0 0 0 0 0.123383 0 0 0 0.166137 0 0 0 0 0 0 0 0 0 0 0 0 0 0 0
0 0 0 0 0 0 0 0 0 0 0 0 0 0 0 0.17951 0 0 0.0910405 0 0 0 0 0 0 0.162171 0.088609 0 0 0 0 0 0 0 0 0 0 0 0 0 0 0 0 0 0 0 0 0 0.143121 0 0 0 0 0 0 0 0 0.0711768 0 0.154415 0 0 0 0 0 0 0 0 0 0 0 0 0 0 0 0 0 0.176951 0 0 0 0 0 0 0 0 0 0 0 0 0 0.0742874 0 0 0 0 0 0.159977 0 0
0 0 0 0 0 0 0 0 0 0 0 0 0 0 0 0 0 0 0.129584 0 0 0 0 0 0 0 0 0 0.15928 0 0.128757 0 0 0 0 0 0 0 0 0 0 0 0 0.0997486 0 0 0 0 0 0 0 0 0 0 0 0 0 0 0 0 0 0 0 0 0 0.164571 0 0 0 0 0 0 0 0 0 0 0.19673 0 0 0 0 0 0 0 0 0 0 0 0 0 0 0.0760089 0 0 0 0 0 0 0.109828 0
0 0 0 0 0 0 0 0 0 0 0 0 0 0 0 0.17701 0 0 0 0 0 0 0 0 0 0 0 0 0 0 0 0 0 0 0 0 0 0 0 0 0 0 0 0 0 0 0 0 0.133564 0 0 0 0 0.110638 0 0 0 0 0 0 0.19085 0 0 0 0 0 0 0.0722384 0 0 0 0 0 0 0 0 0 0 0 0 0 0 0 0.120081 0 0 0 0 0 0 0 0 0 0 0 0 0 0.102691 0 0
0 0 0 0 0 0 0 0 0 0 0 0 0 0 0 0 0 0 0 0 0 0 0 0 0 0 0 0 0 0 0 0 0.106386 0 0 0 0 0 0 0 0 0 0 0 0 0 0 0 0 0 0 0 0 0 0 0 0 0 0 0 0 0 0 0 0 0 0 0 0 0 0 0 0 0 0 0.132846 0 0 0 0.183221 0 0 0 0 0 0 0 0 0 0 0 0 0 0 0.104945 0 0 0 0 0
0 0 0 0 0 0 0 0 0 0 0 0.171556 0.127717 0 0 0 0 0.14899 0 0 0 0 0 0 0 0 0 0 0.0837761 0 0 0 0 0 0 0 0 0 0 0 0 0 0 0 0 0.139857 0 0 0.157797 0 0 0 0 0 0 0 0 0 0 0 0.151609 0 0.0518682 0 0 0 0 0 0 0 0 0 0 0 0 0 0.168119 0.136158 0 0 0 0.067355 0 0 0 0 0 0 0 0.0906255 0 0 0 0 0 0 0 0 0 0
0 0 0 0 0 0 0 0 0 0 0 0 0 0 0 0 0 0.152052 0 0 0 0 0 0 0 0 0 0 0 0 0.0940375 0 0 0 0 0 0 0 0 0 0 0 0 0 0 0 0 0 0 0 0 0 0 0 0 0 0 0 0.103791 0 0 0 0 0 0 0 0 0 0 0 0 0.0934656 0 0 0 0 0.171499 0 0 0 0 0 0 0 0 0 0 0 0 0 0 0 0 0 0 0.0995717 0 0 0 0.207453
0 0 0 0 0 0 0 0 0 0 0 0 0 0 0.11916 0 0 0 0 0 0 0 0 0.12479 0 0 0 0 0 0 0 0 0 0 0 0 0 0 0 0 0 0.178064 0 0 0 0 0.137633 0 0 0.1174 0 0 0 0 0 0 0 0 0 0 0 0.0780809 0 0 0 0 0 0 0 0 0.177439 0 0 0 0.0902548 0 0 0 0 0 0 0 0 0 0.0907154 0 0 0 0 0 0 0 0 0 0 0 0 0 0 0
0 0.180942 0 0 0 0 0 0 0 0 0 0 0 0 0 0 0 0 0 0 0 0 0 0 0 0 0 0 0 0 0 0 0 0 0 0 0 0 0 0 0 0 0 0 0 0 0 0 0 0 0 0 0 0 0 0 0 0 0 0 0 0.135215 0 0 0 0 0 0 0 0 0 0 0 0 0 0 0.109723 0 0 0 0 0 0 0 0.176549 0 0 0 0 0 0 0 0 0 0 0 0 0 0 0.117501
0 0 0.18331 0 0 0 0 0 0 0 0 0 0.145706 0 0 0 0 0 0 0 0 0 0 0 0 0 0 0 0 0 0 0 0 0 0 0 0 0 0 0.178064 0 0 0 0 0.135168 0 0 0 0 0.102042 0 0 0 0 0 0 0 0 0.115307 0.0697071 0 0 0 0 0 0 0.14155 0 0 0.146371 0 0 0 0 0 0 0 0 0 0 0 0 0 0 0 0 0 0 0 0 0 0 0 0 0 0 0.194657 0 0 0
0 0 0.0944873 0 0 0 0 0 0 0 0 0 0 0 0 0 0.117653 0 0 0 0 0 0 0 0 0 0.094877 0 0 0 0 0 0 0 0 0 0 0 0 0 0 0 0 0 0 0 0.0480733 0.164922 0 0 0 0.143791 0 0 0 0 0 0 0 0 0 0 0 0 0.190767 0 0 0 0 0 0 0 0 0 0 0 0 0 0.0942881 0 0 0 0 0 0 0 0.0579413 0 0 0 0 0 0 0 0 0 0 0 0 0
0 0 0 0 0 0 0 0 0.117801 0 0.17762 0 0 0 0.162421 0 0 0 0 0 0 0 0 0 0 0 0 0 0 0 0 0 0 0 0.0997486 0 0 0 0 0 0 0 0 0 0 0 0 0 0 0 0 0 0 0 0 0 0 0 0 0.0830896 0 0 0.195124 0 0 0 0 0.0721414 0 0.104246 0 0 0.147211 0 0 0 0 0 0 0 0 0 0 0 0 0.114459 0 0 0 0 0 0 0 0 0 0 0 0 0 0
0 0 0 0 0 0.22806 0 0 0 0 0 0 0 0 0 0 0 0 0 0 0 0 0 0 0 0 0 0 0 0 0 0 0 0 0 0 0 0 0 0 0 0.135168 0 0 0 0 0 0 0 0.0225232 0 0 0 0 0 0 0 0 0 0 0 0 0.0801304 0 0 0 0 0 0.116364 0 0 0 0 0 0 0 0 0 0 0 0 0 0 0 0.104335 0 0 0 0 0 0 0.146351 0 0 0 0 0 0.148327 0 0
0 0 0 0 0 0 0 0 0 0 0 0 0 0 0 0 0 0 0.110872 0 0 0 0 0 0 0 0 0 0 0 0 0 0.112021 0 0 0 0 0.139857 0 0 0 0 0 0 0 0 0 0 0 0 0 0 0 0 0 0 0 0 0.120517 0.118492 0.0729959 0 0 0 0 0 0.14564 0 0 0 0 0 0 0 0 0 0 0 0 0 0 0 0 0 0 0 0 0 0 0 0 0 0 0 0 0 0 0 0 0
0 0 0 0 0 0 0 0 0 0.157994 0 0 0 0 0 0 0 0 0 0 0 0 0 0 0 0 0.0936748 0 0 0 0 0 0 0 0 0 0 0 0 0.137633 0 0 0.0480733 0 0 0 0 0 0 0 0.111404 0 0 0 0 0 0 0 0 0 0.0983681 0.10244 0 0 0 0 0 0 0 0 0 0 0 0 0 0 0 0 0 0 0 0 0 0 0 0.153744 0 0 0 0 0 0 0.178186 0 0 0 0 0.189676 0 0
0 0 0 0 0 0 0 0 0 0 0 0 0 0 0 0 0 0.0948557 0 0 0 0 0 0 0 0 0 0 0 0 0 0 0 0 0 0 0 0 0 0 0 0 0.164922 0 0 0 0 0 0 0 0.105002 0 0 0 0 0 0 0 0 0 0 0 0 0 0 0 0 0 0 0 0 0 0 0.0971435 0 0 0 0 0 0.0714775 0 0 0 0 0 0 0 0 0 0 0 0 0 0 0 0.179965 0 0 0 0
0 0 0 0 0 0 0 0 0 0 0 0 0 0 0 0 0 0.149079 0 0 0 0 0 0 0.140854 0 0 0 0 0 0 0 0 0.143121 0 0.133564 0 0.157797 0 0 0 0 0 0 0 0 0 0 0 0 0 0 0 0 0.0911017 0 0 0 0 0 0 0 0 0 0 0 0 0 0 0 0 0 0 0 0 0 0 0 0 0 0 0 0 0 0 0.137506 0 0 0 0 0 0.0707326 0 0 0 0 0 0 0 0
0 0 0 0 0 0 0.172161 0 0 0 0 0 0 0 0 0 0 0 0 0 0 0 0 0 0 0 0 0 0 0 0 0 0 0 0 0 0 0 0 0.1174 0 0.102042 0 0 0.0225232 0 0 0 0 0 0 0 0 0 0 0 0 0 0 0 0.0998215 0 0 0 0 0 0 0 0 0 0 0 0 0 0 0 0 0 0 0 0 0 0 0 0 0 0 0 0 0 0 0 0 0 0 0 0 0 0 0
0 0 0 0 0 0 0 0 0 0 0.0673048 0 0 0.104679 0 0 0 0 0 0 0 0 0 0 0 0.167798 0 0 0.150234 0 0 0 0 0 0 0 0 0 0 0 0 0 0 0 0 0 0.111404 0.105002 0 0 0 0 0 0 0.12351 0 0 0 0 0 0 0.031696 0 0 0 0 0 0 0 0 0 0 0 0 0 0 0 0 0 0 0 0 0 0 0 0 0 0 0 0 0 0 0 0 0 0 0 0 0 0
0 0 0 0 0 0 0 0 0 0 0 0 0 0.10534 0 0 0 0 0 0 0 0 0 0 0 0.147431 0 0 0 0 0 0.132334 0 0 0 0 0 0 0 0 0 0 0.143791 0 0 0 0 0 0 0 0 0 0 0 0 0 0 0 0 0.101081 0 0 0 0 0 0 0 0 0 0 0 0 0 0 0 0 0.156021 0 0 0 0 0 0.14024 0 0 0 0 0 0 0 0 0 0 0 0 0 0 0 0 0
0 0 0 0 0 0 0 0 0 0 0 0 0 0 0 0.069232 0 0 0 0 0 0 0 0 0 0 0 0 0 0 0 0 0 0 0 0 0 0 0 0 0 0 0 0 0 0 0 0 0 0 0 0 0 0 0.166266 0 0 0 0 0.153083 0 0 0 0.123753 0 0 0 0 0 0 0 0 0 0 0 0 0 0.106866 0 0 0 0 0 0 0 0 0 0 0 0 0 0 0 0 0 0 0 0 0 0
0.105308 0.134958 0 0 0 0 0 0 0 0 0 0 0 0 0 0 0.136094 0 0.117356 0.109293 0 0 0 0 0 0 0 0 0 0 0 0 0 0 0 0.110638 0 0 0 0 0 0 0 0 0 0 0 0 0 0 0 0 0 0 0 0 0 0 0 0 0.0734376 0 0 0.111344 0 0 0 0.0825909 0 0.125065 0.174746 0 0 0 0 0 0 0 0 0 0 0 0 0 0 0 0 0 0 0 0 0 0 0 0 0 0 0 0.0983299 0
0 0 0 0 0 0.119212 0 0 0.158315 0 0 0 0.112273 0 0.0735374 0.123346 0 0 0 0 0 0 0 0 0 0 0 0 0 0 0 0 0.11838 0 0 0 0 0 0 0 0 0 0 0 0 0 0 0 0.0911017 0 0.12351 0 0.166266 0 0 0 0 0 0 0 0 0.144235 0 0 0 0.138034 0 0 0 0 0 0 0 0 0 0 0.0982062 0 0 0 0.0668251 0 0 0 0 0 0 0 0 0 0 0 0 0 0 0 0 0 0 0
0 0 0 0 0 0 0 0 0 0 0 0 0 0 0 0 0 0 0 0 0 0 0 0 0 0 0 0 0.119502 0 0.155756 0 0 0 0 0 0 0 0 0 0 0 0 0 0 0 0 0 0 0 0 0 0 0 0 0 0 0 0 0 0 0 0 0 0 0 0 0 0 0 0 0 0 0.0892283 0 0 0.20063 0 0 0 0 0 0 0 0 0 0 0 0 0 0.127156 0 0.0642136 0 0 0 0 0 0 0
0 0 0 0 0 0 0 0 0 0 0 0 0 0 0 0 0 0 0 0.137743 0 0 0 0 0 0 0 0 0 0 0 0 0 0 0 0 0 0 0 0 0 0 0 0 0 0 0 0 0 0 0 0 0 0 0 0 0 0 0 0 0 0 0 0 0 0 0 0.142269 0 0 0 0 0 0.0889693 0.148692 0 0 0 0 0 0.116897 0 0 0 0 0 0 0 0 0 0 0 0.136891 0 0 0 0 0 0 0
0 0 0 0 0 0.145717 0 0 0 0 0.164324 0 0 0 0 0 0 0 0 0 0 0 0 0 0 0 0 0 0.101269 0 0 0 0 0.0711768 0 0 0 0 0 0 0 0 0 0 0 0 0 0 0 0 0 0 0 0 0 0 0 0 0 0 0 0 0 0 0 0 0 0.212537 0 0 0 0 0 0 0 0 0 0 0 0 0 0 0 0 0 0 0 0 0 0 0 0 0 0 0 0.153916 0 0 0 0.154628
0 0 0 0 0 0 0 0 0 0 0 0 0 0 0 0 0.123721 0 0 0 0 0 0 0 0 0.109553 0 0 0 0 0 0.146269 0 0 0 0 0 0 0.103791 0 0 0.115307 0 0 0 0.120517 0 0 0 0 0 0 0 0 0 0 0 0 0 0 0 0 0 0 0 0 0 0 0 0 0 0 0 0 0.141886 0 0.18522 0 0 0 0 0 0 0 0 0 0 0 0 0 0 0 0 0 0 0 0 0.0860898 0 0
0 0 0.134117 0 0 0 0 0 0 0 0 0 0 0 0 0 0 0 0 0 0 0 0 0 0 0 0 0 0 0 0 0 0 0.154415 0 0 0 0 0 0 0 0.0697071 0 0.0830896 0 0.118492 0 0 0 0 0 0.101081 0.153083 0 0 0 0 0 0 0 0 0 0 0.0693707 0 0 0 0 0 0 0 0 0.150365 0 0 0 0 0 0 0 0 0 0 0 0 0 0 0 0 0 0 0 0 0 0 0 0 0 0 0
0 0 0 0 0 0 0 0 0 0 0 0 0 0 0 0.0844127 0 0 0 0 0.120253 0 0 0.111725 0 0 0 0 0 0 0 0 0 0 0 0.19085 0 0.151609 0 0 0 0 0 0 0 0.0729959 0.0983681 0 0 0.0998215 0 0 0 0.0734376 0 0 0 0 0 0 0 0 0 0 0 0 0 0 0 0 0 0 0 0 0 0 0 0 0 0 0 0 0.124021 0 0 0 0 0 0 0 0 0 0 0 0 0 0 0 0.111369 0
0 0 0 0.137004 0 0 0 0.160613 0 0 0 0 0 0 0 0 0 0 0 0 0.17484 0 0.117955 0 0 0 0 0 0 0 0 0 0 0 0 0 0 0 0 0.0780809 0.135215 0 0 0 0 0 0.10244 0 0 0 0.031696 0 0 0 0.144235 0 0 0 0 0 0 0 0 0 0 0 0 0 0 0 0 0 0 0 0 0 0 0 0 0 0 0 0 0 0.0667157 0 0 0 0 0 0 0.0917327 0 0 0 0 0 0 0 0.155962
0 0 0.0933353 0 0 0 0.12883 0 0 0 0.13792 0 0 0 0 0 0 0.124315 0 0 0 0 0 0 0 0 0 0 0 0 0 0.138022 0 0 0 0 0 0.0518682 0 0 0 0 0 0.195124 0.0801304 0 0 0 0 0 0 0 0 0 0 0 0 0 0 0 0 0 0 0 0 0 0 0 0 0.12177 0 0 0 0 0 0 0 0 0 0 0 0 0 0 0 0 0.100462 0 0 0 0 0 0 0 0 0 0 0 0.190007 0
0 0.0712881 0 0 0 0 0 0 0 0 0 0 0 0 0 0 0 0 0 0 0.0911981 0 0.142852 0.171762 0 0 0.029234 0 0 0 0 0 0 0 0 0 0 0 0 0 0 0 0 0 0 0 0 0 0 0 0 0 0.123753 0.111344 0 0 0 0 0 0.0693707 0 0 0 0 0 0 0 0 0 0 0 0 0 0 0 0 0 0 0 0 0 0 0 0 0 0.146788 0 0 0 0 0 0 0 0 0 0 0 0 0 0
0 0 0 0 0 0 0 0 0 0 0 0 0 0 0 0 0.138558 0 0.0936975 0 0 0 0 0.0952984 0 0 0 0 0 0 0 0 0 0 0 0 0 0 0 0 0 0 0.190767 0 0 0 0 0 0 0 0 0 0 0 0 0 0 0 0 0 0 0 0 0 0 0 0 0 0 0 0 0 0 0 0 0 0 0 0.119444 0 0 0 0 0 0 0 0 0 0 0 0 0 0 0 0 0 0 0 0 0
0 0 0 0 0 0 0 0 0 0 0 0 0 0 0 0 0 0 0 0 0 0 0 0 0 0 0 0 0 0 0 0 0 0 0.164571 0 0 0 0 0 0 0 0 0 0 0 0 0 0 0 0 0 0 0 0.138034 0 0 0 0 0 0 0 0 0 0 0 0.0735462 0 0 0 0 0 0 0 0 0 0 0 0.145644 0 0 0 0 0 0 0 0 0.0937349 0 0 0 0.186337 0 0 0.0923329 0 0 0 0 0
0 0 0 0 0 0 0 0 0 0 0 0 0 0 0 0 0 0 0 0 0 0 0 0.117036 0.146122 0 0 0 0 0 0 0 0 0 0 0 0 0 0 0 0 0.14155 0 0 0 0.14564 0 0 0 0 0 0 0 0 0 0 0 0 0 0 0 0 0 0 0 0.0735462 0 0.1614 0 0 0 0 0 0 0 0 0.162785 0 0.132671 0 0.168105 0 0 0 0 0 0 0 0 0 0 0 0 0 0 0.117084 0 0 0 0
0 0 0 0 0 0 0 0 0 0 0 0 0 0 0 0 0 0 0 0 0 0 0 0.128076 0 0 0 0 0 0 0.1735 0 0 0 0 0.0722384 0 0 0 0 0 0 0 0.0721414 0 0 0 0 0 0 0 0 0 0.0825909 0 0 0.142269 0.212537 0 0 0 0 0 0 0 0 0.1614 0 0 0 0.0757025 0 0 0 0 0 0.14615 0 0 0 0 0 0.157405 0 0 0 0 0 0 0.103556 0 0 0 0 0 0 0.115561 0 0 0
0 0 0 0 0 0 0 0 0 0 0 0 0 0 0 0 0 0.074954 0 0 0 0 0 0 0 0 0 0 0 0.128508 0 0 0.165633 0 0 0 0 0 0 0 0 0 0 0 0.116364 0 0 0 0 0 0 0 0 0 0 0 0 0 0 0 0 0 0 0 0 0 0 0 0 0 0 0 0 0 0 0 0 0 0 0 0 0.190023 0 0 0 0.103467 0 0 0 0 0 0 0 0 0 0.132774 0 0 0 0
0 0 0 0 0 0 0 0 0 0 0 0 0 0.161359 0 0 0 0 0 0 0 0 0 0 0 0 0 0 0 0 0 0 0 0 0 0 0 0 0 0 0 0.146371 0 0.104246 0 0 0 0 0 0 0 0 0 0.125065 0 0 0 0 0 0 0 0 0.12177 0 0 0 0 0 0 0 0 0 0 0 0 0 0 0 0 0 0 0 0 0 0 0 0 0 0 0.0898191 0 0.159279 0.128628 0 0 0 0 0 0 0
0.130672 0 0.0957967 0.172988 0.0779502 0 0 0 0 0 0 0 0 0 0.123648 0 0 0 0 0 0 0 0 0 0 0 0 0 0 0 0 0 0 0 0 0 0 0 0 0.177439 0 0 0 0 0 0 0 0 0 0 0 0 0 0.174746 0 0 0 0 0 0 0 0 0 0 0 0 0 0.0757025 0 0 0 0 0.127115 0 0 0 0 0 0 0 0 0 0 0 0 0 0 0 0 0 0 0 0 0 0 0 0 0 0 0
0 0 0 0 0 0 0 0 0 0 0 0 0 0 0 0 0 0 0 0 0 0 0 0 0 0 0 0.21313 0 0 0 0 0 0 0 0 0 0 0.0934656 0 0 0 0 0 0 0 0 0 0 0 0 0 0 0 0 0 0 0 0 0 0 0 0 0 0 0 0 0 0 0 0 0 0 0 0 0 0 0 0 0 0 0.137137 0 0 0 0 0 0 0 0 0 0 0 0 0 0 0 0.095227 0 0
0 0 0 0 0 0 0 0 0 0 0 0 0 0 0 0 0 0 0 0 0 0 0 0 0 0 0 0 0 0 0 0 0.157011 0 0 0 0 0 0 0 0 0 0 0.147211 0 0 0 0 0 0 0 0 0 0 0 0 0 0 0 0.150365 0 0 0 0 0 0 0 0 0 0 0.127115 0 0 0 0 0 0 0 0 0.185717 0 0 0 0 0 0 0 0 0 0 0.157999 0 0 0 0 0 0 0 0 0
0 0 0 0 0 0 0 0 0 0 0 0 0 0 0 0 0 0 0 0 0 0 0 0 0 0 0 0 0 0 0 0.118391 0.0923812 0 0 0 0 0 0 0 0 0 0 0 0 0 0 0.0971435 0 0 0 0 0 0 0 0.0892283 0.0889693 0 0 0 0 0 0 0 0 0 0 0 0 0 0 0 0 0 0 0 0 0 0 0 0 0.0617026 0 0 0 0 0 0 0 0 0 0 0 0 0 0 0 0 0 0
0 0 0 0 0 0 0 0 0 0 0.0474588 0 0 0 0 0.0718071 0 0 0 0 0 0 0 0 0 0.145277 0 0 0 0 0.1419 0 0 0 0 0 0 0 0 0.0902548 0 0 0 0 0 0 0 0 0 0 0 0 0 0 0 0 0.148692 0 0.141886 0 0 0 0 0 0 0 0 0 0 0 0 0 0 0 0 0 0 0 0 0.0471985 0.100661 0 0 0 0 0 0 0 0.0957707 0 0 0 0 0 0 0 0 0 0.137882 0
0 0 0 0 0.182741 0 0 0 0 0 0 0 0 0.105483 0 0 0 0.204235 0 0.0344598 0 0 0 0 0 0 0 0 0 0 0 0 0 0 0 0 0.132846 0 0 0 0 0 0 0 0 0 0 0 0 0 0 0 0 0 0 0 0 0 0 0 0 0 0 0 0 0 0 0 0 0 0 0 0 0 0 0 0 0 0 0 0 0 0.160088 0 0.109153 0 0 0 0 0 0 0 0 0 0 0 0 0 0 0
0 0 0 0 0 0 0 0 0 0 0 0 0 0 0 0 0 0 0 0 0.103555 0 0 0 0 0 0 0 0 0 0 0 0 0 0.19673 0 0 0.168119 0.171499 0 0.109723 0 0 0 0 0 0 0 0 0 0 0.156021 0 0 0.0982062 0.20063 0 0 0.18522 0 0 0 0 0 0 0 0.162785 0.14615 0 0 0 0 0 0 0 0 0 0 0.127889 0 0 0 0 0 0 0 0 0 0 0 0 0.107776 0 0 0 0 0 0 0 0.209907
0 0 0 0 0 0.136559 0 0 0 0 0 0 0 0 0 0 0 0 0 0 0 0 0 0 0 0 0 0.143484 0 0 0 0 0 0.176951 0 0 0 0.136158 0 0 0 0 0 0 0 0 0 0 0 0 0 0 0.106866 0 0 0 0 0 0 0 0 0 0 0 0 0 0 0 0 0 0 0 0 0 0 0 0 0 0 0 0 0 0 0 0 0 0 0.158514 0 0 0 0 0 0 0 0 0 0 0.192622 0
0 0 0 0 0 0 0 0 0 0 0 0 0 0 0 0 0 0 0 0 0 0 0 0 0 0 0 0 0 0 0.104158 0.093048 0 0 0 0 0 0 0 0 0 0 0.0942881 0 0 0 0 0 0 0 0 0 0 0 0 0 0 0 0 0 0 0 0 0 0.119444 0.145644 0.132671 0 0 0 0 0 0 0 0 0 0.127889 0 0 0 0 0 0 0 0 0 0 0 0 0 0.163027 0.0988443 0 0 0 0 0 0 0.139824 0
0 0 0 0 0 0 0 0 0 0.168701 0 0 0 0 0 0 0 0.0879983 0.147622 0 0 0 0 0 0 0 0 0 0 0 0 0 0 0 0 0 0.183221 0 0 0 0 0 0 0 0 0 0 0.0714775 0 0 0 0 0 0 0 0 0 0 0 0 0 0 0 0 0 0 0 0 0 0 0 0 0.185717 0 0.0471985 0 0 0 0 0 0.0980756 0 0 0 0 0 0 0 0.179982 0 0 0 0 0 0 0 0 0 0 0
0 0.115653 0 0 0 0 0 0 0 0 0 0 0 0 0 0 0 0 0 0 0 0 0 0 0 0 0 0 0 0 0 0 0.123383 0 0 0 0 0 0 0 0 0 0 0 0 0 0 0 0 0 0 0 0 0 0.0668251 0 0.116897 0 0 0 0 0 0 0 0 0 0.168105 0 0 0 0 0 0 0 0.100661 0 0 0 0 0.0980756 0 0.175235 0 0.116354 0 0 0 0 0.183711 0.0867885 0 0 0 0 0 0 0 0 0 0
0 0 0 0 0 0 0 0 0 0 0 0 0 0 0 0 0.167541 0 0 0 0 0 0 0 0.106205 0 0 0 0 0 0 0 0 0 0 0 0 0.067355 0 0 0 0 0 0 0 0 0 0 0 0 0 0 0 0 0 0 0 0 0 0 0 0 0 0 0 0 0 0 0.190023 0 0 0.137137 0 0.0617026 0 0 0 0 0 0 0.175235 0 0 0 0 0 0.0911398 0 0 0 0 0 0 0 0 0 0 0 0 0
0 0 0 0 0 0 0 0 0 0 0 0 0 0 0 0 0 0 0 0.185659 0 0 0 0 0 0 0 0 0.0967559 0 0 0 0 0 0 0 0 0 0 0 0 0 0 0 0 0 0 0 0 0 0 0.14024 0 0 0 0 0 0 0 0 0.124021 0 0 0 0 0 0 0.157405 0 0 0 0 0 0 0 0.160088 0 0 0 0 0 0 0 0 0 0.0892101 0 0 0 0 0 0 0 0 0 0 0 0 0 0
0 0 0.123701 0 0 0 0 0 0 0 0 0 0 0 0 0 0 0.152674 0 0 0 0 0 0 0 0 0 0 0 0 0 0 0 0 0 0.120081 0 0 0 0 0 0 0 0 0 0 0 0 0 0 0 0 0 0 0 0 0 0 0 0 0 0 0 0 0 0 0 0 0 0 0 0 0 0 0 0 0 0 0 0 0.116354 0 0 0 0 0 0 0 0 0 0 0 0 0.130227 0 0 0 0 0 0
0.124033 0 0 0 0 0 0 0 0 0 0 0 0 0 0 0 0 0 0 0 0 0.076825 0 0 0 0 0 0 0.132846 0 0 0 0.166137 0 0 0 0 0 0 0.0907154 0.176549 0 0 0 0.104335 0 0 0 0 0 0 0 0 0 0 0 0 0 0 0 0 0.0667157 0 0 0 0 0 0 0 0 0 0 0 0 0 0.109153 0 0 0 0 0 0 0 0 0 0 0 0.115658 0 0 0 0 0 0 0 0 0 0 0 0
0 0 0 0.0510266 0 0 0 0 0 0 0 0 0 0 0.157817 0 0 0 0 0 0 0.0960669 0 0 0 0 0 0.163462 0 0 0 0 0 0 0 0 0 0 0 0 0 0 0 0.114459 0 0 0.153744 0 0.137506 0 0 0 0 0 0 0 0 0 0 0 0 0 0 0.146788 0 0 0 0 0.103467 0 0 0 0 0 0 0 0 0 0 0 0 0 0.0892101 0 0 0 0 0 0 0.0979226 0 0 0 0 0 0 0 0 0 0
0 0 0 0 0.101416 0 0 0 0 0 0 0 0 0 0 0 0 0 0 0 0 0.165789 0.117508 0 0 0 0 0 0 0 0 0 0 0 0 0 0 0 0 0 0 0 0.0579413 0 0 0 0 0 0 0 0 0 0 0 0 0 0 0 0 0 0 0 0.100462 0 0 0 0 0 0 0 0 0 0 0 0 0 0 0 0 0 0 0.0911398 0 0 0 0 0 0 0 0 0 0 0 0 0 0 0 0 0 0
0 0 0 0 0 0.188058 0 0 0 0 0 0 0 0 0 0 0 0 0 0.201056 0 0 0 0 0 0 0 0 0 0 0 0 0 0 0 0 0 0 0 0 0 0 0 0 0 0 0 0 0 0 0 0 0 0 0 0 0 0 0 0 0 0 0 0 0 0.0937349 0 0 0 0 0 0 0 0 0 0 0 0.158514 0 0 0 0 0 0 0.115658 0 0 0 0 0 0 0 0 0 0 0 0 0 0 0
0 0.12893 0 0 0 0 0 0 0 0 0.0826403 0 0 0 0 0 0 0 0 0 0 0 0 0 0 0 0 0 0 0 0 0 0 0 0 0 0 0 0 0 0 0 0 0 0 0 0 0 0 0 0 0 0 0 0 0 0 0 0 0 0 0 0 0 0 0 0 0 0 0 0 0 0 0 0.0957707 0 0 0 0 0.179982 0.183711 0 0 0 0 0 0 0 0 0 0 0 0 0 0 0 0 0 0 0
0 0 0 0.138268 0 0 0 0 0 0 0 0 0 0.0867032 0 0 0 0 0 0 0 0 0 0 0 0.130124 0 0 0.0857748 0 0 0 0 0 0 0 0 0.0906255 0 0 0 0 0 0 0 0 0 0 0 0 0 0 0 0 0 0 0 0 0 0 0 0 0 0 0 0 0 0.103556 0 0.0898191 0 0 0 0 0 0 0 0 0 0 0.0867885 0 0 0 0 0.0979226 0 0 0 0 0 0 0.108297 0 0 0 0.113303 0 0.126458 0
0 0 0 0 0 0 0 0 0 0 0.169436 0 0 0 0 0.15761 0 0 0 0 0 0 0 0 0 0 0 0 0 0 0 0 0 0 0 0 0 0 0 0 0 0 0 0 0 0 0 0 0 0 0 0 0 0 0 0.127156 0 0 0 0 0 0 0 0 0 0 0 0 0 0 0 0 0.157999 0 0 0 0 0 0.163027 0 0 0 0 0 0 0 0 0 0 0 0 0 0 0 0 0 0 0 0 0.171725
0 0 0 0 0 0.0734037 0 0 0 0 0 0 0 0 0 0 0.157236 0 0 0 0 0 0.0934164 0 0 0 0 0 0 0.0827123 0 0 0 0.0742874 0.0760089 0 0 0 0 0 0 0 0 0 0.146351 0 0 0 0.0707326 0 0 0 0 0 0 0 0 0 0 0 0 0.0917327 0 0 0 0.186337 0 0 0 0.159279 0 0 0 0 0 0 0.107776 0 0.0988443 0 0 0 0 0 0 0 0 0 0 0 0 0 0 0 0 0 0 0 0 0
0 0 0 0 0 0 0 0 0 0 0 0 0 0.17728 0 0 0 0 0 0 0.154446 0.131002 0 0 0 0 0 0 0 0 0 0.102586 0 0 0 0 0 0 0 0 0 0 0 0 0 0 0.178186 0 0 0 0 0 0 0 0 0.0642136 0.136891 0 0 0 0 0 0 0 0 0 0 0 0 0.128628 0 0 0 0 0 0 0 0 0 0 0 0 0 0 0 0 0 0 0 0.108297 0 0 0 0 0.073099 0 0 0 0 0
0 0 0 0 0 0 0 0 0 0 0 0 0 0 0 0 0 0 0 0.0746773 0 0 0 0 0 0 0.133399 0 0.120553 0 0 0 0 0 0 0 0 0 0 0 0 0 0 0 0 0 0 0 0 0 0 0 0 0 0 0 0 0 0 0 0 0 0 0 0 0 0 0 0 0 0 0 0 0 0 0 0 0 0 0 0 0 0 0.130227 0 0 0 0 0 0 0 0 0 0 0 0 0 0.151811 0.175707 0
0 0 0 0 0 0 0 0 0 0 0 0 0.0925318 0 0 0 0 0 0 0 0 0 0.081014 0 0.166841 0 0 0 0 0 0 0 0 0 0 0 0.104945 0 0 0 0 0 0 0 0 0 0 0 0 0 0 0 0 0 0 0 0 0 0 0 0 0 0 0 0 0.0923329 0 0 0 0 0 0 0 0 0 0 0 0 0 0 0 0 0 0 0 0 0 0 0 0 0 0 0.073099 0 0 0 0 0 0 0
0 0 0.148266 0 0 0 0 0 0 0.204205 0 0 0 0 0 0.152722 0 0 0 0 0 0 0 0.108972 0 0 0 0 0 0 0 0 0 0 0 0 0 0 0.0995717 0 0 0 0 0 0 0 0 0.179965 0 0 0 0 0 0 0 0 0 0.153916 0 0 0 0 0 0 0 0 0.117084 0 0.132774 0 0 0 0 0 0 0 0 0 0 0 0 0 0 0 0 0 0 0 0 0 0 0 0 0 0 0 0 0.109167 0 0
0 0.161758 0 0.156197 0 0 0 0.157828 0 0 0 0 0 0 0 0 0 0 0 0 0 0 0 0 0 0 0 0 0 0 0 0 0 0 0 0 0 0 0 0 0 0.194657 0 0 0 0 0 0 0 0 0 0 0 0 0 0 0 0 0 0 0 0 0 0 0 0 0 0.115561 0 0 0 0 0 0 0 0 0 0 0 0 0 0 0 0 0 0 0 0 0 0.113303 0 0 0 0 0 0 0 0.0988521 0.172531 0
0 0 0 0 0 0 0 0 0 0 0 0 0 0 0 0 0 0 0 0 0 0 0 0 0 0 0 0 0 0 0 0 0 0.159977 0 0.102691 0 0 0 0 0 0 0 0 0.148327 0 0.189676 0 0 0 0 0 0 0 0 0 0 0 0.0860898 0 0 0 0 0 0 0 0 0 0 0 0 0.095227 0 0 0 0 0 0 0 0 0 0 0 0 0 0 0 0 0 0 0 0 0 0.151811 0 0.109167 0.0988521 0 0 0
0 0 0 0 0 0 0 0 0 0.040277 0 0.148466 0 0 0 0 0 0 0 0 0 0 0 0 0 0 0 0 0 0.17499 0 0 0 0 0.109828 0 0 0 0 0 0 0 0 0 0 0 0 0 0 0 0 0 0 0.0983299 0 0 0 0 0 0 0.111369 0 0.190007 0 0 0 0 0 0 0 0 0 0 0 0.137882 0 0 0.192622 0.139824 0 0 0 0 0 0 0 0 0 0 0.126458 0 0 0 0.175707 0 0 0.172531 0 0 0.0912577
0 0 0 0 0 0 0 0 0 0 0 0 0 0 0 0 0 0 0 0 0 0 0.187428 0 0.129383 0 0 0 0.150459 0 0.134726 0 0 0 0 0 0 0 0.207453 0 0.117501 0 0 0 0 0 0 0 0 0 0 0 0 0 0 0 0 0.154628 0 0 0 0.155962 0 0 0 0 0 0 0 0 0 0 0 0 0 0 0.209907 0 0 0 0 0 0 0 0 0 0 0 0 0 0.171725 0 0 0 0 0 0 0 0.0912577 0
