100
0 0.128925 0.12723 0 0 0 0 0 0 0 0 0 0 0 0 0 0 0 0 0 0 0 0 0 0 0 0 0 0 0 0 0 0 0 0 0 0 0 0 0 0 0 0 0 0 0 0 0 0 0 0 0 0 0.151545 0 0 0 0 0 0 0 0 0 0 0 0 0 0 0 0 0.16861 0 0 0 0 0 0 0 0 0 0 0 0 0 0.120068 0 0 0 0 0 0 0 0 0 0 0 0 0 0 0
0.128925 0 0 0 0 0 0 0 0 0 0 0 0 0 0 0 0 0 0.125804 0 0 0 0 0 0 0 0 0 0 0 0 0 0 0 0 0 0 0 0 0 0.124824 0 0 0 0 0 0 0 0 0 0 0 0 0.0943625 0 0 0 0 0 0 0 0 0 0.0659735 0 0 0 0 0 0 0 0 0 0 0 0 0 0 0 0 0.160429 0 0 0 0 0 0 0 0.0606017 0 0 0 0 0 0 0 0.087614 0 0 0
0.12723 0 0 0 0 0 0 0 0 0 0 0 0 0 0.12269 0 0 0 0 0 0 0 0 0 0 0 0 0 0.0822898 0 0 0 0.0436018 0 0 0 0 0 0 0 0 0.130854 0.151776 0 0 0 0 0 0 0 0 0 0 0 0 0 0 0 0 0.124065 0 0 0.155567 0 0 0 0 0 0 0 0.0504238 0 0 0 0 0 0 0 0 0 0 0 0 0.0975392 0 0 0 0 0 0 0 0 0 0 0 0.165126 0 0 0 0
0 0 0 0 0 0 0 0 0 0 0 0 0 0 0 0 0 0 0 0 0 0 0 0 0.109435 0 0 0 0 0.112863 0.110373 0 0 0 0 0 0 0 0 0 0 0 0 0 0 0 0 0 0 0 0 0 0 0 0 0 0 0 0 0 0 0.0603542 0 0 0 0 0 0 0 0 0.135948 0 0 0 0 0 0 0 0 0 0 0 0 0 0 0.0723404 0 0 0 0.208725 0 0 0 0 0 0 0.129309 0 0 0
0 0 0 0 0 0 0 0 0 0 0 -0.00359049 0 0 0 0 0 0 0 0 0 0 0 0 0 0 0 0.0993947 0 0 0 0 0 0 0 0 0 0 0 0 0 0 0 0 0 0 0 0 0 0 0 0 0 0 0 0 0 0 0 0 0 0 0 0 0 0 0 0 0 0 0.137372 0 0 0 0 0.154058 0 0 0 0 0 0 0 0 0 0 0.062698 0 0 0 0 0 0 0 0 0 0 0 0 0
0 0 0 0 0 0 0 0 0 0 0 0 0 0 0 0 0 0 0 0 0 0 0 0 0 0 0 0 0 0.0913671 0.130276 0 0 0 0 0 0 0 0 0 0 0 0 0 0.103139 0 0 0 0 0 0 0 0 0 0.0999251 0 0 0.152213 0 0 0 0 0 0 0 0 0 0 0 0 0 0 0 0 0 0 0 0.0979899 0 0 0 0 0 0 0 0 0 0.0535298 0 0 0 0.124666 0 0 0 0 0 0 0 0
0 0 0 0 0 0 0 0 0 0 0 0 0 0 0 0 0 0 0 0 0 0 0 0 0 0.123339 0 0 0 0 0 0 0 0 0 0 0 0 0 0 0 0 0 0 0 0 0 0 0 0.126084 0 0 0 0 0 0 0 0 0 0 0 0 0.167507 0 0 0 0 0 0 0 0 0 0 0 0 0 0 0 0 0 0 0 0 0 0 0 0 0 0 0 0 0 0 0 0 0 0 0 0 0
0 0 0 0 0 0 0 0 0 0.0909432 0 0 0 0 0 0 0 0 0 0 0 0 0 0 0 0 0 0 0 0 0 0 0 0 0 0 0 0 0 0 0 0 0 0 0 0 0 0 0 0 0 0 0 0 0 0 0 0 0 0 0 0.106546 0 0 0 0 0 0 0 0 0 0 0 0 0 0 0 0 0 0 0 0 0 0 0 0 0 0 0 0 0 0 0 0 0 0 0.0889958 0 0 0
0 0 0 0 0 0 0 0 0 0 0 0 0 0 0 0 0 0 0 0.098318 0 0 0 0 0 0 0 0 0 0 0 0 0 0 0 0 0 0 0 0 0 0 0 0.0996564 0 0 0 0 0 0 0 0 0 0 0.216289 0 0 0 0 0 0 0 0 0 0 0 0 0 0 0 0 0 0 0 0 0 0 0 0 0 0 0 0 0 0 0 0 0 0 0 0 0 0 0 0 0 0 0 0 0
0 0 0 0 0 0 0 0.0909432 0 0 0 0 0 0 0 0 0 0 0 0 0 0 0 0 0 0 0 0 0 0 0 0 0 0 0 0 0 0 0 0 0 0 0 0 0 0 0.0666936 0 0 0 0 0 0 0 0 0 0 0 0 0 0 0 0 0 0 0 0 0 0 0 0 0 0 0 0 0 0 0 0 0.149521 0 0 0 0 0 0 0 0 0 0 0 0 0 0 0 0.12899 0 0 0.203017 0
0 0 0 0 0 0 0 0 0 0 0 0 0 0 0 0 0 0 0 0 0 0.19808 0 0 0 0 0 0 0 0 0 0 0 0 0 0 0 0 0 0 0 0 0 0.122316 0 0 0 0 0 0 0.111746 0 0 0 0 0 0 0.146957 0 0 0 0 0.122759 0 0 0 0 0 0 0 0 0 0 0 0.160701 0 0 0 0 0 0 0 0 0 0 0 0 0 0.092554 0 0.171521 0 0 0 0 0 0 0 0 0
0 0 0 0 -0.00359049 0 0 0 0 0 0 0 0 0 0 0 0 0 0 0 0 0 0 0.156623 0 0 0 0.156353 0 0 0 0.140026 0 0 0 0 0 0.0657411 0 0 0 0 0 0 0 0 0 0 0 0 0 0 0 0 0 0 0 0 0 0 0 0 0 0 0 0 0 0 0 0 0 0 0 0 0 0 0 0 0 0 0 0 0 0 0 0 0 0 0 0 0 0 0 0 0 0 0 0 0.0553089 0
0 0 0 0 0 0 0 0 0 0 0 0 0 0 0 0 0 0 0 0 0 0.104078 0.0626174 0 0.0379997 0 0 0 0 0 0 0 0 0 0 0 0 0.128393 0 0 0 0.0810093 0 0 0 0 0 0 0 0 0 0 0 0 0.115067 0 0 0 0 0 0 0 0 0 0 0 0 0 0 0 0 0 0 0 0 0 0 0 0 0 0 0 0 0 0 0 0 0 0 0 0 0 0 0 0.0870915 0 0 0 0 0
0 0 0 0 0 0 0 0 0 0 0 0 0 0 0 0 0 0 0 0 0 0 0 0.0774963 0 0 0 0 0.0855193 0 0 0 0 0 0 0 0 0 0 0 0 0 0 0 0 0 0 0 0 0 0.0949239 0.16626 0 0 0 0 0 0 0 0 0 0 0 0 0 0 0 0 0 0.0933668 0 0 0 0 0 0.119244 0 0 0 0 0 0 0 0 0 0 0 0 0 0.125374 0 0 0.158859 0 0 0 0 0 0 0
0 0 0.12269 0 0 0 0 0 0 0 0 0 0 0 0 0 0 0.0500037 0 0 0 0 0 0 0.0710436 0 0 0 0 0 0 0 0 0 0 0 0 0 0 0.131314 0 0 0 0.122864 0 0 0 0 0 0 0 0 0 0 0.0704645 0 0 0 0 0 0 0 0 0 0 0 0 0 0 0 0.0753575 0 0 0 0 0 0 0 0 0 0 0 0 0 0 0.0851828 0 0 0 0 0 0 0 0 0 0 0 0 0 0
0 0 0 0 0 0 0 0 0 0 0 0 0 0 0 0 0 0 0 0 0 0 0 0 0 0 0 0 0 0 0 0 0 0.168958 0 0.115996 0 0 0 0 0 0 0 0 0 0 0 0 0 0 0 0 0.13662 0 0.110866 0 0 0 0 0 0.127797 0 0 0 0 0 0 0 0 0 0 0 0 0 0.188475 0 0 0 0 0 0 0 0 0 0 0 0 0 0 0 0.175743 0 0 0 0 0.1614 0 0 0 0
0 0 0 0 0 0 0 0 0 0 0 0 0 0 0 0 0 0 0 0 0 0.206184 0 0 0 0 0 0 0 0.139516 0 0 0 0 0 0 0 0 0 0 0 0 0.143138 0 0 0 0 0 0 0 0 0 0 0.0745546 0 0 0 0 0.141479 0 0 0 0 0 0.154972 0 0 0 0 0 0 0 0 0 0 0 0 0 0 0 0 0.0828028 0 0 0 0 0 0 0 0 0 0.115196 0 0 0 0 0 0 0 0
0 0 0 0 0 0 0 0 0 0 0 0 0 0 0.0500037 0 0 0 0 0 0 0 0 0 0 0 0 0 0 0 0 0 0 0 0 0 0 0.0947701 0.163025 0 0 0 0 0 0 0 0 0.0579732 0.0594136 0 0 0 0 0 0 0 0 0 0 0 0 0 0.105214 0 0 0 0 0 0.15374 0 0 0 0 0 0 0.138768 0 0 0 0.143059 0 0 0 0.158041 0 0 0 0 0 0 0 0 0 0 0 0 0 0 0 0
0 0.125804 0 0 0 0 0 0 0 0 0 0 0 0 0 0 0 0 0 0 0 0 0 0 0 0 0 0 0 0 0 0 0.119132 0.0903111 0.115192 0 0 0 0 0 0 0 0 0 0 0.0656794 0 0 0 0 0 0 0 0.106208 0 0 0 0 0 0 0 0 0 0 0.159563 0 0 0 0 0 0 0 0 0 0 0 0 0 0 0.147941 0 0 0 0 0 0 0 0 0 0 0 0 0 0 0 0 0 0 0 0
0 0 0 0 0 0 0 0 0.098318 0 0 0 0 0 0 0 0 0 0 0 0 0 0 0 0 0 0 0 0 0 0 0 0 0 0 0 0 0 0 0 0 0 0 0 0 0 0 0 0 0 0 0 0 0.132931 0 0 0.114243 0 0 0 0 0 0 0 0 0 0 0 0 0 0 0 0 0 0 0.143294 0 0 0 0 0 0 0.187447 0 0 0 0 0.087893 0 0 0 0 0 0.159846 0 0 0 0 0 0
0 0 0 0 0 0 0 0 0 0 0 0 0 0 0 0 0 0 0 0 0 0 0 0 0 0 0 0 0 0 0 0 0 0 0 0 0 0 0 0 0 0 0 0 0 0 0 0 0 0 0 0 0 0 0 0 0 0 0 0 0.148855 0.130783 0 0.0899753 0 0 0 0 0 0 0 0 0 0 0 0 0.141061 0 0 0 0 0 0 0 0 0 0 0 0 0 0 0 0.146805 0 0 0 0 0 0 0
0 0 0 0 0 0 0 0 0 0 0.19808 0 0.104078 0 0 0 0.206184 0 0 0 0 0 0.0922972 0 0 0 0 0 0 0 0.0805368 0.0876467 0 0 0 0 0 0 0 0 0 0 0 0 0 0 0 0 0 0 0 0 0 0 0 0 0 0 0 0 0 0 0 0 0 0 0 0 0 0 0 0 0 0 0 0 0 0 0 0 0 0 0 0 0.135135 0.0971967 0.10284 0 0 0 0 0 0.0650743 0 0 0 0 0 0 0
0 0 0 0 0 0 0 0 0 0 0 0 0.0626174 0 0 0 0 0 0 0 0 0.0922972 0 0 0 0 0 0 0 0 0 0 0 0 0 0 0 0 0 0 0 0 0 0 0 0 0 0 0 0 0 0 0 0 0 0 0 0 0 0 0 0.117851 0 0.114591 0 0 0 0 0 0 0 0 0 0 0 0 0 0 0 0 0 0 0 0 0 0 0.172344 0 0 0 0 0.15184 0 0 0.126856 0 0 0 0 0.107228
0 0 0 0 0 0 0 0 0 0 0 0.156623 0 0.0774963 0 0 0 0 0 0 0 0 0 0 0 0 0 0.119531 0 0 0 0 0 0 0 0 0 0 0 0.157168 0 0 0 0 0 0 0 0 0 0 0 0 0 0 0 0 0 0 0 0 0.1693 0 0 0.166393 0.121671 0 0.168507 0.133229 0 0 0 0 0 0 0 0 0 0 0 0 0 0 0 0 0 0 0 0 0 0 0 0 0 0 0 0.129631 0 0 0 0
0 0 0 0.109435 0 0 0 0 0 0 0 0 0.0379997 0 0.0710436 0 0 0 0 0 0 0 0 0 0 0 0 0 0 0 0 0 0 0 0 0 0 0 0 0 0 0 0 0 0 0 0 0 0.156704 0 0 0 0 0 0 0 0 0 0 0 0 0 0 0 0 0 0.147448 0 0 0 0 0 0 0 0 0 0 0 0 0 0 0.114897 0 0 0 0 0 0 0 0 0 0 0 0 0.114713 0 0 0 0 0.161172
0 0 0 0 0 0 0.123339 0 0 0 0 0 0 0 0 0 0 0 0 0 0 0 0 0 0 0 0 0 0 0 0 0 0 0.123443 0 0 0 0 0 0 0 0 0 0 0 0 0 0 0 0 0.117607 0.106699 0 0 0 0 0 0 0.0906922 0 0 0 0 0 0 0 0 0 0 0 0 0 0 0 0.106286 0 0 0 0 0 0 0 0 0 0 0 0 0 0 0.123056 0 0 0 0 0 0 0 0 0 0
0 0 0 0 0 0 0 0 0 0 0 0 0 0 0 0 0 0 0 0 0 0 0 0 0 0 0 0 0 0 0 0 0 0.102869 0 0 0 0 0 0 0 0 0.122892 0 0 0 0.153851 0 0 0 0 0 0 0 0 0 0 0 0 0 0 0 0 0.132959 0 0 0 0 0 0 0 0 0 0 0 0 0 0 0 0 0 0 0 0 0 0 0 0 0 0 0 0 0 0.0627826 0 0 0 0 0 0
0 0 0 0 0.0993947 0 0 0 0 0 0 0.156353 0 0 0 0 0 0 0 0 0 0 0 0.119531 0 0 0 0 0 0 0.132 0 0 0 0 0 0 0 0 0 0 0 0 0 0 0 0 0 0 0 0 0 0 0 0 0 0 0 0 0 0 0 0 0 0 0 0 0 0 0 0 0.0537154 0 0 0 0 0 0.178394 0 0 0 0 0 0 0 0.110113 0 0 0 0 0 0 0 0 0 0 0 0 0 0
0 0 0.0822898 0 0 0 0 0 0 0 0 0 0 0.0855193 0 0 0 0 0 0 0 0 0 0 0 0 0 0 0 0 0.151305 0 0 0 0.14749 0 0 0.123442 0 0 0 0 0 0 0 0 0 0 0 0 0.165022 0 0 0 0 0.17942 0 0.0751334 0 0 0 0 0 0 0 0 0 0 0 0 0 0 0 0 0 0 0 0 0 0 0 0 0.156964 0 0.155416 0 0 0 0 0.115896 0 0 0 0.0718458 0 0 0 0 0 0.124541
0 0 0 0.112863 0 0.0913671 0 0 0 0 0 0 0 0 0 0 0.139516 0 0 0 0 0 0 0 0 0 0 0 0 0 0 0 0 0 0 0 0 0 0 0 0 0 0 0 0 0 0 0 0 0 0 0 0 0 0 0 0 0 0 0 0 0 0 0 0 0 0 0 0.108101 0 0 0 0 0 0 0 0 0 0 0 0 0 0 0 0 0 0 0 0 0 0 0.128536 0 0 0 0 0 0 0.0426706 0
0 0 0 0.110373 0 0.130276 0 0 0 0 0 0 0 0 0 0 0 0 0 0 0 0.0805368 0 0 0 0 0 0.132 0.151305 0 0 0 0 0 0.17923 0 0 0 0.159872 0 0 0 0 0 0 0 0 0 0 0 0 0 0 0 0 -0.0417936 0 0 0 0 0 0 0 0 0 0 0 0.033605 0 0 0 0 0 0 0.0791947 0 0 0 0.114068 0 0 0 0 0 0 0 0 0 0 0 0 0 0 0 0 0 0 0 0 0.106268
0 0 0 0 0 0 0 0 0 0 0 0.140026 0 0 0 0 0 0 0 0 0 0.0876467 0 0 0 0 0 0 0 0 0 0 0 0 0 0 0 0 0 0 0 0 0 0 0 0 0 0 0 0 0 0.153796 0 0 0 0 0 0 0.0702371 0 0 0 0.162847 0 0 0 0 0 0 0 0 0 0 0.238828 0 0 0 0 0.218242 0 0 0 0 0 0 0 0 0 0 0 0 0 0.173412 0 0 0 0 0 0 0
0 0 0.0436018 0 0 0 0 0 0 0 0 0 0 0 0 0 0 0 0.119132 0 0 0 0 0 0 0 0 0 0 0 0 0 0 0 0 0 0.0903497 0 0 0 0 0 0 0 0 0.153253 0 0 0 0 0 0 0 0 0.128351 0 0 0 0 0 0 0 0 0 0 0 0 0 0.116155 0 0 0 0.14532 0.100741 0 0 0 0 0 0 0.122767 0 0 0 0.184001 0 0 0 0 0 0 0 0 0 0 0 0 0 0 0
0 0 0 0 0 0 0 0 0 0 0 0 0 0 0 0.168958 0 0 0.0903111 0 0 0 0 0 0 0.123443 0.102869 0 0 0 0 0 0 0 0 0 0 0 0 0 0 0 0 0 0 0 0 0 0.159007 0 0 0 0 0 0 0 0 0.087908 0 0.137487 0 0 0 0 0 0 0 0 0 0 0 0 0 0 0 0 0 0.092746 0 0 0 0 0 0 0 0 0 0 0 0 0 0.136083 0 0 0 0 0 0.0826734 0 0
0 0 0 0 0 0 0 0 0 0 0 0 0 0 0 0 0 0 0.115192 0 0 0 0 0 0 0 0 0 0.14749 0 0.17923 0 0 0 0 0 0 0 0 0 0 0 0 0.0918571 0 0 0 0 0 0 0 0 0 0 0 0 0 0 0 0 0 0 0 0 0 0.150924 0 0 0 0 0 0 0 0 0 0 0.113538 0 0 0 0 0 0 0 0 0 0 0 0 0 0 0.131811 0 0 0 0 0 0 0.173923 0
0 0 0 0 0 0 0 0 0 0 0 0 0 0 0 0.115996 0 0 0 0 0 0 0 0 0 0 0 0 0 0 0 0 0 0 0 0 0 0 0 0 0 0 0 0 0 0 0 0 0.16851 0 0 0 0 0.113328 0 0 0 0 0 0 0.148744 0 0 0 0 0 0 0.141298 0 0 0 0 0 0 0 0 0 0 0 0 0 0 0 0.142637 0 0 0 0 0 0 0 0 0 0 0 0 0 0.13005 0 0
0 0 0 0 0 0 0 0 0 0 0 0 0 0 0 0 0 0 0 0 0 0 0 0 0 0 0 0 0 0 0 0 0.0903497 0 0 0 0 0 0 0 0 0 0 0 0 0 0 0 0 0 0 0 0 0 0 0 0 0 0 0 0 0 0 0 0 0 0 0 0 0 0 0 0 0 0 0.17982 0 0 0 0.142511 0 0 0 0 0 0 0 0 0 0 0 0 0 0 0.122739 0 0 0 0 0
0 0 0 0 0 0 0 0 0 0 0 0.0657411 0.128393 0 0 0 0 0.0947701 0 0 0 0 0 0 0 0 0 0 0.123442 0 0 0 0 0 0 0 0 0 0 0 0 0 0 0 0 0.123968 0 0 0.116014 0 0 0 0 0 0 0 0 0 0 0 0.137387 0 0.160361 0 0 0 0 0 0 0 0 0 0 0 0 0 0.143147 0.131004 0 0 0 0.144305 0 0 0 0 0 0 0 0.157496 0 0 0 0 0 0 0 0 0 0
0 0 0 0 0 0 0 0 0 0 0 0 0 0 0 0 0 0.163025 0 0 0 0 0 0 0 0 0 0 0 0 0.159872 0 0 0 0 0 0 0 0 0 0 0 0 0 0 0 0 0 0 0 0 0 0 0 0 0 0 0 0.0569781 0 0 0 0 0 0 0 0 0 0 0 0 0.151675 0 0 0 0 0.169541 0 0 0 0 0 0 0 0 0 0 0 0 0 0 0 0 0 0 0.0229678 0 0 0 0.205903
0 0 0 0 0 0 0 0 0 0 0 0 0 0 0.131314 0 0 0 0 0 0 0 0 0.157168 0 0 0 0 0 0 0 0 0 0 0 0 0 0 0 0 0 0.14412 0 0 0 0 0.187838 0 0 0.20198 0 0 0 0 0 0 0 0 0 0 0 0.149728 0 0 0 0 0 0 0 0 0.12473 0 0 0 0.103788 0 0 0 0 0 0 0 0 0 0.0254631 0 0 0 0 0 0 0 0 0 0 0 0 0 0 0
0 0.124824 0 0 0 0 0 0 0 0 0 0 0 0 0 0 0 0 0 0 0 0 0 0 0 0 0 0 0 0 0 0 0 0 0 0 0 0 0 0 0 0 0 0 0 0 0 0 0 0 0 0 0 0 0 0 0 0 0 0 0 0.102434 0 0 0 0 0 0 0 0 0 0 0 0 0 0 0.138663 0 0 0 0 0 0 0 0.130682 0 0 0 0 0 0 0 0 0 0 0 0 0 0 0.0723332
0 0 0.130854 0 0 0 0 0 0 0 0 0 0.0810093 0 0 0 0 0 0 0 0 0 0 0 0 0 0 0 0 0 0 0 0 0 0 0 0 0 0 0.14412 0 0 0 0 0.0573927 0 0 0 0 0.110362 0 0 0 0 0 0 0 0 0.110503 0.0656187 0 0 0 0 0 0 0.241247 0 0 0.0854074 0 0 0 0 0 0 0 0 0 0 0 0 0 0 0 0 0 0 0 0 0 0 0 0 0 0 0.165655 0 0 0
0 0 0.151776 0 0 0 0 0 0 0 0 0 0 0 0 0 0.143138 0 0 0 0 0 0 0 0 0 0.122892 0 0 0 0 0 0 0 0 0 0 0 0 0 0 0 0 0 0 0 0.16176 0.124839 0 0 0 0.0980257 0 0 0 0 0 0 0 0 0 0 0 0 0.142812 0 0 0 0 0 0 0 0 0 0 0 0 0 0.153703 0 0 0 0 0 0 0 0.139077 0 0 0 0 0 0 0 0 0 0 0 0 0
0 0 0 0 0 0 0 0 0.0996564 0 0.122316 0 0 0 0.122864 0 0 0 0 0 0 0 0 0 0 0 0 0 0 0 0 0 0 0 0.0918571 0 0 0 0 0 0 0 0 0 0 0 0 0 0 0 0 0 0 0 0 0 0 0 0 0.162883 0 0 0.15389 0 0 0 0 0.142285 0 0.117548 0 0 0.14371 0 0 0 0 0 0 0 0 0 0 0 0 0.0886362 0 0 0 0 0 0 0 0 0 0 0 0 0 0
0 0 0 0 0 0.103139 0 0 0 0 0 0 0 0 0 0 0 0 0 0 0 0 0 0 0 0 0 0 0 0 0 0 0 0 0 0 0 0 0 0 0 0.0573927 0 0 0 0 0 0 0 0.13565 0 0 0 0 0 0 0 0 0 0 0 0 0.112225 0 0 0 0 0 0.108722 0 0 0 0 0 0 0 0 0 0 0 0 0 0 0 0.0765128 0 0 0 0 0 0 0.188138 0 0 0 0 0 0.0974462 0 0
0 0 0 0 0 0 0 0 0 0 0 0 0 0 0 0 0 0 0.0656794 0 0 0 0 0 0 0 0 0 0 0 0 0 0.153253 0 0 0 0 0.123968 0 0 0 0 0 0 0 0 0 0 0 0 0 0 0 0 0 0 0 0 0.102588 0.0296116 0.140537 0 0 0 0 0 0.146384 0 0 0 0 0 0 0 0 0 0 0 0 0 0 0 0 0 0 0 0 0 0 0 0 0 0 0 0 0 0 0 0 0
0 0 0 0 0 0 0 0 0 0.0666936 0 0 0 0 0 0 0 0 0 0 0 0 0 0 0 0 0.153851 0 0 0 0 0 0 0 0 0 0 0 0 0.187838 0 0 0.16176 0 0 0 0 0 0 0 0.153314 0 0 0 0 0 0 0 0 0 0.135551 0.0698762 0 0 0 0 0 0 0 0 0 0 0 0 0 0 0 0 0 0 0 0 0 0 0 0.142712 0 0 0 0 0 0 0.174096 0 0 0 0 0.169928 0 0
0 0 0 0 0 0 0 0 0 0 0 0 0 0 0 0 0 0.0579732 0 0 0 0 0 0 0 0 0 0 0 0 0 0 0 0 0 0 0 0 0 0 0 0 0.124839 0 0 0 0 0 0 0 0.141427 0 0 0 0 0 0 0 0 0 0 0 0 0 0 0 0 0 0 0 0 0 0 0.208391 0 0 0 0 0 0.0935214 0 0 0 0 0 0 0 0 0 0 0 0 0 0 0 0.14304 0 0 0 0
0 0 0 0 0 0 0 0 0 0 0 0 0 0 0 0 0 0.0594136 0 0 0 0 0 0 0.156704 0 0 0 0 0 0 0 0 0.159007 0 0.16851 0 0.116014 0 0 0 0 0 0 0 0 0 0 0 0 0 0 0 0 0.0408896 0 0 0 0 0 0 0 0 0 0 0 0 0 0 0 0 0 0 0 0 0 0 0 0 0 0 0 0 0 0 0.0892882 0 0 0 0 0 0.0795541 0 0 0 0 0 0 0 0
0 0 0 0 0 0 0.126084 0 0 0 0 0 0 0 0 0 0 0 0 0 0 0 0 0 0 0 0 0 0 0 0 0 0 0 0 0 0 0 0 0.20198 0 0.110362 0 0 0.13565 0 0 0 0 0 0 0 0 0 0 0 0 0 0 0 0.0435899 0 0 0 0 0 0 0 0 0 0 0 0 0 0 0 0 0 0 0 0 0 0 0 0 0 0 0 0 0 0 0 0 0 0 0 0 0 0 0
0 0 0 0 0 0 0 0 0 0 0.111746 0 0 0.0949239 0 0 0 0 0 0 0 0 0 0 0 0.117607 0 0 0.165022 0 0 0 0 0 0 0 0 0 0 0 0 0 0 0 0 0 0.153314 0.141427 0 0 0 0 0 0 0.128031 0 0 0 0 0 0 0.162047 0 0 0 0 0 0 0 0 0 0 0 0 0 0 0 0 0 0 0 0 0 0 0 0 0 0 0 0 0 0 0 0 0 0 0 0 0 0
0 0 0 0 0 0 0 0 0 0 0 0 0 0.16626 0 0 0 0 0 0 0 0 0 0 0 0.106699 0 0 0 0 0 0.153796 0 0 0 0 0 0 0 0 0 0 0.0980257 0 0 0 0 0 0 0 0 0 0 0 0 0 0 0 0 0.118338 0 0 0 0 0 0 0 0 0 0 0 0 0 0 0 0 0.132469 0 0 0 0 0 0.111567 0 0 0 0 0 0 0 0 0 0 0 0 0 0 0 0 0
0 0 0 0 0 0 0 0 0 0 0 0 0 0 0 0.13662 0 0 0 0 0 0 0 0 0 0 0 0 0 0 0 0 0 0 0 0 0 0 0 0 0 0 0 0 0 0 0 0 0 0 0 0 0 0 0.182379 0 0 0 0 0.13128 0 0 0 0.151778 0 0 0 0 0 0 0 0 0 0 0 0 0 0.120383 0 0 0 0 0 0 0 0 0 0 0 0 0 0 0 0 0 0 0 0 0 0
0.151545 0.0943625 0 0 0 0 0 0 0 0 0 0 0 0 0 0 0.0745546 0 0.106208 0.132931 0 0 0 0 0 0 0 0 0 0 0 0 0 0 0 0.113328 0 0 0 0 0 0 0 0 0 0 0 0 0 0 0 0 0 0 0 0 0 0 0 0 0.132704 0 0 0.161339 0 0 0 0.163322 0 0.121677 0.122327 0 0 0 0 0 0 0 0 0 0 0 0 0 0 0 0 0 0 0 0 0 0 0 0 0 0 0 0.220767 0
0 0 0 0 0 0.0999251 0 0 0.216289 0 0 0 0.115067 0 0.0704645 0.110866 0 0 0 0 0 0 0 0 0 0 0 0 0 0 0 0 0.128351 0 0 0 0 0 0 0 0 0 0 0 0 0 0 0 0.0408896 0 0.128031 0 0.182379 0 0 0 0 0 0 0 0 0.173317 0 0 0 0.208588 0 0 0 0 0 0 0 0 0 0 0.147797 0 0 0 0.137127 0 0 0 0 0 0 0 0 0 0 0 0 0 0 0 0 0 0 0
0 0 0 0 0 0 0 0 0 0 0 0 0 0 0 0 0 0 0 0 0 0 0 0 0 0 0 0 0.17942 0 -0.0417936 0 0 0 0 0 0 0 0 0 0 0 0 0 0 0 0 0 0 0 0 0 0 0 0 0 0 0 0 0 0 0 0 0 0 0 0 0 0 0 0 0 0 0.111205 0 0 0.111753 0 0 0 0 0 0 0 0 0 0 0 0 0 0.0340494 0 0.0740732 0 0 0 0 0 0 0
0 0 0 0 0 0 0 0 0 0 0 0 0 0 0 0 0 0 0 0.114243 0 0 0 0 0 0 0 0 0 0 0 0 0 0 0 0 0 0 0 0 0 0 0 0 0 0 0 0 0 0 0 0 0 0 0 0 0 0 0 0 0 0 0 0 0 0 0 0.125773 0 0 0 0 0 0.149337 0.0855481 0 0 0 0 0 0.125529 0 0 0 0 0 0 0 0 0 0 0 0.106513 0 0 0 0 0 0 0
0 0 0 0 0 0.152213 0 0 0 0 0.146957 0 0 0 0 0 0 0 0 0 0 0 0 0 0 0 0 0 0.0751334 0 0 0 0 0.087908 0 0 0 0 0 0 0 0 0 0 0 0 0 0 0 0 0 0 0 0 0 0 0 0 0 0 0 0 0 0 0 0 0 0.130414 0 0 0 0 0 0 0 0 0 0 0 0 0 0 0 0 0 0 0 0 0 0 0 0 0 0 0 0.140748 0 0 0 0.186534
0 0 0 0 0 0 0 0 0 0 0 0 0 0 0 0 0.141479 0 0 0 0 0 0 0 0 0.0906922 0 0 0 0 0 0.0702371 0 0 0 0 0 0 0.0569781 0 0 0.110503 0 0 0 0.102588 0 0 0 0 0 0 0 0 0 0 0 0 0 0 0 0 0 0 0 0 0 0 0 0 0 0 0 0 0.145633 0 0.153635 0 0 0 0 0 0 0 0 0 0 0 0 0 0 0 0 0 0 0 0 0.120989 0 0
0 0 0.124065 0 0 0 0 0 0 0 0 0 0 0 0 0 0 0 0 0 0 0 0 0 0 0 0 0 0 0 0 0 0 0.137487 0 0 0 0 0 0 0 0.0656187 0 0.162883 0 0.0296116 0 0 0 0 0 0.118338 0.13128 0 0 0 0 0 0 0 0 0 0 0.114221 0 0 0 0 0 0 0 0 0.157992 0 0 0 0 0 0 0 0 0 0 0 0 0 0 0 0 0 0 0 0 0 0 0 0 0 0 0
0 0 0 0 0 0 0 0 0 0 0 0 0 0 0 0.127797 0 0 0 0 0.148855 0 0 0.1693 0 0 0 0 0 0 0 0 0 0 0 0.148744 0 0.137387 0 0 0 0 0 0 0 0.140537 0.135551 0 0 0.0435899 0 0 0 0.132704 0 0 0 0 0 0 0 0 0 0 0 0 0 0 0 0 0 0 0 0 0 0 0 0 0 0 0 0 0.128071 0 0 0 0 0 0 0 0 0 0 0 0 0 0 0 0.162339 0
0 0 0 0.0603542 0 0 0 0.106546 0 0 0 0 0 0 0 0 0 0 0 0 0.130783 0 0.117851 0 0 0 0 0 0 0 0 0 0 0 0 0 0 0 0 0.149728 0.102434 0 0 0 0 0 0.0698762 0 0 0 0.162047 0 0 0 0.173317 0 0 0 0 0 0 0 0 0 0 0 0 0 0 0 0 0 0 0 0 0 0 0 0 0 0 0 0 0 0.195411 0 0 0 0 0 0 0.079234 0 0 0 0 0 0 0 0.119969
0 0 0.155567 0 0 0 0.167507 0 0 0 0.122759 0 0 0 0 0 0 0.105214 0 0 0 0 0 0 0 0 0 0 0 0 0 0.162847 0 0 0 0 0 0.160361 0 0 0 0 0 0.15389 0.112225 0 0 0 0 0 0 0 0 0 0 0 0 0 0 0 0 0 0 0 0 0 0 0 0 0.148244 0 0 0 0 0 0 0 0 0 0 0 0 0 0 0 0 0.130839 0 0 0 0 0 0 0 0 0 0 0 0.143148 0
0 0.0659735 0 0 0 0 0 0 0 0 0 0 0 0 0 0 0 0 0 0 0.0899753 0 0.114591 0.166393 0 0 0.132959 0 0 0 0 0 0 0 0 0 0 0 0 0 0 0 0 0 0 0 0 0 0 0 0 0 0.151778 0.161339 0 0 0 0 0 0.114221 0 0 0 0 0 0 0 0 0 0 0 0 0 0 0 0 0 0 0 0 0 0 0 0 0 0.20876 0 0 0 0 0 0 0 0 0 0 0 0 0 0
0 0 0 0 0 0 0 0 0 0 0 0 0 0 0 0 0.154972 0 0.159563 0 0 0 0 0.121671 0 0 0 0 0 0 0 0 0 0 0 0 0 0 0 0 0 0 0.142812 0 0 0 0 0 0 0 0 0 0 0 0 0 0 0 0 0 0 0 0 0 0 0 0 0 0 0 0 0 0 0 0 0 0 0 0.094407 0 0 0 0 0 0 0 0 0 0 0 0 0 0 0 0 0 0 0 0 0
0 0 0 0 0 0 0 0 0 0 0 0 0 0 0 0 0 0 0 0 0 0 0 0 0 0 0 0 0 0 0 0 0 0 0.150924 0 0 0 0 0 0 0 0 0 0 0 0 0 0 0 0 0 0 0 0.208588 0 0 0 0 0 0 0 0 0 0 0 0.171237 0 0 0 0 0 0 0 0 0 0 0 0.0916683 0 0 0 0 0 0 0 0 0.118005 0 0 0 0.154673 0 0 0.139341 0 0 0 0 0
0 0 0 0 0 0 0 0 0 0 0 0 0 0 0 0 0 0 0 0 0 0 0 0.168507 0.147448 0 0 0 0 0 0 0 0 0 0 0 0 0 0 0 0 0.241247 0 0 0 0.146384 0 0 0 0 0 0 0 0 0 0 0 0 0 0 0 0 0 0 0 0.171237 0 0.0907308 0 0 0 0 0 0 0 0 0.0956668 0 0.158478 0 0.129989 0 0 0 0 0 0 0 0 0 0 0 0 0 0 0.111297 0 0 0 0
0 0 0 0 0 0 0 0 0 0 0 0 0 0 0 0 0 0 0 0 0 0 0 0.133229 0 0 0 0 0 0 0.033605 0 0 0 0 0.141298 0 0 0 0 0 0 0 0.142285 0 0 0 0 0 0 0 0 0 0.163322 0 0 0.125773 0.130414 0 0 0 0 0 0 0 0 0.0907308 0 0 0 0.153924 0 0 0 0 0 0.198426 0 0 0 0 0 0.122344 0 0 0 0 0 0 0.103594 0 0 0 0 0 0 0.132593 0 0 0
0 0 0 0 0 0 0 0 0 0 0 0 0 0 0 0 0 0.15374 0 0 0 0 0 0 0 0 0 0 0 0.108101 0 0 0.116155 0 0 0 0 0 0 0 0 0 0 0 0.108722 0 0 0 0 0 0 0 0 0 0 0 0 0 0 0 0 0 0 0 0 0 0 0 0 0 0 0 0 0 0 0 0 0 0 0 0 0.193886 0 0 0 0.118434 0 0 0 0 0 0 0 0 0 0.160732 0 0 0 0
0 0 0 0 0 0 0 0 0 0 0 0 0 0.0933668 0 0 0 0 0 0 0 0 0 0 0 0 0 0 0 0 0 0 0 0 0 0 0 0 0 0 0 0.0854074 0 0.117548 0 0 0 0 0 0 0 0 0 0.121677 0 0 0 0 0 0 0 0 0.148244 0 0 0 0 0 0 0 0 0 0 0 0 0 0 0 0 0 0 0 0 0 0 0 0 0 0 0.162606 0 0.105507 0.164582 0 0 0 0 0 0 0
0.16861 0 0.0504238 0.135948 0.137372 0 0 0 0 0 0 0 0 0 0.0753575 0 0 0 0 0 0 0 0 0 0 0 0 0 0 0 0 0 0 0 0 0 0 0 0 0.12473 0 0 0 0 0 0 0 0 0 0 0 0 0 0.122327 0 0 0 0 0 0 0 0 0 0 0 0 0 0.153924 0 0 0 0 0.0449623 0 0 0 0 0 0 0 0 0 0 0 0 0 0 0 0 0 0 0 0 0 0 0 0 0 0 0
0 0 0 0 0 0 0 0 0 0 0 0 0 0 0 0 0 0 0 0 0 0 0 0 0 0 0 0.0537154 0 0 0 0 0 0 0 0 0 0 0.151675 0 0 0 0 0 0 0 0 0 0 0 0 0 0 0 0 0 0 0 0 0 0 0 0 0 0 0 0 0 0 0 0 0 0 0 0 0 0 0 0 0 0 0.104963 0 0 0 0 0 0 0 0 0 0 0 0 0 0 0 0.113795 0 0
0 0 0 0 0 0 0 0 0 0 0 0 0 0 0 0 0 0 0 0 0 0 0 0 0 0 0 0 0 0 0 0 0.14532 0 0 0 0 0 0 0 0 0 0 0.14371 0 0 0 0 0 0 0 0 0 0 0 0 0 0 0 0.157992 0 0 0 0 0 0 0 0 0 0 0.0449623 0 0 0 0 0 0 0 0 0.122207 0 0 0 0 0 0 0 0 0 0 0.168439 0 0 0 0 0 0 0 0 0
0 0 0 0 0 0 0 0 0 0 0 0 0 0 0 0 0 0 0 0 0 0 0 0 0 0 0 0 0 0 0 0.238828 0.100741 0 0 0 0 0 0 0 0 0 0 0 0 0 0 0.208391 0 0 0 0 0 0 0 0.111205 0.149337 0 0 0 0 0 0 0 0 0 0 0 0 0 0 0 0 0 0 0 0 0 0 0 0 0.0765299 0 0 0 0 0 0 0 0 0 0 0 0 0 0 0 0 0 0
0 0 0 0 0 0 0 0 0 0 0.160701 0 0 0 0 0.188475 0 0 0 0 0 0 0 0 0 0.106286 0 0 0 0 0.0791947 0 0 0 0 0 0 0 0 0.103788 0 0 0 0 0 0 0 0 0 0 0 0 0 0 0 0 0.0855481 0 0.145633 0 0 0 0 0 0 0 0 0 0 0 0 0 0 0 0 0 0 0 0 0.135672 0.120222 0 0 0 0 0 0 0 0.134481 0 0 0 0 0 0 0 0 0 0.164984 0
0 0 0 0 0.154058 0 0 0 0 0 0 0 0 0.119244 0 0 0 0.138768 0 0.143294 0 0 0 0 0 0 0 0 0 0 0 0 0 0 0 0 0.17982 0 0 0 0 0 0 0 0 0 0 0 0 0 0 0 0 0 0 0 0 0 0 0 0 0 0 0 0 0 0 0 0 0 0 0 0 0 0 0 0 0 0 0 0 0 0.0772115 0 0.199818 0 0 0 0 0 0 0 0 0 0 0 0 0 0 0
0 0 0 0 0 0 0 0 0 0 0 0 0 0 0 0 0 0 0 0 0.141061 0 0 0 0 0 0 0 0 0 0 0 0 0 0.113538 0 0 0.143147 0.169541 0 0.138663 0 0 0 0 0 0 0 0 0 0 0.132469 0 0 0.147797 0.111753 0 0 0.153635 0 0 0 0 0 0 0 0.0956668 0.198426 0 0 0 0 0 0 0 0 0 0 0.0989066 0 0 0 0 0 0 0 0 0 0 0 0 0.129402 0 0 0 0 0 0 0 0.183386
0 0 0 0 0 0.0979899 0 0 0 0 0 0 0 0 0 0 0 0 0 0 0 0 0 0 0 0 0 0.178394 0 0 0 0 0 0.092746 0 0 0 0.131004 0 0 0 0 0 0 0 0 0 0 0 0 0 0 0.120383 0 0 0 0 0 0 0 0 0 0 0 0 0 0 0 0 0 0 0 0 0 0 0 0 0 0 0 0 0 0 0 0 0 0 0.145604 0 0 0 0 0 0 0 0 0 0 0.227597 0
0 0 0 0 0 0 0 0 0 0 0 0 0 0 0 0 0 0 0 0 0 0 0 0 0 0 0 0 0 0 0.114068 0.218242 0 0 0 0 0 0 0 0 0 0 0.153703 0 0 0 0 0 0 0 0 0 0 0 0 0 0 0 0 0 0 0 0 0 0.094407 0.0916683 0.158478 0 0 0 0 0 0 0 0 0 0.0989066 0 0 0 0 0 0 0 0 0 0 0 0 0 0.127811 0.113064 0 0 0 0 0 0 0.053775 0
0 0 0 0 0 0 0 0 0 0.149521 0 0 0 0 0 0 0 0.143059 0.147941 0 0 0 0 0 0 0 0 0 0 0 0 0 0 0 0 0 0.142511 0 0 0 0 0 0 0 0 0 0 0.0935214 0 0 0 0 0 0 0 0 0 0 0 0 0 0 0 0 0 0 0 0 0 0 0 0 0.122207 0 0.135672 0 0 0 0 0 0.176588 0 0 0 0 0 0 0 0.165442 0 0 0 0 0 0 0 0 0 0 0
0 0.160429 0 0 0 0 0 0 0 0 0 0 0 0 0 0 0 0 0 0 0 0 0 0 0 0 0 0 0 0 0 0 0.122767 0 0 0 0 0 0 0 0 0 0 0 0 0 0 0 0 0 0 0 0 0 0.137127 0 0.125529 0 0 0 0 0 0 0 0 0 0.129989 0 0 0 0 0 0 0 0.120222 0 0 0 0 0.176588 0 0.117513 0 0.145884 0 0 0 0 0.133087 0.127465 0 0 0 0 0 0 0 0 0 0
0 0 0 0 0 0 0 0 0 0 0 0 0 0 0 0 0.0828028 0 0 0 0 0 0 0 0.114897 0 0 0 0 0 0 0 0 0 0 0 0 0.144305 0 0 0 0 0 0 0 0 0 0 0 0 0 0 0 0 0 0 0 0 0 0 0 0 0 0 0 0 0 0 0.193886 0 0 0.104963 0 0.0765299 0 0 0 0 0 0 0.117513 0 0 0 0 0 0.156061 0 0 0 0 0 0 0 0 0 0 0 0 0
0 0 0 0 0 0 0 0 0 0 0 0 0 0 0 0 0 0 0 0.187447 0 0 0 0 0 0 0 0 0.156964 0 0 0 0 0 0 0 0 0 0 0 0 0 0 0 0 0 0 0 0 0 0 0.111567 0 0 0 0 0 0 0 0 0.128071 0 0 0 0 0 0 0.122344 0 0 0 0 0 0 0 0.0772115 0 0 0 0 0 0 0 0 0 0.0813175 0 0 0 0 0 0 0 0 0 0 0 0 0 0
0 0 0.0975392 0 0 0 0 0 0 0 0 0 0 0 0 0 0 0.158041 0 0 0 0 0 0 0 0 0 0 0 0 0 0 0 0 0 0.142637 0 0 0 0 0 0 0 0 0 0 0 0 0 0 0 0 0 0 0 0 0 0 0 0 0 0 0 0 0 0 0 0 0 0 0 0 0 0 0 0 0 0 0 0 0.145884 0 0 0 0 0 0 0 0 0 0 0 0 0.0740446 0 0 0 0 0 0
0.120068 0 0 0 0 0 0 0 0 0 0 0 0 0 0 0 0 0 0 0 0 0.135135 0 0 0 0 0 0 0.155416 0 0 0 0.184001 0 0 0 0 0 0 0.0254631 0.130682 0 0 0 0.0765128 0 0 0 0 0 0 0 0 0 0 0 0 0 0 0 0 0.195411 0 0 0 0 0 0 0 0 0 0 0 0 0 0.199818 0 0 0 0 0 0 0 0 0 0 0 0.16476 0 0 0 0 0 0 0 0 0 0 0 0
0 0 0 0.0723404 0 0 0 0 0 0 0 0 0 0 0.0851828 0 0 0 0 0 0 0.0971967 0 0 0 0 0 0.110113 0 0 0 0 0 0 0 0 0 0 0 0 0 0 0 0.0886362 0 0 0.142712 0 0.0892882 0 0 0 0 0 0 0 0 0 0 0 0 0 0 0.20876 0 0 0 0 0.118434 0 0 0 0 0 0 0 0 0 0 0 0 0 0.0813175 0 0 0 0 0 0 0.145931 0 0 0 0 0 0 0 0 0 0
0 0 0 0 0.062698 0 0 0 0 0 0 0 0 0 0 0 0 0 0 0 0 0.10284 0.172344 0 0 0 0 0 0 0 0 0 0 0 0 0 0 0 0 0 0 0 0.139077 0 0 0 0 0 0 0 0 0 0 0 0 0 0 0 0 0 0 0 0.130839 0 0 0 0 0 0 0 0 0 0 0 0 0 0 0 0 0 0 0.156061 0 0 0 0 0 0 0 0 0 0 0 0 0 0 0 0 0 0
0 0 0 0 0 0.0535298 0 0 0 0 0 0 0 0 0 0 0 0 0 0.087893 0 0 0 0 0 0 0 0 0 0 0 0 0 0 0 0 0 0 0 0 0 0 0 0 0 0 0 0 0 0 0 0 0 0 0 0 0 0 0 0 0 0 0 0 0 0.118005 0 0 0 0 0 0 0 0 0 0 0 0.145604 0 0 0 0 0 0 0.16476 0 0 0 0 0 0 0 0 0 0 0 0 0 0 0
0 0.0606017 0 0 0 0 0 0 0 0 0.092554 0 0 0 0 0 0 0 0 0 0 0 0 0 0 0 0 0 0 0 0 0 0 0 0 0 0 0 0 0 0 0 0 0 0 0 0 0 0 0 0 0 0 0 0 0 0 0 0 0 0 0 0 0 0 0 0 0 0 0 0 0 0 0 0.134481 0 0 0 0 0.165442 0.133087 0 0 0 0 0 0 0 0 0 0 0 0 0 0 0 0 0 0 0
0 0 0 0.208725 0 0 0 0 0 0 0 0 0 0.125374 0 0 0 0 0 0 0 0 0 0 0 0.123056 0 0 0.115896 0 0 0 0 0 0 0 0 0.157496 0 0 0 0 0 0 0 0 0 0 0 0 0 0 0 0 0 0 0 0 0 0 0 0 0 0 0 0 0 0.103594 0 0.162606 0 0 0 0 0 0 0 0 0 0 0.127465 0 0 0 0 0.145931 0 0 0 0 0 0 0.141511 0 0 0 0.0870242 0 0.0795099 0
0 0 0 0 0 0 0 0 0 0 0.171521 0 0 0 0 0.175743 0 0 0 0 0 0 0 0 0 0 0 0 0 0 0 0 0 0 0 0 0 0 0 0 0 0 0 0 0 0 0 0 0 0 0 0 0 0 0 0.0340494 0 0 0 0 0 0 0 0 0 0 0 0 0 0 0 0 0.168439 0 0 0 0 0 0.127811 0 0 0 0 0 0 0 0 0 0 0 0 0 0 0 0 0 0 0 0 0.0716957
0 0 0 0 0 0.124666 0 0 0 0 0 0 0 0 0 0 0.115196 0 0 0 0 0 0.15184 0 0 0 0 0 0 0.128536 0 0 0 0.136083 0.131811 0 0 0 0 0 0 0 0 0 0.188138 0 0 0 0.0795541 0 0 0 0 0 0 0 0 0 0 0 0 0.079234 0 0 0 0.154673 0 0 0 0.105507 0 0 0 0 0 0 0.129402 0 0.113064 0 0 0 0 0 0 0 0 0 0 0 0 0 0 0 0 0 0 0 0 0
0 0 0 0 0 0 0 0 0 0 0 0 0 0.158859 0 0 0 0 0 0 0.146805 0.0650743 0 0 0 0 0 0 0 0 0 0.173412 0 0 0 0 0 0 0 0 0 0 0 0 0 0 0.174096 0 0 0 0 0 0 0 0 0.0740732 0.106513 0 0 0 0 0 0 0 0 0 0 0 0 0.164582 0 0 0 0 0 0 0 0 0 0 0 0 0 0 0 0 0 0 0 0.141511 0 0 0 0 0.209796 0 0 0 0 0
0 0 0 0 0 0 0 0 0 0 0 0 0 0 0 0 0 0 0 0.159846 0 0 0 0 0 0 0.0627826 0 0.0718458 0 0 0 0 0 0 0 0 0 0 0 0 0 0 0 0 0 0 0 0 0 0 0 0 0 0 0 0 0 0 0 0 0 0 0 0 0 0 0 0 0 0 0 0 0 0 0 0 0 0 0 0 0 0 0.0740446 0 0 0 0 0 0 0 0 0 0 0 0 0 0.114009 0.113406 0
0 0 0 0 0 0 0 0 0 0 0 0 0.0870915 0 0 0 0 0 0 0 0 0 0.126856 0 0.114713 0 0 0 0 0 0 0 0 0 0 0 0.122739 0 0 0 0 0 0 0 0 0 0 0 0 0 0 0 0 0 0 0 0 0 0 0 0 0 0 0 0 0.139341 0 0 0 0 0 0 0 0 0 0 0 0 0 0 0 0 0 0 0 0 0 0 0 0 0 0 0.209796 0 0 0 0 0 0 0
0 0 0.165126 0 0 0 0 0 0 0.12899 0 0 0 0 0 0.1614 0 0 0 0 0 0 0 0.129631 0 0 0 0 0 0 0 0 0 0 0 0 0 0 0.0229678 0 0 0 0 0 0 0 0 0.14304 0 0 0 0 0 0 0 0 0 0.140748 0 0 0 0 0 0 0 0 0.111297 0 0.160732 0 0 0 0 0 0 0 0 0 0 0 0 0 0 0 0 0 0 0 0 0 0 0 0 0 0 0 0 0.102416 0 0
0 0.087614 0 0.129309 0 0 0 0.0889958 0 0 0 0 0 0 0 0 0 0 0 0 0 0 0 0 0 0 0 0 0 0 0 0 0 0 0 0 0 0 0 0 0 0.165655 0 0 0 0 0 0 0 0 0 0 0 0 0 0 0 0 0 0 0 0 0 0 0 0 0 0.132593 0 0 0 0 0 0 0 0 0 0 0 0 0 0 0 0 0 0 0 0 0 0.0870242 0 0 0 0 0 0 0 0.117902 0.132222 0
0 0 0 0 0 0 0 0 0 0 0 0 0 0 0 0 0 0 0 0 0 0 0 0 0 0 0 0 0 0 0 0 0 0.0826734 0 0.13005 0 0 0 0 0 0 0 0 0.0974462 0 0.169928 0 0 0 0 0 0 0 0 0 0 0 0.120989 0 0 0 0 0 0 0 0 0 0 0 0 0.113795 0 0 0 0 0 0 0 0 0 0 0 0 0 0 0 0 0 0 0 0 0 0.114009 0 0.102416 0.117902 0 0 0
0 0 0 0 0 0 0 0 0 0.203017 0 0.0553089 0 0 0 0 0 0 0 0 0 0 0 0 0 0 0 0 0 0.0426706 0 0 0 0 0.173923 0 0 0 0 0 0 0 0 0 0 0 0 0 0 0 0 0 0 0.220767 0 0 0 0 0 0 0.162339 0 0.143148 0 0 0 0 0 0 0 0 0 0 0 0.164984 0 0 0.227597 0.053775 0 0 0 0 0 0 0 0 0 0 0.0795099 0 0 0 0.113406 0 0 0.132222 0 0 0.142797
0 0 0 0 0 0 0 0 0 0 0 0 0 0 0 0 0 0 0 0 0 0 0.107228 0 0.161172 0 0 0 0.124541 0 0.106268 0 0 0 0 0 0 0 0.205903 0 0.0723332 0 0 0 0 0 0 0 0 0 0 0 0 0 0 0 0 0.186534 0 0 0 0.119969 0 0 0 0 0 0 0 0 0 0 0 0 0 0 0.183386 0 0 0 0 0 0 0 0 0 0 0 0 0 0.0716957 0 0 0 0 0 0 0 0.142797 0
