100
0 0.131259 0.123253 0 0.124144 0 0 0.129286 0 0 0 0 0.128191 0 0 0 0 0 0 0 0 0 0 0 0 0.128784 0 0 0 0 0 0 0 0 0.128976 0 0.134403 0.133135 0 0 0 0.133765 0 0 0 0.124548 0 0 0 0 0 0 0.133459 0.132111 0 0 0 0 0.135171 0 0 0 0 0 0 0.135399 0 0 0 0 0.127338 0 0 0 0 0 0 0 0 0.134218 0 0 0 0 0.13017 0.134264 0 0 0 0 0 0 0 0 0.127549 0 0.128271 0 0 0
0.131259 0 0 0 0 0 0.128673 0 0 0 0 0 0 0 0.129202 0 0 0 0.125542 0 0 0 0 0 0 0 0 0 0 0 0 0 0 0 0 0 0.127074 0 0 0 0.135548 0.133398 0 0 0 0 0 0 0 0 0 0 0 0.129607 0 0 0 0 0 0 0 0 0 0.132103 0 0 0 0 0 0 0 0.132347 0 0 0.128384 0 0 0 0 0 0.132955 0 0 0 0 0 0 0 0.126818 0 0.134612 0 0 0 0 0 0.129243 0 0 0
0.123253 0 0 0 0.123168 0 0 0 0 0 0 0 0 0 0.126283 0 0 0.134967 0 0.123432 0 0 0 0 0 0 0 0 0.132171 0.134078 0 0 0.130486 0 0 0 0.128869 0 0 0 0 0.126007 0.126768 0 0 0 0 0 0 0 0 0.132532 0.130779 0 0 0 0 0 0.126442 0.127326 0 0 0 0 0 0 0 0 0 0 0 0 0 0.126636 0 0 0 0 0 0 0 0 0 0.128763 0 0 0 0 0.127503 0 0 0 0.134174 0 0 0.128179 0 0 0 0.125682
0 0 0 0 0 0 0 0 0 0 0 0.124372 0 0 0 0 0 0 0 0 0 0 0.125532 0 0.130425 0 0 0 0 0 0.134653 0 0 0 0 0 0 0 0 0 0 0 0 0 0 0 0 0 0 0 0 0 0 0 0 0 0 0 0 0 0 0.132504 0 0 0 0 0 0 0 0 0.124838 0 0.127369 0 0 0 0 0 0 0 0.125948 0 0 0 0 0.134226 0 0 0 0.133995 0 0 0 0 0 0 0.132938 0 0 0
0.124144 0 0.123168 0 0 0 0 0 0 0 0 0.128262 0 0 0 0.128612 0 0.132749 0 0 0.132923 0 0 0 0 0 0 0.125315 0 0 0 0.131781 0 0.127465 0 0 0 0 0 0 0 0 0 0 0 0 0 0 0 0 0 0.126173 0 0.132888 0 0.124678 0 0 0 0 0 0 0 0 0 0 0 0 0 0.135038 0.12733 0 0 0 0 0.127618 0 0 0 0 0 0 0.135253 0 0 0 0.127631 0 0 0 0 0 0 0 0 0 0 0 0 0
0 0 0 0 0 0 0 0 0 0 0 0 0 0 0 0 0 0 0 0 0 0 0 0 0 0 0 0 0 0.134399 0.133271 0 0 0 0 0 0 0 0 0 0.124231 0.127395 0 0 0.128061 0 0 0.123833 0 0 0 0 0 0 0.127052 0 0 0.126776 0 0 0 0 0.123954 0 0 0.132088 0 0 0 0 0 0 0 0 0 0 0.124119 0.134311 0 0 0 0.133372 0 0 0 0 0 0.132889 0 0 0 0.126483 0 0 0 0 0.135019 0 0 0
0 0.128673 0 0 0 0 0 0 0 0 0 0 0 0 0 0.131628 0 0.133336 0 0 0 0 0 0 0.126728 0.133306 0 0 0 0 0 0 0 0 0 0 0 0 0 0 0 0 0 0 0 0 0 0 0 0.130207 0 0 0 0 0 0 0 0.130941 0 0 0 0 0.129946 0.124859 0 0 0.129781 0 0 0 0 0 0 0 0 0.129868 0 0 0 0 0 0 0.128469 0 0 0 0 0 0 0 0 0 0 0 0 0 0 0 0.127343 0
0.129286 0 0 0 0 0 0 0 0 0.134565 0 0 0 0 0 0 0 0 0 0 0 0 0 0 0 0 0 0 0 0 0 0 0 0 0 0.12626 0 0 0 0 0 0 0 0 0.134789 0 0 0 0 0 0 0 0.135558 0 0.131717 0 0 0 0 0 0 0.135358 0 0 0 0 0 0 0 0.123186 0 0 0 0 0 0 0 0 0 0 0 0 0 0.124966 0 0 0 0 0 0 0 0 0 0 0 0 0.135076 0 0 0
0 0 0 0 0 0 0 0 0 0 0 0 0 0 0 0 0 0 0 0.124128 0 0 0 0 0 0 0.13468 0.12592 0 0 0 0 0 0 0 0.132575 0 0 0 0 0 0 0.128363 0.127968 0 0 0 0 0 0 0.130435 0 0 0 0.134489 0 0 0 0 0 0 0 0 0 0 0 0 0 0 0 0 0 0 0 0 0 0 0 0 0 0 0 0 0 0.129119 0 0 0 0 0 0 0 0 0.12361 0 0 0 0 0 0
0 0 0 0 0 0 0 0.134565 0 0 0 0.125552 0 0 0 0 0 0.12699 0 0 0 0.135019 0 0 0 0 0 0 0 0 0 0 0 0 0 0 0 0 0 0 0 0 0 0 0 0 0.128143 0 0 0 0 0 0 0 0 0 0 0 0 0 0 0 0 0 0 0 0 0 0 0 0 0 0 0 0 0 0 0 0 0.128096 0 0 0 0 0 0 0 0 0 0 0 0 0 0 0 0.125698 0 0 0 0
0 0 0 0 0 0 0 0 0 0 0 0 0 0 0 0 0 0 0 0 0 0.13514 0 0 0 0 0.132897 0 0 0 0.130466 0 0 0 0.130208 0 0 0 0 0 0 0 0 0.131819 0 0.132826 0 0 0 0 0.127206 0 0 0 0 0.132874 0 0.132292 0 0 0 0 0 0 0 0 0.132092 0 0.125062 0 0 0 0 0 0.133029 0 0 0 0 0 0.124652 0 0 0 0.129653 0 0 0 0.125118 0 0 0 0 0 0 0 0 0 0 0
0 0 0 0.124372 0.128262 0 0 0 0 0.125552 0 0 0 0 0 0 0 0 0.13553 0.128693 0 0 0 0.127281 0 0 0 0.135409 0 0 0 0.133718 0 0 0 0 0 0.124371 0 0 0 0 0 0 0 0 0.126934 0 0 0 0 0 0 0 0 0 0 0 0 0 0 0.129307 0 0 0 0.128656 0 0.135549 0 0 0 0 0 0 0 0 0 0 0 0.124402 0 0.13361 0 0 0 0.129024 0 0 0 0 0 0 0 0 0 0 0 0 0 0
0.128191 0 0 0 0 0 0 0 0 0 0 0 0 0 0 0 0 0 0 0 0 0.133117 0.123235 0 0.132652 0 0 0 0 0 0 0 0 0 0 0 0 0.133209 0.12448 0.128581 0 0.134705 0 0 0 0 0 0 0 0 0 0 0.123371 0 0.129545 0 0 0 0 0 0.127147 0 0 0 0 0 0 0 0 0 0.133281 0 0 0 0 0 0 0 0 0.131711 0 0 0.12784 0 0 0 0 0 0 0 0 0 0 0 0.126331 0 0 0 0 0
0 0 0 0 0 0 0 0 0 0 0 0 0 0 0 0 0 0 0 0 0 0 0 0.131182 0 0 0 0 0.132 0.13194 0 0 0 0 0.133234 0 0 0 0.127085 0 0 0 0 0 0 0 0 0 0 0 0.135159 0.13496 0 0.135315 0 0 0 0 0 0 0 0 0 0 0 0.127351 0 0 0 0.128764 0 0 0 0 0.125555 0 0 0 0 0 0 0 0 0 0 0 0 0 0 0.127777 0 0 0.125929 0.129087 0 0.134918 0 0 0 0
0 0.129202 0.126283 0 0 0 0 0 0 0 0 0 0 0 0 0 0 0.125248 0 0 0 0 0 0 0.130443 0 0 0 0 0 0 0 0 0 0 0 0 0 0 0.123743 0 0 0 0.13503 0 0.132927 0 0 0 0 0 0.123219 0 0 0.128168 0 0 0 0 0 0 0 0 0 0 0 0 0 0 0 0 0 0 0 0.133807 0 0 0 0 0.124167 0 0 0 0 0 0.123079 0 0 0 0 0 0 0 0 0 0 0 0 0.130657 0
0 0 0 0 0.128612 0 0.131628 0 0 0 0 0 0 0 0 0 0 0.126843 0 0 0 0 0 0 0 0.133354 0 0 0 0 0 0 0 0.134807 0 0.123139 0 0 0 0 0 0 0 0 0 0 0.124388 0 0 0 0 0 0.12346 0 0.129406 0 0 0 0 0 0.130731 0 0 0 0 0.1255 0 0 0 0 0 0 0.125801 0 0.130866 0 0 0 0 0 0 0 0 0 0 0 0.132647 0 0 0 0.127081 0 0 0 0 0.125345 0 0.134206 0 0
0 0 0 0 0 0 0 0 0 0 0 0 0 0 0 0 0 0 0.13298 0 0 0.132559 0 0 0 0 0 0 0 0.127338 0 0 0 0 0 0 0 0 0 0 0 0 0.125686 0 0 0 0 0 0 0 0.130435 0 0 0.126914 0 0 0 0 0.135521 0 0 0 0 0.127386 0.13375 0 0.127681 0 0 0 0 0 0 0 0 0 0 0 0 0 0 0.124749 0.133998 0.130517 0 0.131143 0 0 0 0 0 0.134568 0 0 0 0 0 0 0 0
0 0 0.134967 0 0.132749 0 0.133336 0 0 0.12699 0 0 0 0 0.125248 0.126843 0 0 0 0 0 0 0 0 0 0 0 0 0 0 0 0 0 0 0.126732 0 0 0.132101 0.12313 0 0 0 0 0 0.133555 0.130804 0 0.128726 0.123129 0 0 0 0 0.135552 0 0 0 0 0.126767 0 0 0 0.124598 0 0 0 0 0 0.129154 0 0 0 0 0 0 0.126643 0 0 0.131127 0.125361 0 0 0 0.13475 0.130056 0 0 0 0 0 0.130801 0 0 0 0 0 0 0 0 0
0 0.125542 0 0 0 0 0 0 0 0 0 0.13553 0 0 0 0 0.13298 0 0 0 0 0 0 0 0 0 0 0 0 0 0 0 0.130791 0 0.133427 0 0 0 0 0 0 0 0 0 0 0.132033 0.131189 0 0 0 0.127811 0 0 0.124428 0 0 0 0 0 0 0 0 0 0 0.129715 0 0 0 0 0 0 0 0 0 0 0 0 0 0 0 0 0 0 0 0 0 0 0 0 0.123024 0 0 0 0 0 0 0 0 0 0
0 0 0.123432 0 0 0 0 0 0.124128 0 0 0.128693 0 0 0 0 0 0 0 0 0 0.131782 0 0 0 0 0 0 0 0 0 0 0 0 0 0 0.126895 0 0 0.131153 0 0 0 0 0 0 0 0 0 0 0 0 0 0.128348 0 0 0.132104 0 0 0 0 0 0 0 0 0 0 0.127846 0 0.133103 0 0 0 0 0 0.134179 0 0 0 0 0 0 0.128196 0.128638 0 0.129647 0 0.126665 0 0 0 0.126588 0 0.131212 0.124994 0 0 0.132614 0 0
0 0 0 0 0.132923 0 0 0 0 0 0 0 0 0 0 0 0 0 0 0 0 0.128795 0 0 0.132898 0 0 0 0 0 0 0 0 0 0 0 0 0 0 0 0 0 0 0 0 0 0.130309 0.132328 0 0 0.127824 0 0 0 0 0 0 0 0 0.134662 0.134305 0.132417 0.124516 0 0 0 0 0 0 0 0 0 0 0 0.128492 0 0.127941 0.131919 0 0.124888 0 0 0 0 0 0 0 0.133454 0 0 0 0 0.130359 0 0 0.135168 0 0 0 0
0 0 0 0 0 0 0 0 0 0.135019 0.13514 0 0.133117 0 0 0 0.132559 0 0 0.131782 0.128795 0 0.123241 0 0 0 0 0 0 0 0.130887 0.133473 0 0 0 0 0 0 0 0 0 0 0 0 0 0 0.127166 0 0 0 0 0 0 0 0 0 0 0 0 0 0 0 0 0 0 0 0 0 0 0 0 0 0 0 0 0.124905 0 0 0 0 0.128979 0 0 0 0.129004 0.134395 0.135418 0 0 0 0 0 0 0 0 0 0 0 0 0
0 0 0 0.125532 0 0 0 0 0 0 0 0 0.123235 0 0 0 0 0 0 0 0 0.123241 0 0 0 0 0 0 0 0 0 0 0 0.124349 0.132035 0 0 0 0 0 0 0 0 0 0 0.132814 0 0 0.126134 0 0 0 0.125393 0 0 0 0 0 0 0 0 0.12669 0 0.131609 0 0 0 0 0 0.124122 0.129371 0 0.129381 0 0 0 0 0 0 0 0 0 0 0 0 0 0.127213 0 0 0 0 0.127083 0 0 0.130419 0 0 0 0.131473 0.126945
0 0 0 0 0 0 0 0 0 0 0 0.127281 0 0.131182 0 0 0 0 0 0 0 0 0 0 0 0 0 0.124247 0 0 0 0 0 0 0 0 0 0 0 0.133078 0 0.129574 0 0 0 0 0 0 0 0 0 0 0 0 0 0 0 0 0.128458 0 0.127199 0 0 0.132435 0 0 0.131898 0.129249 0 0 0 0 0 0 0 0.124514 0 0 0 0 0 0 0 0 0 0 0 0 0 0 0 0 0 0.128691 0 0.129174 0 0 0 0
0 0 0 0.130425 0 0 0.126728 0 0 0 0 0 0.132652 0 0.130443 0 0 0 0 0 0.132898 0 0 0 0 0 0.124063 0 0 0 0 0 0 0 0 0 0 0 0 0 0 0 0 0 0 0 0 0 0.128127 0 0 0 0 0 0 0 0.124829 0 0 0.132711 0.132491 0.135342 0 0 0 0.124813 0.129466 0 0 0 0 0 0 0 0 0 0 0 0 0 0 0.126571 0 0 0.126626 0 0 0 0 0 0 0 0 0 0 0.128715 0 0 0 0.131062
0.128784 0 0 0 0 0 0.133306 0 0 0 0 0 0 0 0 0.133354 0 0 0 0 0 0 0 0 0 0 0 0 0 0 0 0 0 0.129082 0 0 0 0 0 0 0 0 0 0 0 0 0 0 0 0 0.132324 0.131732 0 0 0 0 0 0 0.129739 0 0 0 0 0 0 0 0.123772 0 0 0 0 0 0 0 0.13024 0 0 0 0 0 0 0 0 0 0 0 0 0 0 0 0 0 0 0 0 0 0 0.128625 0 0
0 0 0 0 0 0 0 0 0.13468 0 0.132897 0 0 0 0 0 0 0 0 0 0 0 0 0 0.124063 0 0 0 0 0 0.12311 0 0.133315 0.130043 0 0.124499 0 0 0 0 0 0 0.125735 0 0 0.125395 0.124496 0 0 0 0 0 0 0 0 0.128607 0 0.125343 0 0 0 0 0 0.129513 0 0.123672 0 0 0.13159 0 0 0 0 0 0 0 0 0 0 0 0 0 0.129377 0 0 0 0 0.125152 0 0 0 0 0 0.126654 0 0 0 0 0 0
0 0 0 0 0.125315 0 0 0 0.12592 0 0 0.135409 0 0 0 0 0 0 0 0 0 0 0 0.124247 0 0 0 0 0 0 0.125984 0 0 0.126667 0 0 0 0.126191 0 0 0 0 0 0 0 0 0 0 0 0.127587 0 0 0 0 0 0 0 0 0 0 0.127908 0 0 0.129997 0 0 0 0 0 0 0 0.134046 0 0 0 0 0.128751 0.131362 0 0 0.129237 0 0 0 0 0.129381 0 0 0 0 0 0 0 0 0 0 0 0 0 0
0 0 0.132171 0 0 0 0 0 0 0 0 0 0 0.132 0 0 0 0 0 0 0 0 0 0 0 0 0 0 0 0 0.134596 0 0 0 0.133044 0 0 0.134981 0 0 0 0 0 0 0.124877 0.132163 0 0 0 0 0.133682 0 0.130054 0 0 0 0 0.134449 0 0 0 0 0 0 0 0 0.133798 0 0 0 0 0 0 0 0 0 0 0 0.133755 0 0 0 0.127615 0 0.134931 0 0 0 0 0.133343 0.13541 0 0 0.12942 0 0 0 0 0 0.124317
0 0 0.134078 0 0 0.134399 0 0 0 0 0 0 0 0.13194 0 0 0.127338 0 0 0 0 0 0 0 0 0 0 0 0 0 0 0 0 0 0 0.134221 0 0 0 0 0 0 0 0 0 0 0 0 0 0 0 0 0 0 0 0.12686 0 0 0 0 0 0.126031 0 0 0 0 0 0 0.125662 0 0.133606 0 0 0.129995 0 0 0 0 0 0 0 0 0 0 0.13252 0 0 0 0 0 0 0.127678 0.130864 0 0 0 0 0 0.132219 0
0 0 0 0.134653 0 0.133271 0 0 0 0 0.130466 0 0 0 0 0 0 0 0 0 0 0.130887 0 0 0 0 0.12311 0.125984 0.134596 0 0 0 0 0 0.124668 0 0 0 0.130969 0 0 0.128595 0 0 0 0 0 0 0 0 0 0 0 0 0 0.126285 0 0 0 0 0 0 0.133771 0 0 0 0 0 0 0 0 0 0 0 0.123497 0 0 0.131151 0.133987 0 0.124605 0.128639 0 0 0 0 0 0 0 0 0.129007 0 0 0 0 0 0 0 0 0.128062
0 0 0 0 0.131781 0 0 0 0 0 0 0.133718 0 0 0 0 0 0 0 0 0 0.133473 0 0 0 0 0 0 0 0 0 0 0.127116 0 0 0 0 0 0.133167 0 0 0 0 0 0 0 0 0 0 0.124268 0 0.126128 0 0 0 0.12855 0 0 0.125427 0 0 0 0.133774 0.123269 0 0.126956 0 0 0 0 0 0 0.134473 0.123271 0 0 0 0 0 0 0 0 0 0 0.128589 0 0 0 0 0 0 0 0.127014 0 0.131503 0 0 0 0 0
0 0 0.130486 0 0 0 0 0 0 0 0 0 0 0 0 0 0 0 0.130791 0 0 0 0 0 0 0 0.133315 0 0 0 0 0.127116 0 0 0 0 0.1254 0.13539 0 0 0 0 0 0.125555 0 0.134763 0 0 0 0 0.134364 0 0 0 0 0 0 0 0 0 0 0 0 0 0 0 0 0 0 0 0 0 0.124165 0.123519 0 0 0 0.134582 0 0 0.125062 0 0 0 0.132038 0 0 0 0 0 0 0 0 0 0 0 0 0 0 0
0 0 0 0 0.127465 0 0 0 0 0 0 0 0 0 0 0.134807 0 0 0 0 0 0 0.124349 0 0 0.129082 0.130043 0.126667 0 0 0 0 0 0 0 0 0 0 0 0 0 0 0 0 0 0 0 0 0.132069 0 0 0 0 0 0.128312 0 0.128154 0.127332 0 0.124832 0 0 0 0 0 0 0 0 0 0 0.131036 0 0 0 0 0 0 0.125982 0.125131 0 0 0 0 0 0 0 0 0.122964 0 0 0 0.128976 0 0 0 0 0 0.12866 0 0
0.128976 0 0 0 0 0 0 0 0 0 0.130208 0 0 0.133234 0 0 0 0.126732 0.133427 0 0 0 0.132035 0 0 0 0 0 0.133044 0 0.124668 0 0 0 0 0 0 0 0 0 0 0 0.125624 0.125435 0.125594 0 0 0 0 0 0 0 0.13479 0 0 0 0 0 0 0 0 0 0.123026 0 0 0.13298 0 0 0 0 0 0 0 0 0 0 0.133101 0 0 0.126542 0 0 0 0 0 0 0 0 0 0 0 0 0 0 0 0 0 0 0.131212 0
0 0 0 0 0 0 0 0.12626 0.132575 0 0 0 0 0 0 0.123139 0 0 0 0 0 0 0 0 0 0 0.124499 0 0 0.134221 0 0 0 0 0 0 0 0 0 0 0 0 0 0 0 0 0 0 0.128812 0.13475 0 0 0 0.123508 0 0 0 0 0 0.131733 0.133669 0 0 0 0 0 0 0.12826 0 0 0 0 0 0 0 0 0 0 0 0.125435 0 0 0 0.127744 0 0 0 0 0 0.12755 0 0 0 0 0 0 0 0.130905 0 0
0.134403 0.127074 0.128869 0 0 0 0 0 0 0 0 0 0 0 0 0 0 0 0 0.126895 0 0 0 0 0 0 0 0 0 0 0 0 0.1254 0 0 0 0 0 0 0 0.12512 0 0 0 0 0.125168 0 0 0 0 0 0 0 0 0 0 0 0 0 0.131189 0 0 0 0 0 0 0 0 0 0 0 0 0.123142 0.124037 0 0 0 0 0 0.125094 0 0 0 0 0 0 0 0 0.126152 0 0 0 0 0 0.123716 0.125049 0 0 0 0.127807
0.133135 0 0 0 0 0 0 0 0 0 0 0.124371 0.133209 0 0 0 0 0.132101 0 0 0 0 0 0 0 0 0 0.126191 0.134981 0 0 0 0.13539 0 0 0 0 0 0 0 0 0 0 0 0 0.128872 0 0 0.123001 0 0 0 0 0 0 0 0 0 0 0 0.129176 0 0 0 0 0 0 0 0 0 0 0 0 0 0 0 0.126839 0.133306 0 0 0.130133 0.130452 0.131692 0.12487 0 0 0 0 0 0.124079 0 0.125557 0.127836 0 0 0 0 0 0 0.132953
0 0 0 0 0 0 0 0 0 0 0 0 0.12448 0.127085 0 0 0 0.12313 0 0 0 0 0 0 0 0 0 0 0 0 0.130969 0.133167 0 0 0 0 0 0 0 0 0 0 0 0 0 0.127125 0 0 0 0 0 0 0 0 0 0 0 0 0.125457 0 0 0 0 0 0 0 0.131971 0 0 0 0.128017 0.13 0 0.129439 0 0 0.130295 0 0 0 0 0 0 0 0 0 0 0 0 0.126248 0 0.13091 0 0 0 0.130782 0 0.126082 0.125092 0.135021
0 0 0 0 0 0 0 0 0 0 0 0 0.128581 0 0.123743 0 0 0 0 0.131153 0 0 0 0.133078 0 0 0 0 0 0 0 0 0 0 0 0 0 0 0 0 0.12427 0.128053 0 0 0 0 0.130791 0 0.128306 0 0 0 0 0 0 0 0 0 0 0 0 0.129933 0 0 0 0 0 0 0 0 0.130074 0 0 0 0.124362 0.125144 0.130648 0 0.12543 0 0 0 0 0 0.124708 0 0 0 0 0 0 0 0.126382 0 0 0 0 0 0 0
0 0.135548 0 0 0 0.124231 0 0 0 0 0 0 0 0 0 0 0 0 0 0 0 0 0 0 0 0 0 0 0 0 0 0 0 0 0 0 0.12512 0 0 0.12427 0 0 0 0.13437 0.128003 0.123147 0 0 0 0 0.129264 0 0 0 0 0 0 0 0 0 0 0.124346 0 0 0 0 0 0 0 0.135244 0 0 0 0 0 0 0.131419 0 0 0 0 0 0 0 0.130108 0 0 0 0 0 0 0 0 0 0 0.123474 0 0 0 0.123805
0.133765 0.133398 0.126007 0 0 0.127395 0 0 0 0 0 0 0.134705 0 0 0 0 0 0 0 0 0 0 0.129574 0 0 0 0 0 0 0.128595 0 0 0 0 0 0 0 0 0.128053 0 0 0.130836 0 0.134301 0 0 0 0 0.13426 0 0 0 0 0 0 0 0 0.134836 0.127087 0 0 0 0.131388 0 0 0.127678 0 0 0.132002 0 0 0 0 0 0 0 0 0 0 0 0 0 0 0 0 0 0 0 0 0 0 0 0 0 0 0.128027 0 0 0.125443
0 0 0.126768 0 0 0 0 0 0.128363 0 0 0 0 0 0 0 0.125686 0 0 0 0 0 0 0 0 0 0.125735 0 0 0 0 0 0 0 0.125624 0 0 0 0 0 0 0.130836 0 0 0 0 0.12521 0.134691 0 0 0 0.126561 0 0 0.133096 0 0 0 0 0 0 0 0 0 0.124126 0.125859 0 0 0 0 0 0 0 0 0 0 0 0 0.133989 0.131613 0 0 0 0 0 0 0.12802 0 0 0 0 0 0 0 0 0.124227 0 0 0 0
0 0 0 0 0 0 0 0 0.127968 0 0.131819 0 0 0 0.13503 0 0 0 0 0 0 0 0 0 0 0 0 0 0 0 0 0 0.125555 0 0.125435 0 0 0 0 0 0.13437 0 0 0 0 0 0 0 0 0 0 0 0 0 0 0 0 0 0 0.131456 0 0 0.127975 0 0 0 0 0.124319 0 0.130463 0 0 0.127813 0.126304 0 0 0 0 0 0 0 0 0.132091 0 0 0.130933 0 0 0.128122 0.128372 0 0 0 0 0 0 0 0 0.131777 0
0 0 0 0 0 0.128061 0 0.134789 0 0 0 0 0 0 0 0 0 0.133555 0 0 0 0 0 0 0 0 0 0 0.124877 0 0 0 0 0 0.125594 0 0 0 0 0 0.128003 0.134301 0 0 0 0 0.13009 0 0 0.128345 0 0 0 0 0 0 0 0 0 0 0 0 0.124562 0 0 0 0.133785 0 0 0 0 0 0 0 0 0 0.133441 0.125188 0 0 0 0 0 0.125781 0.124188 0 0 0 0 0 0 0.124518 0 0 0 0 0 0.123051 0 0.123165
0.124548 0 0 0 0 0 0 0 0 0 0.132826 0 0 0 0.132927 0 0 0.130804 0.132033 0 0 0 0.132814 0 0 0 0.125395 0 0.132163 0 0 0 0.134763 0 0 0 0.125168 0.128872 0.127125 0 0.123147 0 0 0 0 0 0 0 0 0 0 0 0 0 0 0 0 0 0.134932 0.12822 0.12705 0 0 0 0 0 0.132264 0 0 0 0 0 0.13297 0 0 0 0 0 0 0 0 0 0 0 0 0 0 0 0 0 0 0 0 0 0 0 0 0 0 0
0 0 0 0 0 0 0 0 0 0.128143 0 0.126934 0 0 0 0.124388 0 0 0.131189 0 0.130309 0.127166 0 0 0 0 0.124496 0 0 0 0 0 0 0 0 0 0 0 0 0.130791 0 0 0.12521 0 0.13009 0 0 0 0 0.130597 0.133671 0.127877 0 0 0 0.13068 0 0 0 0 0.129832 0.123518 0 0 0 0 0 0 0 0 0 0 0 0 0 0 0 0 0 0 0 0 0 0 0 0.130016 0 0 0 0 0 0 0.124548 0 0 0 0 0.134418 0 0
0 0 0 0 0 0.123833 0 0 0 0 0 0 0 0 0 0 0 0.128726 0 0 0.132328 0 0 0 0 0 0 0 0 0 0 0 0 0 0 0 0 0 0 0 0 0 0.134691 0 0 0 0 0 0 0 0.128091 0 0.130121 0 0 0 0 0 0 0 0 0 0 0 0 0 0 0 0 0 0 0.128773 0 0 0 0.134389 0 0 0.125741 0.132516 0 0 0 0 0 0 0 0 0 0 0 0 0 0 0 0.132188 0 0 0.132156 0
0 0 0 0 0 0 0 0 0 0 0 0 0 0 0 0 0 0.123129 0 0 0 0 0.126134 0 0.128127 0 0 0 0 0 0 0 0 0.132069 0 0.128812 0 0.123001 0 0.128306 0 0 0 0 0 0 0 0 0 0 0 0 0 0 0.124492 0 0 0 0 0 0 0 0 0 0 0 0 0 0 0 0 0 0 0 0 0 0 0 0 0 0.13166 0 0 0 0 0 0 0 0 0 0 0.128035 0 0 0 0 0 0 0 0
0 0 0 0 0 0 0.130207 0 0 0 0 0 0 0 0 0 0 0 0 0 0 0 0 0 0 0 0 0.127587 0 0 0 0.124268 0 0 0 0.13475 0 0 0 0 0 0.13426 0 0 0.128345 0 0.130597 0 0 0 0 0 0 0 0 0 0 0 0 0 0.133665 0.134112 0 0.128105 0 0.126124 0 0 0 0 0 0 0 0.132506 0 0 0 0 0 0 0.129294 0 0 0 0 0 0 0 0 0 0 0 0 0 0 0 0 0 0 0
0 0 0 0 0 0 0 0 0.130435 0 0.127206 0 0 0.135159 0 0 0.130435 0 0.127811 0 0.127824 0 0 0 0 0.132324 0 0 0.133682 0 0 0 0.134364 0 0 0 0 0 0 0 0.129264 0 0 0 0 0 0.133671 0.128091 0 0 0 0 0 0 0 0 0 0 0 0 0 0.129799 0 0 0 0 0.126774 0 0 0 0 0 0 0 0 0 0 0 0 0 0 0 0 0 0 0 0 0 0 0 0 0.130996 0 0 0 0 0.133626 0 0 0
0 0 0.132532 0 0.126173 0 0 0 0 0 0 0 0 0.13496 0.123219 0 0 0 0 0 0 0 0 0 0 0.131732 0 0 0 0 0 0.126128 0 0 0 0 0 0 0 0 0 0 0.126561 0 0 0 0.127877 0 0 0 0 0 0 0 0 0 0 0 0 0.126995 0 0 0 0 0 0 0.133881 0 0 0 0 0 0 0 0 0 0.127008 0 0 0 0 0 0 0 0 0 0 0 0 0 0 0 0 0 0 0 0 0 0 0
0.133459 0 0.130779 0 0 0 0 0.135558 0 0 0 0 0.123371 0 0 0.12346 0 0 0 0 0 0 0.125393 0 0 0 0 0 0.130054 0 0 0 0 0 0.13479 0 0 0 0 0 0 0 0 0 0 0 0 0.130121 0 0 0 0 0 0 0.128967 0 0 0 0 0.135157 0 0 0 0.128412 0 0 0.129999 0 0 0 0.125825 0 0.128687 0 0 0 0 0.134623 0 0 0 0 0 0 0 0 0 0 0 0 0 0 0 0 0 0 0 0 0 0
0.132111 0.129607 0 0 0.132888 0 0 0 0 0 0 0 0 0.135315 0 0 0.126914 0.135552 0.124428 0.128348 0 0 0 0 0 0 0 0 0 0 0 0 0 0 0 0.123508 0 0 0 0 0 0 0 0 0 0 0 0 0 0 0 0 0 0 0 0 0 0 0 0 0.131304 0 0.130394 0.130717 0 0 0 0 0 0.124989 0.124148 0 0 0 0 0 0 0 0 0 0 0 0 0 0 0 0 0 0 0 0 0 0 0 0 0 0 0 0.135399 0
0 0 0 0 0 0.127052 0 0.131717 0.134489 0 0 0 0.129545 0 0.128168 0.129406 0 0 0 0 0 0 0 0 0 0 0 0 0 0 0 0 0 0.128312 0 0 0 0 0 0 0 0 0.133096 0 0 0 0 0 0.124492 0 0 0 0.128967 0 0 0 0.130848 0 0 0 0.134716 0.127122 0 0 0 0 0 0 0 0 0 0 0 0 0 0 0 0 0 0 0.130334 0 0 0 0 0 0 0 0 0 0 0 0 0 0 0 0 0 0 0
0 0 0 0 0.124678 0 0 0 0 0 0.132874 0 0 0 0 0 0 0 0 0 0 0 0 0 0 0 0.128607 0 0 0.12686 0.126285 0.12855 0 0 0 0 0 0 0 0 0 0 0 0 0 0 0.13068 0 0 0 0 0 0 0 0 0 0 0 0 0 0 0 0 0 0.123857 0 0 0 0 0 0 0 0 0.124305 0 0 0.123212 0 0.131476 0.124924 0 0 0 0 0 0 0 0 0 0 0.129416 0 0.123169 0 0 0 0 0 0 0
0 0 0 0 0 0 0 0 0 0 0 0 0 0 0 0 0 0 0 0.132104 0 0 0 0 0.124829 0 0 0 0 0 0 0 0 0.128154 0 0 0 0 0 0 0 0 0 0 0 0 0 0 0 0 0 0 0 0 0.130848 0 0 0 0 0 0 0 0 0 0 0 0 0 0 0 0 0 0 0.123891 0.130615 0 0 0 0 0 0.129457 0 0 0 0 0 0.131261 0 0 0 0 0 0.128071 0 0 0 0 0 0 0
0 0 0 0 0 0.126776 0.130941 0 0 0 0.132292 0 0 0 0 0 0 0 0 0 0 0 0 0 0 0 0.125343 0 0.134449 0 0 0 0 0.127332 0 0 0 0 0 0 0 0 0 0 0 0 0 0 0 0 0 0 0 0 0 0 0 0 0.1287 0 0 0 0 0 0 0 0.126253 0 0 0 0 0 0 0 0 0 0 0 0 0 0 0 0.130908 0 0.135192 0 0 0 0 0 0 0.130696 0 0 0 0.123121 0 0 0 0.123652
0.135171 0 0.126442 0 0 0 0 0 0 0 0 0 0 0 0 0 0.135521 0.126767 0 0 0 0 0 0.128458 0 0.129739 0 0 0 0 0 0.125427 0 0 0 0 0 0 0.125457 0 0 0.134836 0 0 0 0.134932 0 0 0 0 0 0 0 0 0 0 0 0.1287 0 0 0 0.129883 0 0 0 0 0 0 0 0 0 0 0 0 0 0 0.130697 0.131496 0 0 0 0 0 0 0 0 0 0.128609 0 0 0.132395 0 0 0 0 0 0 0 0 0
0 0 0.127326 0 0 0 0 0 0 0 0 0 0 0 0 0 0 0 0 0 0.134662 0 0 0 0.132711 0 0 0 0 0 0 0 0 0.124832 0 0.131733 0.131189 0 0 0 0 0.127087 0 0.131456 0 0.12822 0 0 0 0 0 0.126995 0.135157 0 0 0 0 0 0 0 0 0 0 0.127781 0 0 0 0 0 0 0 0 0.129578 0.133418 0 0 0 0 0 0 0 0 0 0 0 0 0 0 0 0 0 0 0.134839 0 0 0.125009 0 0 0 0
0 0 0 0 0 0 0 0 0 0 0 0 0.127147 0 0 0.130731 0 0 0 0 0.134305 0 0 0.127199 0.132491 0 0 0.127908 0 0 0 0 0 0 0 0.133669 0 0.129176 0 0 0 0 0 0 0 0.12705 0.129832 0 0 0.133665 0 0 0 0.131304 0.134716 0 0 0 0 0 0 0 0 0 0 0.132578 0 0 0 0 0 0 0 0.127862 0 0 0 0 0 0 0 0 0.128905 0 0 0 0 0 0 0 0 0 0 0 0 0.124732 0 0 0.131724 0
0 0 0 0.132504 0 0 0 0.135358 0 0 0 0.129307 0 0 0 0 0 0 0 0 0.132417 0 0.12669 0 0.135342 0 0 0 0 0.126031 0 0 0 0 0 0 0 0 0 0.129933 0.124346 0 0 0 0 0 0.123518 0 0 0.134112 0.129799 0 0 0 0.127122 0 0 0 0.129883 0 0 0 0 0 0 0 0 0 0 0 0 0 0 0 0 0 0 0 0 0 0.131528 0 0 0.125708 0.12981 0 0 0.126389 0 0 0 0.123846 0 0 0 0 0.12817 0 0 0.123932
0 0 0 0 0 0.123954 0.129946 0 0 0 0 0 0 0 0 0 0 0.124598 0 0 0.124516 0 0 0 0 0 0 0 0 0 0.133771 0.133774 0 0 0.123026 0 0 0 0 0 0 0 0 0.127975 0.124562 0 0 0 0 0 0 0 0 0.130394 0 0 0 0 0 0 0 0 0 0 0 0 0 0 0 0.132925 0 0 0 0 0 0 0 0 0 0 0 0 0 0 0 0 0.134591 0 0 0 0 0 0 0 0 0 0 0.133094 0.127329 0
0 0.132103 0 0 0 0 0.124859 0 0 0 0 0 0 0 0 0 0.127386 0 0 0 0 0 0.131609 0.132435 0 0 0.129513 0.129997 0 0 0 0.123269 0 0 0 0 0 0 0 0 0 0.131388 0 0 0 0 0 0 0 0.128105 0 0 0.128412 0.130717 0 0 0 0 0 0.127781 0 0 0 0 0 0 0 0 0 0 0 0 0 0 0 0 0 0 0 0 0 0 0 0 0 0.13154 0.133015 0 0 0 0 0 0.128258 0 0.128065 0 0 0 0 0.128356
0 0 0 0 0 0 0 0 0 0 0 0 0 0 0 0 0.13375 0 0.129715 0 0 0 0 0 0 0 0 0 0 0 0 0 0 0 0 0 0 0 0 0 0 0 0.124126 0 0 0 0 0 0 0 0 0 0 0 0 0.123857 0 0 0 0 0 0 0 0 0 0 0 0 0 0 0 0 0 0 0 0 0.130214 0 0.133208 0 0 0 0 0.134184 0 0 0.130225 0 0 0 0 0 0 0 0 0 0 0 0 0
0.135399 0 0 0 0 0.132088 0 0 0 0 0 0.128656 0 0.127351 0 0.1255 0 0 0 0 0 0 0 0 0.124813 0 0.123672 0 0 0 0 0.126956 0 0 0.13298 0 0 0 0 0 0 0 0.125859 0 0 0 0 0 0 0.126124 0 0 0 0 0 0 0 0 0 0 0.132578 0 0 0 0 0 0.126054 0 0 0 0 0 0 0 0 0 0 0 0.135207 0 0 0 0 0 0 0 0 0.124246 0 0 0 0.129686 0 0 0.126738 0 0 0 0 0
0 0 0 0 0 0 0.129781 0 0 0 0.132092 0 0 0 0 0 0.127681 0 0 0 0 0 0 0.131898 0.129466 0.123772 0 0 0.133798 0 0 0 0 0 0 0 0 0 0.131971 0 0 0.127678 0 0 0.133785 0.132264 0 0 0 0 0.126774 0.133881 0.129999 0 0 0 0 0.126253 0 0 0 0 0 0 0 0.126054 0 0.124132 0 0 0 0 0 0 0 0 0 0 0.131856 0 0.131328 0 0 0 0 0 0 0 0 0 0 0 0 0 0 0.132627 0 0 0 0
0 0 0 0 0 0 0 0 0 0 0 0.135549 0 0 0 0 0 0 0 0.127846 0 0 0 0.129249 0 0 0 0 0 0 0 0 0 0 0 0.12826 0 0 0 0 0 0 0 0.124319 0 0 0 0 0 0 0 0 0 0 0 0 0 0 0 0 0 0 0 0 0 0 0.124132 0 0 0 0.128784 0 0 0 0 0 0.129956 0 0 0 0.125187 0 0 0 0 0 0.128002 0 0 0 0 0 0 0 0.131902 0.123731 0 0 0 0
0 0 0 0 0 0 0 0 0 0 0.125062 0 0 0 0 0 0 0.129154 0 0 0 0 0 0 0 0 0.13159 0 0 0.125662 0 0 0 0 0 0 0 0 0 0 0 0 0 0 0 0 0 0 0 0 0 0 0 0 0 0 0 0 0 0 0 0 0 0 0 0 0 0 0 0 0 0 0 0 0 0 0.132521 0.125694 0 0 0 0.135507 0 0 0 0.123886 0 0 0 0 0.12632 0 0.127151 0 0 0.134585 0 0 0 0
0 0 0 0 0.135038 0 0 0.123186 0 0 0 0 0 0.128764 0 0 0 0 0 0.133103 0 0 0.124122 0 0 0 0 0 0 0 0 0 0 0 0 0 0 0 0 0 0.135244 0.132002 0 0.130463 0 0 0 0 0 0 0 0 0 0.124989 0 0 0 0 0 0 0 0 0.132925 0 0 0 0 0 0 0 0 0 0 0 0 0 0 0 0 0 0 0 0 0 0 0 0.125919 0 0 0 0 0.125773 0.126753 0 0 0 0 0 0 0
0.127338 0 0 0.124838 0.12733 0 0 0 0 0 0 0 0.133281 0 0 0 0 0 0 0 0 0 0.129371 0 0 0 0 0 0 0.133606 0 0 0 0.131036 0 0 0 0 0.128017 0.130074 0 0 0 0 0 0 0 0 0 0 0 0 0.125825 0.124148 0 0 0 0 0 0 0 0 0 0 0 0 0 0.128784 0 0 0 0 0.125228 0 0 0 0 0.129166 0 0 0 0 0 0 0 0 0 0 0 0 0 0 0 0 0 0 0 0.134172 0 0.128194
0 0.132347 0 0 0 0 0 0 0 0 0 0 0 0 0 0 0 0 0 0 0 0 0 0 0 0 0 0.134046 0 0 0 0 0 0 0 0 0 0 0.13 0 0 0 0 0 0 0 0 0.128773 0 0 0 0 0 0 0 0 0 0 0 0 0 0 0 0 0 0 0 0 0 0 0 0 0 0 0 0.124305 0 0 0 0 0 0.123676 0 0 0 0 0 0 0 0 0 0 0 0.128438 0 0 0 0.12488 0 0
0 0 0 0.127369 0 0 0 0 0 0 0 0 0 0 0 0.125801 0 0 0 0 0 0 0.129381 0 0 0 0 0 0 0 0 0.134473 0.124165 0 0 0 0.123142 0 0 0 0 0 0 0.127813 0 0.13297 0 0 0 0 0 0 0.128687 0 0 0 0 0 0 0.129578 0 0 0 0 0 0 0 0 0 0 0.125228 0 0 0 0 0 0 0 0 0.12589 0 0 0 0 0 0 0 0 0 0 0.134244 0 0 0.133257 0 0 0.123481 0 0 0
0 0 0.126636 0 0 0 0 0 0 0 0 0 0 0 0 0 0 0 0 0 0 0 0 0 0 0 0 0 0 0.129995 0 0.123271 0.123519 0 0 0 0.124037 0 0.129439 0 0 0 0 0.126304 0 0 0 0 0 0.132506 0 0 0 0 0 0.124305 0.123891 0 0 0.133418 0.127862 0 0 0 0 0 0 0 0 0 0 0 0 0 0 0 0 0 0 0 0 0.133772 0 0 0 0.131541 0 0 0 0 0 0 0 0 0 0 0.128212 0 0 0
0 0.128384 0 0 0 0 0 0 0 0 0.133029 0 0 0.125555 0.133807 0.130866 0 0 0 0 0.128492 0 0 0 0 0.13024 0 0 0 0 0.123497 0 0 0 0 0 0 0 0 0.124362 0 0 0 0 0 0 0 0 0 0 0 0 0 0 0 0 0.130615 0 0 0 0 0 0 0 0 0 0 0 0 0 0 0 0 0 0 0 0.130906 0 0 0.124761 0.132788 0 0 0 0 0 0 0.125129 0.124536 0 0 0 0 0 0 0 0 0 0.133622 0
0 0 0 0 0.127618 0 0.129868 0 0 0 0 0 0 0 0 0 0 0.126643 0 0.134179 0 0.124905 0 0.124514 0 0 0 0 0 0 0 0 0 0 0 0 0 0 0 0.125144 0 0 0 0 0 0 0 0.134389 0 0 0 0 0 0 0 0 0 0 0 0 0 0 0 0 0 0 0 0 0 0 0 0.124305 0 0 0 0 0 0 0 0 0 0 0.131713 0 0.125696 0 0 0 0 0 0 0 0 0 0 0 0 0 0 0.128539
0 0 0 0 0 0.124119 0 0 0 0 0 0 0 0 0 0 0 0 0 0 0.127941 0 0 0 0 0 0 0.128751 0 0 0 0 0 0 0.133101 0 0 0.126839 0.130295 0.130648 0.131419 0 0 0 0.133441 0 0 0 0 0 0 0.127008 0 0 0 0.123212 0 0 0.130697 0 0 0 0 0 0.130214 0 0 0.129956 0.132521 0 0 0 0 0 0.130906 0 0 0 0 0 0 0 0 0 0 0.129304 0 0 0 0.129778 0 0.132574 0 0.124322 0 0 0.123921 0 0 0.133903
0 0 0 0 0 0.134311 0 0 0 0 0 0 0 0 0 0 0 0 0 0 0.131919 0 0 0 0 0 0 0.131362 0 0 0.131151 0 0.134582 0.125982 0 0 0 0.133306 0 0 0 0 0 0 0.125188 0 0 0 0 0 0 0 0.134623 0 0 0 0 0 0.131496 0 0 0 0 0 0 0 0 0 0.125694 0 0.129166 0 0 0 0 0 0 0 0 0 0 0 0 0 0 0 0 0.126214 0 0 0 0 0 0 0.133858 0 0 0 0.124584 0
0 0 0 0 0 0 0 0 0 0 0 0 0 0 0 0 0 0.131127 0 0 0 0 0 0 0 0 0 0 0.133755 0 0.133987 0 0 0.125131 0 0 0 0 0 0.12543 0 0 0.133989 0 0 0 0 0.125741 0 0 0 0 0 0 0 0.131476 0 0 0 0 0 0 0 0 0.133208 0.135207 0.131856 0 0 0 0 0 0 0 0 0 0 0 0 0 0 0 0 0 0 0 0 0 0 0 0.129215 0.130766 0 0 0 0 0 0 0.123383 0
0.134218 0 0 0 0 0 0 0 0 0.128096 0 0.124402 0.131711 0 0.124167 0 0 0.125361 0 0 0.124888 0 0 0 0 0 0 0 0 0 0 0 0 0 0.126542 0.125435 0.125094 0 0 0 0 0 0.131613 0 0 0 0 0.132516 0 0 0 0 0 0 0 0.124924 0 0 0 0 0 0 0 0 0 0 0 0 0 0 0 0 0.12589 0 0.124761 0 0 0 0 0 0.122992 0 0 0 0 0 0 0 0.127169 0 0 0.134941 0.130521 0 0 0.129405 0 0.124488 0 0
0 0.132955 0 0.125948 0 0 0 0 0 0 0.124652 0 0 0 0 0 0 0 0 0 0 0.128979 0 0 0 0 0 0.129237 0 0 0.124605 0 0.125062 0 0 0 0 0.130133 0 0 0 0 0 0 0 0 0 0 0.13166 0.129294 0 0 0 0 0.130334 0 0.129457 0 0 0 0 0.131528 0 0 0 0 0.131328 0.125187 0 0 0 0 0 0 0.132788 0 0 0 0 0.122992 0 0.12883 0 0.130753 0 0 0 0.123517 0.134727 0.126514 0 0 0 0.134035 0 0 0 0 0 0
0 0 0 0 0 0.133372 0 0 0 0 0 0.13361 0 0 0 0 0.124749 0 0 0 0 0 0 0 0.126571 0 0 0 0 0 0.128639 0 0 0 0 0 0 0.130452 0 0 0 0 0 0 0 0 0 0 0 0 0 0 0 0 0 0 0 0 0 0 0 0 0 0 0 0 0 0 0.135507 0 0 0.123676 0 0.133772 0 0 0 0 0 0 0.12883 0 0.124563 0 0 0 0.125201 0 0 0 0 0 0 0 0 0 0 0 0 0
0 0 0 0 0.135253 0 0.128469 0 0 0 0 0 0.12784 0 0 0 0.133998 0 0 0.128196 0 0 0 0 0 0 0.129377 0 0.127615 0 0 0 0 0 0 0 0 0.131692 0 0 0 0 0 0.132091 0 0 0 0 0 0 0 0 0 0 0 0 0 0.130908 0 0 0.128905 0 0 0 0 0 0 0 0 0 0 0 0 0 0 0.131713 0 0 0 0 0 0.124563 0 0 0 0.133959 0 0 0 0.122989 0 0.128272 0 0.13305 0 0 0 0 0 0
0 0 0.128763 0 0 0 0 0.124966 0 0 0 0 0 0 0 0 0.130517 0.13475 0 0.128638 0 0 0 0 0 0 0 0 0 0 0 0 0 0 0 0.127744 0 0.12487 0 0 0 0 0 0 0.125781 0 0 0 0 0 0 0 0 0 0 0 0 0 0 0 0 0.125708 0 0 0.134184 0 0 0 0 0 0 0 0 0 0 0 0 0 0 0 0.130753 0 0 0 0 0 0 0 0 0.133823 0.135469 0 0.133342 0.12606 0.125696 0 0 0 0 0
0.13017 0 0 0 0 0 0 0 0.129119 0 0.129653 0 0 0 0 0 0 0.130056 0 0 0 0.129004 0 0 0.126626 0 0 0 0.134931 0.13252 0 0.128589 0.132038 0 0 0 0 0 0 0.124708 0.130108 0 0 0 0.124188 0 0 0 0 0 0 0 0 0 0 0 0 0.135192 0 0 0 0.12981 0 0 0 0 0 0 0 0 0 0 0 0 0 0.125696 0 0 0 0 0 0 0 0 0 0 0 0.13522 0 0 0 0 0 0 0 0 0 0 0.131133 0
0.134264 0 0 0.134226 0 0 0 0 0 0 0 0.129024 0 0 0.123079 0 0.131143 0 0 0.129647 0 0.134395 0 0 0 0 0 0.129381 0 0 0 0 0 0 0 0 0 0 0 0 0 0 0 0.130933 0 0 0.130016 0 0 0 0 0 0 0 0 0 0 0 0 0 0 0 0 0.13154 0 0 0 0 0.123886 0 0 0 0 0.131541 0 0 0.129304 0 0 0 0 0 0.133959 0 0 0 0 0 0 0.123268 0.13164 0 0 0 0 0 0 0 0 0
0 0 0 0 0.127631 0 0 0 0 0 0 0 0 0 0 0.132647 0 0 0 0 0 0.135418 0.127213 0 0 0 0 0 0 0 0 0 0 0 0 0 0 0 0 0 0 0 0.12802 0 0 0 0 0 0 0 0 0 0 0 0 0 0.131261 0 0 0 0 0 0.134591 0.133015 0.130225 0 0 0.128002 0 0.125919 0 0 0 0 0 0 0 0 0 0 0 0.125201 0 0 0 0 0 0 0 0 0 0 0 0 0 0 0 0 0 0
0 0 0 0 0 0.132889 0 0 0 0 0 0 0 0 0 0 0 0 0 0.126665 0.133454 0 0 0 0 0 0.125152 0 0 0 0 0 0 0.122964 0 0 0 0 0 0 0 0 0 0 0 0 0 0 0 0 0 0 0 0 0 0 0 0 0.128609 0 0 0.126389 0 0 0 0.124246 0 0 0 0 0 0 0 0 0.125129 0 0 0.126214 0 0 0.123517 0 0 0 0.13522 0 0 0 0 0 0 0 0 0 0 0 0 0 0 0
0 0.126818 0.127503 0 0 0 0 0 0 0 0.125118 0 0 0 0 0 0 0 0 0 0 0 0 0 0 0 0 0 0 0 0 0 0 0 0 0 0.126152 0 0 0 0 0 0 0.128122 0 0 0 0 0 0 0 0 0 0 0 0 0 0 0 0 0 0 0 0 0 0 0 0 0 0 0 0 0 0 0.124536 0 0 0 0 0.127169 0.134727 0 0 0 0 0 0 0 0 0 0 0.128801 0 0 0 0 0 0 0 0
0 0 0 0.133995 0 0 0 0 0 0 0 0 0 0.127777 0 0 0 0 0.123024 0 0 0 0 0 0 0 0 0 0.133343 0 0 0 0 0 0 0.12755 0 0.124079 0.126248 0 0 0 0 0.128372 0 0 0 0 0 0 0 0 0 0 0 0 0 0 0 0 0 0 0 0 0 0 0 0 0 0 0 0 0 0 0 0 0.129778 0 0 0 0.126514 0 0.122989 0.133823 0 0.123268 0 0 0 0 0 0 0 0 0 0 0.133501 0 0.13025 0
0 0.134612 0 0 0 0 0 0 0 0 0 0 0 0 0 0.127081 0 0.130801 0 0 0 0 0 0 0 0 0 0 0.13541 0 0.129007 0 0 0 0 0 0 0 0 0 0 0 0 0 0 0 0 0 0 0 0 0 0 0 0 0.129416 0 0 0.132395 0 0 0 0 0 0 0 0 0 0.12632 0 0 0 0.134244 0 0 0 0 0 0.129215 0 0 0 0 0.135469 0 0.13164 0 0 0 0 0 0 0 0 0 0 0 0 0 0.131787
0 0 0 0 0 0.126483 0 0 0 0 0 0 0 0 0 0 0.134568 0 0 0.126588 0 0 0.127083 0 0 0 0 0 0 0.127678 0 0 0 0.128976 0 0 0 0.125557 0.13091 0 0 0 0 0 0.124518 0 0 0 0.128035 0 0.130996 0 0 0 0 0 0 0.130696 0 0 0 0.123846 0 0 0 0.129686 0 0 0 0.125773 0 0 0 0 0 0 0.132574 0 0.130766 0.134941 0 0 0.128272 0 0 0 0 0 0.128801 0 0 0 0 0 0 0 0 0 0 0
0 0 0.134174 0 0 0 0 0 0 0 0 0 0 0.125929 0 0 0 0 0 0 0.130359 0 0 0 0 0 0 0 0 0.130864 0 0.127014 0 0 0 0 0 0.127836 0 0.126382 0 0 0 0 0 0 0.124548 0 0 0 0 0 0 0 0 0.123169 0.128071 0 0 0.134839 0 0 0 0.128258 0 0 0 0 0.127151 0.126753 0 0 0 0 0 0 0 0 0 0.130521 0 0 0 0.133342 0 0 0 0 0 0 0 0 0 0 0.123776 0 0 0 0 0
0 0 0 0 0 0 0 0 0.12361 0 0 0 0 0.129087 0 0 0 0 0 0.131212 0 0 0 0.128691 0 0 0.126654 0 0.12942 0 0 0 0 0 0 0 0 0 0 0 0 0 0 0 0 0 0 0 0 0 0 0 0 0 0 0 0 0 0 0 0 0 0 0 0 0 0 0 0 0 0 0.128438 0.133257 0 0 0 0.124322 0 0 0 0.134035 0 0.13305 0.12606 0 0 0 0 0 0 0 0 0 0 0 0 0 0 0.128049 0
0.127549 0 0 0 0 0 0 0 0 0 0 0 0.126331 0 0 0 0 0 0 0.124994 0 0 0.130419 0 0 0 0 0 0 0 0 0.131503 0 0 0 0 0.123716 0 0 0 0 0 0 0 0 0 0 0 0 0 0 0 0 0 0 0 0 0 0 0 0 0 0 0.128065 0 0.126738 0 0.131902 0 0 0 0 0 0 0 0 0 0.133858 0 0 0 0 0 0.125696 0 0 0 0 0 0 0 0 0.123776 0 0 0 0 0 0 0
0 0 0.128179 0 0 0 0 0 0 0.125698 0 0 0 0.134918 0 0.125345 0 0 0 0 0.135168 0 0 0.129174 0.128715 0 0 0 0 0 0 0 0 0 0 0 0.125049 0 0.130782 0 0.123474 0 0.124227 0 0 0 0 0.132188 0 0 0 0 0 0 0 0 0 0.123121 0 0.125009 0.124732 0 0 0 0 0 0.132627 0.123731 0.134585 0 0 0 0 0 0 0 0 0 0 0.129405 0 0 0 0 0 0 0 0 0 0 0 0 0 0 0 0 0 0.12815 0 0
0.128271 0.129243 0 0.132938 0 0.135019 0 0.135076 0 0 0 0 0 0 0 0 0 0 0 0 0 0 0 0 0 0 0 0 0 0 0 0 0 0 0 0 0 0 0 0 0 0.128027 0 0 0 0 0 0 0 0 0.133626 0 0 0 0 0 0 0 0 0 0 0.12817 0 0 0 0 0 0 0 0 0 0 0.123481 0.128212 0 0 0.123921 0 0 0 0 0 0 0 0 0 0 0 0 0.133501 0 0 0 0 0 0 0 0.135405 0.123652 0
0 0 0 0 0 0 0 0 0 0 0 0 0 0 0 0.134206 0 0 0 0.132614 0 0 0 0 0 0.128625 0 0 0 0 0 0 0 0.12866 0 0.130905 0 0 0.126082 0 0 0 0 0 0.123051 0 0.134418 0 0 0 0 0 0 0 0 0 0 0 0 0 0 0 0.133094 0 0 0 0 0 0 0 0.134172 0.12488 0 0 0 0 0 0 0 0.124488 0 0 0 0 0 0 0 0 0 0 0 0 0 0 0 0.12815 0.135405 0 0 0
0 0 0 0 0 0 0.127343 0 0 0 0 0 0 0 0.130657 0 0 0 0 0 0 0 0.131473 0 0 0 0 0 0 0.132219 0 0 0 0 0.131212 0 0 0 0.125092 0 0 0 0 0.131777 0 0 0 0.132156 0 0 0 0 0 0.135399 0 0 0 0 0 0 0.131724 0 0.127329 0 0 0 0 0 0 0 0 0 0 0 0.133622 0 0 0.124584 0.123383 0 0 0 0 0 0.131133 0 0 0 0 0.13025 0 0 0 0.128049 0 0 0.123652 0 0 0.13183
0 0 0.125682 0 0 0 0 0 0 0 0 0 0 0 0 0 0 0 0 0 0 0 0.126945 0 0.131062 0 0 0 0.124317 0 0.128062 0 0 0 0 0 0.127807 0.132953 0.135021 0 0.123805 0.125443 0 0 0.123165 0 0 0 0 0 0 0 0 0 0 0 0 0.123652 0 0 0 0.123932 0 0.128356 0 0 0 0 0 0 0.128194 0 0 0 0 0.128539 0.133903 0 0 0 0 0 0 0 0 0 0 0 0 0 0.131787 0 0 0 0 0 0 0 0.13183 0
