100
0 0.131259 0 0.131212 0 0 0 0 0 0 0.124944 0 0 0 0 0 0 0 0 0 0 0 0 0 0 0 0 0 0 0 0 0 0 0 0 0 0 0 0 0 0 0 0 0 0 0 0 0 0 0 0 0 0 0.132111 0 0 0 0 0 0 0 0 0 0 0 0 0.127422 0 0 0 0.127338 0 0.130873 0 0 0 0 0 0 0 0.125306 0 0 0 0 0 0.123618 0 0 0 0 0 0 0 0 0 0 0 0 0
0.131259 0 0 0.132459 0 0 0 0 0 0 0 0 0 0 0 0 0 0 0.125542 0 0 0 0 0 0 0 0 0 0 0 0 0 0 0 0 0 0 0 0 0 0.135548 0.13095 0 0 0 0 0.125195 0 0 0 0 0 0 0.129607 0 0 0 0 0.12898 0 0 0 0 0.132103 0 0.133258 0 0 0 0 0 0 0 0 0 0 0 0 0 0 0.132955 0 0 0 0 0 0.134093 0 0.126818 0 0 0.124912 0 0 0 0 0.129243 0 0 0.132924
0 0 0 0 0 0 0 0 0 0 0 0 0 0 0.126283 0 0 0 0 0 0.134054 0 0 0 0.133189 0 0 0.129735 0.132171 0 0 0 0.130486 0.127164 0 0 0.130957 0 0 0 0 0.126007 0.126768 0 0 0 0 0 0 0 0 0 0 0 0 0 0 0 0.131978 0.127326 0 0 0.135399 0 0 0 0 0 0 0.129968 0.133401 0 0 0 0.126196 0 0 0 0 0 0 0 0 0.128763 0 0 0 0 0 0 0 0 0 0 0 0.128179 0 0 0 0
0.131212 0.132459 0 0 0 0 0 0 0 0 0 0 0 0 0 0 0 0 0 0 0 0 0 0 0.130425 0 0.13365 0 0.134406 0.125016 0 0 0 0 0 0 0.131128 0 0.134882 0 0 0 0 0 0.129228 0 0.130109 0 0 0 0 0 0 0.132352 0 0 0 0 0 0 0 0.132504 0 0 0 0 0 0 0 0 0.124838 0.12351 0 0 0 0.126427 0 0 0 0 0 0 0 0 0 0.134226 0.133868 0 0 0.133995 0 0 0 0 0 0 0.132938 0 0 0
0 0 0 0 0 0 0 0 0 0.131862 0 0.128262 0 0 0 0 0 0 0.124338 0 0 0 0 0 0 0 0 0.125315 0 0 0 0 0 0 0 0 0 0 0 0 0 0 0 0 0 0 0 0 0 0 0.130466 0 0 0 0 0 0 0 0.132031 0 0 0 0.123705 0 0 0 0 0 0 0 0.12733 0 0 0.130846 0 0.127618 0 0 0 0 0 0 0.1352 0 0.126173 0 0.127631 0 0 0 0 0 0 0 0 0 0 0 0.129432 0
0 0 0 0 0 0 0 0 0 0 0 0 0 0 0 0 0 0 0 0 0 0 0 0 0 0 0.131916 0 0 0.134399 0.133271 0 0 0 0.129422 0 0 0 0 0 0 0 0.129492 0 0.128061 0 0 0 0 0 0 0 0 0 0.127052 0 0 0.126776 0 0 0 0 0 0 0 0 0.131562 0 0 0 0.1304 0 0 0 0 0 0 0.134311 0 0 0 0 0 0 0 0 0 0.132889 0.124988 0 0 0.126483 0 0 0 0 0 0 0 0.12576
0 0 0 0 0 0 0 0 0 0 0 0 0 0 0 0 0 0 0 0 0 0 0 0 0 0.133306 0 0 0 0 0 0 0 0 0 0 0 0 0 0 0 0 0.134483 0 0 0 0 0.127736 0 0.130207 0 0 0 0 0 0 0 0 0 0 0 0 0.129946 0 0 0 0 0 0 0 0 0.12565 0 0 0 0 0 0 0 0 0 0 0 0 0.126381 0 0 0 0 0 0 0 0 0 0 0 0 0 0 0
0 0 0 0 0 0 0 0 0 0.134565 0 0 0 0 0 0 0 0 0 0 0 0 0 0.134315 0 0 0 0.124809 0 0 0 0.125571 0.130732 0 0 0 0 0 0 0 0 0 0.122963 0 0 0 0 0 0 0 0 0 0 0 0 0 0 0.128572 0 0.123523 0 0.135358 0 0 0 0 0 0 0 0 0 0.131188 0 0 0 0 0 0 0 0 0 0 0 0 0 0 0.129598 0 0 0 0 0 0 0 0 0 0.135076 0 0 0
0 0 0 0 0 0 0 0 0 0 0 0 0 0.132069 0 0 0 0 0 0.124128 0 0 0 0 0 0 0 0 0 0 0 0 0 0 0 0 0 0.133967 0 0 0 0 0 0.127968 0 0 0 0 0 0 0 0 0 0 0.134489 0 0 0 0 0 0 0 0 0 0 0 0 0 0 0 0 0 0 0 0.130534 0 0 0 0 0 0 0 0 0 0 0 0 0 0 0 0 0 0 0.127941 0 0 0 0 0 0
0 0 0 0 0.131862 0 0 0.134565 0 0 0 0 0 0 0 0.13167 0 0 0.13026 0 0 0 0 0 0 0 0 0 0 0 0 0 0 0.135565 0 0 0 0 0 0 0 0 0 0 0 0 0.128143 0 0 0 0 0 0 0 0 0 0 0 0 0 0 0 0 0 0 0 0 0 0 0 0 0 0 0 0.12972 0 0 0 0 0 0 0 0 0.132258 0.135358 0.129379 0 0 0 0 0 0 0 0 0 0.125698 0 0 0.132441 0
0.124944 0 0 0 0 0 0 0 0 0 0 0 0 0.128319 0 0 0 0 0 0 0 0.13514 0 0 0 0 0 0 0 0 0 0 0 0 0 0 0 0 0 0 0 0 0 0.131819 0 0 0 0 0 0 0.127206 0 0 0 0 0 0 0 0 0 0 0 0.132248 0 0 0 0 0 0.129948 0 0 0 0 0 0.133029 0 0 0.12971 0 0 0 0 0.132658 0 0 0 0.134061 0 0.125118 0 0 0 0 0 0 0 0 0.133774 0 0
0 0 0 0 0.128262 0 0 0 0 0 0 0 0 0 0 0 0 0 0 0 0 0 0 0.127281 0.126128 0 0 0.135409 0.129497 0 0 0.133718 0.125719 0 0 0.124104 0 0.124371 0 0 0.122984 0 0 0 0 0 0 0 0 0 0 0 0 0 0 0 0.132721 0 0 0.127308 0 0 0 0 0 0 0 0 0 0.133072 0 0 0 0 0 0.126592 0.126869 0 0 0 0.132972 0 0 0 0 0.130434 0 0 0 0 0 0 0 0 0 0 0 0 0.123622 0
0 0 0 0 0 0 0 0 0 0 0 0 0 0 0 0 0 0 0 0 0 0.133117 0.123235 0 0.132652 0 0 0 0 0.131231 0 0 0 0 0.125484 0 0 0.133209 0 0.126405 0 0.134705 0 0 0 0 0 0 0.132229 0 0 0 0 0 0.129545 0 0.125649 0 0 0 0 0 0 0 0.132902 0 0 0.128195 0 0 0 0 0 0 0 0 0 0 0 0 0 0 0 0 0 0 0 0 0 0 0 0 0 0 0.126331 0 0.129318 0 0.134593 0
0 0 0 0 0 0 0 0 0.132069 0 0.128319 0 0 0 0.128513 0 0 0 0 0 0 0 0 0.131182 0 0 0 0 0.132 0 0.13031 0 0 0 0 0 0 0 0 0 0 0 0.123808 0.12714 0 0 0 0.132386 0 0 0 0 0 0 0.133027 0 0 0 0 0 0 0 0 0 0 0 0 0 0 0.128764 0 0 0 0 0 0.12468 0 0 0 0 0 0.132325 0 0 0 0 0 0 0 0.127777 0 0 0.125929 0 0 0 0 0 0 0
0 0 0.126283 0 0 0 0 0 0 0 0 0 0 0.128513 0 0.130224 0 0.125248 0 0 0 0 0 0 0.130443 0 0.123104 0 0 0 0 0.129154 0 0 0 0 0 0 0 0.123743 0 0 0 0.13503 0 0 0 0 0 0.129812 0 0 0 0 0.128168 0 0 0 0.127705 0 0 0 0 0 0.124697 0 0 0 0 0 0.124143 0 0 0 0 0 0 0 0 0 0 0 0 0 0 0.123079 0 0 0 0 0 0 0 0 0 0 0 0 0 0
0 0 0 0 0 0 0 0 0 0.13167 0 0 0 0 0.130224 0 0 0.128095 0 0 0 0 0 0 0 0 0 0 0 0 0 0 0 0.134807 0 0.123139 0 0 0 0 0 0 0 0 0 0 0 0.133112 0 0 0 0.123394 0.12346 0 0.129406 0 0 0 0 0 0 0 0 0.133725 0 0 0 0 0 0 0 0 0 0.12984 0.130866 0 0 0 0 0 0 0 0 0 0 0 0 0 0 0 0.127081 0.129722 0 0 0 0.125345 0.123411 0 0 0
0 0 0 0 0 0 0 0 0 0 0 0 0 0 0 0 0 0 0 0 0 0.132559 0 0.135267 0 0 0 0 0 0.127338 0 0.12895 0.124322 0 0 0 0 0 0.131292 0 0 0 0 0 0.135436 0 0 0 0 0 0 0.133624 0 0.126914 0 0 0 0 0.135521 0 0 0.127213 0 0.128517 0.13375 0 0.12741 0 0 0.129245 0 0 0 0 0 0.125839 0 0 0 0 0 0.124749 0 0.127357 0 0 0 0 0 0 0 0.134568 0 0.133941 0 0 0 0 0.125047 0
0 0 0 0 0 0 0 0 0 0 0 0 0 0 0.125248 0.128095 0 0 0 0 0 0 0 0 0 0 0 0 0 0 0.127131 0 0 0 0 0.123738 0 0.132101 0.12313 0 0 0 0 0 0 0 0 0.128726 0.123129 0 0 0 0 0 0 0 0 0 0 0 0.127316 0 0.124598 0.134031 0 0.127836 0 0 0.129154 0 0 0 0 0 0 0.126643 0 0 0 0.125361 0 0 0 0.13475 0.134274 0 0 0 0 0 0 0 0 0 0 0 0.128929 0 0 0
0 0.125542 0 0 0.124338 0 0 0 0 0.13026 0 0 0 0 0 0 0 0 0 0 0 0 0 0 0 0 0.133021 0 0 0.123768 0.134639 0 0.130791 0.128627 0 0 0 0 0 0 0 0 0 0 0 0.132033 0 0 0 0 0.130283 0 0 0.124428 0 0 0 0 0.13024 0 0.130725 0 0 0 0.129715 0 0 0 0.125581 0 0 0 0 0 0 0 0 0 0 0.131833 0.125862 0 0 0 0 0 0 0 0 0 0 0 0 0 0 0 0.131653 0 0 0
0 0 0 0 0 0 0 0 0.124128 0 0 0 0 0 0 0 0 0 0 0 0 0 0 0 0 0 0 0 0 0 0 0 0 0 0 0 0 0 0 0 0 0 0 0 0 0 0 0 0.128379 0 0 0 0 0.128348 0 0.132522 0.132104 0 0 0 0 0 0 0 0 0 0 0 0 0 0 0 0 0.124934 0 0.134179 0 0.134608 0 0 0 0 0.128196 0 0 0 0 0.126665 0.128268 0 0 0 0 0.131212 0 0 0 0 0 0
0 0 0.134054 0 0 0 0 0 0 0 0 0 0 0 0 0 0 0 0 0 0 0 0 0 0 0 0 0 0 0 0 0 0 0 0 0 0 0 0 0 0 0 0 0 0 0 0 0 0 0 0 0 0.129114 0 0.130721 0 0 0 0 0 0.134305 0.132417 0 0.13299 0 0 0 0 0 0 0 0 0 0 0 0 0.127941 0 0 0 0 0.129615 0 0 0 0 0 0 0 0 0 0 0.130359 0 0 0 0 0.123601 0 0
0 0 0 0 0 0 0 0 0 0 0.13514 0 0.133117 0 0 0 0.132559 0 0 0 0 0 0.123241 0 0.127351 0 0 0 0 0 0.130887 0.133473 0 0 0 0 0 0 0 0 0 0 0 0 0 0 0 0 0 0 0 0 0 0 0 0 0.135377 0 0 0 0 0 0 0 0 0 0 0 0 0 0 0 0 0 0.133874 0.126892 0 0 0 0.124479 0 0.131605 0 0 0.129004 0.134395 0.135418 0 0 0 0 0 0.133557 0 0 0 0 0 0 0
0 0 0 0 0 0 0 0 0 0 0 0 0.123235 0 0 0 0 0 0 0 0 0.123241 0 0 0 0 0 0 0 0 0 0 0 0 0 0 0 0 0 0 0 0 0 0 0 0 0 0 0 0 0 0 0 0 0.128891 0 0 0 0 0 0 0 0 0.131609 0 0 0 0 0 0 0.133097 0 0.131939 0 0 0 0 0 0 0 0 0 0 0 0 0 0.127213 0.132176 0 0 0 0.127083 0 0 0.130419 0 0 0 0.125656 0.126945
0 0 0 0 0 0 0 0.134315 0 0 0 0.127281 0 0.131182 0 0 0.135267 0 0 0 0 0 0 0 0 0 0 0.124247 0 0 0 0 0 0 0 0 0.130826 0 0 0.133078 0 0 0 0.134921 0 0 0 0 0 0 0 0 0 0 0 0 0 0 0 0.125535 0.127199 0 0 0.132435 0.133982 0 0.131898 0.129249 0 0 0 0 0 0 0.128179 0 0 0 0 0 0 0 0 0 0 0 0 0 0 0 0 0 0 0 0 0.129174 0 0 0 0
0 0 0.133189 0.130425 0 0 0 0 0 0 0 0.126128 0.132652 0 0.130443 0 0 0 0 0 0 0.127351 0 0 0 0 0 0 0 0 0 0 0 0 0 0.128842 0 0 0 0 0 0 0 0 0 0 0 0 0.128127 0 0.132343 0 0 0 0 0 0 0 0 0 0 0 0 0 0 0 0.129466 0.134118 0 0 0 0.125556 0 0 0 0 0 0 0.132288 0 0 0 0 0 0 0 0 0 0 0 0 0 0 0 0.135059 0 0.127847 0 0 0.131062
0 0 0 0 0 0 0.133306 0 0 0 0 0 0 0 0 0 0 0 0 0 0 0 0 0 0 0 0 0 0 0 0 0 0 0.129082 0 0 0 0 0 0 0 0 0 0.129123 0 0 0 0 0 0 0.132324 0.131732 0 0 0 0 0 0 0.129739 0 0 0 0 0 0 0 0.124197 0 0 0 0 0.133535 0 0 0.13024 0 0 0 0 0 0 0 0 0.134624 0 0 0 0 0 0.129443 0 0 0 0 0 0 0 0 0 0
0 0 0 0.13365 0 0.131916 0 0 0 0 0 0 0 0 0.123104 0 0 0 0.133021 0 0 0 0 0 0 0 0 0 0 0 0 0 0 0.130043 0 0 0 0 0 0 0 0 0.125735 0 0 0 0.124496 0 0 0 0 0 0 0 0 0 0.134502 0 0 0.127928 0 0 0 0.129513 0 0 0 0 0 0 0 0 0 0 0.134955 0 0 0 0 0 0 0 0 0 0 0 0.135526 0 0 0 0 0.128388 0.124328 0.126654 0 0 0 0.12987 0 0
0 0 0.129735 0 0.125315 0 0 0.124809 0 0 0 0.135409 0 0 0 0 0 0 0 0 0 0 0 0.124247 0 0 0 0 0 0 0.125984 0 0 0 0 0 0 0 0 0 0 0 0 0 0 0.128227 0 0 0 0 0 0 0 0 0 0 0 0 0 0 0 0.126615 0 0 0 0 0 0 0 0 0 0.134046 0 0 0 0 0 0.131362 0 0 0 0 0 0 0 0.129381 0 0 0 0 0 0 0 0 0 0 0 0 0 0
0 0 0.132171 0.134406 0 0 0 0 0 0 0 0.129497 0 0.132 0 0 0 0 0 0 0 0 0 0 0 0 0 0 0 0 0.134596 0 0 0 0.133044 0 0 0.134981 0 0.131163 0 0 0 0 0 0 0 0 0 0 0.133682 0 0 0 0 0.125401 0 0 0 0 0 0 0 0 0.129675 0 0 0 0 0 0 0 0 0 0 0 0 0 0 0 0 0 0.127615 0 0.134931 0 0 0 0 0.133343 0 0 0 0.12942 0 0 0.127426 0.124666 0 0.124317
0 0 0 0.125016 0 0.134399 0 0 0 0 0 0 0.131231 0 0 0 0.127338 0 0.123768 0 0 0 0 0 0 0 0 0 0 0 0 0 0 0 0.124723 0 0 0.131168 0 0 0 0 0 0 0 0 0 0 0.125259 0 0.127279 0 0 0 0 0 0 0 0 0 0 0 0 0 0 0 0 0 0.125662 0 0 0 0.132524 0 0.131237 0 0 0.124297 0 0 0.131916 0 0 0 0 0 0 0 0.132187 0 0 0.127678 0 0 0 0 0 0 0.132219 0
0 0 0 0 0 0.133271 0 0 0 0 0 0 0 0.13031 0 0 0 0.127131 0.134639 0 0 0.130887 0 0 0 0 0 0.125984 0.134596 0 0 0 0 0 0.124668 0 0 0 0.130969 0 0.132634 0 0 0.126572 0 0 0 0 0 0.1233 0 0 0.134885 0 0 0.126285 0 0 0 0 0 0 0 0 0 0 0 0.127099 0 0 0 0 0 0 0.123497 0 0 0 0.133987 0 0.129067 0 0 0 0 0 0 0.123591 0 0.125944 0 0 0 0 0 0 0 0 0 0.128062
0 0 0 0 0 0 0 0.125571 0 0 0 0.133718 0 0 0.129154 0 0.12895 0 0 0 0 0.133473 0 0 0 0 0 0 0 0 0 0 0 0 0 0 0 0 0 0 0 0 0 0 0.135383 0 0 0 0 0 0 0.126128 0 0 0 0 0.130271 0 0.125427 0 0 0 0.133774 0 0 0 0 0 0.13003 0 0 0 0 0.123271 0 0 0 0 0.131983 0.126352 0 0.128731 0 0 0 0 0 0.125763 0 0.130573 0 0 0.127014 0 0 0 0 0 0 0
0 0 0.130486 0 0 0 0 0.130732 0 0 0 0.125719 0 0 0 0 0.124322 0 0.130791 0 0 0 0 0 0 0 0 0 0 0 0 0 0 0 0 0.124454 0.1254 0 0.12464 0 0.126044 0.13028 0 0 0 0.134763 0 0 0 0 0 0.131032 0 0 0.133615 0 0 0.132454 0 0 0 0 0 0 0 0.125868 0 0 0.129097 0 0 0 0.124165 0 0 0 0 0 0.131352 0 0.125062 0 0 0 0.132038 0 0 0 0 0 0 0 0 0 0 0 0 0 0 0
0 0 0.127164 0 0 0 0 0 0 0.135565 0 0 0 0 0 0.134807 0 0 0.128627 0 0 0 0 0 0 0.129082 0.130043 0 0 0 0 0 0 0 0 0 0 0 0.125676 0 0 0 0 0 0 0 0 0 0.132069 0 0 0 0 0 0 0.131631 0 0.127332 0 0.124832 0 0 0 0 0.123774 0 0 0 0 0 0 0 0.127475 0 0 0 0 0.125982 0 0 0 0 0 0 0.128004 0 0 0 0 0.129132 0 0.128976 0 0 0 0 0 0.12866 0 0
0 0 0 0 0 0.129422 0 0 0 0 0 0 0.125484 0 0 0 0 0 0 0 0 0 0 0 0 0 0 0 0.133044 0.124723 0.124668 0 0 0 0 0 0 0 0 0 0 0 0 0.125435 0 0 0 0 0 0 0.128708 0 0 0 0 0 0 0 0 0 0 0 0 0 0 0.13298 0 0 0 0 0 0 0 0 0 0 0.133101 0 0 0 0 0 0.123112 0 0 0 0 0 0 0 0 0.12357 0 0 0 0 0 0 0.131212 0
0 0 0 0 0 0 0 0 0 0 0 0.124104 0 0 0 0.123139 0 0.123738 0 0 0 0 0 0 0.128842 0 0 0 0 0 0 0 0.124454 0 0 0 0 0 0 0 0 0 0 0 0 0 0 0 0.128812 0 0 0 0 0.123508 0 0 0 0 0 0 0.133669 0 0 0 0 0 0 0.12826 0.127438 0.126427 0 0.132236 0 0 0 0 0 0 0 0 0 0 0 0.127744 0 0 0 0 0.124132 0.125535 0 0 0 0 0 0 0 0.130905 0.128932 0
0 0 0.130957 0.131128 0 0 0 0 0 0 0 0 0 0 0 0 0 0 0 0 0 0 0 0.130826 0 0 0 0 0 0 0 0 0.1254 0 0 0 0 0 0 0 0 0 0.124212 0 0 0 0 0 0 0 0 0.12845 0 0 0 0 0 0 0 0 0 0.127526 0 0 0 0 0 0 0.127573 0 0 0 0 0 0 0.128013 0 0 0 0.125094 0.13425 0 0 0 0 0 0 0 0.129103 0 0 0 0 0 0.123716 0 0 0 0 0.124711
0 0 0 0 0 0 0 0 0.133967 0 0 0.124371 0.133209 0 0 0 0 0.132101 0 0 0 0 0 0 0 0 0 0 0.134981 0.131168 0 0 0 0 0 0 0 0 0.129412 0 0 0 0 0 0 0.128872 0 0 0.123001 0 0 0 0 0 0 0 0.135355 0 0 0 0.129176 0 0.130518 0.130674 0 0 0.127303 0 0 0 0 0.135458 0.133122 0 0 0 0.126839 0.133306 0.123677 0 0 0.130452 0 0 0 0 0 0 0 0.124079 0 0 0 0 0 0 0 0 0 0
0 0 0 0.134882 0 0 0 0 0 0 0 0 0 0 0 0 0.131292 0.12313 0 0 0 0 0 0 0 0 0 0 0 0 0.130969 0 0.12464 0.125676 0 0 0 0.129412 0 0 0 0 0 0 0 0 0 0 0 0 0 0 0 0 0 0 0 0 0.125457 0 0 0 0 0 0 0 0 0 0.128907 0 0.135052 0.13 0 0 0 0 0.130295 0 0 0 0 0 0 0 0 0 0 0 0 0 0 0 0 0 0 0.130782 0 0 0.123913 0.135021
0 0 0 0 0 0 0 0 0 0 0 0 0.126405 0 0.123743 0 0 0 0 0 0 0 0 0.133078 0 0 0 0 0.131163 0 0 0 0 0 0 0 0 0 0 0 0.130012 0.128053 0.127225 0 0 0 0.130791 0 0 0.134625 0 0 0 0 0 0 0 0 0 0 0 0.129933 0 0 0 0 0.124277 0 0 0 0.130074 0 0 0 0.124362 0 0 0 0 0 0 0 0 0 0.124708 0 0.13318 0 0 0 0 0 0 0 0 0 0 0.13235 0 0
0 0.135548 0 0 0 0 0 0 0 0 0 0.122984 0 0 0 0 0 0 0 0 0 0 0 0 0 0 0 0 0 0 0.132634 0 0.126044 0 0 0 0 0 0 0.130012 0 0 0 0 0 0 0 0.128487 0 0 0 0 0 0 0.125619 0 0 0.124764 0 0 0 0.124346 0.126818 0 0 0 0 0 0 0 0 0 0 0 0 0 0.131419 0 0 0.135489 0 0 0 0 0.130108 0 0.126577 0 0 0 0 0 0 0 0 0 0 0 0 0.123805
0 0.13095 0.126007 0 0 0 0 0 0 0 0 0 0.134705 0 0 0 0 0 0 0 0 0 0 0 0 0 0 0 0 0 0 0 0.13028 0 0 0 0 0 0 0.128053 0 0 0 0 0.134301 0 0 0 0 0.13426 0 0 0 0.135204 0 0 0 0 0.134836 0.127087 0 0 0 0 0 0.131925 0.127678 0 0 0 0 0 0 0 0 0 0 0 0 0 0 0 0 0 0 0 0 0 0 0 0 0 0 0 0 0 0.128027 0 0 0
0 0 0.126768 0 0 0.129492 0.134483 0.122963 0 0 0 0 0 0.123808 0 0 0 0 0 0 0 0 0 0 0 0 0.125735 0 0 0 0 0 0 0 0 0 0.124212 0 0 0.127225 0 0 0 0 0 0 0 0.134691 0 0 0 0.126561 0 0 0 0 0 0 0 0 0 0.127454 0 0 0.124126 0 0 0 0 0 0 0 0 0 0 0 0 0 0.133989 0 0 0 0 0 0 0 0.12802 0 0 0 0 0.12325 0.133259 0 0 0 0 0 0 0
0 0 0 0 0 0 0 0 0.127968 0 0.131819 0 0 0.12714 0.13503 0 0 0 0 0 0 0 0 0.134921 0 0.129123 0 0 0 0 0.126572 0 0 0 0.125435 0 0 0 0 0 0 0 0 0 0.127598 0 0 0 0 0 0.124632 0 0 0 0 0 0 0 0.131791 0.131456 0 0 0.127975 0 0 0 0 0.124319 0.124855 0.130463 0 0 0.127813 0 0 0 0 0 0 0 0 0.125551 0 0 0 0.130933 0 0 0 0 0 0 0 0 0 0 0 0.124338 0 0
0 0 0 0.129228 0 0.128061 0 0 0 0 0 0 0 0 0 0 0.135436 0 0 0 0 0 0 0 0 0 0 0 0 0 0 0.135383 0 0 0 0 0 0 0 0 0 0.134301 0 0.127598 0 0 0 0 0 0.128345 0 0 0 0 0 0 0 0 0 0 0.127642 0 0.124562 0 0 0.123135 0 0 0 0 0 0 0 0 0 0 0 0.125476 0 0 0 0 0 0 0.124188 0 0 0 0 0 0 0.124518 0 0 0 0.128918 0 0.123051 0.135437 0
0 0 0 0 0 0 0 0 0 0 0 0 0 0 0 0 0 0 0.132033 0 0 0 0 0 0 0 0 0.128227 0 0 0 0 0.134763 0 0 0 0 0.128872 0 0 0 0 0 0 0 0 0 0 0 0 0 0 0 0 0 0 0 0 0.134932 0.12822 0.12705 0 0 0 0 0 0.132264 0 0 0 0 0 0.124939 0 0 0.123529 0 0 0 0 0 0 0 0 0 0 0 0 0 0 0 0 0 0 0 0 0 0 0.127855 0
0 0.125195 0 0.130109 0 0 0 0 0 0.128143 0 0 0 0 0 0 0 0 0 0 0 0 0 0 0 0 0.124496 0 0 0 0 0 0 0 0 0 0 0 0 0.130791 0 0 0 0 0 0 0 0 0 0 0.133671 0 0 0 0 0 0 0 0 0 0.129832 0.123518 0 0 0 0 0 0 0 0 0 0 0 0 0.13429 0 0 0 0 0 0 0 0 0 0 0.130016 0 0 0 0 0 0.131744 0.124548 0.128535 0 0 0 0.134418 0 0
0 0 0 0 0 0 0.127736 0 0 0 0 0 0 0.132386 0 0.133112 0 0.128726 0 0 0 0 0 0 0 0 0 0 0 0 0 0 0 0 0 0 0 0 0 0 0.128487 0 0.134691 0 0 0 0 0 0 0 0.128091 0 0 0 0 0 0 0 0 0 0 0 0 0 0 0 0 0 0 0 0 0 0 0.126628 0 0 0 0 0 0 0 0 0 0 0 0 0 0 0 0 0 0 0 0 0 0.132188 0 0 0 0
0 0 0 0 0 0 0 0 0 0 0 0 0.132229 0 0 0 0 0.123129 0 0.128379 0 0 0 0 0.128127 0 0 0 0 0.125259 0 0 0 0.132069 0 0.128812 0 0.123001 0 0 0 0 0 0 0 0 0 0 0 0 0 0.129677 0 0 0.124492 0.123495 0 0 0 0 0 0.135238 0 0 0 0 0 0 0.126481 0 0 0 0 0 0 0.124822 0 0 0 0 0 0 0 0 0 0.127224 0 0 0 0 0.127713 0.128035 0 0 0 0 0 0 0 0
0 0 0 0 0 0 0.130207 0 0 0 0 0 0 0 0.129812 0 0 0 0 0 0 0 0 0 0 0 0 0 0 0 0.1233 0 0 0 0 0 0 0 0 0.134625 0 0.13426 0 0 0.128345 0 0 0 0 0 0 0 0 0.135133 0 0 0 0 0 0 0.133665 0.134239 0.124653 0 0 0 0 0 0 0 0 0 0 0 0 0 0 0 0 0 0 0.12742 0 0.134604 0 0 0 0 0 0 0 0 0 0 0.128765 0 0 0 0 0
0 0 0 0 0.130466 0 0 0 0 0 0.127206 0 0 0 0 0 0 0 0.130283 0 0 0 0 0 0.132343 0.132324 0 0 0.133682 0.127279 0 0 0 0 0.128708 0 0 0 0 0 0 0 0 0.124632 0 0 0.133671 0.128091 0 0 0 0 0.129566 0 0.130653 0 0 0 0 0 0 0.129799 0.129277 0 0 0 0 0 0 0 0.135327 0 0 0 0 0 0 0 0 0 0 0 0 0 0 0 0 0 0 0 0 0 0 0 0 0.128075 0 0 0 0
0 0 0 0 0 0 0 0 0 0 0 0 0 0 0 0.123394 0.133624 0 0 0 0 0 0 0 0 0.131732 0 0 0 0 0 0.126128 0.131032 0 0 0 0.12845 0 0 0 0 0 0.126561 0 0 0 0 0 0.129677 0 0 0 0 0 0 0 0 0 0 0.126995 0 0 0 0 0 0 0 0 0 0 0 0 0 0 0 0 0.127008 0.125405 0 0 0 0 0.1295 0 0 0 0 0 0 0 0 0 0 0 0 0 0 0 0 0
0 0 0 0 0 0 0 0 0 0 0 0 0 0 0 0.12346 0 0 0 0 0.129114 0 0 0 0 0 0 0 0 0 0.134885 0 0 0 0 0 0 0 0 0 0 0 0 0 0 0 0 0 0 0 0.129566 0 0 0 0.128967 0 0 0 0 0.135157 0 0 0 0.128412 0.126016 0 0 0 0 0 0.130934 0 0 0 0 0 0.124784 0.134623 0 0 0 0 0 0 0 0 0 0 0 0 0 0 0 0 0 0 0 0 0.124811 0
0.132111 0.129607 0 0.132352 0 0 0 0 0 0 0 0 0 0 0 0 0.126914 0 0.124428 0.128348 0 0 0 0 0 0 0 0 0 0 0 0 0 0 0 0.123508 0 0 0 0 0 0.135204 0 0 0 0 0 0 0 0.135133 0 0 0 0 0 0 0 0 0 0.134605 0.131304 0 0.126853 0.130717 0 0.130959 0.129784 0.126141 0 0.124989 0.124148 0 0 0 0 0 0 0 0 0 0 0.129542 0 0 0 0 0 0 0 0 0 0 0.128832 0 0.130623 0 0 0 0.135399 0
0 0 0 0 0 0.127052 0 0 0.134489 0 0 0 0.129545 0.133027 0.128168 0.129406 0 0 0 0 0.130721 0 0.128891 0 0 0 0 0 0 0 0 0 0.133615 0 0 0 0 0 0 0 0.125619 0 0 0 0 0 0 0 0.124492 0 0.130653 0 0.128967 0 0 0 0 0 0 0 0 0.127122 0 0 0 0.124157 0.124815 0 0 0.131864 0 0 0 0 0 0 0.126249 0 0 0 0.130334 0 0 0 0 0 0 0 0 0 0 0 0 0 0 0 0 0 0 0
0 0 0 0 0 0 0 0 0 0 0 0 0 0 0 0 0 0 0 0.132522 0 0 0 0 0 0 0 0 0.125401 0 0.126285 0 0 0.131631 0 0 0 0 0 0 0 0 0 0 0 0 0 0 0.123495 0 0 0 0 0 0 0 0 0 0 0 0.124114 0 0 0 0 0 0 0 0 0 0 0.126079 0 0.124305 0 0 0.123212 0 0 0 0 0 0 0 0 0.133684 0 0 0 0 0.129416 0 0.123169 0 0 0 0 0 0 0
0 0 0 0 0 0 0 0 0 0 0 0.132721 0.125649 0 0 0 0 0 0 0.132104 0 0.135377 0 0 0 0 0.134502 0 0 0 0 0.130271 0 0 0 0 0 0.135355 0 0 0 0 0 0 0 0 0 0 0 0 0 0 0 0 0 0 0 0 0 0 0 0 0 0 0 0 0 0.127575 0 0 0 0 0 0.123891 0.130615 0 0 0 0.126076 0 0.129457 0.132487 0 0.125828 0 0 0 0 0 0 0.132579 0 0.128071 0 0 0 0 0.12577 0.126604 0
0 0 0 0 0 0.126776 0 0.128572 0 0 0 0 0 0 0 0 0 0 0 0 0 0 0 0 0 0 0 0 0 0 0 0 0.132454 0.127332 0 0 0 0 0 0 0.124764 0 0 0 0 0 0 0 0 0 0 0 0 0 0 0 0 0 0 0 0 0 0.129774 0 0 0 0 0.13352 0 0 0 0 0 0 0 0 0 0 0 0 0 0 0 0 0 0 0 0 0 0 0 0 0 0 0 0.123121 0 0 0 0.123652
0 0.12898 0.131978 0 0.132031 0 0 0 0 0 0 0 0 0 0.127705 0 0.135521 0 0.13024 0 0 0 0 0 0 0.129739 0 0 0 0 0 0.125427 0 0 0 0 0 0 0.125457 0 0 0.134836 0 0.131791 0 0.134932 0 0 0 0 0 0 0 0 0 0 0 0 0 0 0 0 0 0 0 0 0 0 0 0 0 0 0 0.128258 0.123541 0 0.130697 0 0.130845 0 0 0 0 0.125686 0.125525 0.123839 0 0 0 0 0.131965 0 0 0 0 0 0 0.135404 0 0
0 0 0.127326 0 0 0 0 0.123523 0 0 0 0.127308 0 0 0 0 0 0 0 0 0 0 0 0.125535 0 0 0.127928 0 0 0 0 0 0 0.124832 0 0 0 0 0 0 0 0.127087 0 0.131456 0 0.12822 0 0 0 0 0 0.126995 0.135157 0.134605 0 0 0 0 0 0 0 0 0 0 0 0 0 0 0 0.130202 0 0 0.129578 0 0 0 0 0 0 0 0 0 0 0 0 0 0 0 0 0 0 0 0 0 0 0 0 0 0 0
0 0 0 0 0 0 0 0 0 0 0 0 0 0 0 0 0 0.127316 0.130725 0 0.134305 0 0 0.127199 0 0 0 0 0 0 0 0 0 0 0 0.133669 0 0.129176 0 0 0 0 0 0 0.127642 0.12705 0.129832 0 0 0.133665 0 0 0 0.131304 0 0.124114 0 0 0 0 0 0 0 0 0 0 0 0 0 0 0 0 0.129208 0 0 0 0 0 0 0 0 0 0.128905 0 0 0 0 0 0 0 0 0 0 0 0 0.124375 0 0 0.131724 0
0 0 0 0.132504 0 0 0 0.135358 0 0 0 0 0 0 0 0 0.127213 0 0 0 0.132417 0 0 0 0 0 0 0.126615 0 0 0 0 0 0 0 0 0.127526 0 0 0.129933 0.124346 0 0.127454 0 0 0 0.123518 0 0.135238 0.134239 0.129799 0 0 0 0.127122 0 0 0 0 0 0 0 0 0 0 0 0 0 0 0 0 0 0 0 0 0 0 0.130097 0.129555 0 0 0 0 0 0.12981 0 0 0 0.124757 0 0 0.123846 0 0 0.129885 0 0 0 0 0.123932
0 0 0.135399 0 0.123705 0 0.129946 0 0 0 0.132248 0 0 0 0 0 0 0.124598 0 0 0 0 0 0 0 0 0 0 0 0 0 0.133774 0 0 0 0 0 0.130518 0 0 0.126818 0 0 0.127975 0.124562 0 0 0 0 0.124653 0.129277 0 0 0.126853 0 0 0 0.129774 0 0 0 0 0 0 0 0 0 0 0 0.132925 0 0 0 0 0 0 0 0 0 0 0.130488 0 0 0 0 0 0.134591 0 0 0 0 0 0 0 0 0 0 0 0.127329 0
0 0.132103 0 0 0 0 0 0 0 0 0 0 0 0 0 0.133725 0.128517 0.134031 0 0 0.13299 0 0.131609 0.132435 0 0 0.129513 0 0 0 0 0 0 0 0 0 0 0.130674 0 0 0 0 0 0 0 0 0 0 0 0 0 0 0.128412 0.130717 0 0 0 0 0 0 0 0 0 0 0 0 0 0 0 0 0 0 0 0 0 0 0 0 0.126555 0 0 0 0 0 0 0.13154 0.129064 0 0 0 0 0 0 0 0 0 0 0 0 0
0 0 0 0 0 0 0 0 0 0 0 0 0.132902 0 0.124697 0 0.13375 0 0.129715 0 0 0 0 0.133982 0 0 0 0 0.129675 0 0 0 0 0.123774 0 0 0 0 0 0 0 0 0.124126 0 0 0 0 0 0 0 0 0 0.126016 0 0 0 0 0 0 0 0 0 0 0 0 0 0 0 0 0 0 0.126994 0 0 0 0 0 0 0.133208 0 0 0 0 0 0 0 0 0 0 0 0.133218 0 0 0 0 0 0 0 0 0
0 0.133258 0 0 0 0 0 0 0 0 0 0 0 0 0 0 0 0.127836 0 0 0 0 0 0 0 0 0 0 0 0 0 0 0.125868 0 0.13298 0 0 0 0 0 0 0.131925 0 0 0.123135 0 0 0 0 0 0 0 0 0.130959 0.124157 0 0 0 0 0 0 0 0 0 0 0 0.126054 0 0 0 0 0 0.123991 0 0 0 0 0 0.135207 0.129988 0 0 0 0 0 0 0 0.124246 0 0 0 0.129686 0 0 0.126738 0 0 0 0 0
0.127422 0 0 0 0 0.131562 0 0 0 0 0 0 0 0 0 0 0.12741 0 0 0 0 0 0 0.131898 0.129466 0.124197 0 0 0 0 0 0 0 0 0 0 0 0.127303 0 0.124277 0 0.127678 0 0 0 0.132264 0 0 0 0 0 0 0 0.129784 0.124815 0 0 0 0 0 0 0 0 0 0 0.126054 0 0.124132 0 0 0 0 0 0 0 0.128818 0.12783 0 0.131856 0 0.131328 0 0 0 0 0 0 0 0 0 0 0 0 0 0 0.132627 0 0 0 0
0 0 0 0 0 0 0 0 0 0 0 0 0.128195 0 0 0 0 0 0 0 0 0 0 0.129249 0.134118 0 0 0 0 0 0.127099 0 0 0 0 0.12826 0 0 0 0 0 0 0 0.124319 0 0 0 0 0 0 0 0 0 0.126141 0 0 0.127575 0.13352 0 0 0 0 0 0 0 0 0.124132 0 0 0 0.128784 0 0 0 0 0 0.129956 0 0 0 0 0 0.13233 0 0 0 0.128442 0 0 0.128722 0 0 0 0 0 0 0.123466 0 0 0
0 0 0 0 0 0 0 0 0 0 0.129948 0 0 0 0 0 0 0.129154 0.125581 0 0 0 0 0 0 0 0 0 0 0.125662 0 0.13003 0.129097 0 0 0.127438 0.127573 0 0.128907 0 0 0 0 0.124855 0 0 0 0 0.126481 0 0 0 0 0 0 0 0 0 0 0 0 0 0 0 0 0 0 0 0 0 0 0 0 0 0 0 0 0 0 0 0 0.135507 0 0 0 0.123886 0 0 0 0 0 0 0 0.133791 0 0.134585 0 0 0 0
0 0 0.129968 0 0 0 0 0 0 0 0 0.133072 0 0.128764 0 0 0.129245 0 0 0 0 0 0 0 0 0 0 0 0 0 0 0 0 0 0 0.126427 0 0 0 0 0 0 0 0.130463 0 0 0 0 0 0 0 0 0 0.124989 0.131864 0 0 0 0 0.130202 0 0 0.132925 0 0 0 0 0 0 0 0 0 0 0 0 0 0 0 0 0 0 0 0 0.129445 0 0 0 0 0 0.12358 0 0.125773 0.126753 0 0 0 0.130545 0 0 0
0.127338 0 0.133401 0.124838 0.12733 0.1304 0 0 0 0 0 0 0 0 0.124143 0 0 0 0 0 0 0 0.133097 0 0 0 0 0 0 0 0 0 0 0 0 0 0 0 0.135052 0.130074 0 0 0 0 0 0 0 0 0 0 0.135327 0 0.130934 0.124148 0 0 0 0 0 0 0 0 0 0 0 0 0 0.128784 0 0 0 0.126603 0.125228 0 0 0 0 0 0 0 0 0 0 0 0 0 0 0 0 0.13476 0 0 0.131993 0 0 0 0 0.126679 0 0
0 0 0 0.12351 0 0 0.12565 0.131188 0 0 0 0 0 0 0 0 0 0 0 0 0 0 0 0 0.125556 0.133535 0 0.134046 0 0 0 0 0 0 0 0.132236 0 0.135458 0.13 0 0 0 0 0 0 0 0 0 0 0 0 0 0 0 0 0.126079 0 0 0 0 0 0 0 0 0.126994 0 0 0 0 0 0.126603 0 0 0 0 0 0 0 0 0 0 0.123676 0 0 0 0 0 0.123866 0 0 0.124091 0 0 0 0 0 0 0.12488 0 0
0.130873 0 0 0 0 0 0 0 0 0 0 0 0 0 0 0 0 0 0 0 0 0 0.131939 0 0 0 0 0 0 0.132524 0 0 0.124165 0.127475 0 0 0 0.133122 0 0 0 0 0 0.127813 0 0.124939 0 0 0 0 0 0 0 0 0 0 0 0 0 0.129578 0.129208 0 0 0 0 0.123991 0 0 0 0 0.125228 0 0 0 0 0 0 0 0 0.12589 0 0 0 0 0 0 0 0 0 0 0.134244 0 0 0.132473 0 0 0 0.133118 0 0
0 0 0 0 0.130846 0 0 0 0 0 0 0 0 0 0 0.12984 0 0 0 0.124934 0 0 0 0 0 0 0 0 0 0 0 0.123271 0 0 0 0 0 0 0 0 0 0 0 0 0 0 0 0.126628 0 0 0 0 0 0 0 0.124305 0.123891 0 0.128258 0 0 0 0 0 0 0 0 0 0 0 0 0 0 0 0 0 0 0 0 0 0 0.133772 0 0 0 0 0 0 0 0 0 0 0 0 0 0 0 0 0 0
0 0 0.126196 0 0 0 0 0 0.130534 0.12972 0.133029 0 0 0 0 0.130866 0 0 0 0 0 0.133874 0 0.128179 0 0.13024 0.134955 0 0 0.131237 0.123497 0 0 0 0 0 0 0 0 0.124362 0 0 0 0 0 0 0.13429 0 0 0 0 0 0 0 0 0 0.130615 0 0.123541 0 0 0 0 0 0 0 0 0 0 0 0 0 0 0 0 0 0 0 0 0.124761 0.132788 0 0 0 0 0 0 0 0.124536 0 0 0 0 0 0 0 0 0 0.133622 0
0 0 0 0.126427 0.127618 0 0 0 0 0 0 0.126592 0 0.12468 0 0 0.125839 0.126643 0 0.134179 0 0.126892 0 0 0 0 0 0 0 0 0 0 0 0 0 0 0.128013 0 0 0 0 0 0 0 0 0.123529 0 0 0.124822 0 0 0 0 0 0 0 0 0 0 0 0 0 0 0 0 0 0.128818 0 0 0 0 0 0 0 0 0 0 0 0 0 0 0 0.131713 0 0.125696 0.124729 0 0 0 0 0 0 0.129076 0 0 0 0 0 0 0
0 0 0 0 0 0 0 0 0 0 0 0.126869 0 0 0 0 0 0 0 0 0.127941 0 0 0 0 0 0 0 0 0 0 0 0 0 0.133101 0 0 0.126839 0.130295 0 0.131419 0 0 0 0 0 0 0 0 0 0 0.127008 0.124784 0 0.126249 0.123212 0 0 0.130697 0 0 0 0 0 0 0 0.12783 0.129956 0 0 0 0 0 0 0 0 0 0.134813 0.123177 0 0 0 0 0 0 0 0 0 0 0 0 0.132574 0 0 0 0 0 0 0 0.133903
0 0 0 0 0 0.134311 0 0 0 0 0.12971 0 0 0 0 0 0 0 0 0.134608 0 0 0 0 0 0 0 0.131362 0 0.124297 0 0 0 0.125982 0 0 0 0.133306 0 0 0 0 0 0 0.125476 0 0 0 0 0 0 0.125405 0.134623 0 0 0 0 0 0 0 0 0.130097 0 0 0 0 0 0 0 0 0 0 0 0 0 0 0.134813 0 0 0 0 0 0 0 0 0 0 0.126214 0 0 0 0 0 0 0 0 0 0.127812 0.124584 0
0 0 0 0 0 0 0 0 0 0 0 0 0 0 0 0 0 0 0 0 0 0 0 0 0.132288 0 0 0 0 0 0.133987 0.131983 0.131352 0 0 0 0 0.123677 0 0 0 0 0.133989 0 0 0 0 0 0 0 0 0 0 0 0 0 0.126076 0 0.130845 0 0 0.129555 0 0.126555 0.133208 0.135207 0.131856 0 0 0 0 0 0 0 0 0 0.123177 0 0 0 0 0 0 0 0 0 0 0 0 0 0.129215 0.130766 0 0 0 0 0 0 0.123383 0
0 0 0 0 0 0 0 0 0 0 0 0 0 0 0 0 0 0.125361 0.131833 0 0 0.124479 0 0 0 0 0 0 0 0 0 0.126352 0 0 0 0 0.125094 0 0 0 0.135489 0 0 0 0 0 0 0 0 0 0 0 0 0 0 0 0 0 0 0 0 0 0 0 0 0.129988 0 0 0 0 0 0 0.12589 0 0.124761 0 0 0 0 0 0.122992 0 0.123094 0 0 0 0 0 0.127169 0 0 0 0 0.135133 0 0 0 0 0 0
0.125306 0.132955 0 0 0 0 0 0 0 0 0 0.132972 0 0 0 0 0 0 0.125862 0 0 0 0 0 0 0 0 0 0 0.131916 0.129067 0 0.125062 0 0 0 0.13425 0 0 0 0 0 0 0 0 0 0 0 0 0 0 0 0 0 0.130334 0 0.129457 0 0 0 0 0 0.130488 0 0 0 0.131328 0 0 0 0 0 0 0 0.132788 0 0 0 0 0.122992 0 0 0 0.130753 0 0 0 0 0 0.126514 0 0.13386 0.126067 0 0 0 0 0 0 0
0 0 0 0 0 0 0 0 0 0 0 0 0 0.132325 0 0 0.124749 0 0 0 0.129615 0.131605 0 0 0 0 0 0 0 0 0 0.128731 0 0 0 0 0 0.130452 0 0 0 0 0 0.125551 0 0 0 0 0 0.12742 0 0 0 0.129542 0 0 0.132487 0 0 0 0 0 0 0 0 0 0 0 0.135507 0 0 0.123676 0 0.133772 0 0 0 0 0 0 0 0 0 0 0 0.131314 0.125201 0 0 0 0.135134 0.129723 0.130731 0 0 0 0.128502 0 0 0
0 0 0 0 0.1352 0 0 0 0 0 0.132658 0 0 0 0 0 0 0 0 0.128196 0 0 0 0 0 0 0 0 0.127615 0 0 0 0 0 0.123112 0 0 0 0 0 0 0 0 0 0 0 0 0 0 0 0 0.1295 0 0 0 0 0 0 0 0 0.128905 0 0 0 0 0 0 0.13233 0 0 0 0 0 0 0 0.131713 0 0 0 0.123094 0 0 0 0.123495 0 0.133959 0 0 0 0 0 0 0 0 0.133311 0 0 0 0 0
0 0 0.128763 0 0 0 0 0 0 0.132258 0 0 0 0 0 0 0.127357 0.13475 0 0 0 0 0 0 0 0.134624 0 0 0 0 0 0 0 0 0 0.127744 0 0 0 0 0 0 0 0 0 0 0 0 0 0.134604 0 0 0 0 0 0 0.125828 0 0.125686 0 0 0 0 0 0 0 0 0 0 0.129445 0 0 0 0 0 0 0 0 0 0 0.130753 0 0.123495 0 0 0.12867 0 0 0 0 0 0 0 0.12606 0 0 0.125754 0 0 0
0 0 0 0 0.126173 0 0.126381 0 0 0.135358 0 0 0 0 0 0 0 0.134274 0 0 0 0.129004 0 0 0 0 0 0 0.134931 0 0 0 0.132038 0.128004 0 0 0 0 0 0.124708 0.130108 0 0 0 0.124188 0 0 0 0 0 0 0 0 0 0 0 0 0 0.125525 0 0 0.12981 0 0 0 0 0 0 0 0 0 0 0 0 0 0.125696 0 0 0 0 0 0 0 0 0 0 0 0.13522 0 0 0 0 0 0 0 0 0 0 0 0
0 0 0 0.134226 0 0 0 0 0 0.129379 0 0.130434 0 0 0.123079 0 0 0 0 0 0 0.134395 0 0 0 0 0 0.129381 0 0 0 0 0 0 0 0 0 0 0 0 0 0 0 0.130933 0 0 0.130016 0 0.127224 0 0 0 0 0 0 0.133684 0 0 0.123839 0 0 0 0 0.13154 0 0 0 0 0.123886 0 0 0 0 0 0 0.124729 0 0 0 0 0 0.131314 0.133959 0.12867 0 0 0 0 0 0.123268 0.127425 0 0 0 0 0 0 0 0 0
0.123618 0.134093 0 0.133868 0.127631 0 0 0.129598 0 0 0.134061 0 0 0 0 0 0 0 0 0 0 0.135418 0.127213 0 0 0 0.135526 0 0 0 0 0 0 0 0 0 0 0 0 0.13318 0.126577 0 0.12802 0 0 0 0 0 0 0 0 0 0 0 0 0 0 0 0 0 0 0 0.134591 0.129064 0 0 0 0.128442 0 0 0 0 0 0 0 0 0 0 0 0 0 0.125201 0 0 0 0 0 0 0 0 0 0.12392 0 0 0 0 0 0 0 0
0 0 0 0 0 0.132889 0 0 0 0 0 0 0 0 0 0 0 0 0 0.126665 0 0 0.132176 0 0 0 0 0 0 0 0.123591 0.125763 0 0 0 0 0 0 0 0 0 0 0 0 0 0 0 0 0 0 0 0 0 0 0 0 0 0 0 0 0 0 0 0 0 0.124246 0 0 0 0 0 0.123866 0 0 0 0 0 0.126214 0 0 0 0 0 0 0.13522 0 0 0 0 0 0.130627 0 0.125208 0 0 0 0 0 0 0
0 0.126818 0 0 0 0.124988 0 0 0 0 0.125118 0 0 0 0 0 0 0 0 0.128268 0 0 0 0 0 0 0 0 0 0.132187 0 0 0 0 0 0.124132 0.129103 0 0 0 0 0 0 0 0 0 0 0 0 0 0 0 0 0 0 0 0 0 0 0 0 0.124757 0 0 0 0 0 0 0 0 0 0 0 0 0.124536 0 0 0 0 0.127169 0 0 0 0 0 0 0 0 0 0 0 0 0 0 0 0 0 0 0 0
0 0 0 0.133995 0 0 0 0 0 0 0 0 0 0.127777 0 0 0 0 0 0 0 0 0 0 0 0.129443 0 0 0.133343 0 0.125944 0.130573 0 0.129132 0 0.125535 0 0.124079 0 0 0 0 0 0 0 0 0 0 0 0 0 0 0 0 0 0 0 0 0 0 0 0 0 0 0 0 0 0.128722 0 0.12358 0.13476 0 0 0 0 0 0 0 0 0 0.126514 0 0 0 0 0.123268 0 0 0 0 0 0 0.131398 0 0.127046 0 0 0 0.13025 0
0 0 0 0 0 0 0 0 0 0 0 0 0 0 0 0.127081 0 0 0 0 0 0 0 0 0 0 0 0 0 0 0 0 0 0 0 0 0 0 0 0 0 0 0 0 0 0 0 0 0.127713 0 0 0 0 0 0 0.129416 0.132579 0 0.131965 0 0 0 0 0 0.133218 0 0 0 0 0 0 0.124091 0.134244 0 0 0 0 0 0.129215 0 0 0.135134 0 0 0 0.127425 0 0.130627 0 0 0 0.125549 0 0 0 0.129902 0.12305 0 0 0.131787
0 0.124912 0 0 0 0.126483 0 0 0 0 0 0 0 0 0 0.129722 0.134568 0 0 0 0 0 0.127083 0 0 0 0.128388 0 0 0.127678 0 0 0 0.128976 0.12357 0 0 0 0 0 0 0 0.12325 0 0.124518 0 0.131744 0 0.128035 0 0 0 0 0 0 0 0 0 0 0 0 0.123846 0 0 0 0.129686 0 0 0 0.125773 0 0 0 0 0 0 0.132574 0 0.130766 0 0.13386 0.129723 0 0 0 0 0.12392 0 0 0 0.125549 0 0 0 0 0.13451 0 0 0 0.128481
0 0 0 0 0 0 0 0 0 0 0 0 0 0.125929 0 0 0 0 0 0 0.130359 0.133557 0 0 0 0 0.124328 0 0 0 0 0.127014 0 0 0 0 0 0 0 0 0 0 0.133259 0 0 0 0.124548 0 0 0 0 0 0 0.128832 0 0.123169 0.128071 0 0 0 0 0 0 0 0 0 0 0 0 0.126753 0.131993 0 0 0 0 0.129076 0 0 0 0 0.126067 0.130731 0 0 0 0 0 0.125208 0 0.131398 0 0 0 0.125932 0.123776 0 0 0 0 0
0 0 0 0 0 0 0 0 0.127941 0 0 0 0 0 0 0 0.133941 0 0 0.131212 0 0 0 0 0 0 0.126654 0 0.12942 0 0 0 0 0 0 0 0 0 0 0 0 0 0 0 0 0 0.128535 0 0 0 0 0 0 0 0 0 0 0 0 0 0 0 0 0 0 0 0 0 0.133791 0 0 0 0.132473 0 0 0 0 0 0 0.135133 0 0 0 0.12606 0 0 0 0 0 0 0 0 0.125932 0 0 0 0 0.126365 0.128049 0
0 0 0 0 0 0 0 0 0 0 0 0 0.126331 0 0 0 0 0 0 0 0 0 0.130419 0 0.135059 0 0 0 0 0 0 0 0 0 0 0 0.123716 0 0 0 0 0 0 0 0 0 0 0 0 0.128765 0 0 0 0.130623 0 0 0 0 0 0 0 0.129885 0 0 0 0.126738 0 0 0 0 0 0 0 0 0 0 0 0 0 0 0 0 0.133311 0 0 0 0 0 0 0.127046 0 0 0.123776 0 0 0 0 0 0 0
0 0 0.128179 0 0 0 0 0 0 0.125698 0 0 0 0 0 0.125345 0 0 0 0 0 0 0 0.129174 0 0 0 0 0 0 0 0 0 0 0 0 0 0 0.130782 0 0 0 0 0 0.128918 0 0 0.132188 0 0 0.128075 0 0 0 0 0 0 0.123121 0 0 0.124375 0 0 0 0 0 0.132627 0 0.134585 0 0 0 0 0 0 0 0 0 0 0 0 0 0 0 0 0 0 0 0 0 0.129902 0.13451 0 0 0 0 0 0.12815 0 0
0 0.129243 0 0.132938 0 0 0 0.135076 0 0 0 0 0.129318 0 0 0.123411 0 0.128929 0.131653 0 0 0 0 0 0.127847 0 0 0 0.127426 0 0 0 0 0 0 0 0 0 0 0 0 0.128027 0 0 0 0 0 0 0 0 0 0 0 0 0 0 0 0 0 0 0 0 0 0 0 0 0 0.123466 0 0.130545 0 0 0 0 0 0 0 0 0 0 0 0.128502 0 0.125754 0 0 0 0 0 0 0.12305 0 0 0 0 0 0 0.135405 0.123652 0.122972
0 0 0 0 0 0 0 0 0 0 0.133774 0 0 0 0 0 0 0 0 0 0.123601 0 0 0 0 0 0.12987 0 0.124666 0 0 0 0 0.12866 0 0.130905 0 0 0 0.13235 0 0 0 0.124338 0.123051 0 0.134418 0 0 0 0 0 0 0 0 0 0.12577 0 0.135404 0 0 0 0 0 0 0 0 0 0 0 0.126679 0.12488 0.133118 0 0 0 0 0.127812 0 0 0 0 0 0 0 0 0 0 0 0 0 0 0 0.126365 0 0.12815 0.135405 0 0 0
0 0 0 0 0.129432 0 0 0 0 0.132441 0 0.123622 0.134593 0 0 0 0.125047 0 0 0 0 0 0.125656 0 0 0 0 0 0 0.132219 0 0 0 0 0.131212 0.128932 0 0 0.123913 0 0 0 0 0 0.135437 0.127855 0 0 0 0 0 0 0.124811 0.135399 0 0 0.126604 0 0 0 0.131724 0 0.127329 0 0 0 0 0 0 0 0 0 0 0 0.133622 0 0 0.124584 0.123383 0 0 0 0 0 0 0 0 0 0 0.13025 0 0 0 0.128049 0 0 0.123652 0 0 0.13183
0 0.132924 0 0 0 0.12576 0 0 0 0 0 0 0 0 0 0 0 0 0 0 0 0 0.126945 0 0.131062 0 0 0 0.124317 0 0.128062 0 0 0 0 0 0.124711 0 0.135021 0 0.123805 0 0 0 0 0 0 0 0 0 0 0 0 0 0 0 0 0.123652 0 0 0 0.123932 0 0 0 0 0 0 0 0 0 0 0 0 0 0 0.133903 0 0 0 0 0 0 0 0 0 0 0 0 0 0.131787 0.128481 0 0 0 0 0.122972 0 0.13183 0
