100
0 0.0846729 0.0689943 0 0 0 0 0 0 0 0 0 0 0 0 0 0 0 0 0 0 0 0 0 0 0 0 0 0 0 0 0 0 0 0 0 0 0 0 0 0 0 0 0 0 0 0 0 0 0 0 0 0 0.138611 0 0 0 0 0 0 0 0 0 0 0 0 0 0 0 0 0.137073 0 0 0 0 0 0 0 0 0 0 0 0 0 0.0517129 0 0 0 0 0 0 0 0 0 0 0 0 0 0 0
0.0846729 0 0 0 0 0 0 0 0 0 0 0 0 0 0 0 0 0 0.168675 0 0 0 0 0 0 0 0 0 0 0 0 0 0 0 0 0 0 0 0 0 0.11299 0 0 0 0 0 0 0 0 0 0 0 0 0.201939 0 0 0 0 0 0 0 0 0 0.121738 0 0 0 0 0 0 0 0 0 0 0 0 0 0 0 0 0.136675 0 0 0 0 0 0 0 0.135271 0 0 0 0 0 0 0 0.098139 0 0 0
0.0689943 0 0 0 0 0 0 0 0 0 0 0 0 0 0.168488 0 0 0 0 0 0 0 0 0 0 0 0 0 0.195398 0 0 0 0.0598703 0 0 0 0 0 0 0 0 0.158043 0.117428 0 0 0 0 0 0 0 0 0 0 0 0 0 0 0 0 0.0255207 0 0 0.190844 0 0 0 0 0 0 0 0.113637 0 0 0 0 0 0 0 0 0 0 0 0 0.0889371 0 0 0 0 0 0 0 0 0 0 0 0.099803 0 0 0 0
0 0 0 0 0 0 0 0 0 0 0 0 0 0 0 0 0 0 0 0 0 0 0 0 0.114846 0 0 0 0 0.176604 0.0535223 0 0 0 0 0 0 0 0 0 0 0 0 0 0 0 0 0 0 0 0 0 0 0 0 0 0 0 0 0 0 0.150874 0 0 0 0 0 0 0 0 0.177308 0 0 0 0 0 0 0 0 0 0 0 0 0 0 0.128517 0 0 0 0.144083 0 0 0 0 0 0 0.116966 0 0 0
0 0 0 0 0 0 0 0 0 0 0 0.0689351 0 0 0 0 0 0 0 0 0 0 0 0 0 0 0 0.0829152 0 0 0 0 0 0 0 0 0 0 0 0 0 0 0 0 0 0 0 0 0 0 0 0 0 0 0 0 0 0 0 0 0 0 0 0 0 0 0 0 0 0 0.138706 0 0 0 0 0.0834856 0 0 0 0 0 0 0 0 0 0 0.178565 0 0 0 0 0 0 0 0 0 0 0 0 0
0 0 0 0 0 0 0 0 0 0 0 0 0 0 0 0 0 0 0 0 0 0 0 0 0 0 0 0 0 0.179387 0.166569 0 0 0 0 0 0 0 0 0 0 0 0 0 0.114504 0 0 0 0 0 0 0 0 0 0.0849024 0 0 0.0689265 0 0 0 0 0 0 0 0 0 0 0 0 0 0 0 0 0 0 0 0.121313 0 0 0 0 0 0 0 0 0 0.103363 0 0 0 0.151781 0 0 0 0 0 0 0 0
0 0 0 0 0 0 0 0 0 0 0 0 0 0 0 0 0 0 0 0 0 0 0 0 0 0.0762799 0 0 0 0 0 0 0 0 0 0 0 0 0 0 0 0 0 0 0 0 0 0 0 0.107986 0 0 0 0 0 0 0 0 0 0 0 0 0.0329136 0 0 0 0 0 0 0 0 0 0 0 0 0 0 0 0 0 0 0 0 0 0 0 0 0 0 0 0 0 0 0 0 0 0 0 0 0
0 0 0 0 0 0 0 0 0 0.11022 0 0 0 0 0 0 0 0 0 0 0 0 0 0 0 0 0 0 0 0 0 0 0 0 0 0 0 0 0 0 0 0 0 0 0 0 0 0 0 0 0 0 0 0 0 0 0 0 0 0 0 0.225143 0 0 0 0 0 0 0 0 0 0 0 0 0 0 0 0 0 0 0 0 0 0 0 0 0 0 0 0 0 0 0 0 0 0 0.131538 0 0 0
0 0 0 0 0 0 0 0 0 0 0 0 0 0 0 0 0 0 0 0.0888443 0 0 0 0 0 0 0 0 0 0 0 0 0 0 0 0 0 0 0 0 0 0 0 0.16235 0 0 0 0 0 0 0 0 0 0 0.0920116 0 0 0 0 0 0 0 0 0 0 0 0 0 0 0 0 0 0 0 0 0 0 0 0 0 0 0 0 0 0 0 0 0 0 0 0 0 0 0 0 0 0 0 0 0
0 0 0 0 0 0 0 0.11022 0 0 0 0 0 0 0 0 0 0 0 0 0 0 0 0 0 0 0 0 0 0 0 0 0 0 0 0 0 0 0 0 0 0 0 0 0 0 0.16681 0 0 0 0 0 0 0 0 0 0 0 0 0 0 0 0 0 0 0 0 0 0 0 0 0 0 0 0 0 0 0 0 0.103055 0 0 0 0 0 0 0 0 0 0 0 0 0 0 0 0.186906 0 0 0.17236 0
0 0 0 0 0 0 0 0 0 0 0 0 0 0 0 0 0 0 0 0 0 0.176015 0 0 0 0 0 0 0 0 0 0 0 0 0 0 0 0 0 0 0 0 0 0.14949 0 0 0 0 0 0 0.0917331 0 0 0 0 0 0 0.162944 0 0 0 0 0.198244 0 0 0 0 0 0 0 0 0 0 0 0.181432 0 0 0 0 0 0 0 0 0 0 0 0 0 0.110696 0 0.19675 0 0 0 0 0 0 0 0 0
0 0 0 0 0.0689351 0 0 0 0 0 0 0 0 0 0 0 0 0 0 0 0 0 0 0.171577 0 0 0 0.126173 0 0 0 0.111605 0 0 0 0 0 0.123685 0 0 0 0 0 0 0 0 0 0 0 0 0 0 0 0 0 0 0 0 0 0 0 0 0 0 0 0 0 0 0 0 0 0 0 0 0 0 0 0 0 0 0 0 0 0 0 0 0 0 0 0 0 0 0 0 0 0 0 0 0.123314 0
0 0 0 0 0 0 0 0 0 0 0 0 0 0 0 0 0 0 0 0 0 0.0935396 0.0929979 0 0.16945 0 0 0 0 0 0 0 0 0 0 0 0 0.112601 0 0 0 0.191236 0 0 0 0 0 0 0 0 0 0 0 0 0.136038 0 0 0 0 0 0 0 0 0 0 0 0 0 0 0 0 0 0 0 0 0 0 0 0 0 0 0 0 0 0 0 0 0 0 0 0 0 0 0 0.162358 0 0 0 0 0
0 0 0 0 0 0 0 0 0 0 0 0 0 0 0 0 0 0 0 0 0 0 0 0.118789 0 0 0 0 0.112037 0 0 0 0 0 0 0 0 0 0 0 0 0 0 0 0 0 0 0 0 0 0.133696 0.109973 0 0 0 0 0 0 0 0 0 0 0 0 0 0 0 0 0 0.139751 0 0 0 0 0 0.149846 0 0 0 0 0 0 0 0 0 0 0 0 0 0.110318 0 0 0.124847 0 0 0 0 0 0 0
0 0 0.168488 0 0 0 0 0 0 0 0 0 0 0 0 0 0 0.127028 0 0 0 0 0 0 0.0830481 0 0 0 0 0 0 0 0 0 0 0 0 0 0 0.076991 0 0 0 0.0908615 0 0 0 0 0 0 0 0 0 0 0.0737604 0 0 0 0 0 0 0 0 0 0 0 0 0 0 0 0.0976856 0 0 0 0 0 0 0 0 0 0 0 0 0 0 0.169405 0 0 0 0 0 0 0 0 0 0 0 0 0 0
0 0 0 0 0 0 0 0 0 0 0 0 0 0 0 0 0 0 0 0 0 0 0 0 0 0 0 0 0 0 0 0 0 0.163714 0 0.0630985 0 0 0 0 0 0 0 0 0 0 0 0 0 0 0 0 0.053135 0 0.121236 0 0 0 0 0 0.11427 0 0 0 0 0 0 0 0 0 0 0 0 0 0.0942258 0 0 0 0 0 0 0 0 0 0 0 0 0 0 0 0.149197 0 0 0 0 0.112565 0 0 0 0
0 0 0 0 0 0 0 0 0 0 0 0 0 0 0 0 0 0 0 0 0 0.104251 0 0 0 0 0 0 0 0.0818194 0 0 0 0 0 0 0 0 0 0 0 0 0.116664 0 0 0 0 0 0 0 0 0 0 0.16888 0 0 0 0 0.0419838 0 0 0 0 0 0.155711 0 0 0 0 0 0 0 0 0 0 0 0 0 0 0 0 0.0836437 0 0 0 0 0 0 0 0 0 0.181583 0 0 0 0 0 0 0 0
0 0 0 0 0 0 0 0 0 0 0 0 0 0 0.127028 0 0 0 0 0 0 0 0 0 0 0 0 0 0 0 0 0 0 0 0 0 0 0.210844 0.169131 0 0 0 0 0 0 0 0 0.0746935 0.132269 0 0 0 0 0 0 0 0 0 0 0 0 0 0.154281 0 0 0 0 0 0.0897912 0 0 0 0 0 0 0.11865 0 0 0 0.112815 0 0 0 0.252845 0 0 0 0 0 0 0 0 0 0 0 0 0 0 0 0
0 0.168675 0 0 0 0 0 0 0 0 0 0 0 0 0 0 0 0 0 0 0 0 0 0 0 0 0 0 0 0 0 0 0.143069 0.112799 0.112109 0 0 0 0 0 0 0 0 0 0 0.155871 0 0 0 0 0 0 0 0.0809795 0 0 0 0 0 0 0 0 0 0 0.244129 0 0 0 0 0 0 0 0 0 0 0 0 0 0 0.201726 0 0 0 0 0 0 0 0 0 0 0 0 0 0 0 0 0 0 0 0
0 0 0 0 0 0 0 0 0.0888443 0 0 0 0 0 0 0 0 0 0 0 0 0 0 0 0 0 0 0 0 0 0 0 0 0 0 0 0 0 0 0 0 0 0 0 0 0 0 0 0 0 0 0 0 0.0960303 0 0 0.153433 0 0 0 0 0 0 0 0 0 0 0 0 0 0 0 0 0 0 0.154092 0 0 0 0 0 0 0.107539 0 0 0 0 0.16786 0 0 0 0 0 0.153275 0 0 0 0 0 0
0 0 0 0 0 0 0 0 0 0 0 0 0 0 0 0 0 0 0 0 0 0 0 0 0 0 0 0 0 0 0 0 0 0 0 0 0 0 0 0 0 0 0 0 0 0 0 0 0 0 0 0 0 0 0 0 0 0 0 0 0.111346 0.170814 0 0.175793 0 0 0 0 0 0 0 0 0 0 0 0 0.214773 0 0 0 0 0 0 0 0 0 0 0 0 0 0 0 0.0983086 0 0 0 0 0 0 0
0 0 0 0 0 0 0 0 0 0 0.176015 0 0.0935396 0 0 0 0.104251 0 0 0 0 0 0.0489552 0 0 0 0 0 0 0 0.139491 0.0835098 0 0 0 0 0 0 0 0 0 0 0 0 0 0 0 0 0 0 0 0 0 0 0 0 0 0 0 0 0 0 0 0 0 0 0 0 0 0 0 0 0 0 0 0 0 0 0 0 0 0 0 0 0.184981 0.162597 0.161746 0 0 0 0 0 0.12247 0 0 0 0 0 0 0
0 0 0 0 0 0 0 0 0 0 0 0 0.0929979 0 0 0 0 0 0 0 0 0.0489552 0 0 0 0 0 0 0 0 0 0 0 0 0 0 0 0 0 0 0 0 0 0 0 0 0 0 0 0 0 0 0 0 0 0 0 0 0 0 0 0.168285 0 0.117577 0 0 0 0 0 0 0 0 0 0 0 0 0 0 0 0 0 0 0 0 0 0 0.0432793 0 0 0 0 0.104329 0 0 0.156837 0 0 0 0 0.136303
0 0 0 0 0 0 0 0 0 0 0 0.171577 0 0.118789 0 0 0 0 0 0 0 0 0 0 0 0 0 0.139285 0 0 0 0 0 0 0 0 0 0 0 0.115067 0 0 0 0 0 0 0 0 0 0 0 0 0 0 0 0 0 0 0 0 0.0967441 0 0 0.142544 0.184341 0 0.164403 0.103826 0 0 0 0 0 0 0 0 0 0 0 0 0 0 0 0 0 0 0 0 0 0 0 0 0 0 0 0.0748221 0 0 0 0
0 0 0 0.114846 0 0 0 0 0 0 0 0 0.16945 0 0.0830481 0 0 0 0 0 0 0 0 0 0 0 0 0 0 0 0 0 0 0 0 0 0 0 0 0 0 0 0 0 0 0 0 0 0.136629 0 0 0 0 0 0 0 0 0 0 0 0 0 0 0 0 0 0.178608 0 0 0 0 0 0 0 0 0 0 0 0 0 0 0.0901775 0 0 0 0 0 0 0 0 0 0 0 0 0.143086 0 0 0 0 0.125041
0 0 0 0 0 0 0.0762799 0 0 0 0 0 0 0 0 0 0 0 0 0 0 0 0 0 0 0 0 0 0 0 0 0 0 0.171983 0 0 0 0 0 0 0 0 0 0 0 0 0 0 0 0 0.179834 0.140936 0 0 0 0 0 0 0.12047 0 0 0 0 0 0 0 0 0 0 0 0 0 0 0 0.168395 0 0 0 0 0 0 0 0 0 0 0 0 0 0 0.112033 0 0 0 0 0 0 0 0 0 0
0 0 0 0 0 0 0 0 0 0 0 0 0 0 0 0 0 0 0 0 0 0 0 0 0 0 0 0 0 0 0 0 0 0.139858 0 0 0 0 0 0 0 0 0.154828 0 0 0 0.162146 0 0 0 0 0 0 0 0 0 0 0 0 0 0 0 0 0.203938 0 0 0 0 0 0 0 0 0 0 0 0 0 0 0 0 0 0 0 0 0 0 0 0 0 0 0 0 0 0.108171 0 0 0 0 0 0
0 0 0 0 0.0829152 0 0 0 0 0 0 0.126173 0 0 0 0 0 0 0 0 0 0 0 0.139285 0 0 0 0 0 0 0.13467 0 0 0 0 0 0 0 0 0 0 0 0 0 0 0 0 0 0 0 0 0 0 0 0 0 0 0 0 0 0 0 0 0 0 0 0 0 0 0 0 0.15398 0 0 0 0 0 0.0867229 0 0 0 0 0 0 0 0.190401 0 0 0 0 0 0 0 0 0 0 0 0 0 0
0 0 0.195398 0 0 0 0 0 0 0 0 0 0 0.112037 0 0 0 0 0 0 0 0 0 0 0 0 0 0 0 0 0.179841 0 0 0 0.109395 0 0 0.135584 0 0 0 0 0 0 0 0 0 0 0 0 0.184128 0 0 0 0 0.126485 0 0.0567856 0 0 0 0 0 0 0 0 0 0 0 0 0 0 0 0 0 0 0 0 0 0 0 0 0.188661 0 0.127814 0 0 0 0 0.129922 0 0 0 0.149469 0 0 0 0 0 0.199414
0 0 0 0.176604 0 0.179387 0 0 0 0 0 0 0 0 0 0 0.0818194 0 0 0 0 0 0 0 0 0 0 0 0 0 0 0 0 0 0 0 0 0 0 0 0 0 0 0 0 0 0 0 0 0 0 0 0 0 0 0 0 0 0 0 0 0 0 0 0 0 0 0 0.165128 0 0 0 0 0 0 0 0 0 0 0 0 0 0 0 0 0 0 0 0 0 0 0.215722 0 0 0 0 0 0 0.115985 0
0 0 0 0.0535223 0 0.166569 0 0 0 0 0 0 0 0 0 0 0 0 0 0 0 0.139491 0 0 0 0 0 0.13467 0.179841 0 0 0 0 0 0.173377 0 0 0 0.105904 0 0 0 0 0 0 0 0 0 0 0 0 0 0 0 0 0.0765997 0 0 0 0 0 0 0 0 0 0 0 0.177779 0 0 0 0 0 0 0.122334 0 0 0 0.0976498 0 0 0 0 0 0 0 0 0 0 0 0 0 0 0 0 0 0 0 0 0.0991873
0 0 0 0 0 0 0 0 0 0 0 0.111605 0 0 0 0 0 0 0 0 0 0.0835098 0 0 0 0 0 0 0 0 0 0 0 0 0 0 0 0 0 0 0 0 0 0 0 0 0 0 0 0 0 0.150937 0 0 0 0 0 0 0.170909 0 0 0 0.141996 0 0 0 0 0 0 0 0 0 0 0.0926687 0 0 0 0 0.128705 0 0 0 0 0 0 0 0 0 0 0 0 0 0.0961921 0 0 0 0 0 0 0
0 0 0.0598703 0 0 0 0 0 0 0 0 0 0 0 0 0 0 0 0.143069 0 0 0 0 0 0 0 0 0 0 0 0 0 0 0 0 0 0.104365 0 0 0 0 0 0 0 0 0.163936 0 0 0 0 0 0 0 0 0.115346 0 0 0 0 0 0 0 0 0 0 0 0 0 0.0960856 0 0 0 0.153738 0.111266 0 0 0 0 0 0 0.14597 0 0 0 0.131119 0 0 0 0 0 0 0 0 0 0 0 0 0 0 0
0 0 0 0 0 0 0 0 0 0 0 0 0 0 0 0.163714 0 0 0.112799 0 0 0 0 0 0 0.171983 0.139858 0 0 0 0 0 0 0 0 0 0 0 0 0 0 0 0 0 0 0 0 0 0.175478 0 0 0 0 0 0 0 0 0.155765 0 0.140799 0 0 0 0 0 0 0 0 0 0 0 0 0 0 0 0 0 0.0702392 0 0 0 0 0 0 0 0 0 0 0 0 0 0.0807579 0 0 0 0 0 0.145742 0 0
0 0 0 0 0 0 0 0 0 0 0 0 0 0 0 0 0 0 0.112109 0 0 0 0 0 0 0 0 0 0.109395 0 0.173377 0 0 0 0 0 0 0 0 0 0 0 0 0.149908 0 0 0 0 0 0 0 0 0 0 0 0 0 0 0 0 0 0 0 0 0 0.112921 0 0 0 0 0 0 0 0 0 0 0.130875 0 0 0 0 0 0 0 0 0 0 0 0 0 0 0.154139 0 0 0 0 0 0 0.160955 0
0 0 0 0 0 0 0 0 0 0 0 0 0 0 0 0.0630985 0 0 0 0 0 0 0 0 0 0 0 0 0 0 0 0 0 0 0 0 0 0 0 0 0 0 0 0 0 0 0 0 0.133746 0 0 0 0 0.118199 0 0 0 0 0 0 0.134245 0 0 0 0 0 0 0.0753904 0 0 0 0 0 0 0 0 0 0 0 0 0 0 0 0.0787701 0 0 0 0 0 0 0 0 0 0 0 0 0 0.118016 0 0
0 0 0 0 0 0 0 0 0 0 0 0 0 0 0 0 0 0 0 0 0 0 0 0 0 0 0 0 0 0 0 0 0.104365 0 0 0 0 0 0 0 0 0 0 0 0 0 0 0 0 0 0 0 0 0 0 0 0 0 0 0 0 0 0 0 0 0 0 0 0 0 0 0 0 0 0 0.135605 0 0 0 0.112243 0 0 0 0 0 0 0 0 0 0 0 0 0 0 0.143329 0 0 0 0 0
0 0 0 0 0 0 0 0 0 0 0 0.123685 0.112601 0 0 0 0 0.210844 0 0 0 0 0 0 0 0 0 0 0.135584 0 0 0 0 0 0 0 0 0 0 0 0 0 0 0 0 0.12168 0 0 0.158162 0 0 0 0 0 0 0 0 0 0 0 0.154976 0 0.116112 0 0 0 0 0 0 0 0 0 0 0 0 0 0.123948 0.0933691 0 0 0 0.120236 0 0 0 0 0 0 0 0.0804684 0 0 0 0 0 0 0 0 0 0
0 0 0 0 0 0 0 0 0 0 0 0 0 0 0 0 0 0.169131 0 0 0 0 0 0 0 0 0 0 0 0 0.105904 0 0 0 0 0 0 0 0 0 0 0 0 0 0 0 0 0 0 0 0 0 0 0 0 0 0 0 0.171436 0 0 0 0 0 0 0 0 0 0 0 0 0.0746441 0 0 0 0 0.144264 0 0 0 0 0 0 0 0 0 0 0 0 0 0 0 0 0 0 0.102471 0 0 0 0.0874223
0 0 0 0 0 0 0 0 0 0 0 0 0 0 0.076991 0 0 0 0 0 0 0 0 0.115067 0 0 0 0 0 0 0 0 0 0 0 0 0 0 0 0 0 0.149468 0 0 0 0 0.116422 0 0 0.102995 0 0 0 0 0 0 0 0 0 0 0 0.051792 0 0 0 0 0 0 0 0 0.150928 0 0 0 0.134628 0 0 0 0 0 0 0 0 0 0.196717 0 0 0 0 0 0 0 0 0 0 0 0 0 0 0
0 0.11299 0 0 0 0 0 0 0 0 0 0 0 0 0 0 0 0 0 0 0 0 0 0 0 0 0 0 0 0 0 0 0 0 0 0 0 0 0 0 0 0 0 0 0 0 0 0 0 0 0 0 0 0 0 0 0 0 0 0 0 0.102388 0 0 0 0 0 0 0 0 0 0 0 0 0 0 0.0744658 0 0 0 0 0 0 0 0.137019 0 0 0 0 0 0 0 0 0 0 0 0 0 0 0.121418
0 0 0.158043 0 0 0 0 0 0 0 0 0 0.191236 0 0 0 0 0 0 0 0 0 0 0 0 0 0 0 0 0 0 0 0 0 0 0 0 0 0 0.149468 0 0 0 0 0.149661 0 0 0 0 0.105292 0 0 0 0 0 0 0 0 0.216137 0.125832 0 0 0 0 0 0 0.0942284 0 0 0.078694 0 0 0 0 0 0 0 0 0 0 0 0 0 0 0 0 0 0 0 0 0 0 0 0 0 0 0.126628 0 0 0
0 0 0.117428 0 0 0 0 0 0 0 0 0 0 0 0 0 0.116664 0 0 0 0 0 0 0 0 0 0.154828 0 0 0 0 0 0 0 0 0 0 0 0 0 0 0 0 0 0 0 0.127079 0.16274 0 0 0 0.0765673 0 0 0 0 0 0 0 0 0 0 0 0 0.129109 0 0 0 0 0 0 0 0 0 0 0 0 0 0.109949 0 0 0 0 0 0 0 0.144095 0 0 0 0 0 0 0 0 0 0 0 0 0
0 0 0 0 0 0 0 0 0.16235 0 0.14949 0 0 0 0.0908615 0 0 0 0 0 0 0 0 0 0 0 0 0 0 0 0 0 0 0 0.149908 0 0 0 0 0 0 0 0 0 0 0 0 0 0 0 0 0 0 0 0 0 0 0 0 0.0625217 0 0 0.184704 0 0 0 0 0.116474 0 0.0852715 0 0 0.17823 0 0 0 0 0 0 0 0 0 0 0 0 0.0289759 0 0 0 0 0 0 0 0 0 0 0 0 0 0
0 0 0 0 0 0.114504 0 0 0 0 0 0 0 0 0 0 0 0 0 0 0 0 0 0 0 0 0 0 0 0 0 0 0 0 0 0 0 0 0 0 0 0.149661 0 0 0 0 0 0 0 0.0376904 0 0 0 0 0 0 0 0 0 0 0 0 0.139276 0 0 0 0 0 0.160253 0 0 0 0 0 0 0 0 0 0 0 0 0 0 0 0.110289 0 0 0 0 0 0 0.193879 0 0 0 0 0 0.12198 0 0
0 0 0 0 0 0 0 0 0 0 0 0 0 0 0 0 0 0 0.155871 0 0 0 0 0 0 0 0 0 0 0 0 0 0.163936 0 0 0 0 0.12168 0 0 0 0 0 0 0 0 0 0 0 0 0 0 0 0 0 0 0 0 0.0166581 0.13305 0.129482 0 0 0 0 0 0.193088 0 0 0 0 0 0 0 0 0 0 0 0 0 0 0 0 0 0 0 0 0 0 0 0 0 0 0 0 0 0 0 0 0
0 0 0 0 0 0 0 0 0 0.16681 0 0 0 0 0 0 0 0 0 0 0 0 0 0 0 0 0.162146 0 0 0 0 0 0 0 0 0 0 0 0 0.116422 0 0 0.127079 0 0 0 0 0 0 0 0.149195 0 0 0 0 0 0 0 0 0 0.107885 0.170028 0 0 0 0 0 0 0 0 0 0 0 0 0 0 0 0 0 0 0 0 0 0 0 0.109434 0 0 0 0 0 0 0.189909 0 0 0 0 0.151448 0 0
0 0 0 0 0 0 0 0 0 0 0 0 0 0 0 0 0 0.0746935 0 0 0 0 0 0 0 0 0 0 0 0 0 0 0 0 0 0 0 0 0 0 0 0 0.16274 0 0 0 0 0 0 0 0.148143 0 0 0 0 0 0 0 0 0 0 0 0 0 0 0 0 0 0 0 0 0 0 0.179967 0 0 0 0 0 0.0892266 0 0 0 0 0 0 0 0 0 0 0 0 0 0 0 0.132692 0 0 0 0
0 0 0 0 0 0 0 0 0 0 0 0 0 0 0 0 0 0.132269 0 0 0 0 0 0 0.136629 0 0 0 0 0 0 0 0 0.175478 0 0.133746 0 0.158162 0 0 0 0 0 0 0 0 0 0 0 0 0 0 0 0 0.201101 0 0 0 0 0 0 0 0 0 0 0 0 0 0 0 0 0 0 0 0 0 0 0 0 0 0 0 0 0 0 0.121613 0 0 0 0 0 0.146348 0 0 0 0 0 0 0 0
0 0 0 0 0 0 0.107986 0 0 0 0 0 0 0 0 0 0 0 0 0 0 0 0 0 0 0 0 0 0 0 0 0 0 0 0 0 0 0 0 0.102995 0 0.105292 0 0 0.0376904 0 0 0 0 0 0 0 0 0 0 0 0 0 0 0 0.105471 0 0 0 0 0 0 0 0 0 0 0 0 0 0 0 0 0 0 0 0 0 0 0 0 0 0 0 0 0 0 0 0 0 0 0 0 0 0 0
0 0 0 0 0 0 0 0 0 0 0.0917331 0 0 0.133696 0 0 0 0 0 0 0 0 0 0 0 0.179834 0 0 0.184128 0 0 0 0 0 0 0 0 0 0 0 0 0 0 0 0 0 0.149195 0.148143 0 0 0 0 0 0 0.131419 0 0 0 0 0 0 0.191567 0 0 0 0 0 0 0 0 0 0 0 0 0 0 0 0 0 0 0 0 0 0 0 0 0 0 0 0 0 0 0 0 0 0 0 0 0 0
0 0 0 0 0 0 0 0 0 0 0 0 0 0.109973 0 0 0 0 0 0 0 0 0 0 0 0.140936 0 0 0 0 0 0.150937 0 0 0 0 0 0 0 0 0 0 0.0765673 0 0 0 0 0 0 0 0 0 0 0 0 0 0 0 0 0.118284 0 0 0 0 0 0 0 0 0 0 0 0 0 0 0 0 0.0912077 0 0 0 0 0 0.0841422 0 0 0 0 0 0 0 0 0 0 0 0 0 0 0 0 0
0 0 0 0 0 0 0 0 0 0 0 0 0 0 0 0.053135 0 0 0 0 0 0 0 0 0 0 0 0 0 0 0 0 0 0 0 0 0 0 0 0 0 0 0 0 0 0 0 0 0 0 0 0 0 0 0.169641 0 0 0 0 0.154478 0 0 0 0.105376 0 0 0 0 0 0 0 0 0 0 0 0 0 0.13362 0 0 0 0 0 0 0 0 0 0 0 0 0 0 0 0 0 0 0 0 0 0
0.138611 0.201939 0 0 0 0 0 0 0 0 0 0 0 0 0 0 0.16888 0 0.0809795 0.0960303 0 0 0 0 0 0 0 0 0 0 0 0 0 0 0 0.118199 0 0 0 0 0 0 0 0 0 0 0 0 0 0 0 0 0 0 0 0 0 0 0 0 0.152913 0 0 0.139389 0 0 0 0.159033 0 0.109122 0.160621 0 0 0 0 0 0 0 0 0 0 0 0 0 0 0 0 0 0 0 0 0 0 0 0 0 0 0 0.158243 0
0 0 0 0 0 0.0849024 0 0 0.0920116 0 0 0 0.136038 0 0.0737604 0.121236 0 0 0 0 0 0 0 0 0 0 0 0 0 0 0 0 0.115346 0 0 0 0 0 0 0 0 0 0 0 0 0 0 0 0.201101 0 0.131419 0 0.169641 0 0 0 0 0 0 0 0 0.108241 0 0 0 0.200806 0 0 0 0 0 0 0 0 0 0 0.220205 0 0 0 0.103732 0 0 0 0 0 0 0 0 0 0 0 0 0 0 0 0 0 0 0
0 0 0 0 0 0 0 0 0 0 0 0 0 0 0 0 0 0 0 0 0 0 0 0 0 0 0 0 0.126485 0 0.0765997 0 0 0 0 0 0 0 0 0 0 0 0 0 0 0 0 0 0 0 0 0 0 0 0 0 0 0 0 0 0 0 0 0 0 0 0 0 0 0 0 0 0 0.116333 0 0 0.172491 0 0 0 0 0 0 0 0 0 0 0 0 0 0.108908 0 0.0664316 0 0 0 0 0 0 0
0 0 0 0 0 0 0 0 0 0 0 0 0 0 0 0 0 0 0 0.153433 0 0 0 0 0 0 0 0 0 0 0 0 0 0 0 0 0 0 0 0 0 0 0 0 0 0 0 0 0 0 0 0 0 0 0 0 0 0 0 0 0 0 0 0 0 0 0 0.168434 0 0 0 0 0 0.0984079 0.123471 0 0 0 0 0 0.145588 0 0 0 0 0 0 0 0 0 0 0 0.20212 0 0 0 0 0 0 0
0 0 0 0 0 0.0689265 0 0 0 0 0.162944 0 0 0 0 0 0 0 0 0 0 0 0 0 0 0 0 0 0.0567856 0 0 0 0 0.155765 0 0 0 0 0 0 0 0 0 0 0 0 0 0 0 0 0 0 0 0 0 0 0 0 0 0 0 0 0 0 0 0 0 0.131524 0 0 0 0 0 0 0 0 0 0 0 0 0 0 0 0 0 0 0 0 0 0 0 0 0 0 0 0.131134 0 0 0 0.103809
0 0 0 0 0 0 0 0 0 0 0 0 0 0 0 0 0.0419838 0 0 0 0 0 0 0 0 0.12047 0 0 0 0 0 0.170909 0 0 0 0 0 0 0.171436 0 0 0.216137 0 0 0 0.0166581 0 0 0 0 0 0 0 0 0 0 0 0 0 0 0 0 0 0 0 0 0 0 0 0 0 0 0 0 0.168809 0 0.114972 0 0 0 0 0 0 0 0 0 0 0 0 0 0 0 0 0 0 0 0 0.170066 0 0
0 0 0.0255207 0 0 0 0 0 0 0 0 0 0 0 0 0 0 0 0 0 0 0 0 0 0 0 0 0 0 0 0 0 0 0.140799 0 0 0 0 0 0 0 0.125832 0 0.0625217 0 0.13305 0 0 0 0 0 0.118284 0.154478 0 0 0 0 0 0 0 0 0 0 0.17188 0 0 0 0 0 0 0 0 0.154268 0 0 0 0 0 0 0 0 0 0 0 0 0 0 0 0 0 0 0 0 0 0 0 0 0 0 0
0 0 0 0 0 0 0 0 0 0 0 0 0 0 0 0.11427 0 0 0 0 0.111346 0 0 0.0967441 0 0 0 0 0 0 0 0 0 0 0 0.134245 0 0.154976 0 0 0 0 0 0 0 0.129482 0.107885 0 0 0.105471 0 0 0 0.152913 0 0 0 0 0 0 0 0 0 0 0 0 0 0 0 0 0 0 0 0 0 0 0 0 0 0 0 0 0.0643824 0 0 0 0 0 0 0 0 0 0 0 0 0 0 0 0.0792953 0
0 0 0 0.150874 0 0 0 0.225143 0 0 0 0 0 0 0 0 0 0 0 0 0.170814 0 0.168285 0 0 0 0 0 0 0 0 0 0 0 0 0 0 0 0 0.051792 0.102388 0 0 0 0 0 0.170028 0 0 0 0.191567 0 0 0 0.108241 0 0 0 0 0 0 0 0 0 0 0 0 0 0 0 0 0 0 0 0 0 0 0 0 0 0 0 0 0 0.227704 0 0 0 0 0 0 0.184293 0 0 0 0 0 0 0 0.15183
0 0 0.190844 0 0 0 0.0329136 0 0 0 0.198244 0 0 0 0 0 0 0.154281 0 0 0 0 0 0 0 0 0 0 0 0 0 0.141996 0 0 0 0 0 0.116112 0 0 0 0 0 0.184704 0.139276 0 0 0 0 0 0 0 0 0 0 0 0 0 0 0 0 0 0 0 0 0 0 0 0 0.110364 0 0 0 0 0 0 0 0 0 0 0 0 0 0 0 0 0.144175 0 0 0 0 0 0 0 0 0 0 0 0.089701 0
0 0.121738 0 0 0 0 0 0 0 0 0 0 0 0 0 0 0 0 0 0 0.175793 0 0.117577 0.142544 0 0 0.203938 0 0 0 0 0 0 0 0 0 0 0 0 0 0 0 0 0 0 0 0 0 0 0 0 0 0.105376 0.139389 0 0 0 0 0 0.17188 0 0 0 0 0 0 0 0 0 0 0 0 0 0 0 0 0 0 0 0 0 0 0 0 0 0.187649 0 0 0 0 0 0 0 0 0 0 0 0 0 0
0 0 0 0 0 0 0 0 0 0 0 0 0 0 0 0 0.155711 0 0.244129 0 0 0 0 0.184341 0 0 0 0 0 0 0 0 0 0 0 0 0 0 0 0 0 0 0.129109 0 0 0 0 0 0 0 0 0 0 0 0 0 0 0 0 0 0 0 0 0 0 0 0 0 0 0 0 0 0 0 0 0 0 0 0.166086 0 0 0 0 0 0 0 0 0 0 0 0 0 0 0 0 0 0 0 0 0
0 0 0 0 0 0 0 0 0 0 0 0 0 0 0 0 0 0 0 0 0 0 0 0 0 0 0 0 0 0 0 0 0 0 0.112921 0 0 0 0 0 0 0 0 0 0 0 0 0 0 0 0 0 0 0 0.200806 0 0 0 0 0 0 0 0 0 0 0 0.152158 0 0 0 0 0 0 0 0 0 0 0 0.101195 0 0 0 0 0 0 0 0 0.0780635 0 0 0 0.124398 0 0 0.147923 0 0 0 0 0
0 0 0 0 0 0 0 0 0 0 0 0 0 0 0 0 0 0 0 0 0 0 0 0.164403 0.178608 0 0 0 0 0 0 0 0 0 0 0 0 0 0 0 0 0.0942284 0 0 0 0.193088 0 0 0 0 0 0 0 0 0 0 0 0 0 0 0 0 0 0 0 0.152158 0 0.119873 0 0 0 0 0 0 0 0 0.137121 0 0.113002 0 0.148619 0 0 0 0 0 0 0 0 0 0 0 0 0 0 0.105075 0 0 0 0
0 0 0 0 0 0 0 0 0 0 0 0 0 0 0 0 0 0 0 0 0 0 0 0.103826 0 0 0 0 0 0 0.177779 0 0 0 0 0.0753904 0 0 0 0 0 0 0 0.116474 0 0 0 0 0 0 0 0 0 0.159033 0 0 0.168434 0.131524 0 0 0 0 0 0 0 0 0.119873 0 0 0 0.164843 0 0 0 0 0 0.149316 0 0 0 0 0 0.119337 0 0 0 0 0 0 0.093727 0 0 0 0 0 0 0.0904028 0 0 0
0 0 0 0 0 0 0 0 0 0 0 0 0 0 0 0 0 0.0897912 0 0 0 0 0 0 0 0 0 0 0 0.165128 0 0 0.0960856 0 0 0 0 0 0 0 0 0 0 0 0.160253 0 0 0 0 0 0 0 0 0 0 0 0 0 0 0 0 0 0 0 0 0 0 0 0 0 0 0 0 0 0 0 0 0 0 0 0 0.134329 0 0 0 0.134711 0 0 0 0 0 0 0 0 0 0.179251 0 0 0 0
0 0 0 0 0 0 0 0 0 0 0 0 0 0.139751 0 0 0 0 0 0 0 0 0 0 0 0 0 0 0 0 0 0 0 0 0 0 0 0 0 0 0 0.078694 0 0.0852715 0 0 0 0 0 0 0 0 0 0.109122 0 0 0 0 0 0 0 0 0.110364 0 0 0 0 0 0 0 0 0 0 0 0 0 0 0 0 0 0 0 0 0 0 0 0 0 0 0.0950696 0 0.0770459 0.154017 0 0 0 0 0 0 0
0.137073 0 0.113637 0.177308 0.138706 0 0 0 0 0 0 0 0 0 0.0976856 0 0 0 0 0 0 0 0 0 0 0 0 0 0 0 0 0 0 0 0 0 0 0 0 0.150928 0 0 0 0 0 0 0 0 0 0 0 0 0 0.160621 0 0 0 0 0 0 0 0 0 0 0 0 0 0.164843 0 0 0 0 0.129062 0 0 0 0 0 0 0 0 0 0 0 0 0 0 0 0 0 0 0 0 0 0 0 0 0 0 0
0 0 0 0 0 0 0 0 0 0 0 0 0 0 0 0 0 0 0 0 0 0 0 0 0 0 0 0.15398 0 0 0 0 0 0 0 0 0 0 0.0746441 0 0 0 0 0 0 0 0 0 0 0 0 0 0 0 0 0 0 0 0 0 0 0 0 0 0 0 0 0 0 0 0 0 0 0 0 0 0 0 0 0 0 0.141032 0 0 0 0 0 0 0 0 0 0 0 0 0 0 0 0.156819 0 0
0 0 0 0 0 0 0 0 0 0 0 0 0 0 0 0 0 0 0 0 0 0 0 0 0 0 0 0 0 0 0 0 0.153738 0 0 0 0 0 0 0 0 0 0 0.17823 0 0 0 0 0 0 0 0 0 0 0 0 0 0 0 0.154268 0 0 0 0 0 0 0 0 0 0 0.129062 0 0 0 0 0 0 0 0 0.125843 0 0 0 0 0 0 0 0 0 0 0.153588 0 0 0 0 0 0 0 0 0
0 0 0 0 0 0 0 0 0 0 0 0 0 0 0 0 0 0 0 0 0 0 0 0 0 0 0 0 0 0 0 0.0926687 0.111266 0 0 0 0 0 0 0 0 0 0 0 0 0 0 0.179967 0 0 0 0 0 0 0 0.116333 0.0984079 0 0 0 0 0 0 0 0 0 0 0 0 0 0 0 0 0 0 0 0 0 0 0 0 0.163119 0 0 0 0 0 0 0 0 0 0 0 0 0 0 0 0 0 0
0 0 0 0 0 0 0 0 0 0 0.181432 0 0 0 0 0.0942258 0 0 0 0 0 0 0 0 0 0.168395 0 0 0 0 0.122334 0 0 0 0 0 0 0 0 0.134628 0 0 0 0 0 0 0 0 0 0 0 0 0 0 0 0 0.123471 0 0.168809 0 0 0 0 0 0 0 0 0 0 0 0 0 0 0 0 0 0 0 0 0.152193 0.133818 0 0 0 0 0 0 0 0.0805905 0 0 0 0 0 0 0 0 0 0.0697578 0
0 0 0 0 0.0834856 0 0 0 0 0 0 0 0 0.149846 0 0 0 0.11865 0 0.154092 0 0 0 0 0 0 0 0 0 0 0 0 0 0 0 0 0.135605 0 0 0 0 0 0 0 0 0 0 0 0 0 0 0 0 0 0 0 0 0 0 0 0 0 0 0 0 0 0 0 0 0 0 0 0 0 0 0 0 0 0 0 0 0 0.0890454 0 0.113518 0 0 0 0 0 0 0 0 0 0 0 0 0 0 0
0 0 0 0 0 0 0 0 0 0 0 0 0 0 0 0 0 0 0 0 0.214773 0 0 0 0 0 0 0 0 0 0 0 0 0 0.130875 0 0 0.123948 0.144264 0 0.0744658 0 0 0 0 0 0 0 0 0 0 0.0912077 0 0 0.220205 0.172491 0 0 0.114972 0 0 0 0 0 0 0 0.137121 0.149316 0 0 0 0 0 0 0 0 0 0 0.117689 0 0 0 0 0 0 0 0 0 0 0 0 0.150983 0 0 0 0 0 0 0 0.0820103
0 0 0 0 0 0.121313 0 0 0 0 0 0 0 0 0 0 0 0 0 0 0 0 0 0 0 0 0 0.0867229 0 0 0 0 0 0.0702392 0 0 0 0.0933691 0 0 0 0 0 0 0 0 0 0 0 0 0 0 0.13362 0 0 0 0 0 0 0 0 0 0 0 0 0 0 0 0 0 0 0 0 0 0 0 0 0 0 0 0 0 0 0 0 0 0 0.0653967 0 0 0 0 0 0 0 0 0 0 0.224686 0
0 0 0 0 0 0 0 0 0 0 0 0 0 0 0 0 0 0 0 0 0 0 0 0 0 0 0 0 0 0 0.0976498 0.128705 0 0 0 0 0 0 0 0 0 0 0.109949 0 0 0 0 0 0 0 0 0 0 0 0 0 0 0 0 0 0 0 0 0 0.166086 0.101195 0.113002 0 0 0 0 0 0 0 0 0 0.117689 0 0 0 0 0 0 0 0 0 0 0 0 0 0.0533803 0.086398 0 0 0 0 0 0 0.167459 0
0 0 0 0 0 0 0 0 0 0.103055 0 0 0 0 0 0 0 0.112815 0.201726 0 0 0 0 0 0 0 0 0 0 0 0 0 0 0 0 0 0.112243 0 0 0 0 0 0 0 0 0 0 0.0892266 0 0 0 0 0 0 0 0 0 0 0 0 0 0 0 0 0 0 0 0 0 0 0 0 0.125843 0 0.152193 0 0 0 0 0 0.158958 0 0 0 0 0 0 0 0.125466 0 0 0 0 0 0 0 0 0 0 0
0 0.136675 0 0 0 0 0 0 0 0 0 0 0 0 0 0 0 0 0 0 0 0 0 0 0 0 0 0 0 0 0 0 0.14597 0 0 0 0 0 0 0 0 0 0 0 0 0 0 0 0 0 0 0 0 0 0.103732 0 0.145588 0 0 0 0 0 0 0 0 0 0.148619 0 0 0 0 0 0 0 0.133818 0 0 0 0 0.158958 0 0.172737 0 0.206284 0 0 0 0 0.133869 0.157536 0 0 0 0 0 0 0 0 0 0
0 0 0 0 0 0 0 0 0 0 0 0 0 0 0 0 0.0836437 0 0 0 0 0 0 0 0.0901775 0 0 0 0 0 0 0 0 0 0 0 0 0.120236 0 0 0 0 0 0 0 0 0 0 0 0 0 0 0 0 0 0 0 0 0 0 0 0 0 0 0 0 0 0 0.134329 0 0 0.141032 0 0.163119 0 0 0 0 0 0 0.172737 0 0 0 0 0 0.13217 0 0 0 0 0 0 0 0 0 0 0 0 0
0 0 0 0 0 0 0 0 0 0 0 0 0 0 0 0 0 0 0 0.107539 0 0 0 0 0 0 0 0 0.188661 0 0 0 0 0 0 0 0 0 0 0 0 0 0 0 0 0 0 0 0 0 0 0.0841422 0 0 0 0 0 0 0 0 0.0643824 0 0 0 0 0 0 0.119337 0 0 0 0 0 0 0 0.0890454 0 0 0 0 0 0 0 0 0 0.130904 0 0 0 0 0 0 0 0 0 0 0 0 0 0
0 0 0.0889371 0 0 0 0 0 0 0 0 0 0 0 0 0 0 0.252845 0 0 0 0 0 0 0 0 0 0 0 0 0 0 0 0 0 0.0787701 0 0 0 0 0 0 0 0 0 0 0 0 0 0 0 0 0 0 0 0 0 0 0 0 0 0 0 0 0 0 0 0 0 0 0 0 0 0 0 0 0 0 0 0 0.206284 0 0 0 0 0 0 0 0 0 0 0 0 0.154292 0 0 0 0 0 0
0.0517129 0 0 0 0 0 0 0 0 0 0 0 0 0 0 0 0 0 0 0 0 0.184981 0 0 0 0 0 0 0.127814 0 0 0 0.131119 0 0 0 0 0 0 0.196717 0.137019 0 0 0 0.110289 0 0 0 0 0 0 0 0 0 0 0 0 0 0 0 0 0.227704 0 0 0 0 0 0 0 0 0 0 0 0 0 0.113518 0 0 0 0 0 0 0 0 0 0 0 0.164784 0 0 0 0 0 0 0 0 0 0 0 0
0 0 0 0.128517 0 0 0 0 0 0 0 0 0 0 0.169405 0 0 0 0 0 0 0.162597 0 0 0 0 0 0.190401 0 0 0 0 0 0 0 0 0 0 0 0 0 0 0 0.0289759 0 0 0.109434 0 0.121613 0 0 0 0 0 0 0 0 0 0 0 0 0 0 0.187649 0 0 0 0 0.134711 0 0 0 0 0 0 0 0 0 0 0 0 0 0.130904 0 0 0 0 0 0 0.148646 0 0 0 0 0 0 0 0 0 0
0 0 0 0 0.178565 0 0 0 0 0 0 0 0 0 0 0 0 0 0 0 0 0.161746 0.0432793 0 0 0 0 0 0 0 0 0 0 0 0 0 0 0 0 0 0 0 0.144095 0 0 0 0 0 0 0 0 0 0 0 0 0 0 0 0 0 0 0 0.144175 0 0 0 0 0 0 0 0 0 0 0 0 0 0 0 0 0 0 0.13217 0 0 0 0 0 0 0 0 0 0 0 0 0 0 0 0 0 0
0 0 0 0 0 0.103363 0 0 0 0 0 0 0 0 0 0 0 0 0 0.16786 0 0 0 0 0 0 0 0 0 0 0 0 0 0 0 0 0 0 0 0 0 0 0 0 0 0 0 0 0 0 0 0 0 0 0 0 0 0 0 0 0 0 0 0 0 0.0780635 0 0 0 0 0 0 0 0 0 0 0 0.0653967 0 0 0 0 0 0 0.164784 0 0 0 0 0 0 0 0 0 0 0 0 0 0 0
0 0.135271 0 0 0 0 0 0 0 0 0.110696 0 0 0 0 0 0 0 0 0 0 0 0 0 0 0 0 0 0 0 0 0 0 0 0 0 0 0 0 0 0 0 0 0 0 0 0 0 0 0 0 0 0 0 0 0 0 0 0 0 0 0 0 0 0 0 0 0 0 0 0 0 0 0 0.0805905 0 0 0 0 0.125466 0.133869 0 0 0 0 0 0 0 0 0 0 0 0 0 0 0 0 0 0 0
0 0 0 0.144083 0 0 0 0 0 0 0 0 0 0.110318 0 0 0 0 0 0 0 0 0 0 0 0.112033 0 0 0.129922 0 0 0 0 0 0 0 0 0.0804684 0 0 0 0 0 0 0 0 0 0 0 0 0 0 0 0 0 0 0 0 0 0 0 0 0 0 0 0 0 0.093727 0 0.0950696 0 0 0 0 0 0 0 0 0 0 0.157536 0 0 0 0 0.148646 0 0 0 0 0 0 0.178224 0 0 0 0.163781 0 0.168209 0
0 0 0 0 0 0 0 0 0 0 0.19675 0 0 0 0 0.149197 0 0 0 0 0 0 0 0 0 0 0 0 0 0 0 0 0 0 0 0 0 0 0 0 0 0 0 0 0 0 0 0 0 0 0 0 0 0 0 0.108908 0 0 0 0 0 0 0 0 0 0 0 0 0 0 0 0 0.153588 0 0 0 0 0 0.0533803 0 0 0 0 0 0 0 0 0 0 0 0 0 0 0 0 0 0 0 0 0.0842584
0 0 0 0 0 0.151781 0 0 0 0 0 0 0 0 0 0 0.181583 0 0 0 0 0 0.104329 0 0 0 0 0 0 0.215722 0 0 0 0.0807579 0.154139 0 0 0 0 0 0 0 0 0 0.193879 0 0 0 0.146348 0 0 0 0 0 0 0 0 0 0 0 0 0.184293 0 0 0 0.124398 0 0 0 0.0770459 0 0 0 0 0 0 0.150983 0 0.086398 0 0 0 0 0 0 0 0 0 0 0 0 0 0 0 0 0 0 0 0 0
0 0 0 0 0 0 0 0 0 0 0 0 0 0.124847 0 0 0 0 0 0 0.0983086 0.12247 0 0 0 0 0 0 0 0 0 0.0961921 0 0 0 0 0 0 0 0 0 0 0 0 0 0 0.189909 0 0 0 0 0 0 0 0 0.0664316 0.20212 0 0 0 0 0 0 0 0 0 0 0 0 0.154017 0 0 0 0 0 0 0 0 0 0 0 0 0 0 0 0 0 0 0 0.178224 0 0 0 0 0.0776769 0 0 0 0 0
0 0 0 0 0 0 0 0 0 0 0 0 0 0 0 0 0 0 0 0.153275 0 0 0 0 0 0 0.108171 0 0.149469 0 0 0 0 0 0 0 0 0 0 0 0 0 0 0 0 0 0 0 0 0 0 0 0 0 0 0 0 0 0 0 0 0 0 0 0 0 0 0 0 0 0 0 0 0 0 0 0 0 0 0 0 0 0 0.154292 0 0 0 0 0 0 0 0 0 0 0 0 0 0.142742 0.218679 0
0 0 0 0 0 0 0 0 0 0 0 0 0.162358 0 0 0 0 0 0 0 0 0 0.156837 0 0.143086 0 0 0 0 0 0 0 0 0 0 0 0.143329 0 0 0 0 0 0 0 0 0 0 0 0 0 0 0 0 0 0 0 0 0 0 0 0 0 0 0 0 0.147923 0 0 0 0 0 0 0 0 0 0 0 0 0 0 0 0 0 0 0 0 0 0 0 0 0 0 0.0776769 0 0 0 0 0 0 0
0 0 0.099803 0 0 0 0 0 0 0.186906 0 0 0 0 0 0.112565 0 0 0 0 0 0 0 0.0748221 0 0 0 0 0 0 0 0 0 0 0 0 0 0 0.102471 0 0 0 0 0 0 0 0 0.132692 0 0 0 0 0 0 0 0 0 0.131134 0 0 0 0 0 0 0 0 0.105075 0 0.179251 0 0 0 0 0 0 0 0 0 0 0 0 0 0 0 0 0 0 0 0 0 0 0 0 0 0 0 0 0.125289 0 0
0 0.098139 0 0.116966 0 0 0 0.131538 0 0 0 0 0 0 0 0 0 0 0 0 0 0 0 0 0 0 0 0 0 0 0 0 0 0 0 0 0 0 0 0 0 0.126628 0 0 0 0 0 0 0 0 0 0 0 0 0 0 0 0 0 0 0 0 0 0 0 0 0 0.0904028 0 0 0 0 0 0 0 0 0 0 0 0 0 0 0 0 0 0 0 0 0 0.163781 0 0 0 0 0 0 0 0.213358 0.0894596 0
0 0 0 0 0 0 0 0 0 0 0 0 0 0 0 0 0 0 0 0 0 0 0 0 0 0 0 0 0 0 0 0 0 0.145742 0 0.118016 0 0 0 0 0 0 0 0 0.12198 0 0.151448 0 0 0 0 0 0 0 0 0 0 0 0.170066 0 0 0 0 0 0 0 0 0 0 0 0 0.156819 0 0 0 0 0 0 0 0 0 0 0 0 0 0 0 0 0 0 0 0 0 0.142742 0 0.125289 0.213358 0 0 0
0 0 0 0 0 0 0 0 0 0.17236 0 0.123314 0 0 0 0 0 0 0 0 0 0 0 0 0 0 0 0 0 0.115985 0 0 0 0 0.160955 0 0 0 0 0 0 0 0 0 0 0 0 0 0 0 0 0 0 0.158243 0 0 0 0 0 0 0.0792953 0 0.089701 0 0 0 0 0 0 0 0 0 0 0 0.0697578 0 0 0.224686 0.167459 0 0 0 0 0 0 0 0 0 0 0.168209 0 0 0 0.218679 0 0 0.0894596 0 0 0.117797
0 0 0 0 0 0 0 0 0 0 0 0 0 0 0 0 0 0 0 0 0 0 0.136303 0 0.125041 0 0 0 0.199414 0 0.0991873 0 0 0 0 0 0 0 0.0874223 0 0.121418 0 0 0 0 0 0 0 0 0 0 0 0 0 0 0 0 0.103809 0 0 0 0.15183 0 0 0 0 0 0 0 0 0 0 0 0 0 0 0.0820103 0 0 0 0 0 0 0 0 0 0 0 0 0 0.0842584 0 0 0 0 0 0 0 0.117797 0
