50
0 0 0 0 0 0.47615 0 0 0.72478 0.236284 0 0 0.882995 0 0.532025 0 0 0 0 0 0.795281 0 0 0 0.889297 0 0 0 0.972208 0.270368 0.722072 0 0 0 0 0 0 0.522522 0.864603 0 0 0 0 0.390668 0 0 0.363976 0 0.80633 0
0 0 0 0 0 0.383051 0 0.273356 0 0 0 0.256149 0.652707 0 0 0 0.648434 0.054564 0 0 0.614846 0.108003 0.187262 0 0.609936 0.465297 0 0 0.702039 0 0 0.596548 0.14368 0.333518 0.668719 0.622059 0 0.465873 0 0 0 0.0823098 0.6215 0.258358 0 0 0 0 0.549953 0.274625
0 0 0 0 0 0.575351 0.582062 0.126994 0.259969 0 0 0.538062 0.382854 0 0.331397 0.0393175 0.347978 0 0 0.514563 0 0.439441 0 0 0.333751 0.319676 0 0 0 0.625718 0 0 0 0 0.38825 0.343188 0.153692 0.665986 0 0.617615 0 0.304353 0.32759 0.365237 0.532913 0.493043 0.679787 0 0 0
0 0 0 0 0.0668321 0 0.752287 0.275026 0.27527 0.684833 0.330216 0 0 0 0.459583 0 0 0.525408 0 0.697915 0 0 0.487076 0.264122 0 0 0 0 0.200651 0.79265 0.558058 0 0 0 0.327996 0 0 0 0.491223 0.761444 0 0 0.206662 0 0.661609 0.672891 0 0 0 0.346813
0 0 0 0.0668321 0 0 0 0.333919 0.341002 0.712997 0.382273 0.759356 0.28522 0.532812 0.463602 0 0 0.576867 0.358744 0.740411 0.733287 0 0 0.270412 0.279796 0 0 0.566865 0.13702 0.849857 0.624154 0 0 0 0 0 0 0.860523 0 0.824532 0.782798 0.527713 0.246805 0.547934 0.726515 0 0 0.768828 0.447166 0
0.47615 0.383051 0.575351 0 0 0 0 0.449524 0 0 0 0.17566 0 0 0 0.551758 0.718077 0 0 0 0 0.427258 0.568089 0 0.656349 0 0.287094 0.637095 0 0 0 0 0 0 0.961362 0.668279 0 0.0913375 0 0.0756867 0 0.461152 0 0.641284 0.0497953 0.559946 0.190163 0.423045 0 0
0 0 0.582062 0.752287 0 0 0 0 0.596877 0 0.751469 0.0783811 0 0 0.623872 0.547371 0.826791 0 0 0 0.578184 0 0 0.647327 0 0.577796 0 0 0.943122 0 0 0.765095 0 0.370551 0 0.787101 0 0 0.684255 0.194529 0.131675 0 0 0.499013 0.265455 0.362275 0 0.199137 0.647385 0
0 0.273356 0.126994 0.275026 0.333919 0.449524 0 0 0 0 0.365607 0 0 0.342297 0.397523 0.111542 0 0 0.188548 0.452719 0 0.379757 0.316278 0.271562 0 0.240815 0.579063 0.52254 0 0 0 0 0 0.598426 0 0.350719 0 0 0 0 0.471102 0 0.348384 0 0 0 0.563519 0 0 0.246036
0.72478 0 0.259969 0.27527 0.341002 0 0.596877 0 0 0 0 0.528348 0.597806 0.543693 0.583878 0 0.237618 0 0 0.628999 0 0.560664 0 0 0 0.0698256 0.50033 0.322347 0.463835 0 0 0 0.387631 0 0.594228 0.191691 0 0.559154 0.239703 0 0 0 0 0 0.431623 0 0.642437 0.641761 0.132469 0.434172
0.236284 0 0 0.684833 0.712997 0 0 0 0 0 0.855698 0 0 0 0 0.470867 0.851182 0.310522 0.35808 0.180775 0.872761 0.181421 0.198098 0 0.824914 0 0 0 0.821422 0 0.776652 0 0.395897 0 0.71087 0 0.645686 0 0 0 0.283221 0 0.827685 0.181102 0 0 0 0 0.798292 0
0 0 0 0.330216 0.382273 0 0.751469 0.365607 0 0.855698 0 0 0.665672 0 0 0.419134 0 0.591961 0.534545 0.797412 0.414234 0.729566 0 0 0 0.173863 0 0.18755 0.47071 0 0.335506 0 0.549913 0 0.655288 0 0.366449 0 0 0 0 0.627903 0.147732 0 0.554581 0.826975 0.779955 0 0.123462 0.581841
0 0.256149 0.538062 0 0.759356 0.17566 0.0783811 0 0.528348 0 0 0 0.890784 0 0.620938 0.50586 0 0 0.478658 0.272136 0.501735 0 0 0.620484 0 0 0.461773 0.752112 0 0.0961513 0 0.698498 0.166972 0.428226 0.903705 0.719648 0 0 0 0.141989 0.186913 0 0.731858 0.506651 0.190119 0 0.14557 0 0.572384 0
0.882995 0.652707 0.382854 0 0.28522 0 0 0 0.597806 0 0.665672 0.890784 0 0 0 0.401867 0 0 0.414218 0 0 0 0.515764 0.271259 0 0.666927 1.07748 0 0.260961 0.967754 0 0.549649 0.729251 0 0 0 0.306493 1.04433 0 0 0.853534 0.581003 0 0 0.912779 0.699303 1.03623 0 0 0.380572
0 0 0 0 0.532812 0 0 0.342297 0.543693 0 0 0 0 0 0.173994 0 0 0.257493 0.182604 0 0.791487 0 0 0.277277 0.662527 0 0 0 0 0 0.683882 0.646376 0 0 0.542171 0 0 0 0 0.589338 0 0 0 0 0.567687 0 0.592853 0.306547 0 0.165
0.532025 0 0.331397 0.459583 0.463602 0 0.623872 0.397523 0.583878 0 0 0.620938 0 0.173994 0 0.309919 0 0 0.209638 0 0.894605 0 0.182361 0 0.66033 0 0 0 0 0 0 0.643102 0.48967 0.47351 0.397434 0.66865 0.414233 0.824213 0 0.747537 0 0.282634 0 0.141659 0.710154 0.336807 0.761113 0.479351 0.714842 0.151558
0 0 0.0393175 0 0 0.551758 0.547371 0.111542 0 0.470867 0.419134 0.50586 0.401867 0 0.309919 0 0.38274 0.311561 0 0.475346 0 0.400231 0 0.16128 0 0 0 0 0.398286 0 0 0 0.339319 0 0.409604 0 0 0 0.510964 0.590725 0.515602 0 0 0 0 0.454527 0.648794 0.502435 0.406221 0.162722
0 0.648434 0.347978 0 0 0.718077 0.826791 0 0.237618 0.851182 0 0 0 0 0 0.38274 0 0 0 0.827824 0 0.754729 0.659635 0.470954 0.066058 0.284648 0.699497 0.332316 0 0 0 0 0 0.970391 0 0 0 0.793587 0 0 0.840956 0 0 0 0.668303 0 0 0 0.273323 0.535319
0 0.054564 0 0.525408 0.576867 0 0 0 0 0.310522 0.591961 0 0 0.257493 0 0.311561 0 0 0 0.206073 0.56249 0.144196 0 0.408583 0 0.429699 0 0.713176 0.709689 0.288076 0 0 0.0891219 0.370312 0 0.601028 0.501123 0 0.582217 0.336356 0 0 0.603558 0.310996 0 0 0.359886 0 0 0.308166
0 0 0 0 0.358744 0 0 0.188548 0 0.35808 0.534545 0.478658 0.414218 0.182604 0.209638 0 0 0 0 0 0.686945 0 0.16095 0 0 0.428125 0 0.703643 0 0 0.572006 0.467041 0 0.494591 0.429297 0.493594 0.288701 0 0 0.586275 0.446776 0 0.479913 0 0 0.346869 0.624206 0 0 0
0 0 0.514563 0.697915 0.740411 0 0 0.452719 0.628999 0.180775 0.797412 0.272136 0 0 0 0.475346 0.827824 0.206073 0 0 0.737917 0 0 0 0.789116 0.635693 0 0.917888 0.86491 0 0.6543 0.775859 0 0.170507 0.800884 0 0 0 0 0.413146 0.102705 0 0.800931 0 0.445494 0.133684 0 0.0399859 0.718338 0.404393
0.795281 0.614846 0 0 0.733287 0 0.578184 0 0 0.872761 0.414234 0.501735 0 0.791487 0.894605 0 0 0.56249 0.686945 0.737917 0 0 0.766287 0.77754 0 0 0 0.354156 0 0.572031 0 0 0.477461 0.907633 0 0.516562 0 0 0.232187 0 0.678498 0 0.549617 0.844386 0.312929 0.828789 0.527765 0.728413 0.301062 0.746648
0 0.108003 0.439441 0 0 0.427258 0 0.379757 0.560664 0.181421 0.729566 0 0 0 0 0.400231 0.754729 0.144196 0 0 0 0 0.205831 0 0.717415 0 0.694836 0 0 0.299578 0.607131 0.703836 0 0.226904 0 0.72948 0 0 0 0.409649 0.143506 0 0 0.253542 0.421076 0.133937 0 0 0.655407 0
0 0.187262 0 0.487076 0 0.568089 0 0.316278 0 0.198098 0 0 0.515764 0 0.182361 0 0.659635 0 0.16095 0 0.766287 0.205831 0 0 0.638253 0 0 0.838259 0.626126 0 0 0.622206 0.322642 0 0 0.64885 0.447615 0.652507 0.730458 0 0 0 0.637515 0.0781696 0 0 0.579635 0 0.638269 0.149946
0 0 0 0.264122 0.270412 0 0.647327 0.271562 0 0 0 0.620484 0.271259 0.277277 0 0.16128 0.470954 0.408583 0 0 0.77754 0 0 0 0 0 0.850215 0 0 0.696508 0 0.455502 0.461223 0 0 0 0 0 0 0 0 0.313353 0 0.282722 0 0.457457 0.766043 0 0 0
0.889297 0.609936 0.333751 0 0.279796 0.656349 0 0 0 0.824914 0 0 0 0.662527 0.66033 0 0.066058 0 0 0.789116 0 0.717415 0.638253 0 0 0.220613 0 0.287216 0.363694 0 0.418013 0 0 0 0.552984 0 0.273887 0 0.293534 0.72372 0 0.601986 0.0418192 0 0.606554 0 0 0.80586 0 0
0 0.465297 0.319676 0 0 0 0.577796 0.240815 0.0698256 0 0.173863 0 0.666927 0 0 0 0.284648 0.429699 0.428125 0.635693 0 0 0 0 0.220613 0 0 0.288494 0.531319 0 0.214937 0.218123 0 0.79827 0.663721 0 0.363296 0.509777 0.182671 0 0.621043 0 0 0 0.387654 0 0 0.644245 0.0860873 0
0 0 0 0 0 0.287094 0 0.579063 0.50033 0 0 0.461773 1.07748 0 0 0 0.699497 0 0 0 0 0.694836 0 0.850215 0 0 0 0 0.963987 0 0 0 0.484327 0.886804 0 0.642601 0 0.268368 0 0.345437 0 0 0 0.875197 0.276723 0.828706 0.451048 0.70563 0 0.802728
0 0 0 0 0.566865 0.637095 0 0.52254 0.322347 0 0.18755 0.752112 0 0 0 0 0.332316 0.713176 0.703643 0.917888 0.354156 0 0.838259 0 0.287216 0.288494 0 0 0 0.841389 0 0.30193 0 1.08333 0.840128 0.286961 0.553977 0 0.147248 0.71269 0 0 0.323234 0.908296 0.592712 0.967098 0.825781 0.922991 0 0
0.972208 0.702039 0 0.200651 0.13702 0 0.943122 0 0.463835 0.821422 0.47071 0 0.260961 0 0 0.398286 0 0.709689 0 0.86491 0 0 0.626126 0 0.363694 0.531319 0.963987 0 0 0 0 0.352732 0 0.967398 0 0 0.211087 0.996082 0 0 0.91292 0 0.323621 0 0 0.818681 1.03425 0 0.555738 0
0.270368 0 0.625718 0.79265 0.849857 0 0 0 0 0 0 0.0961513 0.967754 0 0 0 0 0.288076 0 0 0.572031 0.299578 0 0.696508 0 0 0 0.841389 0 0 0 0.794645 0 0 0.98217 0 0 0.25722 0.694873 0.169065 0.176627 0 0.827958 0.55126 0.260613 0.411103 0.0967364 0 0.665741 0.592945
0.722072 0 0 0.558058 0.624154 0 0 0 0 0.776652 0.335506 0 0 0.683882 0 0 0 0 0.572006 0.6543 0 0.607131 0 0 0.418013 0.214937 0 0 0 0 0 0.420056 0.386667 0.824799 0.870142 0 0.572882 0.353931 0.18411 0.385416 0 0 0.457739 0 0.267968 0 0 0 0.213316 0
0 0.596548 0 0 0 0 0.765095 0 0 0 0 0.698498 0.549649 0.646376 0.643102 0 0 0 0.467041 0.775859 0 0.703836 0.622206 0.455502 0 0.218123 0 0.30193 0.352732 0.794645 0.420056 0 0 0.922997 0 0 0.257152 0.72699 0.302033 0 0 0 0 0.680325 0 0.786375 0 0 0.212018 0.506899
0 0.14368 0 0 0 0 0 0 0.387631 0.395897 0.549913 0.166972 0.729251 0 0.48967 0.339319 0 0.0891219 0 0 0.477461 0 0.322642 0.461223 0 0 0.484327 0 0 0 0.386667 0 0 0.439451 0 0.574537 0.518098 0 0.516389 0 0 0 0.582414 0.397754 0.223901 0 0.309606 0 0 0
0 0.333518 0 0 0 0 0.370551 0.598426 0 0 0 0.428226 0 0 0.47351 0 0.970391 0.370312 0.494591 0.170507 0.907633 0.226904 0 0 0 0.79827 0.886804 1.08333 0.967398 0 0.824799 0.922997 0.439451 0 0 0 0 0 0.95199 0.563851 0 0.337489 0.944988 0 0.61041 0 0 0.181208 0.882309 0.491371
0 0.668719 0.38825 0.327996 0 0.961362 0 0 0.594228 0.71087 0.655288 0.903705 0 0.542171 0.397434 0.409604 0 0 0.429297 0.800884 0 0 0 0 0.552984 0.663721 0 0.840128 0 0.98217 0.870142 0 0 0 0 0.554002 0 0 0 0 0 0.598532 0.518913 0 0.920214 0 1.04895 0.837048 0 0.398493
0 0.622059 0.343188 0 0 0.668279 0.787101 0.350719 0.191691 0 0 0.719648 0 0 0.66865 0 0 0.601028 0.493594 0 0.516562 0.72948 0.64885 0 0 0 0.642601 0.286961 0 0 0 0 0.574537 0 0.554002 0 0 0.741898 0.299453 0 0 0 0 0 0.618488 0 0.833646 0.818163 0 0
0 0 0.153692 0 0 0 0 0 0 0.645686 0.366449 0 0.306493 0 0.414233 0 0 0.501123 0.288701 0 0 0 0.447615 0 0.273887 0.363296 0 0.553977 0.211087 0 0.572882 0.257152 0.518098 0 0 0 0 0.791967 0 0 0.70733 0.45435 0.24962 0.485922 0.657797 0 0 0.694256 0 0.304751
0.522522 0.465873 0.665986 0 0.860523 0.0913375 0 0 0.559154 0 0 0 1.04433 0 0.824213 0 0.793587 0 0 0 0 0 0.652507 0 0 0.509777 0.268368 0 0.996082 0.25722 0.353931 0.72699 0 0 0 0.741898 0.791967 0 0.538033 0 0 0.545784 0.76437 0.724015 0 0 0 0 0.547552 0
0.864603 0 0 0.491223 0 0 0.684255 0 0.239703 0 0 0 0 0 0 0.510964 0 0.582217 0 0 0.232187 0 0.730458 0 0.293534 0.182671 0 0.147248 0 0.694873 0.18411 0.302033 0.516389 0.95199 0 0.299453 0 0.538033 0 0.565685 0.752604 0.654963 0 0.804281 0.445503 0.843174 0 0 0.108672 0
0 0 0.617615 0.761444 0.824532 0.0756867 0.194529 0 0 0 0 0.141989 0 0.589338 0.747537 0.590725 0 0.336356 0.586275 0.413146 0 0.409649 0 0 0.72372 0 0.345437 0.71269 0 0.169065 0.385416 0 0 0.563851 0 0 0 0 0.565685 0 0 0.466129 0.754497 0 0.121683 0.538021 0.114986 0 0 0.636506
0 0 0 0 0.782798 0 0.131675 0.471102 0 0.283221 0 0.186913 0.853534 0 0 0.515602 0.840956 0 0.446776 0.102705 0.678498 0.143506 0 0 0 0.621043 0 0 0.91292 0.176627 0 0 0 0 0 0 0.70733 0 0.752604 0 0 0 0 0.394481 0 0 0.273347 0 0 0
0 0.0823098 0.304353 0 0.527713 0.461152 0 0 0 0 0.627903 0 0.581003 0 0.282634 0 0 0 0 0 0 0 0 0.313353 0.601986 0 0 0 0 0 0 0 0 0.337489 0.598532 0 0.45435 0.545784 0.654963 0.466129 0 0 0 0 0.439983 0 0.479843 0 0.570522 0.20047
0 0.6215 0.32759 0.206662 0.246805 0 0 0.348384 0 0.827685 0.147732 0.731858 0 0 0 0 0 0.603558 0.479913 0.800931 0.549617 0 0.637515 0 0.0418192 0 0 0.323234 0.323621 0.827958 0.457739 0 0.582414 0.944988 0.518913 0 0.24962 0.76437 0 0.754497 0 0 0 0.692739 0 0.806299 0.849719 0.819455 0.248639 0.516379
0.390668 0.258358 0.365237 0 0.547934 0.641284 0.499013 0 0 0.181102 0 0.506651 0 0 0.141659 0 0 0.310996 0 0 0.844386 0.253542 0.0781696 0.282722 0 0 0.875197 0.908296 0 0.55126 0 0.680325 0.397754 0 0 0 0.485922 0.724015 0.804281 0 0.394481 0 0.692739 0 0.621572 0 0.640741 0.341074 0.709878 0.181385
0 0 0.532913 0.661609 0.726515 0.0497953 0.265455 0 0.431623 0 0.554581 0.190119 0.912779 0.567687 0.710154 0 0.668303 0 0 0.445494 0.312929 0.421076 0 0 0.606554 0.387654 0.276723 0.592712 0 0.260613 0.267968 0 0.223901 0.61041 0.920214 0.618488 0.657797 0 0.445503 0.121683 0 0.439983 0 0.621572 0 0.554932 0 0 0.43585 0.583301
0 0 0.493043 0.672891 0 0.559946 0.362275 0 0 0 0.826975 0 0.699303 0 0.336807 0.454527 0 0 0.346869 0.133684 0.828789 0.133937 0 0.457457 0 0 0.828706 0.967098 0.818681 0.411103 0 0.786375 0 0 0 0 0 0 0.843174 0.538021 0 0 0.806299 0 0.554932 0 0.50713 0 0 0.342717
0.363976 0 0.679787 0 0 0.190163 0 0.563519 0.642437 0 0.779955 0.14557 1.03623 0.592853 0.761113 0.648794 0 0.359886 0.624206 0 0.527765 0 0.579635 0.766043 0 0 0.451048 0.825781 1.03425 0.0967364 0 0 0.309606 0 1.04895 0.833646 0 0 0 0.114986 0.273347 0.479843 0.849719 0.640741 0 0.50713 0 0 0 0.668045
0 0 0 0 0.768828 0.423045 0.199137 0 0.641761 0 0 0 0 0.306547 0.479351 0.502435 0 0 0 0.0399859 0.728413 0 0 0 0.80586 0.644245 0.70563 0.922991 0 0 0 0 0 0.181208 0.837048 0.818163 0.694256 0 0 0 0 0 0.819455 0.341074 0 0 0 0 0.725362 0
0.80633 0.549953 0 0 0.447166 0 0.647385 0 0.132469 0.798292 0.123462 0.572384 0 0 0.714842 0.406221 0.273323 0 0 0.718338 0.301062 0.655407 0.638269 0 0 0.0860873 0 0 0.555738 0.665741 0.213316 0.212018 0 0.882309 0 0 0 0.547552 0.108672 0 0 0.570522 0.248639 0.709878 0.43585 0 0 0.725362 0 0
0 0.274625 0 0.346813 0 0 0 0.246036 0.434172 0 0.581841 0 0.380572 0.165 0.151558 0.162722 0.535319 0.308166 0 0.404393 0.746648 0 0.149946 0 0 0 0.802728 0 0 0.592945 0 0.506899 0 0.491371 0.398493 0 0.304751 0 0 0.636506 0 0.20047 0.516379 0.181385 0.583301 0.342717 0.668045 0 0 0
