100
0 0 0 0 0 0 0 0 0 0 0 0.648208 0 0 0 0.757874 0 0 0 0 0.734786 0 0 0.552479 0.723388 0 0.63826 0 0 0 0 0.661654 0 0 0 0 0 0.705679 0 0 0 0 0.639813 0 0 0 0 0 0 0.79061 0.846975 0 0 0 0 0 0 0 0.644846 0.644002 0 0 0.76699 0.753208 0 0 0.518344 0 0 0 0 0 0 0 0 0.699621 0 0 0 0 0 0 0 0 0 0.767194 0 0.661929 0 0 0.725271 0 0.84071 0 0 0 0 0 0 0
0 0 0.683831 0 0 0 0 0 0 0 0 0 0.711576 0 0 0 0.617853 0 0 0.588815 0 0 0.639124 0 0 0 0.630189 0 0 0.877698 0 0 0.660272 0 0 0 0.86397 0.653888 0 0.763146 0 0.646845 0 0 0 0 0 0 0 0.606072 0 0 0.690704 0 0 0 0 0.669525 0 0 0 0 0 0 0 0 0 0.769337 0.551301 0.885062 0 0.759693 0 0 0 0 0 0 0.888415 0 0 0 0 0.77227 0 0.783198 0 0 0.846049 0 0.604749 0 0 0 0 0.721888 0.871901 0 0 0
0 0.683831 0 0 0 0.615746 0.562837 0 0.688458 0.63183 0.791564 0 0 0 0 0 0.73256 0.766051 0 0 0 0.740911 0 0 0 0 0.548742 0 0 0.740916 0 0 0 0 0 0.702496 0 0 0 0 0 0 0 0 0 0 0 0 0.864 0.657138 0 0 0.894613 0 0 0 0 0 0 0 0 0 0 0 0 0 0 0.861566 0 0 0 0 0 0 0 0.844735 0 0.623287 0 0 0 0 0 0.603682 0 0.84751 0 0 0 0 0 0 0 0 0.78563 0.862079 0.848089 0.918523 0 0
0 0 0 0 0 0 0 0.666399 0.593603 0 0 0 0 0 0.85295 0.667101 0 0 0 0 0.721994 0 0.722046 0 0.903638 0.749089 0.850151 0 0 0 0 0 0 0 0 0 0 0 0 0 0 0.798116 0 0 0 0 0 0 0 0 0 0 0.893061 0 0 0 0 0 0 0 0 0 0 0 0 0 0 0 0.692614 0.687723 0 0 0 0 0 0 0.607617 0 0.627037 0 0 0 0 0 0 0.910266 0 0.57787 0 0 0 0 0 0 0 0 0 0 0 0
0 0 0 0 0 0 0 0.794171 0.826446 0.724045 0 0 0 0 0 0 0.810216 0.806274 0 0 0 0 0 0.910492 0 0.793534 0 0 0 0 0 0 0 0.608049 0.578231 0 0 0 0.668265 0.570368 0 0 0 0 0 0 0 0 0 0 0.827372 0 0 0 0 0 0.610828 0 0 0 0 0 0 0.753495 0.81296 0 0 0 0 0.558311 0 0 0 0 0 0.787282 0 0 0.75437 0.696877 0 0 0 0 0 0 0 0 0 0 0 0 0 0.864631 0 0 0 0 0 0
0 0 0.615746 0 0 0 0 0 0 0.767364 0 0 0 0 0 0 0.687957 0 0 0 0.585338 0 0 0 0 0 0 0 0 0 0 0 0 0 0 0.49393 0 0 0 0 0 0 0 0 0 0 0 0 0 0.879462 0 0 0 0 0 0 0 0.852919 0 0 0 0.738283 0 0 0.76231 0 0.720444 0 0 0 0 0 0 0.616416 0 0 0 0 0 0 0 0 0 0 0 0 0 0.884118 0 0 0 0 0 0 0 0 0 0 0 0
0 0 0.562837 0 0 0 0 0 0 0 0 0.788686 0 0 0 0.716237 0 0 0 0 0.8639 0 0.767152 0.917315 0 0 0.674619 0 0 0 0 0 0.847726 0 0 0 0.626972 0 0 0 0 0 0 0.862074 0 0 0 0 0 0 0.897577 0 0 0 0 0 0.853342 0 0.824549 0 0 0 0 0 0 0 0 0 0 0.755522 0 0.841974 0.742257 0 0.564321 0 0.59655 0 0 0 0 0 0 0 0 0 0.791433 0 0 0 0 0 0 0 0 0 0 0.820368 0.580897 0
0 0 0 0.666399 0.794171 0 0 0 0.749365 0 0 0 0 0 0 0.796711 0.900882 0 0 0 0 0 0 0.594709 0 0.816013 0 0.813356 0 0.568124 0.618195 0 0 0 0 0 0.777596 0 0 0 0 0 0.78148 0 0 0 0 0 0 0.730649 0 0 0 0 0 0.579118 0 0 0 0 0 0.816024 0 0 0 0 0 0.752867 0 0 0 0 0 0 0 0 0 0 0 0 0 0.822883 0 0 0 0 0 0 0.68671 0 0 0 0.656344 0 0 0.756291 0 0 0 0
0 0 0.688458 0.593603 0.826446 0 0 0.749365 0 0 0.733451 0.864094 0.857571 0 0 0 0 0 0 0 0 0 0 0 0 0 0 0 0 0 0 0 0 0.804641 0 0 0 0 0 0 0 0 0.652625 0 0 0 0 0 0 0 0 0 0 0 0 0 0 0 0 0 0 0 0 0 0 0.700565 0 0 0 0 0 0 0 0 0 0 0.839132 0.820652 0 0 0.77208 0.669217 0 0 0 0 0 0 0.911833 0 0 0 0 0 0 0 0 0.653003 0 0
0 0 0.63183 0 0.724045 0.767364 0 0 0 0 0.805503 0 0.69018 0 0 0 0 0 0 0 0.728605 0 0 0.731253 0 0 0 0 0 0 0 0.769446 0.644943 0 0 0 0 0.715162 0 0 0 0 0 0 0 0 0 0 0 0 0 0 0 0 0 0 0 0 0.881392 0.821709 0 0 0 0.616243 0.841075 0 0 0 0 0 0 0 0 0 0.686603 0.67576 0 0 0 0 0 0 0 0 0.827132 0 0 0 0 0 0 0.81221 0 0 0.700143 0 0 0 0 0
0 0 0.791564 0 0 0 0 0 0.733451 0.805503 0 0 0.805635 0.68908 0 0 0 0 0 0 0 0.856043 0 0 0 0 0 0.88155 0 0 0 0 0 0.776998 0 0 0 0.830593 0 0 0 0 0.848791 0.707963 0 0 0.689783 0 0 0.674284 0 0 0 0 0 0 0 0.583787 0.724803 0.692674 0 0 0 0 0 0 0 0.691277 0 0.664846 0 0 0.812842 0.763654 0 0 0 0.609568 0 0 0.764741 0 0 0.633199 0 0.699204 0 0 0 0.867025 0 0 0.59273 0 0 0 0 0 0 0
0.648208 0 0 0 0 0 0.788686 0 0.864094 0 0 0 0.713279 0.927248 0 0 0 0 0.75341 0 0 0 0 0.714309 0 0.722194 0 0 0 0 0 0.619596 0 0 0 0.618206 0 0.725569 0 0.780973 0.847375 0 0 0.561404 0.849783 0 0.758868 0.665904 0 0 0.785442 0 0 0 0 0 0 0 0.843626 0 0 0 0 0 0 0 0 0 0 0 0 0 0 0 0 0 0 0 0 0 0 0 0.807999 0 0 0 0 0 0.735574 0.770379 0 0 0 0 0 0 0 0 0 0.686144
0 0.711576 0 0 0 0 0 0 0.857571 0.69018 0.805635 0.713279 0 0 0 0 0.670757 0 0 0 0 0 0 0.573429 0 0 0 0 0 0 0 0 0 0 0 0 0 0 0.585067 0.593113 0.78831 0 0 0 0 0 0 0 0 0 0 0 0 0 0 0 0 0 0 0 0 0 0 0 0 0 0 0.669506 0 0.603589 0.631694 0 0 0 0.750002 0 0 0 0 0 0 0 0 0 0 0.695672 0 0 0 0.736691 0.62999 0 0 0 0 0.789038 0 0 0.853771 0
0 0 0 0 0 0 0 0 0 0 0.68908 0.927248 0 0 0 0.582778 0 0.728881 0 0.622074 0 0 0 0 0 0 0 0.600844 0 0 0 0 0 0 0.756665 0 0 0 0 0 0 0 0 0 0 0.692576 0.848643 0 0.662336 0 0 0 0.793098 0 0 0 0 0 0 0.871546 0.551102 0 0 0 0 0 0.753397 0 0.829673 0 0 0 0 0 0.865547 0.613504 0 0 0 0 0 0 0.667341 0 0.876606 0.828183 0 0 0 0 0.761926 0 0 0 0 0 0 0 0 0
0 0 0 0.85295 0 0 0 0 0 0 0 0 0 0 0 0 0 0 0 0 0 0 0 0 0 0 0 0 0 0 0 0.843013 0 0 0 0 0 0 0 0 0.653698 0.773347 0.662356 0.804836 0.642869 0 0 0 0 0 0 0 0.673264 0.772679 0 0 0 0 0.82281 0 0 0.78765 0 0 0.690217 0 0 0 0 0.763709 0 0 0.84189 0 0 0 0 0.808862 0 0 0 0 0 0 0 0.629752 0.734786 0 0 0 0.678257 0.679251 0.835147 0 0 0 0 0.730694 0 0
0.757874 0 0 0.667101 0 0 0.716237 0.796711 0 0 0 0 0 0.582778 0 0 0 0.830843 0.742795 0.734372 0 0 0 0.86608 0 0 0 0.733075 0 0 0 0 0.625678 0 0 0 0 0 0 0 0 0.795705 0 0 0 0 0 0 0 0.647077 0 0 0 0 0 0 0 0 0 0 0 0 0 0 0.839257 0.807223 0 0.835731 0 0 0.762181 0 0 0.577734 0 0.61925 0 0 0 0 0.772518 0.713002 0 0 0 0 0 0 0 0 0 0.890896 0 0 0 0 0 0 0 0.601305
0 0.617853 0.73256 0 0.810216 0.687957 0 0.900882 0 0 0 0 0.670757 0 0 0 0 0 0 0 0 0.683698 0 0.867775 0 0 0 0.879731 0.669529 0.78052 0.673532 0 0.563724 0 0 0 0 0.671102 0.666042 0 0.614205 0 0 0 0.627725 0.797464 0 0 0 0 0 0 0 0 0.53878 0 0 0 0 0.755922 0 0.861599 0 0.637762 0 0 0.874095 0 0 0 0.826612 0 0.697361 0 0 0 0 0 0 0 0 0 0 0.74987 0 0 0 0.621229 0 0 0.652093 0 0 0 0 0 0 0 0 0
0 0 0.766051 0 0.806274 0 0 0 0 0 0 0 0 0.728881 0 0.830843 0 0 0 0 0 0 0 0 0 0 0 0 0.794268 0 0 0 0 0 0 0 0.925012 0 0 0 0.799319 0.764085 0 0 0.55191 0.641886 0 0 0 0 0 0 0 0 0 0.737915 0 0 0 0 0 0 0 0 0 0 0 0 0 0 0 0.804308 0.779626 0 0 0 0 0.789632 0 0 0.813724 0 0 0 0.784117 0 0 0 0 0.857971 0 0.892613 0 0 0 0 0 0 0 0
0 0 0 0 0 0 0 0 0 0 0 0.75341 0 0 0 0.742795 0 0 0 0.814484 0 0 0 0 0 0.891444 0 0 0.560837 0 0 0 0 0 0 0.696293 0 0 0.93914 0 0 0.649989 0 0 0.605006 0 0 0 0 0 0 0 0 0 0 0 0 0.821459 0.65068 0 0.832638 0 0 0.825517 0 0 0.696707 0 0 0.628548 0 0 0 0 0 0.846775 0.817387 0.774587 0 0 0 0 0 0 0 0 0 0 0.570741 0 0.680925 0 0 0 0 0 0.568539 0 0.708168 0
0 0.588815 0 0 0 0 0 0 0 0 0 0 0 0.622074 0 0.734372 0 0 0.814484 0 0 0 0.691988 0 0 0.656919 0 0.624916 0 0 0 0 0.598499 0 0 0 0 0 0 0 0 0 0 0 0 0 0 0 0 0 0 0 0 0.77098 0 0 0 0 0 0.569356 0 0 0.77411 0 0 0.867037 0 0 0 0 0 0 0 0 0 0 0 0.543193 0 0.801587 0.644846 0 0.74837 0 0 0.665379 0 0 0 0.740936 0 0 0.650748 0 0 0 0 0 0.707716 0
0.734786 0 0 0.721994 0 0.585338 0.8639 0 0 0.728605 0 0 0 0 0 0 0 0 0 0 0 0 0.76115 0 0 0 0 0 0 0 0 0 0 0 0 0 0 0 0 0.705139 0 0 0 0 0 0 0 0 0 0 0 0 0 0.684182 0 0 0 0 0.696746 0.635941 0 0.841159 0 0 0 0 0 0.865233 0.858194 0 0.695501 0 0 0 0 0 0 0 0 0 0 0 0 0.729888 0 0 0.594926 0 0 0 0 0 0 0 0.85336 0 0 0 0 0
0 0 0.740911 0 0 0 0 0 0 0 0.856043 0 0 0 0 0 0.683698 0 0 0 0 0 0 0.695952 0 0 0 0 0 0 0 0 0.730998 0 0 0 0 0 0.772481 0 0 0 0.704629 0 0 0 0 0 0 0 0 0 0 0 0 0 0 0.813488 0 0 0 0 0 0 0 0 0 0 0 0 0 0.833576 0.820391 0 0 0 0 0.829586 0 0 0.597638 0.787895 0.786637 0 0 0.636341 0 0 0.737825 0 0.729424 0 0 0 0 0 0 0 0 0.784588
0 0.639124 0 0.722046 0 0 0.767152 0 0 0 0 0 0 0 0 0 0 0 0 0.691988 0.76115 0 0 0 0 0 0 0 0.823334 0.609392 0 0 0 0.753759 0.642437 0 0 0 0 0.608057 0 0.909841 0 0 0 0 0 0 0 0 0 0 0 0 0 0 0 0 0 0 0 0 0.831816 0 0 0 0.509815 0 0.778797 0 0 0 0 0 0 0 0.820231 0 0 0 0.72607 0.822243 0 0 0 0.891953 0 0 0 0 0 0 0.837028 0.56348 0 0 0 0 0 0
0.552479 0 0 0 0.910492 0 0.917315 0.594709 0 0.731253 0 0.714309 0.573429 0 0 0.86608 0.867775 0 0 0 0 0.695952 0 0 0 0 0 0 0 0 0 0 0 0 0 0 0 0 0.706355 0 0.649413 0 0 0 0 0 0 0.692737 0 0 0 0 0 0 0 0 0 0.846647 0 0 0 0 0 0 0 0 0.6835 0 0 0 0 0 0 0 0 0 0 0 0 0 0 0 0 0 0 0 0 0 0.642983 0 0 0 0 0 0 0 0 0 0 0.837482
0.723388 0 0 0.903638 0 0 0 0 0 0 0 0 0 0 0 0 0 0 0 0 0 0 0 0 0 0 0.802873 0.679455 0 0 0 0 0 0 0 0 0 0 0 0 0 0 0.86579 0 0.62523 0 0 0 0.618096 0 0 0 0 0 0 0 0 0.76065 0 0.564778 0 0 0 0.707521 0 0 0 0 0 0 0 0 0 0 0 0 0 0 0 0 0 0 0 0 0 0 0 0 0 0 0 0 0 0 0.814199 0 0 0 0.755196 0
0 0 0 0.749089 0.793534 0 0 0.816013 0 0 0 0.722194 0 0 0 0 0 0 0.891444 0.656919 0 0 0 0 0 0 0 0 0 0 0 0 0 0 0 0 0 0 0 0 0 0 0 0 0.82923 0 0 0.835766 0 0 0.668279 0 0 0 0 0 0 0 0 0 0.764069 0 0 0 0 0 0.835397 0.717042 0 0 0 0.786106 0 0 0 0 0.81879 0 0 0 0 0 0 0 0 0.727929 0 0 0.735713 0.569878 0 0 0 0 0 0.880277 0.760544 0 0 0
0.63826 0.630189 0.548742 0.850151 0 0 0.674619 0 0 0 0 0 0 0 0 0 0 0 0 0 0 0 0 0 0.802873 0 0 0 0.639273 0.679492 0 0 0 0 0 0.83222 0 0 0 0 0 0 0.813811 0.810137 0 0 0 0 0 0 0 0 0 0 0 0 0 0.712247 0 0.612184 0 0 0.661665 0.83015 0 0 0 0 0 0 0 0 0.708595 0 0 0 0 0 0 0.594074 0.626163 0 0 0 0 0 0 0 0 0 0 0 0 0.762222 0 0.55177 0 0 0 0
0 0 0 0 0 0 0 0.813356 0 0 0.88155 0 0 0.600844 0 0.733075 0.879731 0 0 0.624916 0 0 0 0 0.679455 0 0 0 0 0 0 0 0 0 0.864852 0 0 0.841792 0 0 0 0 0 0 0 0.815961 0 0 0 0 0.620382 0 0.911557 0 0 0 0 0.942109 0 0 0 0.596122 0 0 0.71536 0 0 0 0 0 0 0 0 0 0.557592 0 0.602261 0 0 0 0 0 0 0 0 0 0.741079 0.771197 0 0 0 0 0 0.822349 0 0 0 0 0 0
0 0 0 0 0 0 0 0 0 0 0 0 0 0 0 0 0.669529 0.794268 0.560837 0 0 0 0.823334 0 0 0 0.639273 0 0 0 0 0 0 0 0 0.767854 0 0 0 0 0 0 0 0 0 0 0 0 0 0 0 0.913096 0 0 0.745331 0 0 0 0 0.775055 0 0 0 0.6664 0.895493 0 0 0 0 0 0.537342 0 0.794251 0 0 0 0 0 0 0.534827 0 0 0 0 0 0 0 0 0 0 0 0 0 0 0.586056 0 0 0 0.662415 0
0 0.877698 0.740916 0 0 0 0 0.568124 0 0 0 0 0 0 0 0 0.78052 0 0 0 0 0 0.609392 0 0 0 0.679492 0 0 0 0 0 0.774622 0 0.678356 0.735155 0 0.674038 0 0 0 0.822638 0 0.820504 0.780872 0 0.656115 0 0 0 0 0.708456 0 0 0 0 0 0 0 0 0 0.677676 0 0 0 0 0 0 0 0 0 0 0 0 0 0 0 0 0.651131 0.794294 0.794699 0 0 0 0.576231 0 0 0.855343 0 0 0 0.643773 0.773029 0 0.674741 0 0 0 0 0.851214
0 0 0 0 0 0 0 0.618195 0 0 0 0 0 0 0 0 0.673532 0 0 0 0 0 0 0 0 0 0 0 0 0 0 0 0 0.713967 0.731359 0 0 0.833032 0 0 0 0 0.787242 0 0 0 0.85578 0 0 0 0 0.640511 0 0.808503 0 0 0.881861 0.584349 0.91854 0 0.641193 0 0 0 0.585416 0 0 0 0 0 0.8558 0 0 0.572063 0 0 0 0 0 0 0 0.59114 0 0 0 0.741908 0.622249 0 0 0 0 0.872009 0 0 0 0 0 0.813821 0 0.844789
0.661654 0 0 0 0 0 0 0 0 0.769446 0 0.619596 0 0 0.843013 0 0 0 0 0 0 0 0 0 0 0 0 0 0 0 0 0 0 0 0.779753 0 0 0.568567 0 0 0 0 0 0.596666 0 0 0 0 0 0 0 0 0 0 0 0.775458 0 0 0.559349 0 0 0 0.878069 0 0 0 0 0.616085 0 0.771594 0 0 0.629836 0 0 0 0 0 0 0 0 0 0 0 0 0 0 0.875666 0.786548 0 0 0 0.760252 0.80375 0 0 0.852835 0 0 0
0 0.660272 0 0 0 0 0.847726 0 0 0.644943 0 0 0 0 0 0.625678 0.563724 0 0 0.598499 0 0.730998 0 0 0 0 0 0 0 0.774622 0 0 0 0.808849 0 0 0 0.838199 0 0 0 0.702039 0 0 0 0 0 0 0 0 0.634071 0 0 0.630697 0 0 0 0 0 0 0 0 0.807365 0 0 0 0 0 0 0 0.643478 0 0 0 0 0.837158 0 0 0.670628 0 0 0 0 0 0 0 0 0 0 0 0 0 0 0 0 0 0 0 0.791932 0
0 0 0 0 0.608049 0 0 0 0.804641 0 0.776998 0 0 0 0 0 0 0 0 0 0 0 0.753759 0 0 0 0 0 0 0 0.713967 0 0.808849 0 0 0 0.728894 0 0 0 0 0 0 0 0 0.654166 0.565126 0 0.661761 0 0 0 0 0 0 0 0 0 0 0 0 0 0 0.807917 0 0 0.905862 0.683767 0.751775 0 0 0 0 0 0 0 0 0 0 0 0.630974 0 0 0 0 0 0 0.710627 0 0 0 0 0 0 0 0 0 0 0 0
0 0 0 0 0.578231 0 0 0 0 0 0 0 0 0.756665 0 0 0 0 0 0 0 0 0.642437 0 0 0 0 0.864852 0 0.678356 0.731359 0.779753 0 0 0 0.725163 0 0 0 0 0.619984 0.577575 0 0 0 0 0 0 0.776056 0.671787 0 0 0 0.692401 0 0 0 0 0.527991 0 0 0 0 0 0 0.761556 0 0 0 0 0 0.742623 0 0 0 0 0.687819 0.821254 0 0 0 0 0 0 0 0.780733 0.941103 0.780137 0 0.572599 0.85794 0 0.653553 0 0.589879 0.632575 0 0 0 0
0 0 0.702496 0 0 0.49393 0 0 0 0 0 0.618206 0 0 0 0 0 0 0.696293 0 0 0 0 0 0 0 0.83222 0 0.767854 0.735155 0 0 0 0 0.725163 0 0 0.643181 0 0.7408 0 0 0.729821 0.820784 0 0 0 0 0 0 0 0 0 0 0 0 0.520951 0 0 0 0.790867 0 0 0 0 0 0 0 0 0 0 0 0 0.610147 0 0 0 0 0.511863 0 0 0 0 0 0 0 0 0 0.625778 0 0 0 0.607997 0 0 0 0.632091 0 0 0
0 0.86397 0 0 0 0 0.626972 0.777596 0 0 0 0 0 0 0 0 0 0.925012 0 0 0 0 0 0 0 0 0 0 0 0 0 0 0 0.728894 0 0 0 0 0 0 0 0 0.619489 0 0.8347 0 0 0 0 0 0 0 0 0 0 0.608078 0 0 0 0 0.686527 0 0 0 0 0.591117 0.626728 0 0.611032 0 0 0.812439 0.834654 0 0 0 0 0 0 0 0.67278 0 0.598343 0 0 0 0 0 0.683796 0 0 0 0.70213 0 0 0 0 0.634101 0 0
0.705679 0.653888 0 0 0 0 0 0 0 0.715162 0.830593 0.725569 0 0 0 0 0.671102 0 0 0 0 0 0 0 0 0 0 0.841792 0 0.674038 0.833032 0.568567 0.838199 0 0 0.643181 0 0 0 0 0 0 0 0 0 0 0 0 0 0 0 0 0 0.906252 0 0 0.808639 0 0 0 0 0 0 0 0 0 0 0.868711 0 0 0 0 0 0 0 0 0 0 0 0 0 0.634093 0 0 0 0 0 0 0 0 0.785208 0 0 0 0 0 0.791551 0 0 0.776213
0 0 0 0 0.668265 0 0 0 0 0 0 0 0.585067 0 0 0 0.666042 0 0.93914 0 0 0.772481 0 0.706355 0 0 0 0 0 0 0 0 0 0 0 0 0 0 0 0 0.857041 0 0 0 0 0 0 0.689155 0 0.595432 0 0.638123 0.819164 0 0.765582 0.852739 0 0 0.629903 0 0 0 0 0 0 0 0 0 0 0.797495 0 0 0 0 0 0.582931 0 0 0 0.783121 0 0 0.704117 0 0 0.803543 0 0 0.57209 0 0 0 0 0 0 0 0 0 0 0
0 0.763146 0 0 0.570368 0 0 0 0 0 0 0.780973 0.593113 0 0 0 0 0 0 0 0.705139 0 0.608057 0 0 0 0 0 0 0 0 0 0 0 0 0.7408 0 0 0 0 0.782744 0.587179 0 0 0.729535 0.758818 0 0 0 0.635092 0 0 0 0 0 0 0.532031 0.736077 0 0 0 0 0 0.800162 0 0.766491 0 0 0 0 0 0 0 0.7228 0 0 0 0 0 0.833272 0 0 0 0 0 0 0 0.800149 0.824287 0 0 0 0 0.658021 0.674543 0 0 0 0 0
0 0 0 0 0 0 0 0 0 0 0 0.847375 0.78831 0 0.653698 0 0.614205 0.799319 0 0 0 0 0 0.649413 0 0 0 0 0 0 0 0 0 0 0.619984 0 0 0 0.857041 0.782744 0 0 0 0 0 0 0 0 0 0.59774 0 0.710224 0 0 0.722302 0 0.863708 0 0 0 0 0 0.846047 0 0 0.843027 0.667848 0 0 0 0 0 0.745575 0 0 0 0.672674 0.677861 0 0 0 0 0 0 0 0 0 0.682455 0 0.709582 0 0 0.850849 0.823077 0 0 0 0.678195 0 0
0 0.646845 0 0.798116 0 0 0 0 0 0 0 0 0 0 0.773347 0.795705 0 0.764085 0.649989 0 0 0 0.909841 0 0 0 0 0 0 0.822638 0 0 0.702039 0 0.577575 0 0 0 0 0.587179 0 0 0 0 0.883454 0.788534 0 0 0 0 0 0 0.679259 0.605008 0 0.710988 0.558726 0 0 0 0 0 0 0.621165 0.639512 0.697034 0.752958 0 0.778291 0 0 0 0 0 0 0.859764 0 0.626209 0 0 0 0 0 0.822968 0.836986 0.87447 0 0.610374 0 0.866857 0 0 0 0 0 0 0 0 0 0
0.639813 0 0 0 0 0 0 0.78148 0.652625 0 0.848791 0 0 0 0.662356 0 0 0 0 0 0 0.704629 0 0 0.86579 0 0.813811 0 0 0 0.787242 0 0 0 0 0.729821 0.619489 0 0 0 0 0 0 0 0.749634 0.82014 0 0 0 0 0 0 0 0 0.824114 0 0 0 0 0 0 0 0 0 0 0 0 0 0 0 0 0 0 0 0 0 0 0 0.721931 0.62728 0 0 0 0 0.816277 0 0 0 0 0 0.632306 0 0 0.840241 0.570527 0 0 0 0 0
0 0 0 0 0 0 0.862074 0 0 0 0.707963 0.561404 0 0 0.804836 0 0 0 0 0 0 0 0 0 0 0 0.810137 0 0 0.820504 0 0.596666 0 0 0 0.820784 0 0 0 0 0 0 0 0 0 0 0 0 0.886464 0 0 0 0 0 0 0 0.60646 0 0 0 0 0.820362 0.891788 0 0 0.795992 0.772341 0 0 0 0.61992 0 0.902739 0 0 0 0 0.600667 0.648108 0.809582 0 0 0 0.739215 0.677837 0 0.882003 0 0 0.635902 0 0 0 0 0.844287 0.62279 0 0 0 0
0 0 0 0 0 0 0 0 0 0 0 0.849783 0 0 0.642869 0 0.627725 0.55191 0.605006 0 0 0 0 0 0.62523 0.82923 0 0 0 0.780872 0 0 0 0 0 0 0.8347 0 0 0.729535 0 0.883454 0.749634 0 0 0 0 0 0 0 0 0 0 0 0 0 0 0 0.810487 0.715823 0.703009 0 0 0 0 0 0 0 0 0 0.825824 0 0 0 0 0 0 0 0 0 0 0 0 0 0 0 0 0.594696 0 0 0 0.731936 0 0.74396 0 0.689278 0 0 0 0
0 0 0 0 0 0 0 0 0 0 0 0 0 0.692576 0 0 0.797464 0.641886 0 0 0 0 0 0 0 0 0 0.815961 0 0 0 0 0 0.654166 0 0 0 0 0 0.758818 0 0.788534 0.82014 0 0 0 0 0 0 0 0 0 0 0 0 0 0.717483 0 0 0.785464 0 0 0.871159 0.863259 0 0 0 0.798809 0 0 0 0 0 0 0 0 0 0 0 0 0 0 0 0 0.789697 0 0 0 0.830871 0 0 0 0 0 0 0 0.587652 0 0 0
0 0 0 0 0 0 0 0 0 0 0.689783 0.758868 0 0.848643 0 0 0 0 0 0 0 0 0 0 0 0 0 0 0 0.656115 0.85578 0 0 0.565126 0 0 0 0 0 0 0 0 0 0 0 0 0 0.587686 0 0 0 0 0 0 0 0 0.858154 0 0 0 0 0 0 0 0 0 0 0 0 0 0.80622 0 0 0 0 0.633798 0 0 0 0 0 0.60594 0 0 0 0 0 0 0.811353 0 0 0.618835 0 0 0 0 0 0 0 0
0 0 0 0 0 0 0 0 0 0 0 0.665904 0 0 0 0 0 0 0 0 0 0 0 0.692737 0 0.835766 0 0 0 0 0 0 0 0 0 0 0 0 0.689155 0 0 0 0 0 0 0 0.587686 0 0 0 0 0 0 0 0 0 0.594236 0 0 0 0 0.65085 0 0 0 0 0 0.5543 0 0 0 0.811917 0.608616 0.646206 0 0 0.826196 0 0 0 0 0.59825 0 0 0 0 0 0 0 0 0.672071 0.726168 0 0.764034 0 0 0 0.876918 0 0
0 0 0.864 0 0 0 0 0 0 0 0 0 0 0.662336 0 0 0 0 0 0 0 0 0 0 0.618096 0 0 0 0 0 0 0 0 0.661761 0.776056 0 0 0 0 0 0 0 0 0.886464 0 0 0 0 0 0.847587 0 0 0 0.876694 0 0.726868 0.699551 0 0.856254 0 0 0.749962 0.693055 0 0.809084 0 0 0 0.629655 0 0 0 0 0.786644 0 0 0 0.85331 0.776736 0 0 0 0 0 0.700216 0 0 0 0 0.775708 0 0.812213 0 0 0.856274 0.887288 0 0 0 0
0.79061 0.606072 0.657138 0 0 0.879462 0 0.730649 0 0 0.674284 0 0 0 0 0.647077 0 0 0 0 0 0 0 0 0 0 0 0 0 0 0 0 0 0 0.671787 0 0 0 0.595432 0.635092 0.59774 0 0 0 0 0 0 0 0.847587 0 0 0 0 0 0 0.765451 0.826374 0.795681 0 0 0 0 0 0 0 0.675331 0 0 0 0.670859 0 0 0 0 0 0 0 0 0 0.652293 0 0.729412 0 0 0 0 0 0.673369 0 0 0 0 0.713539 0 0 0 0 0 0 0.633461
0.846975 0 0 0 0.827372 0 0.897577 0 0 0 0 0.785442 0 0 0 0 0 0 0 0 0 0 0 0 0 0.668279 0 0.620382 0 0 0 0 0.634071 0 0 0 0 0 0 0 0 0 0 0 0 0 0 0 0 0 0 0 0 0 0 0.611719 0 0 0 0 0 0 0.775256 0 0 0.664943 0 0 0 0.661941 0 0 0.66267 0 0 0 0 0.872794 0 0.853922 0 0 0 0.640844 0 0 0 0 0 0 0 0 0.698903 0.737136 0 0 0 0 0 0
0 0 0 0 0 0 0 0 0 0 0 0 0 0 0 0 0 0 0 0 0 0 0 0 0 0 0 0 0.913096 0.708456 0.640511 0 0 0 0 0 0 0 0.638123 0 0.710224 0 0 0 0 0 0 0 0 0 0 0 0 0 0 0 0 0 0 0 0 0 0.667218 0 0.600399 0 0.788421 0 0 0 0 0 0 0 0 0 0 0.816513 0 0 0 0.90176 0 0 0 0.82781 0.57888 0 0 0 0 0 0 0 0 0 0 0.909852 0 0
0 0.690704 0.894613 0.893061 0 0 0 0 0 0 0 0 0 0.793098 0.673264 0 0 0 0 0 0 0 0 0 0 0 0 0.911557 0 0 0 0 0 0 0 0 0 0 0.819164 0 0 0.679259 0 0 0 0 0 0 0 0 0 0 0 0 0 0.765921 0 0.77652 0 0 0 0 0 0 0 0 0 0 0.790474 0 0 0 0 0 0 0.805731 0 0 0 0 0 0.88606 0 0 0 0 0 0 0 0 0 0 0 0.620175 0 0 0.622476 0 0 0
0 0 0 0 0 0 0 0 0 0 0 0 0 0 0.772679 0 0 0 0 0.77098 0.684182 0 0 0 0 0 0 0 0 0 0.808503 0 0.630697 0 0.692401 0 0 0.906252 0 0 0 0.605008 0 0 0 0 0 0 0.876694 0 0 0 0 0 0 0 0 0.811378 0 0 0 0 0 0.739671 0 0 0 0 0 0.601792 0 0.781694 0 0 0 0 0 0 0 0 0 0 0.795195 0 0 0.720302 0 0 0 0 0 0 0.706273 0 0 0 0 0 0 0
0 0 0 0 0 0 0 0 0 0 0 0 0 0 0 0 0.53878 0 0 0 0 0 0 0 0 0 0 0 0.745331 0 0 0 0 0 0 0 0 0 0.765582 0 0.722302 0 0.824114 0 0 0 0 0 0 0 0 0 0 0 0 0 0.626305 0 0 0 0 0 0 0 0 0 0 0 0.662387 0 0 0 0 0.809639 0 0 0 0.841826 0 0 0 0 0 0 0 0 0 0 0 0.840867 0 0 0.601692 0.702451 0 0 0.799332 0 0 0.634523
0 0 0 0 0 0 0 0.579118 0 0 0 0 0 0 0 0 0 0.737915 0 0 0 0 0 0 0 0 0 0 0 0 0 0.775458 0 0 0 0 0.608078 0 0.852739 0 0 0.710988 0 0 0 0 0 0 0.726868 0.765451 0.611719 0 0.765921 0 0 0 0 0 0.628414 0 0 0.604488 0 0 0 0 0 0 0.683396 0 0 0 0.694912 0 0 0 0 0 0 0.838253 0 0 0.819881 0 0 0 0.702091 0 0 0.598115 0 0 0.896131 0 0.620743 0.775668 0 0 0 0
0 0 0 0 0.610828 0 0.853342 0 0 0 0 0 0 0 0 0 0 0 0 0 0 0 0 0 0 0 0 0 0 0 0.881861 0 0 0 0 0.520951 0 0.808639 0 0.532031 0.863708 0.558726 0 0.60646 0 0.717483 0.858154 0.594236 0.699551 0.826374 0 0 0 0 0.626305 0 0 0.823105 0 0 0 0 0 0 0 0.826914 0.82158 0 0 0 0.728046 0.835075 0 0 0 0.582809 0 0.61597 0 0.875798 0 0.833733 0.890124 0 0 0.835155 0.856023 0 0 0 0 0 0 0 0 0 0 0 0 0.774115
0 0.669525 0 0 0 0.852919 0 0 0 0 0.583787 0 0 0 0 0 0 0 0.821459 0 0 0.813488 0 0.846647 0.76065 0 0.712247 0.942109 0 0 0.584349 0 0 0 0 0 0 0 0 0.736077 0 0 0 0 0 0 0 0 0 0.795681 0 0 0.77652 0.811378 0 0 0.823105 0 0 0 0.872631 0 0.811466 0.535334 0 0 0 0 0 0.651316 0 0 0 0 0 0.77855 0.837316 0 0 0 0 0 0 0 0 0 0 0 0 0.843279 0 0 0 0 0 0 0 0 0 0
0.644846 0 0 0 0 0 0.824549 0 0 0.881392 0.724803 0.843626 0 0 0.82281 0 0 0 0.65068 0 0.696746 0 0 0 0 0 0 0 0 0 0.91854 0.559349 0 0 0.527991 0 0 0 0.629903 0 0 0 0 0 0.810487 0 0 0 0.856254 0 0 0 0 0 0 0.628414 0 0 0 0 0 0 0 0.740517 0 0 0 0 0 0 0 0 0 0 0 0.752996 0 0.811996 0 0.8808 0 0 0 0.806806 0 0 0 0 0 0 0 0.896302 0 0 0 0 0 0 0.585858 0
0.644002 0 0 0 0 0 0 0 0 0.821709 0.692674 0 0 0.871546 0 0 0.755922 0 0 0.569356 0.635941 0 0 0 0.564778 0 0.612184 0 0.775055 0 0 0 0 0 0 0 0 0 0 0 0 0 0 0 0.715823 0.785464 0 0 0 0 0 0 0 0 0 0 0 0 0 0 0 0 0 0 0 0.544418 0 0 0 0 0 0 0 0.755301 0.701296 0 0 0 0.575963 0.838282 0 0 0 0 0.584731 0.895265 0 0 0 0 0 0 0 0 0.745479 0 0 0 0.960977 0
0 0 0 0 0 0 0 0 0 0 0 0 0 0.551102 0 0 0 0 0.832638 0 0 0 0 0 0 0.764069 0 0 0 0 0.641193 0 0 0 0 0.790867 0.686527 0 0 0 0 0 0 0 0.703009 0 0 0 0 0 0 0 0 0 0 0 0 0.872631 0 0 0 0.847992 0 0 0.669806 0 0 0 0 0 0.769331 0 0 0 0 0 0 0 0 0 0 0.698493 0 0 0 0 0 0.902335 0 0 0 0 0.810382 0 0 0 0 0 0 0
0 0 0 0 0 0.738283 0 0.816024 0 0 0 0 0 0 0.78765 0 0.861599 0 0 0 0.841159 0 0 0 0 0 0 0.596122 0 0.677676 0 0 0 0 0 0 0 0 0 0 0 0 0 0.820362 0 0 0 0.65085 0.749962 0 0 0 0 0 0 0.604488 0 0 0 0 0.847992 0 0 0 0 0 0 0 0.627376 0.908592 0 0 0 0 0 0.733542 0.782131 0 0.622855 0 0.850194 0 0 0.699866 0 0 0 0.717429 0 0 0.74777 0.779308 0 0.637556 0 0.69059 0 0.79263 0.701822 0
0.76699 0 0 0 0 0 0 0 0 0 0 0 0 0 0 0 0 0 0 0.77411 0 0 0.831816 0 0 0 0.661665 0 0 0 0 0.878069 0.807365 0 0 0 0 0 0 0 0.846047 0 0 0.891788 0 0.871159 0 0 0.693055 0 0.775256 0.667218 0 0 0 0 0 0.811466 0 0 0 0 0 0 0 0 0.602896 0 0 0 0 0 0.934714 0 0 0 0 0 0 0.613365 0 0 0 0 0 0 0 0 0 0 0.803581 0 0 0.699245 0 0 0.872319 0 0 0
0.753208 0 0 0 0.753495 0 0 0 0 0.616243 0 0 0 0 0 0 0.637762 0 0.825517 0 0 0 0 0 0.707521 0 0.83015 0 0.6664 0 0 0 0 0.807917 0 0 0 0 0 0.800162 0 0.621165 0 0 0 0.863259 0 0 0 0 0 0 0 0.739671 0 0 0 0.535334 0.740517 0 0 0 0 0 0 0 0 0.84235 0 0 0.855857 0 0 0 0 0 0 0.704765 0 0 0 0 0 0 0 0 0.750275 0 0 0 0 0 0 0 0 0 0 0 0.709406 0.779469
0 0 0 0 0.81296 0.76231 0 0 0 0.841075 0 0 0 0 0.690217 0.839257 0 0 0 0 0 0 0 0 0 0 0 0.71536 0.895493 0 0.585416 0 0 0 0 0 0 0 0 0 0 0.639512 0 0 0 0 0 0 0.809084 0 0 0.600399 0 0 0 0 0 0 0 0 0.669806 0 0 0 0 0 0 0 0 0 0 0.694285 0.814291 0 0 0 0 0 0 0 0 0 0 0.663335 0.627287 0 0 0.48447 0 0 0 0 0.889216 0 0 0 0 0 0.8111 0
0 0 0 0 0 0 0 0 0.700565 0 0 0 0 0 0 0.807223 0 0 0 0.867037 0 0 0 0 0 0 0 0 0 0 0 0 0 0 0.761556 0 0.591117 0 0 0.766491 0.843027 0.697034 0 0.795992 0 0 0 0 0 0.675331 0.664943 0 0 0 0 0 0.826914 0 0 0.544418 0 0 0 0 0 0 0.644843 0 0 0 0 0 0 0 0 0 0 0 0 0 0 0 0 0.834638 0 0 0 0 0 0.773356 0.799623 0 0.578748 0.840964 0.833004 0.755038 0 0 0 0
0.518344 0 0 0 0 0.720444 0 0 0 0 0 0 0 0.753397 0 0 0.874095 0 0.696707 0 0 0 0.509815 0.6835 0 0.835397 0 0 0 0 0 0 0 0.905862 0 0 0.626728 0 0 0 0.667848 0.752958 0 0.772341 0 0 0 0 0 0 0 0.788421 0 0 0 0 0.82158 0 0 0 0 0 0.602896 0 0 0.644843 0 0 0 0 0 0 0 0 0 0 0 0 0.626914 0 0 0 0.623214 0.8956 0 0.684432 0 0 0 0 0.674546 0 0 0 0 0 0.810381 0 0 0
0 0.769337 0.861566 0 0 0 0 0.752867 0 0 0.691277 0 0.669506 0 0 0.835731 0 0 0 0 0.865233 0 0 0 0 0.717042 0 0 0 0 0 0.616085 0 0.683767 0 0 0 0.868711 0 0 0 0 0 0 0 0.798809 0 0.5543 0 0 0 0 0 0 0 0 0 0 0 0 0 0 0 0.84235 0 0 0 0 0 0 0 0 0 0 0 0.660789 0 0 0 0.732384 0 0 0 0 0 0.756668 0 0 0 0.759062 0 0 0 0 0 0 0 0 0 0
0 0.551301 0 0.692614 0 0 0 0 0 0 0 0 0 0.829673 0 0 0 0 0 0 0.858194 0 0.778797 0 0 0 0 0 0 0 0 0 0 0.751775 0 0 0.611032 0 0 0 0 0.778291 0 0 0 0 0 0 0.629655 0 0 0 0.790474 0 0.662387 0.683396 0 0 0 0 0 0.627376 0 0 0 0 0 0 0 0.684416 0 0 0 0.579509 0 0 0.720186 0 0.585922 0 0 0 0 0.646182 0 0 0 0 0 0 0 0 0 0 0 0 0 0 0 0.597009
0 0.885062 0 0.687723 0.558311 0 0.755522 0 0 0 0.664846 0 0.603589 0 0.763709 0 0 0 0.628548 0 0 0 0 0 0 0 0 0 0 0 0 0.771594 0 0 0 0 0 0 0.797495 0 0 0 0 0 0 0 0 0 0 0.670859 0.661941 0 0 0.601792 0 0 0 0.651316 0 0 0 0.908592 0 0 0 0 0 0 0.684416 0 0 0 0 0 0 0 0.656364 0 0.685293 0.78186 0 0 0 0.67981 0 0 0 0 0 0.702021 0.553031 0.683056 0 0 0 0 0 0 0 0
0 0 0 0 0 0 0 0 0 0 0 0 0.631694 0 0 0.762181 0.826612 0 0 0 0.695501 0 0 0 0 0 0 0 0.537342 0 0.8558 0 0.643478 0 0 0 0 0 0 0 0 0 0 0.61992 0.825824 0 0.80622 0 0 0 0 0 0 0 0 0 0.728046 0 0 0 0.769331 0 0 0.855857 0 0 0 0 0 0 0 0 0 0 0.576797 0 0 0 0.638513 0 0 0 0 0 0.610641 0.798898 0 0 0 0.81451 0 0 0 0 0 0 0 0 0 0
0 0.759693 0 0 0 0 0.841974 0 0 0 0 0 0 0 0 0 0 0.804308 0 0 0 0.833576 0 0 0 0.786106 0 0 0 0 0 0 0 0 0.742623 0 0.812439 0 0 0 0 0 0 0 0 0 0 0.811917 0 0 0 0 0 0.781694 0 0 0.835075 0 0 0 0 0 0 0 0.694285 0 0 0 0 0 0 0 0 0 0 0.631338 0 0 0.657086 0 0.811255 0 0 0 0.67167 0 0 0 0 0.598875 0.851919 0 0 0.604593 0 0 0 0 0 0.748947
0 0 0 0 0 0 0.742257 0 0 0 0.812842 0 0 0 0.84189 0 0.697361 0.779626 0 0 0 0.820391 0 0 0 0 0.708595 0 0.794251 0 0 0.629836 0 0 0 0 0.834654 0 0 0 0.745575 0 0 0.902739 0 0 0 0.608616 0 0 0.66267 0 0 0 0 0.694912 0 0 0 0 0 0 0.934714 0 0.814291 0 0 0 0 0 0 0 0 0.844987 0 0 0 0 0 0 0 0 0 0 0 0 0 0.700417 0.777303 0 0 0 0 0 0 0.577056 0.794052 0 0 0
0 0 0 0 0 0.616416 0 0 0 0 0.763654 0 0 0 0 0.577734 0 0 0 0 0 0 0 0 0 0 0 0 0 0 0.572063 0 0 0 0 0.610147 0 0 0 0.7228 0 0 0 0 0 0 0 0.646206 0.786644 0 0 0 0 0 0.809639 0 0 0 0 0.755301 0 0 0 0 0 0 0 0 0.579509 0 0 0 0.844987 0 0.760348 0 0.73938 0 0.819013 0 0.737382 0 0 0 0 0 0 0 0 0 0 0.800054 0.808302 0 0.751406 0 0 0 0 0
0 0 0 0 0 0 0.564321 0 0 0.686603 0 0 0.750002 0.865547 0 0 0 0 0 0 0 0 0 0 0 0 0 0.557592 0 0 0 0 0 0 0 0 0 0 0 0 0 0 0 0 0 0 0 0 0 0 0 0 0 0 0 0 0 0 0 0.701296 0 0 0 0 0 0 0 0 0 0 0.576797 0 0 0.760348 0 0 0 0 0 0 0 0 0 0 0 0.729321 0 0.807165 0 0 0 0.965731 0 0.701544 0 0 0 0.67522 0 0.624034
0.699621 0 0.844735 0 0.787282 0 0 0 0 0.67576 0 0 0 0.613504 0 0.61925 0 0 0.846775 0 0 0 0 0 0 0 0 0 0 0 0 0 0.837158 0 0 0 0 0 0.582931 0 0 0.859764 0 0 0 0 0.633798 0 0 0 0 0 0.805731 0 0 0 0.582809 0.77855 0.752996 0 0 0.733542 0 0 0 0 0 0.660789 0 0 0 0.631338 0 0 0 0 0.720116 0 0 0 0 0 0 0 0.729918 0 0.828301 0.751886 0.747009 0 0 0 0.54441 0 0.827624 0.730924 0 0 0 0.854418
0 0 0 0.607617 0 0 0.59655 0 0.839132 0 0 0 0 0 0 0 0 0 0.817387 0 0 0 0.820231 0 0 0.81879 0 0.602261 0 0 0 0 0 0 0.687819 0 0 0 0 0 0.672674 0 0 0 0 0 0 0.826196 0 0 0 0 0 0 0 0 0 0.837316 0 0 0 0.782131 0 0 0 0 0 0 0.720186 0.656364 0 0 0 0.73938 0 0.720116 0 0 0 0.753261 0 0.555977 0 0.559636 0 0 0 0 0 0 0 0.706666 0 0 0 0 0 0 0.64377 0
0 0 0.623287 0 0 0 0 0 0.820652 0 0.609568 0 0 0 0.808862 0 0 0.789632 0.774587 0.543193 0 0.829586 0 0 0 0 0 0 0 0 0 0 0 0 0.821254 0 0 0 0 0 0.677861 0.626209 0 0.600667 0 0 0 0 0.85331 0 0.872794 0.816513 0 0 0.841826 0 0.61597 0 0.811996 0 0 0 0 0.704765 0 0 0 0 0 0 0 0 0 0 0 0 0 0 0.88137 0 0 0.749991 0 0 0 0 0 0 0 0 0 0 0 0.541912 0 0 0 0.509757 0 0.793253
0 0.888415 0 0.627037 0.75437 0 0 0 0 0 0 0 0 0 0 0 0 0 0 0 0 0 0 0 0 0 0 0 0 0.651131 0 0 0.670628 0 0 0.511863 0 0 0 0 0 0 0.721931 0.648108 0 0 0 0 0.776736 0 0 0 0 0 0 0 0 0 0 0.575963 0 0.622855 0 0 0 0 0.626914 0 0.585922 0.685293 0.638513 0.657086 0 0.819013 0 0 0 0.88137 0 0.833459 0 0.772064 0 0 0 0 0 0 0 0 0 0.722963 0 0 0 0 0 0 0 0
0 0 0 0 0.696877 0 0 0 0 0 0 0 0 0 0 0 0 0 0 0.801587 0 0 0 0 0 0 0.594074 0 0.534827 0.794294 0 0 0 0 0 0 0 0 0.783121 0.833272 0 0 0.62728 0.809582 0 0 0 0 0 0.652293 0.853922 0 0 0 0 0.838253 0.875798 0 0.8808 0.838282 0 0 0.613365 0 0 0 0 0.732384 0 0.78186 0 0 0 0 0 0 0.753261 0 0.833459 0 0.701639 0 0 0 0 0 0 0 0 0.783235 0.615047 0 0 0.604386 0 0 0 0 0 0
0 0 0 0 0 0 0 0 0.77208 0 0.764741 0 0 0 0 0.772518 0 0.813724 0 0.644846 0 0.597638 0.72607 0 0 0 0.626163 0 0 0.794699 0 0 0 0.630974 0 0 0.67278 0 0 0 0 0 0 0 0 0 0 0 0 0 0 0 0 0 0 0 0 0 0 0 0 0.850194 0 0 0 0 0 0 0 0 0 0.811255 0 0.737382 0 0 0 0 0 0.701639 0 0 0.901142 0 0.672007 0 0 0 0 0 0.698546 0 0.757429 0 0 0 0.814034 0 0 0.752025
0 0 0 0 0 0 0 0.822883 0.669217 0 0 0 0 0 0 0.713002 0 0 0 0 0 0.787895 0.822243 0 0 0 0 0 0 0 0.59114 0 0 0 0 0 0 0.634093 0 0 0 0 0 0 0 0 0.60594 0.59825 0 0.729412 0 0.90176 0.88606 0 0 0 0.833733 0 0 0 0.698493 0 0 0 0 0 0 0 0 0 0 0 0 0 0 0 0.555977 0.749991 0.772064 0 0 0 0 0 0 0 0 0.750532 0.617367 0 0.709615 0 0 0.619514 0.673399 0 0 0 0 0
0 0 0 0 0 0 0 0 0 0 0 0.807999 0 0.667341 0 0 0 0 0 0.74837 0 0.786637 0 0 0 0 0 0 0 0 0 0 0 0 0 0 0.598343 0 0.704117 0 0 0 0 0 0 0 0 0 0 0 0 0 0 0.795195 0 0.819881 0.890124 0 0 0 0 0 0 0 0 0 0.623214 0 0 0 0 0 0 0 0 0 0 0 0 0 0.901142 0 0 0 0 0 0 0.66046 0 0 0.824857 0 0 0 0 0 0 0 0 0
0 0.77227 0.603682 0 0 0 0 0 0 0 0.633199 0 0 0 0 0 0.74987 0 0 0 0.729888 0 0 0 0 0 0 0 0 0 0 0 0 0 0 0 0 0 0 0 0 0.822968 0 0.739215 0 0 0 0 0 0 0.640844 0 0 0 0 0 0 0 0.806806 0 0 0.699866 0 0 0.663335 0.834638 0.8956 0 0.646182 0.67981 0 0 0 0 0 0 0.559636 0 0 0 0 0 0 0 0 0 0 0.764528 0 0 0.805179 0 0 0 0 0.639217 0 0 0 0
0 0 0 0 0 0 0 0 0 0.827132 0 0 0 0.876606 0 0 0 0.784117 0 0 0 0 0 0 0 0 0 0 0 0.576231 0 0 0 0 0 0 0 0 0 0 0 0.836986 0.816277 0.677837 0 0.789697 0 0 0.700216 0 0 0 0 0 0 0 0 0 0 0.584731 0 0 0 0 0.627287 0 0 0 0 0 0.610641 0.67167 0 0 0 0.729918 0 0 0 0 0.672007 0 0 0 0 0 0 0 0 0 0 0 0 0 0 0 0 0 0 0
0.767194 0.783198 0.84751 0.910266 0 0 0 0 0 0 0.699204 0 0.695672 0.828183 0.629752 0 0 0 0 0.665379 0 0.636341 0.891953 0 0 0.727929 0 0 0 0 0.741908 0 0 0 0.780733 0 0 0 0.803543 0 0 0.87447 0 0 0 0 0 0 0 0 0 0.82781 0 0.720302 0 0 0.835155 0 0 0.895265 0 0 0 0 0 0 0.684432 0.756668 0 0 0.798898 0 0 0 0.729321 0 0 0 0 0 0 0 0 0 0 0 0 0 0 0 0 0 0.760485 0 0 0 0 0 0 0
0 0 0 0 0 0 0.791433 0 0 0 0 0 0 0 0.734786 0 0 0 0 0 0.594926 0 0 0 0 0 0 0.741079 0 0 0.622249 0 0 0 0.941103 0 0 0 0 0 0 0 0 0.882003 0 0 0 0 0 0 0 0.57888 0 0 0 0.702091 0.856023 0 0 0 0 0 0 0.750275 0 0 0 0 0 0 0 0 0 0 0 0.828301 0 0 0 0 0 0 0 0 0 0 0 0.715331 0 0 0 0 0.63294 0 0 0 0 0 0 0
0.661929 0 0 0.57787 0 0.884118 0 0 0 0 0 0 0 0 0 0 0.621229 0 0 0 0 0 0 0 0 0 0 0.771197 0 0.855343 0 0.875666 0 0.710627 0.780137 0 0 0 0 0.800149 0.682455 0.610374 0 0 0.594696 0 0 0 0 0.673369 0 0 0 0 0 0 0 0 0 0 0.902335 0.717429 0 0 0.48447 0 0 0 0 0 0 0 0.700417 0 0.807165 0.751886 0 0 0 0 0 0.750532 0.66046 0.764528 0 0 0.715331 0 0 0 0 0 0 0 0 0 0 0 0 0
0 0.846049 0 0 0 0 0 0.68671 0.911833 0 0 0.735574 0 0 0 0 0 0 0.570741 0 0 0.737825 0 0.642983 0 0.735713 0 0 0 0 0 0.786548 0 0 0 0.625778 0.683796 0 0.57209 0.824287 0 0 0 0 0 0.830871 0.811353 0 0 0 0 0 0 0 0 0 0 0 0 0 0 0 0 0 0 0 0 0 0 0 0 0 0.777303 0 0 0.747009 0 0 0 0 0 0.617367 0 0 0 0 0 0 0 0 0 0 0 0 0.905281 0 0 0.918162 0 0
0 0 0 0 0 0 0 0 0 0 0.867025 0.770379 0.736691 0 0 0 0 0.857971 0 0.740936 0 0 0 0 0 0.569878 0 0 0 0 0 0 0 0 0.572599 0 0 0 0 0 0.709582 0.866857 0 0.635902 0 0 0 0 0.775708 0 0 0 0 0 0.840867 0.598115 0 0.843279 0 0 0 0 0 0 0 0.773356 0 0.759062 0 0.702021 0.81451 0.598875 0 0 0 0 0 0 0 0.783235 0 0 0 0 0 0 0 0 0 0 0.737483 0 0 0 0 0 0 0 0 0
0.725271 0.604749 0 0 0 0 0 0 0 0 0 0 0.62999 0.761926 0.678257 0 0.652093 0 0.680925 0 0 0.729424 0 0 0 0 0 0 0 0 0 0 0 0 0.85794 0 0 0.785208 0 0 0 0 0.632306 0 0 0 0 0.672071 0 0 0 0 0 0 0 0 0 0 0 0 0 0.74777 0.803581 0 0 0.799623 0.674546 0 0 0.553031 0 0.851919 0 0 0 0 0 0 0 0.615047 0.698546 0.709615 0.824857 0.805179 0 0 0 0 0 0.737483 0 0.626261 0 0.674997 0 0 0 0 0 0
0 0 0 0 0 0 0 0 0 0.81221 0 0 0 0 0.679251 0.890896 0 0.892613 0 0 0 0 0 0 0 0 0 0 0 0.643773 0.872009 0 0 0 0 0 0 0 0 0 0 0 0 0 0.731936 0 0.618835 0.726168 0.812213 0 0 0 0 0 0 0 0 0 0.896302 0 0 0.779308 0 0 0 0 0 0 0 0.683056 0 0 0 0.800054 0.965731 0 0.706666 0 0.722963 0 0 0 0 0 0 0 0 0 0 0 0.626261 0 0 0 0 0 0 0 0 0.931868
0.84071 0 0 0 0 0 0 0.656344 0 0 0.59273 0 0 0 0.835147 0 0 0 0 0.650748 0 0 0.837028 0 0 0 0 0 0 0.773029 0 0.760252 0 0 0.653553 0.607997 0.70213 0 0 0 0.850849 0 0 0 0 0 0 0 0 0.713539 0.698903 0 0 0.706273 0.601692 0.896131 0 0 0 0 0.810382 0 0 0 0.889216 0.578748 0 0 0 0 0 0 0 0.808302 0 0.54441 0 0 0 0 0.757429 0 0 0 0 0.760485 0.63294 0 0 0 0 0 0 0 0 0 0.770779 0 0.634635 0
0 0 0 0 0.864631 0 0 0 0 0 0 0 0 0 0 0 0 0 0 0 0 0 0.56348 0 0 0 0.762222 0.822349 0 0 0 0.80375 0 0 0 0 0 0 0 0.658021 0.823077 0 0.840241 0 0.74396 0 0 0.764034 0 0 0.737136 0 0.620175 0 0.702451 0 0 0 0 0 0 0.637556 0.699245 0 0 0.840964 0 0 0 0 0 0.604593 0 0 0.701544 0 0 0.541912 0 0.604386 0 0.619514 0 0 0 0 0 0 0 0 0.674997 0 0 0 0 0 0.634028 0 0.842901 0
0 0 0.78563 0 0 0 0 0 0 0.700143 0 0 0 0 0 0 0 0 0 0 0.85336 0 0 0 0.814199 0 0 0 0.586056 0.674741 0 0 0 0 0.589879 0 0 0 0 0.674543 0 0 0.570527 0.844287 0 0 0 0 0.856274 0 0 0 0 0 0 0.620743 0 0 0 0.745479 0 0 0 0 0 0.833004 0 0 0 0 0 0 0 0.751406 0 0.827624 0 0 0 0 0 0.673399 0 0 0 0 0 0 0.905281 0 0 0 0 0 0 0 0 0 0 0.806301
0 0.721888 0.862079 0 0 0 0 0.756291 0 0 0 0 0.789038 0 0 0 0 0 0 0 0 0 0 0 0 0.880277 0.55177 0 0 0 0 0 0 0 0.632575 0 0 0 0 0 0 0 0 0.62279 0.689278 0 0 0 0.887288 0 0 0 0 0 0 0.775668 0 0 0 0 0 0.69059 0 0 0 0.755038 0 0 0 0 0 0 0.577056 0 0 0.730924 0 0 0 0 0 0 0 0.639217 0 0 0 0 0 0 0 0 0 0 0 0 0 0.738002 0.607276 0
0 0.871901 0.848089 0 0 0 0 0 0 0 0 0 0 0 0 0 0 0 0.568539 0 0 0 0 0 0 0.760544 0 0 0 0 0 0.852835 0 0 0 0.632091 0 0.791551 0 0 0 0 0 0 0 0.587652 0 0 0 0 0 0 0.622476 0 0.799332 0 0 0 0 0 0 0 0.872319 0 0 0 0.810381 0 0 0 0 0 0.794052 0 0 0 0 0 0 0 0.814034 0 0 0 0 0 0 0 0 0 0 0 0.770779 0.634028 0 0 0 0.73998 0 0
0 0 0.918523 0 0 0 0.820368 0 0.653003 0 0 0 0 0 0.730694 0 0 0 0 0 0 0 0 0 0 0 0 0 0 0 0.813821 0 0 0 0 0 0.634101 0 0 0 0.678195 0 0 0 0 0 0 0.876918 0 0 0 0.909852 0 0 0 0 0 0 0 0 0 0.79263 0 0 0 0 0 0 0 0 0 0 0 0 0.67522 0 0 0.509757 0 0 0 0 0 0 0 0 0 0 0.918162 0 0 0 0 0 0 0.738002 0.73998 0 0.808412 0
0 0 0 0 0 0 0.580897 0 0 0 0 0 0.853771 0 0 0 0 0 0.708168 0.707716 0 0 0 0 0.755196 0 0 0 0.662415 0 0 0 0.791932 0 0 0 0 0 0 0 0 0 0 0 0 0 0 0 0 0 0 0 0 0 0 0 0 0 0.585858 0.960977 0 0.701822 0 0.709406 0.8111 0 0 0 0 0 0 0 0 0 0 0 0.64377 0 0 0 0 0 0 0 0 0 0 0 0 0 0 0 0.634635 0.842901 0 0.607276 0 0.808412 0 0
0 0 0 0 0 0 0 0 0 0 0 0.686144 0 0 0 0.601305 0 0 0 0 0 0.784588 0 0.837482 0 0 0 0 0 0.851214 0.844789 0 0 0 0 0 0 0.776213 0 0 0 0 0 0 0 0 0 0 0 0.633461 0 0 0 0 0.634523 0 0.774115 0 0 0 0 0 0 0.779469 0 0 0 0 0.597009 0 0 0.748947 0 0 0.624034 0.854418 0 0.793253 0 0 0.752025 0 0 0 0 0 0 0 0 0 0 0.931868 0 0 0.806301 0 0 0 0 0
