100
0 0 0.787202 0 0 0 0 0 0 0 0 0.648978 0.605533 0 0 0.745159 0 0.609782 0 0.642622 0.749504 0 0 0.605888 0.696478 0 0.625265 0 0 0.808394 0 0 0 0.671984 0 0.654992 0 0.662488 0 0 0 0 0 0 0 0 0 0 0 0.801091 0.865938 0 0 0.66207 0 0 0 0.656431 0.597333 0 0 0 0.807453 0.844545 0 0 0 0.682316 0 0 0 0 0 0.58458 0 0.778662 0.81803 0.612677 0 0.62078 0.625384 0.657602 0.725637 0.779408 0 0 0.748548 0.721252 0 0 0.740384 0 0 0 0 0 0 0.732377 0 0
0 0 0.683105 0.755505 0 0 0.578363 0 0 0 0 0 0 0 0 0 0.623044 0 0 0.609156 0 0 0.584102 0 0 0 0.690136 0 0 0.891016 0 0 0.706319 0 0 0 0.874864 0.660174 0 0 0 0.588984 0 0 0 0 0 0 0.845694 0.63186 0.780844 0 0.651953 0.798563 0 0 0 0.668453 0 0 0 0 0 0 0.58224 0.675388 0 0.808076 0.590724 0.876256 0 0.770519 0 0.620101 0 0 0 0 0 0.710252 0.57871 0 0 0.700872 0 0 0 0 0 0 0.7016 0 0 0 0 0.697273 0 0 0 0
0.787202 0.683105 0 0 0 0.597754 0.580864 0 0.727706 0.65753 0.776677 0.770013 0 0 0 0 0.720596 0.780709 0 0 0 0.773498 0 0.790264 0 0 0.602855 0 0 0.763315 0 0.648918 0 0 0 0.74244 0 0 0.57641 0.596937 0 0 0 0 0 0 0 0 0.775257 0.741986 0 0 0.872403 0.763745 0.696621 0 0 0 0 0 0 0 0 0 0 0 0 0.845699 0 0 0 0 0.66965 0 0 0.782954 0 0.589309 0 0 0 0 0 0.614782 0 0.858118 0 0 0 0 0 0.631577 0 0 0.800247 0.780258 0.851135 0.89205 0 0.77745
0 0.755505 0 0 0 0 0 0.632792 0 0 0 0 0 0.782207 0.837064 0.738965 0 0.799848 0 0 0.757734 0 0.705307 0 0.888717 0 0.79326 0.625947 0 0.666034 0.690139 0 0 0 0 0 0 0 0 0 0 0.806505 0 0 0 0 0 0.766896 0 0 0.733482 0 0.823451 0 0 0.716415 0 0 0.732964 0 0 0 0 0 0.855415 0.751066 0.818293 0 0.720838 0 0 0 0.616329 0 0 0 0.619136 0.614438 0 0 0.784536 0 0 0 0.804487 0.834804 0 0 0 0 0 0.831731 0 0 0 0 0.674123 0 0.698235 0
0 0 0 0 0 0.748736 0 0 0 0 0 0 0 0.603045 0 0 0.817829 0.735486 0 0 0 0 0 0.875665 0 0 0 0 0 0 0 0 0 0.648127 0.597088 0 0 0.748585 0 0.620377 0.882801 0 0 0 0 0 0 0.602783 0 0 0.832721 0 0.616282 0.629927 0.614333 0 0 0.734274 0 0 0 0.586882 0 0 0 0 0.698729 0 0 0.605594 0 0 0 0 0 0.855081 0 0 0 0.681799 0 0 0 0 0 0 0 0 0 0.805385 0 0 0 0.840455 0 0 0.80464 0.702007 0 0
0 0 0.597754 0 0.748736 0 0 0 0 0.725251 0 0 0.671167 0 0 0 0 0.788521 0.59556 0 0.582621 0 0.880682 0 0 0 0 0.729179 0.702649 0 0 0 0 0.624019 0 0.620417 0.825734 0.678742 0 0.829235 0 0 0 0.723641 0 0 0 0 0 0.881002 0 0 0.681862 0 0.810871 0.874794 0 0.840828 0 0.773978 0 0.756811 0 0 0.757107 0 0 0 0.874971 0 0 0 0 0.720361 0 0.666818 0 0 0 0 0 0 0 0 0 0 0.703206 0.842245 0 0 0 0 0 0 0 0 0 0 0 0
0 0.578363 0.580864 0 0 0 0 0 0 0 0 0.772591 0 0 0.756527 0 0 0 0 0.811674 0.791151 0 0.774624 0.858206 0 0 0.648767 0 0.814361 0 0 0 0.828412 0 0 0 0.611846 0 0 0 0 0 0 0.821995 0 0.817906 0 0 0.73381 0 0.87496 0 0 0 0 0 0.826278 0.661786 0.862487 0 0 0 0 0 0 0 0 0 0 0.799586 0 0.841712 0.726271 0 0 0 0 0 0 0 0 0.762861 0.605014 0 0.628878 0 0.759514 0 0 0.806897 0 0 0 0 0 0 0 0.837476 0.600239 0
0 0 0 0.632792 0 0 0 0 0.762255 0 0.618075 0 0 0.843212 0 0.799669 0.853002 0 0.591449 0.79762 0 0 0 0.582613 0 0.879535 0 0.779307 0.734084 0.60587 0 0 0 0 0.699502 0 0.792329 0 0 0 0 0 0.795432 0 0 0 0 0 0 0.687611 0 0.729643 0 0.760323 0 0.662219 0.655765 0 0 0 0 0 0.601844 0 0 0 0.829866 0.735311 0.817986 0 0 0.852202 0.644111 0 0 0 0.702764 0.620519 0.639229 0 0 0.809258 0 0 0.588156 0.882694 0 0 0 0 0.671158 0 0.639237 0 0.727585 0.841904 0 0.748504 0 0
0 0 0.727706 0 0 0 0 0.762255 0 0 0.752706 0.864494 0 0 0 0 0 0 0 0.799165 0 0 0 0 0 0 0 0 0 0 0 0 0 0.800725 0 0 0 0 0 0 0 0 0.663568 0 0.891321 0.635921 0 0 0 0 0 0 0 0 0 0.732322 0.61841 0 0 0 0 0 0 0.621973 0 0.713507 0 0 0.75262 0 0 0 0 0 0 0 0.846117 0.823558 0 0 0.780226 0.748099 0 0.608572 0 0 0 0 0.816956 0 0 0.827497 0 0 0.671615 0 0.803056 0.613866 0 0
0 0 0.65753 0 0 0.725251 0 0 0 0 0.780483 0 0.743352 0.621214 0 0 0 0.691307 0 0 0 0 0 0.732866 0 0.869613 0 0 0 0 0 0.765561 0 0.880549 0 0 0 0.726474 0 0.708916 0 0 0.676717 0 0.686479 0 0 0 0 0 0 0 0 0 0.789241 0 0 0 0 0.821159 0 0.727366 0 0.672549 0.884662 0 0.74301 0 0 0 0 0.829215 0.851742 0 0.656655 0.763453 0 0.874348 0 0 0 0 0.818589 0 0 0 0 0 0 0 0 0 0.820699 0 0.687443 0 0 0 0 0.820542
0 0 0.776677 0 0 0 0 0.618075 0.752706 0.780483 0 0.808283 0.772444 0.692512 0 0 0 0 0 0 0 0.875666 0 0 0 0 0 0.844151 0.582956 0 0 0 0 0 0 0.575957 0 0 0 0 0 0 0.819754 0.766029 0 0 0.734891 0 0 0.689942 0 0 0 0.753796 0 0 0 0 0 0 0 0 0 0 0.602363 0 0 0.667624 0 0.647609 0 0.779242 0.789559 0.78516 0 0 0 0.613029 0 0.636791 0 0 0 0.670851 0.694322 0.645922 0 0 0 0.873422 0.842582 0 0 0.636223 0.602272 0 0 0 0 0
0.648978 0 0.770013 0 0 0 0.772591 0 0.864494 0 0.808283 0 0.727981 0.860152 0 0 0 0 0.729632 0 0 0 0 0.679723 0.802649 0.678877 0 0 0 0 0 0.589871 0 0 0 0.650018 0 0 0 0.71178 0.851296 0 0 0.573402 0.80506 0 0 0 0.713154 0 0.789141 0.657885 0 0.645643 0 0 0 0 0.873211 0 0 0 0 0.656877 0 0 0 0.627392 0 0 0 0.836389 0 0 0 0 0.642953 0 0 0 0.647465 0 0.833822 0 0 0 0 0 0.763848 0.75941 0 0.870242 0 0.709243 0 0 0 0.72813 0 0.707577
0.605533 0 0 0 0 0.671167 0 0 0 0.743352 0.772444 0.727981 0 0 0 0 0.630925 0 0 0 0 0 0.875013 0.60774 0 0 0 0 0.717601 0 0 0 0 0.813394 0 0 0 0 0 0.620636 0.848962 0.635442 0 0.782412 0.82928 0 0 0 0 0.656619 0 0 0 0.742015 0.630926 0 0.818335 0 0 0 0 0 0 0 0 0 0 0.697192 0 0.627975 0.610549 0.593141 0 0 0 0 0 0 0 0.633336 0 0.579867 0 0.792854 0 0.616498 0 0.714328 0 0.711284 0.651695 0 0 0.8715 0 0.803618 0 0 0 0.686291
0 0 0 0.782207 0.603045 0 0 0.843212 0 0.621214 0.692512 0.860152 0 0 0 0.612696 0 0.831876 0 0.623161 0.74073 0 0 0 0.870717 0 0 0.57679 0 0 0.84849 0 0 0 0 0 0.775327 0.690323 0 0 0.873189 0.578942 0 0 0 0.665271 0.884588 0 0.638788 0 0 0 0.843576 0 0 0 0 0 0 0.836651 0.587751 0.886958 0 0 0 0 0.741094 0 0.815948 0.576971 0 0.756785 0.686489 0 0.829722 0.659131 0 0 0 0 0 0 0 0 0.769798 0 0 0 0 0 0.825676 0 0 0 0 0 0 0 0 0.890165
0 0 0 0.837064 0 0 0.756527 0 0 0 0 0 0 0 0 0 0 0 0 0 0 0 0.670152 0 0 0 0 0 0 0 0 0 0 0 0.775266 0 0.710794 0 0 0 0 0 0 0.782206 0.62396 0 0 0 0 0 0 0.876758 0.623991 0 0.882606 0 0 0 0.873612 0 0 0 0 0.596331 0.716014 0 0 0 0.682706 0.744779 0 0 0.881348 0 0 0 0 0 0 0 0 0 0 0 0.620259 0.604681 0 0 0.601266 0 0.685022 0.642415 0 0 0 0 0 0.688873 0 0
0.745159 0 0 0.738965 0 0 0 0.799669 0 0 0 0 0 0.612696 0 0 0 0.835255 0 0.753738 0 0 0.579878 0.870539 0 0 0.799187 0.738053 0 0 0 0.676994 0.646671 0 0.759784 0 0 0 0.690749 0 0 0.704576 0 0 0.629152 0 0 0 0 0.689665 0 0 0.795947 0 0 0 0 0 0 0 0 0.830534 0 0.720734 0.864637 0 0.752341 0.789213 0.659432 0 0.79701 0.832493 0 0.60667 0 0.645313 0 0 0 0 0 0.717358 0 0.781977 0 0 0 0 0 0 0.701138 0.854182 0 0.690764 0 0 0 0 0 0.662924
0 0.623044 0.720596 0 0.817829 0 0 0.853002 0 0 0 0 0.630925 0 0 0 0 0 0 0 0 0.662561 0 0.858679 0 0.847898 0 0 0.720648 0.731908 0 0 0.574059 0 0 0 0 0.703277 0.644191 0 0 0 0 0 0.642778 0.71213 0 0 0 0.660546 0.601535 0 0 0 0.583892 0.838816 0 0 0.617237 0.777553 0 0.885475 0 0 0 0.873631 0.839263 0.889917 0.853834 0 0.81189 0 0 0.648742 0 0.663033 0 0.823671 0 0 0 0 0 0.752063 0 0 0 0.644629 0 0 0 0 0.825632 0 0 0 0 0 0.783191 0.834903
0.609782 0 0.780709 0.799848 0.735486 0.788521 0 0 0 0.691307 0 0 0 0.831876 0 0.835255 0 0 0 0.732712 0 0.715903 0 0 0.859709 0 0 0.599946 0.764482 0 0.85946 0.698483 0 0 0.57482 0 0 0 0 0 0.832086 0.844922 0 0 0.601525 0 0.768939 0 0 0 0.687354 0 0 0 0 0.785493 0 0 0 0 0 0 0 0 0 0 0 0 0 0 0 0.80896 0.823498 0 0 0 0 0.706755 0 0 0.832925 0.828093 0.807432 0.714693 0.835856 0 0 0 0 0.860386 0 0.88713 0 0 0 0 0.659262 0 0 0
0 0 0 0 0 0.59556 0 0.591449 0 0 0 0.729632 0 0 0 0 0 0 0 0.801251 0.80808 0 0.608994 0.746185 0.78359 0 0.665607 0 0.580069 0.633541 0 0 0 0 0 0.675216 0 0 0.886203 0 0 0.68228 0 0.710883 0.594466 0 0 0.758186 0 0 0 0 0 0 0.755498 0.860728 0 0.853589 0.672953 0.793924 0.76776 0 0.838483 0.750303 0 0 0.645561 0 0.802956 0.596072 0 0 0 0 0.580097 0 0.828168 0.681037 0 0 0 0.611694 0 0 0.614212 0.586949 0.722434 0 0.58312 0 0.671069 0 0.650748 0 0 0.584951 0 0 0.752209 0.857817
0.642622 0.609156 0 0 0 0 0.811674 0.79762 0.799165 0 0 0 0 0.623161 0 0.753738 0 0.732712 0.801251 0 0 0.731817 0 0 0 0.738187 0 0.603208 0 0 0 0 0.63171 0.812663 0.805998 0 0.652153 0 0.684635 0 0 0 0 0 0 0.763596 0 0 0 0 0 0 0 0.779565 0 0 0 0 0 0.593773 0 0 0 0 0.653787 0 0 0.624178 0 0 0 0 0 0 0.883776 0 0.812298 0.5827 0 0 0.660288 0 0.755236 0 0 0.637236 0 0 0.582109 0 0 0 0.650042 0 0 0 0 0 0 0
0.749504 0 0 0.757734 0 0.582621 0.791151 0 0 0 0 0 0 0.74073 0 0 0 0 0.80808 0 0 0 0.717295 0 0 0 0 0 0 0 0 0 0 0 0 0 0 0 0 0.761635 0 0 0 0 0 0 0.77279 0 0 0 0 0 0 0.67185 0 0 0 0 0.731394 0.635445 0 0.834853 0 0.880111 0 0 0 0 0 0 0.695817 0 0.719177 0 0.869401 0 0.588929 0.816592 0 0 0 0 0 0.729373 0 0 0.613202 0 0 0 0 0 0 0 0 0.680135 0 0 0 0
0 0 0.773498 0 0 0 0 0 0 0 0.875666 0 0 0 0 0 0.662561 0.715903 0 0.731817 0 0 0.784044 0.687441 0 0 0.577544 0 0.749255 0 0 0 0.720194 0.760562 0 0 0.836065 0 0.787616 0 0 0.653343 0.683859 0 0 0.816405 0 0 0.736875 0 0 0.848704 0 0 0.613315 0 0 0.778049 0 0.864359 0 0 0.769361 0 0.817681 0 0 0 0.810719 0 0 0.843351 0.865168 0 0 0 0 0 0 0.834456 0.623095 0.746669 0.78007 0 0 0.669042 0 0 0 0 0.739424 0 0 0.864072 0 0 0 0 0 0
0 0.584102 0 0.705307 0 0.880682 0.774624 0 0 0 0 0 0.875013 0 0.670152 0.579878 0 0 0.608994 0 0.717295 0.784044 0 0 0 0 0 0 0 0.584008 0 0.853975 0 0.706882 0.625109 0.678569 0 0.820146 0.780859 0.588579 0 0.828945 0.743901 0 0 0 0.717858 0 0 0.766495 0 0 0 0 0 0 0 0 0.655993 0 0 0 0.799544 0.606629 0 0 0.577319 0 0.779466 0 0 0 0.707509 0 0 0 0 0 0 0 0.697575 0.807843 0 0 0 0 0 0.875478 0 0 0.579494 0 0.850838 0.590439 0.631524 0 0 0 0 0.680162
0.605888 0 0.790264 0 0.875665 0 0.858206 0.582613 0 0.732866 0 0.679723 0.60774 0 0 0.870539 0.858679 0 0.746185 0 0 0.687441 0 0 0 0 0 0 0 0 0 0 0 0.82381 0 0 0 0.849866 0.787871 0 0.760505 0 0 0 0 0 0.68496 0 0 0 0 0 0.761355 0 0.592092 0 0 0 0.575532 0 0 0.821163 0 0 0 0.777552 0 0 0.796468 0 0 0 0 0 0 0.597448 0 0.615736 0 0.617495 0 0 0.642328 0 0 0 0.612875 0 0.651746 0 0 0 0 0 0 0.613864 0 0 0 0.832536
0.696478 0 0 0.888717 0 0 0 0 0 0 0 0.802649 0 0.870717 0 0 0 0.859709 0.78359 0 0 0 0 0 0 0 0.786139 0.699061 0.596866 0 0 0.716784 0 0 0 0 0 0 0 0.685549 0.839154 0 0.84696 0.64839 0.622976 0 0 0 0.6333 0 0 0.761426 0 0 0 0 0 0.739083 0 0.614729 0 0 0.693623 0 0 0.839621 0 0 0 0 0 0 0 0.661706 0.777732 0 0 0.793186 0.843944 0 0.705586 0.682746 0 0 0.649195 0.648343 0 0 0 0 0 0 0 0.819032 0.874668 0.637995 0.686578 0 0.746627 0
0 0 0 0 0 0 0 0.879535 0 0.869613 0 0.678877 0 0 0 0 0.847898 0 0 0.738187 0 0 0 0 0 0 0 0 0.632025 0.731829 0 0 0 0 0 0.652757 0.784916 0 0.736436 0 0 0 0.684817 0 0.816724 0 0 0.773676 0 0 0.631841 0 0 0 0 0.871313 0 0.821132 0 0.815768 0.736313 0 0.849762 0.791824 0 0 0.804578 0.668844 0 0.641631 0 0.755792 0.863005 0 0 0.836393 0 0 0 0.602904 0 0 0.825845 0 0 0.763991 0 0.699961 0.707637 0.628103 0.622584 0 0 0 0 0 0.716055 0.653631 0 0
0.625265 0.690136 0.602855 0.79326 0 0 0.648767 0 0 0 0 0 0 0 0 0.799187 0 0 0.665607 0 0 0.577544 0 0 0.786139 0 0 0 0.609178 0.654818 0 0 0.759974 0 0.819277 0.841007 0.818053 0 0 0 0 0 0.820679 0.808154 0 0 0.745335 0.62664 0.805874 0.760804 0 0 0 0 0 0 0.624384 0.756265 0 0 0.811921 0 0.654428 0.825869 0.58925 0 0 0 0.653169 0 0 0 0 0.780718 0 0.651966 0 0.878694 0.832649 0 0.671687 0 0 0 0 0 0 0 0 0 0.79516 0 0 0.720639 0 0.576304 0 0 0 0
0 0 0 0.625947 0 0.729179 0 0.779307 0 0 0.844151 0 0 0.57679 0 0.738053 0 0.599946 0 0.603208 0 0 0 0 0.699061 0 0 0 0 0.666068 0.73305 0.601293 0 0.809524 0.83645 0.742229 0.778918 0.841053 0 0 0.629847 0 0 0 0 0.74032 0 0 0 0.586697 0.596347 0 0.85839 0 0 0 0 0.87224 0 0 0 0.581731 0 0.669369 0.70332 0 0 0 0 0 0 0.633872 0 0 0.581467 0 0.629632 0 0 0 0 0 0.673156 0 0 0 0.749336 0.742443 0.791734 0 0 0 0 0.856528 0 0 0.628114 0 0 0
0 0 0 0 0 0.702649 0.814361 0.734084 0 0 0.582956 0 0.717601 0 0 0 0.720648 0.764482 0.580069 0 0 0.749255 0 0 0.596866 0.632025 0.609178 0 0 0.871513 0 0 0 0 0 0 0 0 0 0 0 0 0 0 0 0.715697 0 0 0.602456 0.716387 0 0 0 0 0.720928 0.660993 0.702186 0.655868 0 0.812001 0 0 0.759428 0.660097 0 0.620483 0.812572 0 0.8157 0 0.610264 0 0.802303 0 0 0 0.88431 0 0.839976 0.594186 0.762292 0.783755 0 0 0 0 0 0 0 0 0.850995 0.682185 0 0 0.631396 0 0 0 0.72348 0
0.808394 0.891016 0.763315 0.666034 0 0 0 0.60587 0 0 0 0 0 0 0 0 0.731908 0 0.633541 0 0 0 0.584008 0 0 0.731829 0.654818 0.666068 0.871513 0 0 0 0.749618 0 0.713435 0 0 0.652136 0 0.605067 0 0.824146 0 0.821863 0.788943 0 0.713461 0 0 0 0 0.750104 0.620638 0 0.663357 0 0 0 0.632073 0 0.606057 0.731687 0 0.636846 0 0 0 0.773858 0 0 0 0.725506 0 0 0 0.607432 0 0 0.674151 0.732067 0.771816 0 0 0 0 0 0 0.836285 0 0 0 0.658394 0.763278 0 0 0 0 0 0 0.858905
0 0 0 0.690139 0 0 0 0 0 0 0 0 0 0.84849 0 0 0 0.85946 0 0 0 0 0 0 0 0 0 0.73305 0 0 0 0 0 0 0.73802 0 0 0.845905 0 0 0 0 0.787072 0 0 0 0.769269 0 0 0 0 0.618371 0 0.832139 0.854383 0 0.883088 0 0 0 0.642129 0 0 0.741957 0.592306 0 0 0 0 0 0.882127 0 0 0.664956 0 0 0.706223 0 0 0 0.580338 0.575952 0 0 0 0 0 0 0.611205 0 0.666564 0.872162 0 0 0 0 0 0.756171 0 0.805744
0 0 0.648918 0 0 0 0 0 0 0.765561 0 0.589871 0 0 0 0.676994 0 0.698483 0 0 0 0 0.853975 0 0.716784 0 0 0.601293 0 0 0 0 0 0 0.811044 0.779675 0 0.585358 0 0.829142 0 0 0 0.603535 0 0.698083 0 0 0 0 0.759136 0.594578 0 0 0 0 0 0.866457 0.575306 0 0 0 0.860134 0 0 0 0.771305 0.663851 0 0.850595 0.832463 0 0.668534 0 0 0 0 0 0 0.798189 0.834119 0 0 0 0 0 0.793929 0.882942 0.747512 0 0 0 0.752023 0.865053 0 0.841693 0.824444 0 0 0
0 0.706319 0 0 0 0 0.828412 0 0 0 0 0 0 0 0 0.646671 0.574059 0 0 0.63171 0 0.720194 0 0 0 0 0.759974 0 0 0.749618 0 0 0 0 0 0.881548 0 0.82497 0 0 0 0.734163 0 0 0 0.633063 0 0 0 0 0.630912 0.792247 0 0 0 0 0.618058 0 0 0 0 0.689209 0.803441 0 0 0 0 0 0 0 0.608834 0 0 0 0 0.816411 0 0 0 0 0 0 0 0.681371 0 0 0 0.890881 0 0 0.747764 0.836993 0 0 0.610172 0 0 0 0.744249 0
0.671984 0 0 0 0.648127 0.624019 0 0 0.800725 0.880549 0 0 0.813394 0 0 0 0 0 0 0.812663 0 0.760562 0.706882 0.82381 0 0 0 0.809524 0 0 0 0 0 0 0 0 0 0 0 0 0 0 0 0 0 0.601535 0 0 0 0 0.585708 0 0 0.832607 0.733579 0 0 0 0 0.592405 0 0.78668 0 0 0 0 0.864215 0.680902 0.743705 0 0.742611 0 0 0 0.78451 0 0.632316 0 0 0 0.622852 0.753235 0 0 0 0 0 0 0 0 0.652708 0 0 0 0.667234 0 0 0.591538 0 0.667011
0 0 0 0 0.597088 0 0 0.699502 0 0 0 0 0 0 0.775266 0.759784 0 0.57482 0 0.805998 0 0 0.625109 0 0 0 0.819277 0.83645 0 0.713435 0.73802 0.811044 0 0 0 0 0 0 0 0 0 0.606119 0 0 0 0 0 0 0.774646 0.646431 0 0.82173 0 0.679437 0.802098 0 0 0.612863 0 0 0 0.745104 0 0.664744 0 0.732835 0 0 0 0 0 0 0 0 0 0.585737 0.714441 0.834341 0 0 0 0.724607 0.809811 0 0 0.741496 0.88846 0 0 0.58469 0.859096 0.60632 0.650289 0 0.579464 0.589247 0 0 0 0.630375
0.654992 0 0.74244 0 0 0.620417 0 0 0 0 0.575957 0.650018 0 0 0 0 0 0 0.675216 0 0 0 0.678569 0 0 0.652757 0.841007 0.742229 0 0 0 0.779675 0.881548 0 0 0 0 0 0 0 0 0 0.769999 0.790134 0.801287 0 0 0 0 0.808012 0 0 0 0 0 0.666891 0 0.712968 0 0 0.733838 0 0 0 0 0 0 0 0 0 0 0 0 0.659958 0 0 0.696042 0 0.578531 0 0 0 0 0.724535 0 0 0 0 0.59988 0 0 0.817953 0 0.839192 0 0 0.647435 0.664432 0 0
0 0.874864 0 0 0 0.825734 0.611846 0.792329 0 0 0 0 0 0.775327 0.710794 0 0 0 0 0.652153 0 0.836065 0 0 0 0.784916 0.818053 0.778918 0 0 0 0 0 0 0 0 0 0 0 0 0 0.81485 0.588982 0 0 0 0 0 0.718807 0 0 0 0.665658 0 0.612351 0.627929 0 0 0 0 0.654528 0 0 0 0 0 0.65572 0.624303 0.668217 0 0 0.871208 0.82664 0 0 0 0 0 0.885578 0 0.745046 0 0 0 0 0.640166 0.617164 0 0.742924 0.869261 0 0 0.720419 0 0 0 0 0.613738 0 0
0.662488 0.660174 0 0 0.748585 0.678742 0 0 0 0.726474 0 0 0 0.690323 0 0 0.703277 0 0 0 0 0 0.820146 0.849866 0 0 0 0.841053 0 0.652136 0.845905 0.585358 0.82497 0 0 0 0 0 0 0.795793 0 0.838703 0 0 0 0 0 0 0 0 0 0 0 0 0 0 0.806512 0 0.592457 0 0 0 0.585092 0.618037 0 0 0.843787 0.825457 0 0 0.769423 0 0.634386 0.758115 0 0 0.612242 0 0 0 0 0.627143 0.751744 0 0 0 0 0 0 0 0.755994 0 0 0 0.883083 0.808447 0.781183 0 0 0
0 0 0.57641 0 0 0 0 0 0 0 0 0 0 0 0 0.690749 0.644191 0 0.886203 0.684635 0 0.787616 0.780859 0.787871 0 0.736436 0 0 0 0 0 0 0 0 0 0 0 0 0 0.65347 0.863141 0 0.881897 0.762364 0.639014 0 0 0.685661 0 0.642951 0 0.640119 0.829788 0.726431 0.779889 0.871775 0.800066 0 0.58696 0 0 0.885257 0 0.879945 0 0 0 0 0.86949 0.759489 0 0 0 0.841932 0 0 0.720967 0 0 0.82665 0.72959 0 0 0.596707 0.57726 0.809225 0 0 0.577032 0 0 0 0 0 0.697855 0 0 0 0 0
0 0 0.596937 0 0.620377 0.829235 0 0 0 0.708916 0 0.71178 0.620636 0 0 0 0 0 0 0 0.761635 0 0.588579 0 0.685549 0 0 0 0 0.605067 0 0.829142 0 0 0 0 0 0.795793 0.65347 0 0.755169 0.638927 0 0.717404 0.735421 0 0 0 0 0.673277 0.876383 0 0 0 0 0.76294 0.594076 0.751186 0.652115 0 0 0 0 0.769138 0 0.710608 0 0 0.820102 0.64031 0.872645 0 0 0.717962 0 0 0 0 0 0 0.803372 0 0 0 0 0 0 0.781022 0.8474 0 0 0 0 0.68665 0.599085 0 0 0.761859 0.599514 0
0 0 0 0 0.882801 0 0 0 0 0 0 0.851296 0.848962 0.873189 0 0 0 0.832086 0 0 0 0 0 0.760505 0.839154 0 0 0.629847 0 0 0 0 0 0 0 0 0 0 0.863141 0.755169 0 0.689824 0.740179 0 0 0 0 0.790545 0 0.599641 0 0.676992 0 0 0.703428 0 0 0 0 0.774202 0 0 0.854276 0.795031 0 0.86622 0.611553 0 0 0 0 0.67049 0.744094 0 0.779878 0 0.634862 0.625637 0.876231 0 0.702039 0 0 0 0.863576 0 0 0.664944 0 0.76099 0 0 0.849945 0.857039 0 0 0 0.6762 0 0.626103
0 0.588984 0 0.806505 0 0 0 0 0 0 0 0 0.635442 0.578942 0 0.704576 0 0.844922 0.68228 0 0 0.653343 0.828945 0 0 0 0 0 0 0.824146 0 0 0.734163 0 0.606119 0 0.81485 0.838703 0 0.638927 0.689824 0 0 0 0.87969 0.747836 0.804583 0 0 0 0 0 0.649587 0 0 0.687478 0.585028 0 0.642122 0.613839 0 0 0 0.664391 0.650113 0.652928 0 0 0.747634 0 0 0 0 0 0 0.875092 0 0.631566 0 0 0 0 0 0.835915 0.812759 0.887072 0.647587 0.582089 0 0.867437 0 0.778312 0 0 0.648197 0 0 0.776889 0 0
0 0 0 0 0 0 0 0.795432 0.663568 0.676717 0.819754 0 0 0 0 0 0 0 0 0 0 0.683859 0.743901 0 0.84696 0.684817 0.820679 0 0 0 0.787072 0 0 0 0 0.769999 0.588982 0 0.881897 0 0.740179 0 0 0 0.769812 0.853304 0 0 0 0 0 0 0 0 0.846017 0.604461 0 0 0 0 0 0 0.709484 0.733562 0 0 0 0 0 0 0.724395 0 0.851402 0.619314 0 0 0.769248 0 0.728167 0.605633 0 0 0 0 0.830792 0.809469 0 0 0 0 0.637427 0 0 0 0.611936 0 0.802092 0.712994 0 0
0 0 0 0 0 0.723641 0.821995 0 0 0 0.766029 0.573402 0.782412 0 0.782206 0 0 0 0.710883 0 0 0 0 0 0.64839 0 0.808154 0 0 0.821863 0 0.603535 0 0 0 0.790134 0 0 0.762364 0.717404 0 0 0 0 0 0.586083 0 0 0.851938 0.848288 0 0.669537 0 0 0 0 0.605963 0 0 0 0.761692 0.766517 0.880439 0.796665 0 0.784499 0.74761 0.826354 0 0 0.633624 0 0.783132 0 0 0.648808 0 0.607053 0.592065 0.844527 0.734433 0.677058 0 0.793178 0.66588 0 0.853125 0 0.871479 0.620044 0 0.576177 0 0 0.758476 0 0 0.845239 0 0
0 0 0 0 0 0 0 0 0.891321 0.686479 0 0.80506 0.82928 0 0.62396 0.629152 0.642778 0.601525 0.594466 0 0 0 0 0 0.622976 0.816724 0 0 0 0.788943 0 0 0 0 0 0.801287 0 0 0.639014 0.735421 0 0.87969 0.769812 0 0 0 0 0 0 0 0 0 0.68977 0 0 0.705667 0 0 0.787621 0.770474 0.759464 0 0 0.846429 0.806628 0 0 0 0 0.763482 0.844757 0 0 0 0 0 0.697123 0 0 0.640911 0 0 0 0 0 0 0 0.588284 0.865621 0 0 0.67962 0 0.766118 0 0.703641 0 0.686777 0 0
0 0 0 0 0 0 0.817906 0 0.635921 0 0 0 0 0.665271 0 0 0.71213 0 0 0.763596 0 0.816405 0 0 0 0 0 0.74032 0.715697 0 0 0.698083 0.633063 0.601535 0 0 0 0 0 0 0 0.747836 0.853304 0.586083 0 0 0 0.875246 0 0 0 0 0 0 0 0 0.763339 0 0 0.740007 0 0 0 0.865365 0 0 0 0.814636 0 0.825805 0 0 0 0 0 0 0 0 0 0 0.71883 0.616585 0 0 0.801194 0 0.771801 0.873681 0.835919 0.801991 0 0 0 0 0 0 0 0 0 0
0 0 0 0 0 0 0 0 0 0 0.734891 0 0 0.884588 0 0 0 0.768939 0 0 0.77279 0 0.717858 0.68496 0 0 0.745335 0 0 0.713461 0.769269 0 0 0 0 0 0 0 0 0 0 0.804583 0 0 0 0 0 0.635229 0 0 0.611658 0 0 0 0.773081 0.819151 0.854399 0 0 0 0 0.711484 0 0.578665 0 0 0 0 0 0 0.848624 0 0 0 0 0.589884 0 0 0 0 0.875503 0.581712 0 0.784194 0 0.840126 0 0 0.794136 0 0 0 0 0 0 0 0.694422 0 0 0
0 0 0 0.766896 0.602783 0 0 0 0 0 0 0 0 0 0 0 0 0 0.758186 0 0 0 0 0 0 0.773676 0.62664 0 0 0 0 0 0 0 0 0 0 0 0.685661 0 0.790545 0 0 0 0 0.875246 0.635229 0 0 0 0 0 0 0 0 0 0 0 0 0 0.646952 0 0 0.580608 0 0 0 0 0 0 0 0.82337 0 0 0 0 0.867954 0 0 0 0 0.613077 0 0 0 0 0 0 0 0 0 0.685568 0.754408 0.714104 0.586078 0 0 0 0 0
0 0.845694 0.775257 0 0 0 0.73381 0 0 0 0 0.713154 0 0.638788 0 0 0 0 0 0 0 0.736875 0 0 0.6333 0 0.805874 0 0.602456 0 0 0 0 0 0.774646 0 0.718807 0 0 0 0 0 0 0.851938 0 0 0 0 0 0.885671 0 0 0 0.87474 0.76221 0.680584 0 0 0 0 0 0 0.738705 0 0.818361 0.767503 0 0 0.600337 0 0 0 0 0 0 0 0 0 0 0 0 0 0 0 0.727204 0 0.601569 0 0 0.78001 0 0 0 0 0.793066 0.88607 0 0 0.630311 0
0.801091 0.63186 0.741986 0 0 0.881002 0 0.687611 0 0 0.689942 0 0.656619 0 0 0.689665 0.660546 0 0 0 0 0 0.766495 0 0 0 0.760804 0.586697 0.716387 0 0 0 0 0 0.646431 0.808012 0 0 0.642951 0.673277 0.599641 0 0 0.848288 0 0 0 0 0.885671 0 0 0 0 0.792217 0 0.778552 0.859267 0.856958 0 0 0 0 0 0 0 0.718021 0 0 0 0.677485 0 0.737496 0 0 0.760709 0 0 0.59547 0 0.60904 0.57862 0.761756 0 0 0 0 0.60098 0.700524 0.612511 0.629339 0 0.89037 0 0 0 0 0 0.796076 0 0.592693
0.865938 0.780844 0 0.733482 0.832721 0 0.87496 0 0 0 0 0.789141 0 0 0 0 0.601535 0.687354 0 0 0 0 0 0 0 0.631841 0 0.596347 0 0 0 0.759136 0.630912 0.585708 0 0 0 0 0 0.876383 0 0 0 0 0 0 0.611658 0 0 0 0 0 0 0 0 0.573515 0 0 0.584901 0 0 0 0.719608 0 0 0.682389 0.70197 0 0 0.646374 0 0.856537 0.761054 0 0 0.712069 0 0 0 0 0 0 0 0.679986 0 0 0.67086 0 0 0 0 0 0 0 0 0 0 0 0 0.602462
0 0 0 0 0 0 0 0.729643 0 0 0 0.657885 0 0 0.876758 0 0 0 0 0 0 0.848704 0 0 0.761426 0 0 0 0 0.750104 0.618371 0.594578 0.792247 0 0.82173 0 0 0 0.640119 0 0.676992 0 0 0.669537 0 0 0 0 0 0 0 0 0.866623 0.780398 0 0 0.620713 0 0 0 0 0 0.732878 0 0 0.643431 0.794281 0.677085 0.754039 0.631899 0 0 0 0 0 0.655628 0 0 0 0 0 0.816306 0 0 0 0.82457 0.576713 0 0 0 0 0 0 0 0 0 0 0.87111 0 0
0 0.651953 0.872403 0.823451 0.616282 0.681862 0 0 0 0 0 0 0 0.843576 0.623991 0.795947 0 0 0 0 0 0 0 0.761355 0 0 0 0.85839 0 0.620638 0 0 0 0 0 0 0.665658 0 0.829788 0 0 0.649587 0 0 0.68977 0 0 0 0 0 0 0.866623 0 0 0 0.853354 0 0.846145 0 0.882056 0 0 0 0.708889 0 0 0 0.826663 0 0 0 0.836749 0 0 0 0.813737 0 0 0.736543 0.836806 0 0.879461 0 0 0 0 0.813623 0 0 0 0 0 0 0.727581 0 0.655558 0.629904 0 0 0
0.66207 0.798563 0.763745 0 0.629927 0 0 0.760323 0 0 0.753796 0.645643 0.742015 0 0 0 0 0 0 0.779565 0.67185 0 0 0 0 0 0 0 0 0 0.832139 0 0 0.832607 0.679437 0 0 0 0.726431 0 0 0 0 0 0 0 0 0 0.87474 0.792217 0 0.780398 0 0 0 0 0 0 0 0.830443 0 0 0 0.750515 0.870352 0 0 0 0 0 0.766979 0.703706 0 0.57373 0 0 0 0.877198 0 0 0.814448 0 0.771259 0 0 0.747469 0.81899 0 0 0 0 0 0 0 0 0 0.732711 0.584784 0 0
0 0 0.696621 0 0.614333 0.810871 0 0 0 0.789241 0 0 0.630926 0 0.882606 0 0.583892 0 0.755498 0 0 0.613315 0 0.592092 0 0 0 0 0.720928 0.663357 0.854383 0 0 0.733579 0.802098 0 0.612351 0 0.779889 0 0.703428 0 0.846017 0 0 0 0.773081 0 0.76221 0 0 0 0 0 0 0.756673 0.639873 0 0 0 0 0 0 0 0.820296 0 0 0 0 0.722457 0 0 0.729054 0 0 0 0 0.835312 0 0 0 0 0.686063 0.649523 0 0 0 0 0 0 0 0 0.584485 0.692278 0 0 0.820436 0 0 0.651359
0 0 0 0.716415 0 0.874794 0 0.662219 0.732322 0 0 0 0 0 0 0 0.838816 0.785493 0.860728 0 0 0 0 0 0 0.871313 0 0 0.660993 0 0 0 0 0 0 0.666891 0.627929 0 0.871775 0.76294 0 0.687478 0.604461 0 0.705667 0 0.819151 0 0.680584 0.778552 0.573515 0 0.853354 0 0.756673 0 0.675165 0 0 0 0 0.631048 0 0 0 0 0 0 0.760535 0.718151 0 0 0.723461 0 0 0 0 0 0 0 0 0 0.820855 0 0 0 0.712768 0 0 0.636137 0 0 0.889216 0 0.600559 0.835136 0.61352 0 0 0
0 0 0 0 0 0 0.826278 0.655765 0.61841 0 0 0 0.818335 0 0 0 0 0 0 0 0 0 0 0 0 0 0.624384 0 0.702186 0 0.883088 0 0.618058 0 0 0 0 0.806512 0.800066 0.594076 0 0.585028 0 0.605963 0 0.763339 0.854399 0 0 0.859267 0 0.620713 0 0 0.639873 0.675165 0 0.831559 0 0 0 0.791921 0 0.76083 0 0.872084 0.867393 0 0.823882 0 0.78082 0.842858 0 0 0 0 0.848272 0.577833 0 0.867814 0 0.763962 0.832064 0 0 0.793552 0.802462 0 0 0 0 0 0 0.77542 0.610511 0 0 0 0 0.763644
0.656431 0.668453 0 0 0.734274 0.840828 0.661786 0 0 0 0 0 0 0 0 0 0 0 0.853589 0 0 0.778049 0 0 0.739083 0.821132 0.756265 0.87224 0.655868 0 0 0.866457 0 0 0.612863 0.712968 0 0 0 0.751186 0 0 0 0 0 0 0 0 0 0.856958 0 0 0.846145 0 0 0 0.831559 0 0 0.738995 0.876114 0 0.814375 0.578194 0 0 0 0 0 0.614781 0.733365 0.626925 0 0.825452 0 0.743807 0.836323 0 0 0 0 0 0.841623 0 0 0 0 0 0 0.830772 0 0 0 0 0 0 0 0 0.728561 0
0.597333 0 0 0.732964 0 0 0.862487 0 0 0 0 0.873211 0 0 0.873612 0 0.617237 0 0.672953 0 0.731394 0 0.655993 0.575532 0 0 0 0 0 0.632073 0 0.575306 0 0 0 0 0 0.592457 0.58696 0.652115 0 0.642122 0 0 0.787621 0 0 0 0 0 0.584901 0 0 0 0 0 0 0 0 0 0.739121 0 0 0.838537 0 0 0 0 0 0.822738 0 0.606769 0 0 0 0 0.754543 0.869988 0.667374 0.865803 0 0 0 0.781841 0 0 0 0 0 0 0.802039 0 0 0 0 0 0 0 0.585102 0
0 0 0 0 0 0.773978 0 0 0 0.821159 0 0 0 0.836651 0 0 0.777553 0 0.793924 0.593773 0.635445 0.864359 0 0 0.614729 0.815768 0 0 0.812001 0 0 0 0 0.592405 0 0 0 0 0 0 0.774202 0.613839 0 0 0.770474 0.740007 0 0 0 0 0 0 0.882056 0.830443 0 0 0 0.738995 0 0 0 0 0 0.715286 0 0.580532 0 0 0 0 0.738118 0 0 0.804467 0.694389 0.826896 0 0 0.611268 0.837546 0 0 0 0 0.645448 0.84192 0 0 0.636135 0 0 0 0 0.622722 0.691534 0 0 0 0.891441 0
0 0 0 0 0 0 0 0 0 0 0 0 0 0.587751 0 0 0 0 0.76776 0 0 0 0 0 0 0.736313 0.811921 0 0 0.606057 0.642129 0 0 0 0 0.733838 0.654528 0 0 0 0 0 0 0.761692 0.759464 0 0 0.646952 0 0 0 0 0 0 0 0 0 0.876114 0.739121 0 0 0 0 0 0.677886 0 0 0 0 0.580652 0.750813 0.589333 0.758664 0 0.821479 0 0 0 0 0 0 0.745209 0 0 0 0 0 0.855256 0.628877 0 0 0 0.872055 0 0 0 0 0 0 0.834227
0 0 0 0 0.586882 0.756811 0 0 0 0.727366 0 0 0 0.886958 0 0.830534 0.885475 0 0 0 0.834853 0 0 0.821163 0 0 0 0.581731 0 0.731687 0 0 0.689209 0.78668 0.745104 0 0 0 0.885257 0 0 0 0 0.766517 0 0 0.711484 0 0 0 0 0 0 0 0 0.631048 0.791921 0 0 0 0 0 0.702757 0.74172 0 0 0 0 0.636134 0.860915 0 0.643151 0.790616 0 0 0.713522 0 0.829147 0.591172 0 0 0 0 0.689806 0.753413 0 0.784465 0.685959 0 0 0.774463 0.791489 0.732704 0.597055 0 0.62045 0 0.71411 0 0
0.807453 0 0 0 0 0 0 0.601844 0 0 0 0 0 0 0 0 0 0 0.838483 0 0 0.769361 0.799544 0 0.693623 0.849762 0.654428 0 0.759428 0 0 0.860134 0.803441 0 0 0 0 0.585092 0 0 0.854276 0 0.709484 0.880439 0 0 0 0 0.738705 0 0.719608 0.732878 0 0 0 0 0 0.814375 0 0 0 0.702757 0 0 0 0 0.634464 0 0 0.758979 0.689785 0 0.876252 0 0 0 0 0.621902 0 0 0.700604 0 0 0 0 0 0 0 0 0 0 0 0 0 0 0 0.867074 0 0 0.891513
0.844545 0 0 0 0 0 0 0 0.621973 0.672549 0 0.656877 0 0 0.596331 0.720734 0 0 0.750303 0 0.880111 0 0.606629 0 0 0.791824 0.825869 0.669369 0.660097 0.636846 0.741957 0 0 0 0.664744 0 0 0.618037 0.879945 0.769138 0.795031 0.664391 0.733562 0.796665 0.846429 0.865365 0.578665 0.580608 0 0 0 0 0.708889 0.750515 0 0 0.76083 0.578194 0.838537 0.715286 0 0.74172 0 0 0 0 0.580467 0.806633 0 0 0.879087 0.780814 0 0 0 0 0 0 0.582275 0 0 0 0 0 0 0 0.736883 0 0 0 0 0 0 0 0 0 0 0 0.689091 0.749671
0 0.58224 0 0.855415 0 0.757107 0 0 0 0.884662 0.602363 0 0 0 0.716014 0.864637 0 0 0 0.653787 0 0.817681 0 0 0 0 0.58925 0.70332 0 0 0.592306 0 0 0 0 0 0 0 0 0 0 0.650113 0 0 0.806628 0 0 0 0.818361 0 0 0 0 0.870352 0.820296 0 0 0 0 0 0.677886 0 0 0 0 0.856751 0 0.656605 0 0.887896 0.823641 0.737629 0 0 0 0 0 0 0.742625 0.653197 0 0 0 0.637049 0 0 0 0.582695 0 0.751691 0 0 0.875413 0 0 0.715574 0 0 0.749618 0
0 0.675388 0 0.751066 0 0 0 0 0.713507 0 0 0 0 0 0 0 0.873631 0 0 0 0 0 0 0.777552 0.839621 0 0 0 0.620483 0 0 0 0 0 0.732835 0 0 0 0 0.710608 0.86622 0.652928 0 0.784499 0 0 0 0 0.767503 0.718021 0.682389 0.643431 0 0 0 0 0.872084 0 0 0.580532 0 0 0 0 0.856751 0 0 0 0 0 0 0 0 0 0 0 0 0.730056 0 0 0.806034 0 0 0 0 0 0.730475 0 0 0.814422 0.815412 0 0.629782 0.829636 0 0 0 0 0 0
0 0 0 0.818293 0.698729 0 0 0.829866 0 0.74301 0 0 0 0.741094 0 0.752341 0.839263 0 0.645561 0 0 0 0.577319 0 0 0.804578 0 0 0.812572 0 0 0.771305 0 0.864215 0 0 0.65572 0.843787 0 0 0.611553 0 0 0.74761 0 0 0 0 0 0 0.70197 0.794281 0 0 0 0 0.867393 0 0 0 0 0 0.634464 0.580467 0 0 0 0 0 0 0 0 0 0.658179 0 0 0 0 0.681651 0.874622 0 0 0.605222 0.892068 0 0.715775 0.718316 0 0 0 0 0 0 0 0.604401 0 0.834797 0 0 0
0.682316 0.808076 0.845699 0 0 0 0 0.735311 0 0 0.667624 0.627392 0.697192 0 0 0.789213 0.889917 0 0 0.624178 0 0 0 0 0 0.668844 0 0 0 0.773858 0 0.663851 0 0.680902 0 0 0.624303 0.825457 0 0 0 0 0 0.826354 0 0.814636 0 0 0 0 0 0.677085 0.826663 0 0 0 0 0 0 0 0 0 0 0.806633 0.656605 0 0 0 0 0 0 0 0 0 0.839655 0.68034 0 0 0 0.686396 0.632608 0 0 0 0 0 0 0 0 0.776379 0 0 0 0 0 0.828652 0 0 0 0
0 0.590724 0 0.720838 0 0.874971 0 0.817986 0.75262 0 0 0 0 0.815948 0.682706 0.659432 0.853834 0 0.802956 0 0 0.810719 0.779466 0.796468 0 0 0.653169 0 0.8157 0 0 0 0 0.743705 0 0 0.668217 0 0.86949 0.820102 0 0.747634 0 0 0 0 0 0 0.600337 0 0 0.754039 0 0 0 0.760535 0.823882 0 0 0 0 0.636134 0 0 0 0 0 0 0 0 0 0 0 0 0 0 0 0 0.608918 0 0 0 0 0.716239 0 0 0 0.77016 0.851514 0 0 0.579725 0 0 0 0 0 0 0.648482 0.576944
0 0.876256 0 0 0.605594 0 0.799586 0 0 0 0.647609 0 0.627975 0.576971 0.744779 0 0 0 0.596072 0 0 0 0 0 0 0.641631 0 0 0 0 0 0.850595 0 0 0 0 0 0 0.759489 0.64031 0 0 0 0 0.763482 0.825805 0 0 0 0.677485 0.646374 0.631899 0 0 0.722457 0.718151 0 0.614781 0.822738 0 0.580652 0.860915 0.758979 0 0.887896 0 0 0 0 0 0 0 0.854236 0 0 0 0.678082 0 0.674989 0.781173 0.870362 0 0.61304 0.738263 0 0 0.856312 0 0 0.722569 0.655075 0.633855 0 0 0 0 0 0.790647 0 0
0 0 0 0 0 0 0 0 0 0 0 0 0.610549 0 0 0.79701 0.81189 0 0 0 0.695817 0 0 0 0 0 0 0 0.610264 0 0.882127 0.832463 0.608834 0.742611 0 0 0 0.769423 0 0.872645 0 0 0.724395 0.633624 0.844757 0 0.848624 0 0 0 0 0 0 0.766979 0 0 0.78082 0.733365 0 0.738118 0.750813 0 0.689785 0.879087 0.823641 0 0 0 0 0 0 0.741334 0 0 0.580988 0 0 0 0.641635 0 0 0 0 0 0.659821 0.819021 0 0 0 0.818578 0 0 0 0 0 0.651865 0.673726 0 0 0
0 0.770519 0 0 0 0 0.841712 0.852202 0 0.829215 0.779242 0.836389 0.593141 0.756785 0 0.832493 0 0.80896 0 0 0 0.843351 0 0 0 0.755792 0 0.633872 0 0.725506 0 0 0 0 0 0 0.871208 0 0 0 0.67049 0 0 0 0 0 0 0.82337 0 0.737496 0.856537 0 0.836749 0.703706 0 0 0.842858 0.626925 0.606769 0 0.589333 0.643151 0 0.780814 0.737629 0 0 0 0 0 0.741334 0 0 0 0 0 0 0 0 0 0.806012 0 0 0 0.67463 0 0 0.744979 0 0.681663 0.777151 0 0 0.612661 0 0.870936 0 0.780574 0 0.686635
0 0 0.66965 0.616329 0 0 0.726271 0.644111 0 0.851742 0.789559 0 0 0.686489 0.881348 0 0 0.823498 0 0 0.719177 0.865168 0.707509 0 0 0.863005 0 0 0.802303 0 0 0.668534 0 0 0 0 0.82664 0.634386 0 0 0.744094 0 0.851402 0.783132 0 0 0 0 0 0 0.761054 0 0 0 0.729054 0.723461 0 0 0 0 0.758664 0.790616 0.876252 0 0 0 0 0 0 0.854236 0 0 0 0.826721 0 0 0 0 0.868721 0 0 0 0 0 0 0.66337 0 0.693661 0.746702 0 0 0 0 0 0.80849 0.582051 0.827829 0 0 0
0.58458 0.620101 0 0 0 0.720361 0 0 0 0 0.78516 0 0 0 0 0.60667 0.648742 0 0 0 0 0 0 0 0.661706 0 0.780718 0 0 0 0.664956 0 0 0 0 0.659958 0 0.758115 0.841932 0.717962 0 0 0.619314 0 0 0 0 0 0 0 0 0 0 0.57373 0 0 0 0.825452 0 0.804467 0 0 0 0 0 0 0.658179 0 0 0 0 0 0.826721 0 0.769094 0.608481 0.748115 0 0.785327 0 0.702903 0 0 0 0 0 0.646799 0 0 0 0 0.757363 0.839396 0 0.784668 0 0.768391 0 0 0
0 0 0 0 0 0 0 0 0 0.656655 0 0 0 0.829722 0 0 0 0 0.580097 0.883776 0.869401 0 0 0 0.777732 0 0 0.581467 0 0 0 0 0 0.78451 0 0 0 0 0 0 0.779878 0 0 0 0 0 0 0 0 0.760709 0 0 0 0 0 0 0 0 0 0.694389 0.821479 0 0 0 0 0 0 0.839655 0 0 0.580988 0 0 0.769094 0 0 0 0.839323 0.582412 0 0 0 0.857787 0.728999 0 0.702568 0 0 0 0 0.843719 0.864522 0 0 0 0 0.677443 0.640679 0 0
0.778662 0 0.782954 0 0.855081 0.666818 0 0 0 0.763453 0 0 0 0.659131 0 0.645313 0.663033 0 0 0 0 0 0 0.597448 0 0.836393 0.651966 0 0 0.607432 0 0 0.816411 0 0.585737 0 0 0 0 0 0 0.875092 0 0.648808 0 0 0.589884 0 0 0 0.712069 0.655628 0.813737 0 0 0 0 0.743807 0 0.826896 0 0.713522 0 0 0 0 0 0.68034 0 0 0 0 0 0.608481 0 0 0.742844 0 0 0 0 0 0 0 0.801166 0 0.867666 0.757907 0.774497 0 0 0 0 0 0.880725 0.764273 0 0 0 0.83834
0.81803 0 0 0.619136 0 0 0 0.702764 0.846117 0 0 0.642953 0 0 0 0 0 0 0.828168 0.812298 0.588929 0 0 0 0 0 0 0.629632 0.88431 0 0.706223 0 0 0.632316 0.714441 0.696042 0 0.612242 0.720967 0 0.634862 0 0.769248 0 0.697123 0 0 0.867954 0 0 0 0 0 0 0 0 0.848272 0.836323 0.754543 0 0 0 0 0 0 0 0 0 0 0.678082 0 0 0 0.748115 0 0.742844 0 0 0.810279 0 0.816359 0.633308 0 0 0.618578 0 0 0 0.696509 0 0 0.756687 0 0 0 0 0 0 0.663529 0
0.612677 0 0.589309 0.614438 0 0 0 0.620519 0.823558 0.874348 0.613029 0 0 0 0 0 0.823671 0.706755 0.681037 0.5827 0.816592 0 0 0.615736 0.793186 0 0.878694 0 0 0 0 0 0 0 0.834341 0 0 0 0 0 0.625637 0.631566 0 0.607053 0 0 0 0 0 0.59547 0 0 0 0.877198 0.835312 0 0.577833 0 0.869988 0 0 0.829147 0.621902 0 0 0.730056 0 0 0 0 0 0 0 0 0.839323 0 0 0 0.860222 0 0.80066 0.731374 0.705826 0 0 0.628449 0 0 0 0 0 0 0 0 0 0 0 0 0 0.75323
0 0 0 0 0 0 0 0.639229 0 0 0 0 0 0 0 0 0 0 0 0 0 0 0 0 0.843944 0 0.832649 0 0.839976 0.674151 0 0 0 0 0 0.578531 0.885578 0 0 0 0.876231 0 0.728167 0.592065 0 0 0 0 0 0 0 0 0.736543 0 0 0 0 0 0.667374 0.611268 0 0.591172 0 0.582275 0.742625 0 0.681651 0 0.608918 0.674989 0.641635 0 0.868721 0.785327 0.582412 0 0.810279 0.860222 0 0.823924 0 0.759279 0 0.578938 0.666473 0.840945 0 0 0.660942 0.856399 0 0.760592 0 0.67643 0 0 0 0 0 0
0.62078 0.710252 0 0 0.681799 0 0 0 0 0 0.636791 0 0.633336 0 0 0 0 0 0 0 0 0.834456 0 0.617495 0 0.602904 0 0 0.594186 0.732067 0 0.798189 0 0 0 0 0 0 0.82665 0 0 0 0.605633 0.844527 0.640911 0 0 0 0 0.60904 0 0 0.836806 0 0 0 0.867814 0 0.865803 0.837546 0 0 0 0 0.653197 0 0.874622 0.686396 0 0.781173 0 0 0 0 0 0 0 0 0.823924 0 0 0 0 0.729522 0 0 0 0 0 0.815179 0.621886 0 0 0.642293 0 0 0 0 0 0
0.625384 0.57871 0 0.784536 0 0 0 0 0.780226 0 0 0.647465 0 0 0 0 0 0.832925 0 0.660288 0 0.623095 0.697575 0 0.705586 0 0.671687 0 0.762292 0.771816 0.580338 0.834119 0 0.622852 0 0 0.745046 0 0.72959 0.803372 0.702039 0 0 0.734433 0 0.71883 0.875503 0 0 0.57862 0 0 0 0.814448 0 0 0 0 0 0 0 0 0.700604 0 0 0.806034 0 0.632608 0 0.870362 0 0.806012 0 0.702903 0 0 0.816359 0.80066 0 0 0 0 0.872683 0 0.679803 0.874965 0 0 0 0 0.699306 0 0.664234 0 0 0 0 0 0 0
0.657602 0 0 0 0 0 0.762861 0.809258 0.748099 0 0 0 0.579867 0 0 0.717358 0 0.828093 0.611694 0 0 0.746669 0.807843 0 0.682746 0 0 0 0.783755 0 0.575952 0 0 0.753235 0.724607 0 0 0.627143 0 0 0 0 0 0.677058 0 0.616585 0.581712 0.613077 0 0.761756 0 0.816306 0.879461 0 0 0 0.763962 0 0 0 0.745209 0 0 0 0 0 0 0 0 0 0 0 0 0 0 0 0.633308 0.731374 0.759279 0 0 0 0 0 0 0 0 0.777609 0.660626 0 0.706587 0.698469 0.586432 0.60605 0.658106 0 0 0 0 0.81147
0.725637 0 0 0 0 0 0.605014 0 0 0.818589 0 0.833822 0 0 0 0 0 0.807432 0 0.755236 0 0.78007 0 0.642328 0 0.825845 0 0.673156 0 0 0 0 0 0 0.809811 0 0 0.751744 0 0 0 0 0 0 0 0 0 0 0 0 0 0 0 0.771259 0.686063 0.820855 0.832064 0.841623 0 0 0 0 0 0 0 0 0.605222 0 0 0.61304 0 0 0 0 0.857787 0 0 0.705826 0 0 0.872683 0 0 0.681518 0 0 0 0.656135 0.72717 0 0.833979 0 0.725124 0 0 0 0 0 0 0
0.779408 0.700872 0.614782 0 0 0 0 0 0.608572 0 0.670851 0 0.792854 0 0 0.781977 0.752063 0.714693 0 0 0.729373 0 0 0 0 0 0 0 0 0 0 0 0.681371 0 0 0.724535 0 0 0.596707 0 0 0.835915 0 0.793178 0 0 0.784194 0 0 0 0.679986 0 0 0 0.649523 0 0 0 0.781841 0 0 0.689806 0 0 0.637049 0 0.892068 0 0.716239 0.738263 0 0 0 0 0.728999 0 0 0 0.578938 0.729522 0 0 0.681518 0 0 0 0 0.76086 0 0 0.793721 0 0 0 0 0.667849 0 0 0 0.734581
0 0 0 0.804487 0 0 0.628878 0.588156 0 0 0.694322 0 0 0.769798 0.620259 0 0 0.835856 0.614212 0 0 0 0 0 0.649195 0 0 0 0 0 0 0 0 0 0 0 0 0 0.57726 0 0.863576 0.812759 0.830792 0.66588 0 0.801194 0 0 0.727204 0 0 0 0 0 0 0 0 0 0 0.645448 0 0.753413 0 0 0 0 0 0 0 0 0.659821 0.67463 0 0 0 0.801166 0.618578 0 0.666473 0 0.679803 0 0 0 0 0 0 0 0.845098 0 0 0 0 0 0 0 0 0 0 0
0 0 0.858118 0.834804 0 0 0 0.882694 0 0 0.645922 0 0.616498 0 0.604681 0 0 0 0.586949 0.637236 0 0.669042 0 0 0.648343 0.763991 0 0 0 0 0 0 0 0 0.741496 0 0.640166 0 0.809225 0 0 0.887072 0.809469 0 0 0 0.840126 0 0 0 0 0.82457 0 0.747469 0 0 0.793552 0 0 0.84192 0 0 0 0 0 0 0.715775 0 0 0 0.819021 0 0.66337 0 0.702568 0 0 0.628449 0.840945 0 0.874965 0 0 0 0 0 0 0 0 0 0 0 0 0 0 0 0 0 0.723376 0
0.748548 0 0 0 0 0.703206 0.759514 0 0 0 0 0 0 0 0 0 0 0 0.722434 0 0.613202 0 0 0.612875 0 0 0 0.749336 0 0 0 0.793929 0 0 0.88846 0 0.617164 0 0 0 0 0.647587 0 0.853125 0 0.771801 0 0 0.601569 0.60098 0.67086 0.576713 0.813623 0.81899 0 0.712768 0.802462 0 0 0 0 0.784465 0 0.736883 0 0.730475 0.718316 0 0 0.856312 0 0 0 0.646799 0 0.867666 0 0 0 0 0 0 0 0 0 0 0 0.674758 0 0 0 0 0 0 0.632121 0 0 0.815093 0 0.792458
0.721252 0 0 0 0 0.842245 0 0 0 0 0 0 0.714328 0 0 0 0.644629 0 0 0 0 0 0.875478 0 0 0.699961 0 0.742443 0 0.836285 0 0.882942 0.890881 0 0 0 0 0 0 0.781022 0.664944 0.582089 0 0 0.588284 0.873681 0 0 0 0.700524 0 0 0 0 0 0 0 0 0 0 0.855256 0.685959 0 0 0.582695 0 0 0 0.77016 0 0 0.744979 0.693661 0 0 0.757907 0 0 0 0 0 0.777609 0.656135 0.76086 0 0 0.674758 0 0 0 0 0 0 0 0 0 0 0 0 0
0 0 0 0 0 0 0 0 0.816956 0 0 0.763848 0 0 0.601266 0 0 0 0.58312 0.582109 0 0 0 0.651746 0 0.707637 0 0.791734 0 0 0.611205 0.747512 0 0 0 0.59988 0.742924 0 0.577032 0.8474 0 0 0 0.871479 0.865621 0.835919 0.794136 0 0 0.612511 0 0 0 0 0 0 0 0 0 0.636135 0.628877 0 0 0 0 0 0 0 0.851514 0 0 0 0.746702 0 0 0.774497 0.696509 0 0.660942 0 0 0.660626 0.72717 0 0.845098 0 0 0 0 0 0 0.797108 0 0 0 0.659488 0 0.795026 0.722623 0
0 0 0 0 0.805385 0 0.806897 0 0 0 0.873422 0.75941 0.711284 0 0 0 0 0.860386 0 0 0 0 0 0 0 0.628103 0 0 0 0 0 0 0 0 0.58469 0 0.869261 0 0 0 0.76099 0.867437 0 0.620044 0 0.801991 0 0 0.78001 0.629339 0 0 0 0 0 0.636137 0 0.830772 0 0 0 0 0 0 0.751691 0.814422 0 0.776379 0 0.722569 0.818578 0.681663 0 0 0 0 0 0 0.856399 0.815179 0 0 0 0 0 0 0 0 0 0 0.768062 0 0 0 0 0 0 0.715309 0 0
0.740384 0.7016 0 0 0 0 0 0.671158 0 0 0.842582 0 0.651695 0.825676 0.685022 0.701138 0 0 0.671069 0 0 0.739424 0.579494 0 0 0.622584 0.79516 0 0.850995 0 0.666564 0 0.747764 0.652708 0.859096 0 0 0.755994 0 0 0 0 0.637427 0 0 0 0 0 0 0 0 0 0 0 0 0 0 0 0.802039 0 0 0.774463 0 0 0 0.815412 0 0 0 0.655075 0 0.777151 0 0 0.843719 0 0 0 0 0.621886 0.699306 0.706587 0.833979 0.793721 0 0 0 0 0 0.768062 0 0.675629 0 0.697766 0.589825 0.69364 0 0 0.713086 0
0 0 0.631577 0.831731 0 0 0 0 0.827497 0 0 0.870242 0 0 0.642415 0.854182 0 0.88713 0 0 0 0 0 0 0 0 0 0 0.682185 0.658394 0.872162 0 0.836993 0 0.60632 0.817953 0 0 0 0 0 0.778312 0 0.576177 0.67962 0 0 0.685568 0 0.89037 0 0 0 0 0 0 0 0 0 0 0 0.791489 0 0 0 0 0 0 0.579725 0.633855 0 0 0 0.757363 0.864522 0 0.756687 0 0.760592 0 0 0.698469 0 0 0 0 0 0 0.797108 0 0.675629 0 0.672961 0 0 0.641446 0 0 0 0.864385
0 0 0 0 0 0 0 0.639237 0 0.820699 0 0 0 0 0 0 0.825632 0 0.650748 0.650042 0 0 0.850838 0 0 0 0 0 0 0.763278 0 0.752023 0 0 0.650289 0 0.720419 0 0 0 0.849945 0 0 0 0 0 0 0.754408 0 0 0 0 0 0 0.584485 0.889216 0 0 0 0 0.872055 0.732704 0 0 0.875413 0.629782 0 0 0 0 0 0 0 0.839396 0 0 0 0 0 0 0.664234 0.586432 0.725124 0 0 0 0 0 0 0 0 0.672961 0 0 0 0.670097 0.823255 0 0.614869 0
0 0 0 0 0.840455 0 0 0 0 0 0.636223 0.709243 0.8715 0 0 0.690764 0 0 0 0 0 0.864072 0.590439 0 0.819032 0 0.720639 0.856528 0 0 0 0.865053 0 0 0 0.839192 0 0 0 0.68665 0.857039 0 0 0 0.766118 0 0 0.714104 0 0 0 0 0.727581 0 0.692278 0 0.77542 0 0 0.622722 0 0.597055 0 0 0 0.829636 0 0 0 0 0 0.612661 0 0 0 0 0 0 0.67643 0.642293 0 0.60605 0 0 0 0 0 0 0 0 0.697766 0 0 0 0 0 0.637631 0 0.767006 0
0 0 0.800247 0 0 0 0 0.727585 0.671615 0.687443 0.602272 0 0 0 0 0 0 0 0 0 0 0 0.631524 0 0.874668 0 0 0 0.631396 0 0 0 0.610172 0.667234 0.579464 0 0 0.883083 0.697855 0.599085 0 0.648197 0.611936 0.758476 0 0 0 0.586078 0.793066 0 0 0 0 0 0 0.600559 0.610511 0 0 0.691534 0 0 0 0 0 0 0.604401 0 0 0 0 0 0.80849 0.784668 0 0.880725 0 0 0 0 0 0.658106 0 0 0 0 0.632121 0 0 0 0.589825 0 0 0 0 0 0 0 0 0.777867
0 0.697273 0.780258 0 0 0 0 0.841904 0 0 0 0 0.803618 0 0 0 0 0 0.584951 0 0.680135 0 0 0.613864 0.637995 0 0.576304 0 0 0 0 0.841693 0 0 0.589247 0 0 0.808447 0 0 0 0 0 0 0.703641 0 0 0 0.88607 0 0 0 0.655558 0 0 0.835136 0 0 0 0 0 0.62045 0 0 0.715574 0 0 0.828652 0 0 0.651865 0.870936 0.582051 0 0 0.764273 0 0 0 0 0 0 0 0.667849 0 0 0 0 0.659488 0 0.69364 0.641446 0.670097 0 0 0 0 0.706851 0.630357 0
0 0 0.851135 0.674123 0.80464 0 0 0 0.803056 0 0 0 0 0 0 0 0 0.659262 0 0 0 0 0 0 0.686578 0.716055 0 0.628114 0 0 0 0.824444 0 0 0 0.647435 0 0.781183 0 0 0 0 0.802092 0 0 0 0.694422 0 0 0 0 0 0.629904 0.732711 0.820436 0.61352 0 0 0 0 0 0 0.867074 0 0 0 0.834797 0 0 0 0.673726 0 0.827829 0.768391 0.677443 0 0 0 0 0 0 0 0 0 0 0 0 0 0 0 0 0 0.823255 0.637631 0 0 0 0.725716 0 0
0.732377 0 0.89205 0 0.702007 0 0.837476 0.748504 0.613866 0 0 0.72813 0 0 0.688873 0 0 0 0 0 0 0 0 0 0 0.653631 0 0 0 0 0.756171 0 0 0.591538 0 0.664432 0.613738 0 0 0.761859 0.6762 0.776889 0.712994 0.845239 0.686777 0 0 0 0 0.796076 0 0.87111 0 0.584784 0 0 0 0 0 0 0 0.71411 0 0 0 0 0 0 0 0.790647 0 0.780574 0 0 0.640679 0 0 0 0 0 0 0 0 0 0 0 0.815093 0 0.795026 0.715309 0 0 0 0 0 0.706851 0.725716 0 0 0
0 0 0 0.698235 0 0 0.600239 0 0 0 0 0 0 0 0 0 0.783191 0 0.752209 0 0 0 0 0 0.746627 0 0 0 0.72348 0 0 0 0.744249 0 0 0 0 0 0 0.599514 0 0 0 0 0 0 0 0 0.630311 0 0 0 0 0 0 0 0 0.728561 0.585102 0.891441 0 0 0 0.689091 0.749618 0 0 0 0.648482 0 0 0 0 0 0 0 0.663529 0 0 0 0 0 0 0 0 0.723376 0 0 0.722623 0 0.713086 0 0.614869 0.767006 0 0.630357 0 0 0 0
0 0 0.77745 0 0 0 0 0 0 0.820542 0 0.707577 0.686291 0.890165 0 0.662924 0.834903 0 0.857817 0 0 0 0.680162 0.832536 0 0 0 0 0 0.858905 0.805744 0 0 0.667011 0.630375 0 0 0 0 0 0.626103 0 0 0 0 0 0 0 0 0.592693 0.602462 0 0 0 0.651359 0 0.763644 0 0 0 0.834227 0 0.891513 0.749671 0 0 0 0 0.576944 0 0 0.686635 0 0 0 0.83834 0 0.75323 0 0 0 0.81147 0 0.734581 0 0 0.792458 0 0 0 0 0.864385 0 0 0.777867 0 0 0 0 0
