100
0 0 0.758877 0 0 0 0 0 0 0 0.719934 0.648978 0 0 0 0.745159 0.849642 0 0 0 0.749504 0 0 0.605888 0.696478 0 0.625265 0.87112 0 0 0 0 0.592276 0 0 0 0 0.662488 0 0 0 0 0.681252 0 0 0 0 0 0.632417 0.801091 0.865938 0.731373 0 0 0 0 0 0.625411 0 0.678327 0.70533 0 0.807453 0.844545 0 0 0.573994 0 0.769222 0 0 0 0 0 0 0.778662 0 0 0 0 0 0 0.819548 0 0 0.776258 0 0 0 0 0.740384 0.628314 0.831577 0 0 0.732751 0 0 0 0
0 0 0.683105 0.799482 0 0 0 0 0 0 0 0 0.641074 0 0 0.783525 0.623044 0 0 0.609156 0 0.735441 0 0 0 0 0 0 0 0.891016 0 0.634849 0 0 0 0 0.874864 0.660174 0 0.704963 0 0 0 0.745102 0 0 0 0 0 0 0.702678 0 0.651953 0 0 0 0 0.668453 0.869895 0 0 0 0 0 0 0 0 0.808076 0.590724 0.876256 0.827536 0.770519 0 0 0.650766 0 0 0 0 0 0 0 0 0.700872 0.69978 0.785787 0 0 0 0 0 0 0 0 0 0.697273 0 0 0 0
0.758877 0.683105 0 0 0 0.597754 0.580864 0 0 0.65753 0.776677 0 0 0.659071 0 0 0.720596 0 0.591062 0 0.648199 0.773498 0 0.761559 0.663314 0 0.602855 0 0 0.763315 0 0 0.769441 0 0.589665 0.74244 0 0 0 0 0 0 0 0 0 0 0 0 0.775257 0.741986 0 0.709744 0.872403 0 0 0.829521 0 0 0 0 0.815493 0 0 0 0.746687 0 0 0.845699 0 0 0 0 0.631609 0.756051 0 0 0 0.589309 0.573941 0.670705 0 0 0 0.614782 0 0.858118 0 0.738542 0 0.771078 0 0 0 0.673561 0.800247 0.780258 0.851135 0.89205 0 0
0 0.799482 0 0 0 0.653386 0 0.632792 0.606576 0 0 0.874032 0 0 0.837064 0 0.618667 0 0 0.580555 0.757734 0 0 0 0 0.728501 0.79326 0.655117 0 0 0 0 0.749548 0 0 0 0 0 0 0 0 0.806505 0.643385 0 0 0 0 0 0 0 0 0 0.823451 0 0.626541 0 0 0 0 0 0 0 0 0 0 0 0 0 0.720838 0.625694 0 0 0 0 0 0.658548 0.619136 0 0.58105 0 0 0 0 0 0 0.834804 0 0.577004 0 0 0 0 0 0 0 0 0.714154 0 0 0
0 0 0 0 0 0 0 0.866256 0.798865 0.76733 0.628021 0.59947 0 0 0 0 0.817829 0 0 0 0 0 0 0.875665 0 0.835317 0 0 0 0 0 0 0 0.648127 0.597088 0 0 0 0.637935 0.620377 0 0 0 0 0 0 0 0.849476 0 0 0.832721 0 0 0 0.686631 0 0 0 0 0 0 0 0 0.798362 0.794089 0 0 0 0 0.605594 0 0 0 0.667862 0 0.855081 0 0 0.782702 0.681799 0.621231 0.736682 0 0 0.782327 0 0 0 0 0 0 0 0 0.840455 0 0 0 0 0 0.775008
0 0 0.597754 0.653386 0 0 0 0.851957 0.850828 0 0 0 0 0 0 0 0.597785 0 0 0 0.582621 0 0 0 0 0 0 0 0 0.592786 0 0 0 0 0 0.620417 0 0 0.739088 0.872812 0 0 0.704188 0 0 0 0 0 0 0.881002 0.776801 0 0 0 0 0 0 0 0 0 0 0 0 0 0.757107 0 0.742853 0 0 0.647499 0.648427 0 0 0.720361 0 0 0 0 0 0 0 0 0 0 0 0 0.738401 0.842245 0 0 0 0 0 0 0 0 0 0 0.625195 0.746721
0 0 0.580864 0 0 0 0 0 0 0 0 0.772591 0.798277 0 0 0 0 0 0 0 0 0.585225 0.774624 0.858206 0 0 0 0 0 0 0.860774 0 0.828412 0.671947 0.638786 0 0 0 0.882111 0 0 0 0 0 0 0 0 0 0 0 0.87496 0 0 0 0 0 0.826278 0.803781 0 0 0 0 0 0 0 0 0 0 0 0.799586 0 0 0 0 0 0 0.582371 0 0 0 0.810625 0 0 0 0.664702 0 0.759514 0 0 0.793847 0 0 0.822808 0.872825 0 0 0 0.837476 0.600239 0
0 0 0 0.632792 0.866256 0.851957 0 0 0 0.828368 0 0 0 0 0 0.799669 0.853002 0 0 0.587848 0.724064 0.575659 0 0.582613 0 0.879535 0 0.779307 0 0.60587 0.640154 0.625816 0 0 0 0 0.792329 0 0 0 0 0 0.795432 0 0.79755 0 0 0 0.722886 0 0.849481 0.590689 0.804765 0 0 0.662219 0 0 0 0.683711 0.755216 0.807005 0 0 0 0 0 0.735311 0 0 0 0 0 0 0.833396 0 0 0 0 0 0 0.809258 0 0 0 0 0 0.751691 0.670896 0 0 0 0.639237 0 0 0.841904 0 0 0 0
0 0 0 0.606576 0.798865 0.850828 0 0 0 0 0 0.864494 0.811814 0 0 0 0.680076 0 0.576039 0 0 0 0.595839 0 0 0 0 0 0 0 0 0 0 0 0 0 0 0.866751 0 0 0 0 0.663568 0 0 0 0 0 0 0 0.598506 0 0 0 0.841387 0 0 0.67656 0 0 0 0 0 0 0 0.713507 0 0.585708 0 0 0 0 0 0 0 0 0.846117 0.823558 0 0 0.780226 0.748099 0.711622 0 0 0 0.652562 0.789774 0.816956 0 0 0 0 0 0 0 0 0.613866 0 0
0 0 0.65753 0 0.76733 0 0 0.828368 0 0 0.780483 0.824873 0.743352 0 0 0.633652 0 0 0 0 0.689035 0 0 0.732866 0 0 0 0 0 0 0 0.765561 0.61463 0.749059 0 0 0 0.726474 0 0 0 0 0.820219 0 0 0.700977 0 0 0 0 0 0 0 0 0 0 0 0 0.862048 0.821159 0 0 0 0.672549 0.884662 0 0 0.747497 0 0 0 0.795466 0 0.80977 0.656655 0.763453 0.651774 0 0 0 0.714146 0 0 0.742943 0.828943 0 0 0 0 0 0 0.812268 0.85867 0 0.687443 0 0 0 0.873668 0
0.719934 0 0.776677 0 0.628021 0 0 0 0 0.780483 0 0 0 0.692512 0 0 0 0.587127 0 0 0 0.875666 0.692217 0.851174 0 0 0 0.844151 0 0 0 0.793495 0 0 0.875876 0 0 0.804637 0.62035 0.711742 0 0 0.819754 0.766029 0 0 0.734891 0.615164 0.577386 0.689942 0.647968 0 0 0 0 0 0 0.575278 0.737885 0 0 0 0 0 0.589368 0 0 0.667624 0 0.647609 0 0.761161 0 0.78516 0 0 0 0.613029 0 0 0.741385 0 0.657997 0.670851 0 0.645922 0 0 0 0.873422 0 0 0 0 0 0 0 0.852215 0.613403 0
0.648978 0 0 0.874032 0.59947 0 0.772591 0 0.864494 0.824873 0 0 0.727981 0.860152 0.647962 0.686896 0 0.827354 0.729632 0 0 0.713085 0 0.679723 0 0.678877 0.66377 0 0 0 0 0.589871 0 0 0 0.650018 0 0.735933 0 0.71178 0.851296 0 0.60242 0 0 0.63756 0.796625 0.665141 0 0 0.789141 0 0 0 0 0 0 0 0 0 0 0.85171 0.66999 0 0 0 0 0.724805 0 0.785191 0.669269 0.863131 0.80542 0 0.647274 0 0 0 0 0.74294 0 0 0 0.639654 0 0 0 0.762751 0.763848 0 0.694758 0 0 0 0 0 0 0 0 0.707577
0 0.641074 0 0 0 0 0.798277 0 0.811814 0.743352 0 0.727981 0 0 0 0 0.630925 0 0 0 0 0.684398 0.646376 0.60774 0 0 0.619162 0 0 0 0 0.823098 0 0 0 0 0 0 0.606031 0.620636 0 0 0 0.754386 0.822626 0 0.759688 0 0 0 0 0 0 0.887175 0 0.764363 0.88767 0.649479 0 0.594364 0 0.855352 0 0 0.587085 0 0 0.697192 0.715433 0.627975 0.610549 0 0 0 0.796376 0 0 0 0 0 0 0 0 0.715268 0 0 0 0 0 0.711284 0.651695 0.70418 0.721775 0.735513 0 0.803618 0 0 0 0
0 0 0.659071 0 0 0 0 0 0 0 0.692512 0.860152 0 0 0 0 0.610015 0 0.651982 0 0 0 0 0 0 0 0.877433 0.57679 0 0 0 0.804705 0 0 0.754581 0 0 0.611665 0.666706 0.799084 0 0 0 0.832599 0.597086 0.665271 0.884588 0 0.638788 0.689748 0.847397 0 0.843576 0 0.59676 0 0 0 0.793244 0.836651 0.587751 0.884295 0 0 0 0 0 0 0.815948 0 0.714375 0 0.658121 0.699051 0.829722 0.659131 0.70023 0 0 0 0 0 0 0 0.769798 0.852675 0 0.802224 0 0 0.825676 0.871024 0 0 0 0 0 0 0 0
0 0 0 0.837064 0 0 0 0 0 0 0 0.647962 0 0 0 0 0 0 0 0 0.707737 0 0.70563 0 0 0 0 0 0 0 0.84504 0.861602 0 0 0 0 0.677086 0 0 0 0.669392 0 0 0.782206 0.62396 0 0 0 0 0 0 0 0.623991 0 0.840418 0 0 0 0.873612 0 0 0.790315 0 0 0.716014 0 0 0.779929 0 0.744779 0.841919 0 0.881348 0 0 0 0 0.766059 0 0 0 0 0 0.864565 0.877094 0.604681 0.780111 0 0 0 0.685022 0.642415 0.762813 0 0 0 0 0.688873 0 0
0.745159 0.783525 0 0 0 0 0 0.799669 0 0.633652 0 0.686896 0 0 0 0 0 0 0.785167 0.753738 0 0.775749 0.607665 0 0 0 0.662821 0.738053 0.68015 0 0 0 0.646671 0 0.733596 0 0.741674 0 0 0 0.644001 0.704576 0 0 0 0 0.87916 0.739224 0 0.689665 0 0 0 0 0 0 0.581938 0.664309 0 0 0 0 0 0 0 0.749786 0 0.789213 0.873177 0 0.79701 0 0.589461 0.60667 0.724877 0 0.579098 0.82492 0 0 0.821711 0.717358 0.879339 0 0 0 0.6967 0 0 0 0 0.854182 0 0 0.69124 0 0 0 0 0.662924
0.849642 0.623044 0.720596 0.618667 0.817829 0.597785 0 0.853002 0.680076 0 0 0 0.630925 0.610015 0 0 0 0 0.890604 0 0 0.662561 0 0.858679 0 0 0 0.874257 0.720648 0.731908 0.647956 0 0.574059 0 0 0 0 0.703277 0 0 0 0 0 0 0.642778 0.71213 0 0 0.734736 0 0 0.66204 0 0 0.583892 0.755381 0 0 0 0.777553 0 0.885475 0 0 0 0 0.839263 0 0.647263 0 0.81189 0 0.652585 0 0.622367 0 0.838811 0 0 0 0 0 0.582953 0.752063 0 0.768464 0 0.644629 0 0 0.647607 0 0 0 0 0 0 0 0 0
0 0 0 0 0 0 0 0 0 0 0.587127 0.827354 0 0 0 0 0 0 0.753496 0.747059 0.851149 0.868541 0 0 0 0 0 0 0.764482 0 0 0 0 0 0 0 0.879486 0.819585 0 0 0.832086 0 0 0.730978 0 0.701237 0 0 0.63087 0.780249 0 0 0.86738 0.657291 0 0.785493 0.65442 0 0 0 0 0 0 0 0.80063 0 0.633118 0.615731 0 0 0 0.80896 0 0 0 0 0 0.706755 0 0 0 0 0.80952 0.587041 0.835856 0 0 0 0 0.860386 0 0.88713 0 0.803112 0 0 0.890187 0 0 0
0 0 0.591062 0 0 0 0 0 0.576039 0 0 0.729632 0 0.651982 0 0.785167 0.890604 0.753496 0 0.801251 0.591805 0 0.828223 0 0 0.8873 0 0 0.580069 0 0 0.796785 0 0 0 0.675216 0 0.72445 0.886203 0.817433 0 0.68228 0 0 0.594466 0 0 0.670482 0 0.800374 0 0.74197 0 0 0.827331 0 0 0 0.672953 0 0.76776 0 0 0.750303 0 0 0.645561 0 0 0.596072 0 0 0 0 0.832973 0.848135 0 0.681037 0 0 0 0 0 0 0 0.759868 0 0 0.58312 0 0.671069 0 0 0 0.629039 0 0.63692 0 0.752209 0
0 0.609156 0 0.580555 0 0 0 0.587848 0 0 0 0 0 0 0 0.753738 0 0.747059 0.801251 0 0.690076 0 0.682682 0 0 0 0.736558 0.603208 0 0 0 0 0.63171 0 0 0 0 0 0 0 0.769637 0 0 0 0.669083 0 0.817795 0 0 0 0 0 0 0 0.661197 0 0 0 0.651038 0.593773 0 0 0.795629 0 0 0.780217 0 0 0.8696 0 0.643609 0 0.731583 0 0 0.753634 0.865663 0.5827 0 0 0.660288 0 0.755236 0 0 0.637236 0 0.588383 0 0.719807 0.597591 0 0 0 0 0 0 0 0.739055 0
0.749504 0 0.648199 0.757734 0 0.582621 0 0.724064 0 0.689035 0 0 0 0 0.707737 0 0 0.851149 0.591805 0.690076 0 0 0.717295 0 0.685693 0 0 0 0.58308 0 0 0 0 0 0 0 0 0.847354 0 0.761635 0 0 0 0 0 0 0.878441 0 0 0 0 0.659696 0 0.67185 0.747138 0 0 0.613091 0.731394 0.635445 0 0.834853 0 0 0 0.83453 0.763312 0.81533 0.779974 0 0 0 0 0 0 0 0.702468 0 0 0 0 0 0 0.729373 0 0 0.613202 0 0 0 0 0 0 0 0.774685 0 0 0 0 0
0 0.735441 0.773498 0 0 0 0.585225 0.575659 0 0 0.875666 0.713085 0.684398 0 0 0.775749 0.662561 0.868541 0 0 0 0 0 0.687441 0 0 0 0 0 0 0 0 0 0 0 0 0 0 0 0 0 0 0 0 0 0 0 0 0 0 0 0 0.755088 0 0 0 0 0 0 0 0 0.594387 0 0 0 0 0 0 0 0 0 0 0 0 0 0.785004 0 0.860358 0 0 0 0.746669 0 0 0 0 0 0 0.693855 0 0.739424 0.837001 0 0.851747 0 0.699363 0.824188 0.839754 0.637511 0.754003
0 0 0 0 0 0 0.774624 0 0.595839 0 0.692217 0 0.646376 0 0.70563 0.607665 0 0 0.828223 0.682682 0.717295 0 0 0 0.63339 0 0 0 0.82991 0.584008 0 0 0 0.706882 0.625109 0 0.654392 0 0 0.588579 0 0.828945 0.889948 0.768842 0.778332 0 0.809036 0 0 0 0 0 0 0 0 0 0 0 0 0 0 0.658066 0.799544 0 0.686569 0 0 0.603023 0 0 0 0 0 0 0.792477 0 0.875281 0.83526 0 0 0.697575 0.807843 0 0 0 0.888567 0 0 0 0 0 0 0.850838 0.590439 0 0 0.805396 0 0.660421 0
0.605888 0 0.761559 0 0.875665 0 0.858206 0.582613 0 0.732866 0.851174 0.679723 0.60774 0 0 0 0.858679 0 0 0 0 0.687441 0 0 0.670246 0 0 0 0 0 0 0 0 0 0 0 0 0 0 0 0 0 0 0 0.822198 0.688634 0.668668 0.662129 0.770438 0 0.803683 0 0 0 0 0.652179 0.686453 0.851921 0 0 0 0 0 0 0 0 0.657906 0 0 0.686935 0 0 0 0.882516 0 0 0 0 0 0 0.876559 0 0.59594 0 0 0 0 0.725785 0.651746 0 0 0.692371 0 0 0 0 0 0 0 0.832536
0.696478 0 0.663314 0 0 0 0 0 0 0 0 0 0 0 0 0 0 0 0 0 0.685693 0 0.63339 0.670246 0 0 0.786139 0.699061 0 0.745733 0 0.790818 0 0 0 0 0.814732 0 0 0 0 0 0.84696 0 0.622976 0 0.64629 0 0.6333 0 0.72967 0.707971 0 0 0 0 0 0.739083 0 0.614729 0 0 0 0.711321 0 0.609028 0 0 0.670247 0 0 0 0 0.816877 0 0 0 0 0 0.747814 0 0 0 0 0 0 0 0 0 0 0 0 0 0 0.874668 0 0 0 0 0
0 0 0 0.728501 0.835317 0 0 0.879535 0 0 0 0.678877 0 0 0 0 0 0 0.8873 0 0 0 0 0 0 0 0.891286 0 0 0 0 0 0.65788 0 0 0 0 0 0.608173 0.670048 0 0 0 0 0.816724 0 0.594339 0.773676 0 0.624778 0.631841 0.769662 0 0 0 0 0 0 0 0 0 0.607907 0 0 0 0.664589 0 0.668844 0.649797 0 0.608636 0.755792 0 0 0 0 0.761074 0 0 0 0.632824 0 0 0 0 0.763991 0 0 0.707637 0.628103 0 0 0 0 0 0 0.716055 0 0 0.668473
0.625265 0 0.602855 0.79326 0 0 0 0 0 0 0 0.66377 0.619162 0.877433 0 0.662821 0 0 0 0.736558 0 0 0 0 0.786139 0.891286 0 0 0.609178 0.654818 0 0 0 0.7306 0 0.841007 0.725004 0 0.81542 0 0 0.637977 0.820679 0 0 0 0 0.87707 0 0 0 0 0 0 0 0 0 0.756265 0 0.614357 0 0 0.654428 0.825869 0 0 0 0 0 0.880548 0.80653 0 0 0 0 0 0 0 0 0.610457 0.671687 0 0 0 0 0 0.798719 0 0 0.819829 0 0 0.734624 0 0 0.576304 0 0 0.849641 0
0.87112 0 0 0.655117 0 0 0 0.779307 0 0 0.844151 0 0 0.57679 0 0.738053 0.874257 0 0 0.603208 0 0 0 0 0.699061 0 0 0 0.824977 0 0 0.643433 0 0 0.83645 0 0 0 0 0 0.828274 0.601224 0 0 0 0.74032 0.625936 0 0 0 0.596347 0 0.85839 0 0 0.73544 0 0.87224 0.670621 0 0 0.581731 0 0.78727 0.70332 0 0.659343 0 0 0 0.695342 0.813684 0 0.613444 0.581467 0 0.629632 0 0 0 0.725814 0 0 0 0 0 0.749336 0.742443 0 0 0 0 0 0 0 0.71517 0 0 0 0
0 0 0 0 0 0 0 0 0 0 0 0 0 0 0 0.68015 0.720648 0.764482 0.580069 0 0.58308 0 0.82991 0 0 0 0.609178 0.824977 0 0 0 0 0 0.678389 0 0.691244 0 0.595685 0 0.637502 0 0.843953 0 0.733943 0 0.74496 0.760231 0 0 0.764232 0.593492 0.871093 0 0 0.720928 0 0 0.757052 0 0.812001 0 0.579746 0 0.660097 0.818906 0 0 0 0 0 0 0 0.802303 0.735301 0 0 0.851317 0 0 0 0 0 0 0 0 0 0 0 0 0.575869 0 0.787239 0.785886 0 0.631396 0 0 0 0 0
0 0.891016 0.763315 0 0 0.592786 0 0.60587 0 0 0 0 0 0 0 0 0.731908 0 0 0 0 0 0.584008 0 0.745733 0 0.654818 0 0 0 0 0 0.749618 0 0.713435 0.76244 0 0.652136 0 0.813294 0 0.824146 0 0.821863 0.788943 0.871375 0.713461 0 0 0 0 0.750104 0 0 0 0 0 0 0 0 0 0 0 0 0.809392 0 0 0 0 0 0.880465 0.848749 0 0 0 0 0 0 0.674151 0.732067 0.771816 0 0 0 0 0 0 0.836285 0 0 0 0.658394 0.763278 0 0 0.857344 0 0.634688 0.866701 0.858905
0 0 0 0 0 0 0.860774 0.640154 0 0 0 0 0 0 0.84504 0 0.647956 0 0 0 0 0 0 0 0 0 0 0 0 0 0 0 0 0.728289 0.73802 0 0 0.845905 0 0 0 0.587371 0.787072 0.660672 0 0 0.769269 0 0.680648 0 0 0.618371 0 0 0.771056 0 0.883088 0 0.887536 0 0.642129 0.784859 0 0.633671 0.592306 0 0 0.674591 0 0 0 0 0 0 0 0 0.793289 0 0 0 0.705677 0.575952 0 0 0.621293 0.697638 0.619868 0 0 0.645241 0.755347 0 0.723851 0 0 0 0.723924 0.756171 0 0.805744
0 0.634849 0 0 0 0 0 0.625816 0 0.765561 0.793495 0.589871 0.823098 0.804705 0.861602 0 0 0 0.796785 0 0 0 0 0 0.790818 0 0 0.643433 0 0 0 0 0 0.609839 0.811044 0 0 0 0 0 0 0.75934 0.832183 0.603535 0 0 0.868738 0 0 0 0 0.642939 0 0 0 0 0.735915 0 0.575306 0 0 0 0 0 0 0 0 0 0 0.850595 0 0 0.668534 0 0 0 0.75446 0 0 0 0 0.72108 0.584003 0 0 0 0 0.882942 0.747512 0 0 0 0.752023 0.865053 0 0.625581 0.824444 0 0 0
0.592276 0 0.769441 0.749548 0 0 0.828412 0 0 0.61463 0 0 0 0 0 0.646671 0.574059 0 0 0.63171 0 0 0 0 0 0.65788 0 0 0 0.749618 0 0 0 0 0 0 0 0.82497 0 0 0.754267 0.734163 0 0 0.699544 0 0 0 0.872359 0 0.630912 0 0 0 0 0.614601 0 0 0 0 0 0 0.803441 0 0 0 0.804708 0 0.729362 0 0.608834 0 0 0 0 0.816411 0.579667 0 0.651772 0 0 0 0 0 0 0 0 0.834503 0 0.85743 0 0.722421 0 0 0 0 0 0 0.744249 0.768063
0 0 0 0 0.648127 0 0.671947 0 0 0.749059 0 0 0 0 0 0 0 0 0 0 0 0 0.706882 0 0 0 0.7306 0 0.678389 0 0.728289 0.609839 0 0 0.814021 0 0.705753 0 0 0.673675 0.735506 0 0 0.834692 0 0.601535 0 0 0.650715 0.583992 0.575507 0 0 0 0 0 0 0.734606 0 0 0 0 0 0.85381 0.748847 0 0 0.680902 0.743705 0 0 0 0 0 0 0 0 0 0 0 0.622852 0 0 0 0 0 0 0.683206 0 0 0 0.635787 0.586268 0 0 0 0 0 0 0
0 0 0.589665 0 0.597088 0 0.638786 0 0 0 0.875876 0 0 0.754581 0 0.733596 0 0 0 0 0 0 0.625109 0 0 0 0 0.83645 0 0.713435 0.73802 0.811044 0 0.814021 0 0.722116 0 0.676217 0 0.782432 0 0.606119 0.875418 0 0 0.586522 0 0.682974 0.774646 0.646431 0.822838 0 0.746667 0.679437 0 0 0 0 0.589241 0 0 0 0 0 0 0.732835 0 0 0 0 0 0.72013 0.575915 0.699143 0 0 0.714441 0.834341 0 0 0.803724 0 0 0 0 0.741496 0.88846 0.816841 0 0 0 0 0.650289 0.689185 0.579464 0.589247 0 0 0.785773 0
0 0 0.74244 0 0 0.620417 0 0 0 0 0 0.650018 0 0 0 0 0 0 0.675216 0 0 0 0 0 0 0 0.841007 0 0.691244 0.76244 0 0 0 0 0.722116 0 0 0.580969 0 0.753575 0 0 0.769999 0.790134 0 0 0 0 0.598345 0.850761 0 0 0 0 0 0 0 0 0 0 0.733838 0.635216 0 0 0 0 0 0 0 0 0 0 0.768064 0.659958 0.811196 0 0 0.649456 0.578531 0 0.880489 0 0 0 0 0 0 0.60099 0.59988 0 0 0.716565 0 0.639268 0 0 0.647435 0 0 0.755037
0 0.874864 0 0 0 0 0 0.792329 0 0 0 0 0 0 0.677086 0.741674 0 0.879486 0 0 0 0 0.654392 0 0.814732 0 0.725004 0 0 0 0 0 0 0.705753 0 0 0 0 0 0 0 0 0.588982 0 0.785439 0 0 0.712534 0 0 0 0 0 0 0 0.627929 0 0.808991 0 0 0.654528 0 0 0.60519 0 0.675102 0.65572 0 0 0 0 0.871208 0.82664 0 0.617246 0 0 0.812459 0.780489 0 0.745046 0 0.605734 0 0 0 0 0 0.742924 0 0 0 0 0 0 0 0 0.613738 0 0
0.662488 0.660174 0 0 0 0 0 0 0.866751 0.726474 0.804637 0.735933 0 0.611665 0 0 0.703277 0.819585 0.72445 0 0.847354 0 0 0 0 0 0 0 0.595685 0.652136 0.845905 0 0.82497 0 0.676217 0.580969 0 0 0 0 0 0.645566 0 0 0 0 0 0 0 0.828752 0 0 0.82018 0.843834 0 0 0.806512 0 0 0 0 0 0 0 0 0 0 0.825457 0 0.804771 0 0.836906 0 0.869035 0.620752 0.71245 0 0.688676 0 0.712885 0 0.627143 0 0 0 0 0 0 0.704581 0 0.755994 0 0 0 0.71684 0 0.781183 0 0 0.763133
0 0 0 0 0.637935 0.739088 0.882111 0 0 0 0.62035 0 0.606031 0.666706 0 0 0 0 0.886203 0 0 0 0 0 0 0.608173 0.81542 0 0 0 0 0 0 0 0 0 0 0 0 0 0 0 0 0 0.621939 0.761399 0 0.685661 0 0 0 0.640119 0.829788 0 0 0.871775 0 0 0.58696 0 0.706851 0 0.825693 0.878574 0 0.601688 0 0 0 0.759489 0 0.807168 0 0.654189 0 0.601071 0 0 0 0.82665 0 0 0.748548 0 0 0 0 0 0.577032 0 0 0.753956 0.6452 0.762552 0 0 0 0 0 0.671939
0 0.704963 0 0 0.620377 0.872812 0 0 0 0 0.711742 0.71178 0.620636 0.799084 0 0 0 0 0.817433 0 0.761635 0 0.588579 0 0 0.670048 0 0 0.637502 0.813294 0 0 0 0.673675 0.782432 0.753575 0 0 0 0 0.755169 0.638927 0 0 0.735421 0.761263 0 0.882719 0 0.673277 0.78769 0 0.8432 0 0.604752 0 0.594076 0.751186 0 0 0 0 0 0.769138 0 0.710608 0 0 0 0 0 0 0 0 0 0 0 0 0 0 0 0 0 0 0.823196 0 0 0.781022 0.8474 0.665908 0.609118 0 0 0.68665 0 0 0 0 0 0
0 0 0 0 0 0 0 0 0 0 0 0.851296 0 0 0.669392 0.644001 0 0.832086 0 0.769637 0 0 0 0 0 0 0 0.828274 0 0 0 0 0.754267 0.735506 0 0 0 0 0 0.755169 0 0 0 0 0 0 0 0.800447 0 0.599641 0 0.676992 0.861495 0 0.703428 0 0 0 0 0.664034 0 0.596696 0.854276 0 0 0 0.611553 0 0 0.581521 0 0.745587 0.744094 0 0 0 0.634862 0.625637 0 0 0.640042 0 0 0 0 0 0 0.664944 0 0.76099 0 0.583269 0.849945 0 0 0 0 0.6762 0 0
0 0 0 0.806505 0 0 0 0 0 0 0 0 0 0 0 0.704576 0 0 0.68228 0 0 0 0.828945 0 0 0 0.637977 0.601224 0.843953 0.824146 0.587371 0.75934 0.734163 0 0.606119 0 0 0.645566 0 0.638927 0 0 0 0 0.87969 0.747836 0 0 0 0 0 0 0.649587 0.586523 0 0.687478 0.585028 0 0.749446 0 0 0 0 0.664391 0.650113 0.652928 0.739971 0 0.747634 0 0 0 0 0 0 0.875092 0 0.631566 0 0 0 0 0 0.835915 0.812759 0.887072 0 0.582089 0.850026 0.867437 0 0 0 0 0 0 0 0 0 0.838491
0.681252 0 0 0.643385 0 0.704188 0 0.795432 0.663568 0.820219 0.819754 0.60242 0 0 0 0 0 0 0 0 0 0 0.889948 0 0.84696 0 0.820679 0 0 0 0.787072 0.832183 0 0 0.875418 0.769999 0.588982 0 0 0 0 0 0 0 0.769812 0.853304 0 0.810498 0 0 0 0 0 0 0 0 0 0 0 0 0.839101 0.852883 0 0 0.688622 0 0.698365 0.80001 0 0 0 0.779168 0.833738 0 0.843326 0.733994 0.669318 0 0.728167 0 0 0 0 0 0.830792 0.632749 0 0 0.619843 0 0.637427 0.58758 0 0.864939 0.611936 0.711562 0 0 0 0
0 0.745102 0 0 0 0 0 0 0 0 0.766029 0 0.754386 0.832599 0.782206 0 0 0.730978 0 0 0 0 0.768842 0 0 0 0 0 0.733943 0.821863 0.660672 0.603535 0 0.834692 0 0.790134 0 0 0 0 0 0 0 0 0 0 0 0 0.851938 0.710928 0 0 0 0 0.768761 0 0.605963 0 0 0 0 0.766517 0.880439 0.696121 0.747695 0.784499 0.74761 0.640638 0.785738 0.890715 0 0 0.783132 0 0 0 0.747283 0.607053 0.592065 0.844527 0.661555 0 0 0.793178 0.66588 0 0 0 0 0.620044 0 0.651885 0 0.765084 0.758476 0.649077 0 0.760484 0 0
0 0 0 0 0 0 0 0.79755 0 0 0 0 0.822626 0.597086 0.62396 0 0.642778 0 0.594466 0.669083 0 0 0.778332 0.822198 0.622976 0.816724 0 0 0 0.788943 0 0 0.699544 0 0 0 0.785439 0 0.621939 0.735421 0 0.87969 0.769812 0 0 0.605104 0 0 0 0 0 0 0 0.65005 0 0 0 0 0.787621 0.770474 0.759464 0 0 0.637617 0 0.655093 0 0 0 0 0.844757 0 0.820057 0 0 0 0 0.750054 0.624367 0 0 0.789973 0 0.668718 0 0.771905 0 0.588284 0.858992 0.668591 0 0.67962 0 0.766118 0 0.703641 0 0.588735 0.653368 0
0 0 0 0 0 0 0 0 0 0.700977 0 0.63756 0 0.665271 0 0 0.71213 0.701237 0 0 0 0 0 0.688634 0 0 0 0.74032 0.74496 0.871375 0 0 0 0.601535 0.586522 0 0 0 0.761399 0.761263 0 0.747836 0.853304 0 0.605104 0 0 0 0 0 0 0 0 0 0 0 0 0 0.644086 0.740007 0 0 0.823617 0.865365 0 0 0 0 0 0 0 0 0 0 0 0.648353 0.623443 0 0.816723 0 0.84649 0 0.839896 0 0 0 0.773945 0 0.835919 0 0 0 0 0 0 0 0 0 0 0.635978
0 0 0 0 0 0 0 0 0 0 0.734891 0.796625 0.759688 0.884588 0 0.87916 0 0 0 0.817795 0.878441 0 0.809036 0.668668 0.64629 0.594339 0 0.625936 0.760231 0.713461 0.769269 0.868738 0 0 0 0 0 0 0 0 0 0 0 0 0 0 0 0 0 0 0 0 0 0 0 0 0.854399 0 0 0 0 0.743345 0 0 0 0.587656 0 0 0 0.665655 0 0 0 0 0 0.589884 0 0 0 0 0 0.581712 0 0.79701 0.692064 0.654779 0 0 0.794136 0 0 0.611238 0 0 0 0 0.720387 0 0 0
0 0 0 0 0.849476 0 0 0 0 0 0.615164 0.665141 0 0 0 0.739224 0 0 0.670482 0 0 0 0 0.662129 0 0.773676 0.87707 0 0 0 0 0 0 0 0.682974 0 0.712534 0 0.685661 0.882719 0.800447 0 0.810498 0 0 0 0 0 0.60825 0 0 0 0 0.881871 0 0.651058 0.633057 0.611631 0 0 0.80544 0.684417 0.581457 0 0 0 0.620804 0.611664 0 0 0.820428 0.82337 0.585755 0.647586 0 0 0 0 0 0 0.738013 0.613077 0 0.784183 0 0 0 0.724733 0 0 0 0.685568 0 0.714104 0.640862 0 0 0 0 0.892078
0.632417 0 0.775257 0 0 0 0 0.722886 0 0 0.577386 0 0 0.638788 0 0 0.734736 0.63087 0 0 0 0 0 0.770438 0.6333 0 0 0 0 0 0.680648 0 0.872359 0.650715 0.774646 0.598345 0 0 0 0 0 0 0 0.851938 0 0 0 0.60825 0 0.885671 0 0 0 0 0 0.680584 0.78115 0 0 0 0.847055 0.733382 0.738705 0 0 0 0 0 0 0 0 0 0 0.760247 0.82848 0 0 0.875405 0 0 0 0 0 0 0.727204 0 0 0 0.768226 0 0 0 0 0 0.793066 0.88607 0 0 0 0
0.801091 0 0.741986 0 0 0.881002 0 0 0 0 0.689942 0 0 0.689748 0 0.689665 0 0.780249 0.800374 0 0 0 0 0 0 0.624778 0 0 0.764232 0 0 0 0 0.583992 0.646431 0.850761 0 0.828752 0 0.673277 0.599641 0 0 0.710928 0 0 0 0 0.885671 0 0.807828 0 0 0 0 0 0.859267 0.856958 0.636716 0 0 0.889047 0 0 0 0.718021 0 0 0 0.677485 0.750528 0.639639 0 0 0 0 0 0 0 0.60904 0 0.761756 0 0 0 0 0 0.700524 0 0 0 0 0 0 0 0 0.725003 0.62412 0.85104 0.592693
0.865938 0.702678 0 0 0.832721 0.776801 0.87496 0.849481 0.598506 0 0.647968 0.789141 0 0.847397 0 0 0 0 0 0 0 0 0 0.803683 0.72967 0.631841 0 0.596347 0.593492 0 0 0 0.630912 0.575507 0.822838 0 0 0 0 0.78769 0 0 0 0 0 0 0 0 0 0.807828 0 0 0.632456 0.785326 0 0.573515 0.627995 0.69802 0 0 0 0 0.719608 0.615807 0.877221 0.682389 0 0 0 0.646374 0 0 0 0 0 0.596038 0.718162 0.832842 0 0.804779 0 0 0 0.679986 0 0 0 0 0.878623 0 0 0.865849 0.729237 0.686616 0 0 0 0 0 0.675915
0.731373 0 0.709744 0 0 0 0 0.590689 0 0 0 0 0 0 0 0 0.66204 0 0.74197 0 0.659696 0 0 0 0.707971 0.769662 0 0 0.871093 0.750104 0.618371 0.642939 0 0 0 0 0 0 0.640119 0 0.676992 0 0 0 0 0 0 0 0 0 0 0 0 0 0.605143 0 0.856375 0 0 0.745917 0.791387 0 0 0 0 0.679371 0.794281 0 0 0 0 0.744619 0.678656 0.729765 0 0 0 0 0.873346 0.663931 0 0.816306 0 0.814456 0 0 0.576713 0 0 0.825503 0 0 0.617346 0 0.666014 0 0 0.87111 0 0
0 0.651953 0.872403 0.823451 0 0 0 0.804765 0 0 0 0 0 0.843576 0.623991 0 0 0.86738 0 0 0 0.755088 0 0 0 0 0 0.85839 0 0 0 0 0 0 0.746667 0 0 0.82018 0.829788 0.8432 0.861495 0.649587 0 0 0 0 0 0 0 0 0.632456 0 0 0 0 0.853354 0 0.846145 0 0 0 0 0 0 0 0 0.588741 0.673898 0 0 0 0 0 0.670056 0 0.813737 0 0 0 0 0.836384 0.879461 0 0 0 0 0 0 0 0 0 0.698226 0 0.727581 0 0 0 0 0.677123 0
0 0 0 0 0 0 0 0 0 0 0 0 0.887175 0 0 0 0 0.657291 0 0 0.67185 0 0 0 0 0 0 0 0 0 0 0 0 0 0.679437 0 0 0.843834 0 0 0 0.586523 0 0 0.65005 0 0 0.881871 0 0 0.785326 0 0 0 0 0 0 0.870756 0 0 0 0.835241 0.637029 0.750515 0 0 0 0 0.697393 0 0 0.703706 0 0 0 0 0 0 0 0 0 0 0 0 0 0.747469 0 0 0.643836 0.630965 0 0.872106 0.692432 0 0 0 0 0.687918 0 0
0 0 0 0.626541 0.686631 0 0 0 0.841387 0 0 0 0 0.59676 0.840418 0 0.583892 0 0.827331 0.661197 0.747138 0 0 0 0 0 0 0 0.720928 0 0.771056 0 0 0 0 0 0 0 0 0.604752 0.703428 0 0 0.768761 0 0 0 0 0 0 0 0.605143 0 0 0 0 0.639873 0 0.640438 0.640203 0 0.675785 0 0 0.616002 0 0 0 0.646144 0 0 0 0 0.767544 0 0 0 0 0 0 0 0 0 0 0 0 0 0 0 0.862493 0 0 0.584485 0.692278 0 0.631487 0.820436 0.751654 0 0.651359
0 0 0.829521 0 0 0 0 0.662219 0 0 0 0 0.764363 0 0 0 0.755381 0.785493 0 0 0 0 0 0.652179 0 0 0 0.73544 0 0 0 0 0.614601 0 0 0 0.627929 0 0.871775 0 0 0.687478 0 0 0 0 0 0.651058 0.680584 0 0.573515 0 0.853354 0 0 0 0 0 0.63423 0 0 0.631048 0 0 0 0 0 0 0.760535 0 0 0 0.723461 0 0 0 0 0 0 0.856616 0 0 0 0.70017 0.863197 0 0.712768 0 0 0.636137 0.613926 0 0 0 0.600559 0 0 0 0 0
0 0 0 0 0 0 0.826278 0 0 0 0 0 0.88767 0 0 0.581938 0 0.65442 0 0 0 0 0 0.686453 0 0 0 0 0 0 0.883088 0.735915 0 0 0 0 0 0.806512 0 0.594076 0 0.585028 0 0.605963 0 0 0.854399 0.633057 0.78115 0.859267 0.627995 0.856375 0 0 0.639873 0 0 0.831559 0.883 0 0.659623 0 0 0 0 0 0.867393 0.762779 0 0 0.78082 0 0 0 0 0 0 0 0 0.867814 0 0.763962 0.832064 0.737515 0 0.793552 0.802462 0 0 0 0 0.750212 0 0 0 0 0 0.867124 0 0.763644
0.625411 0.668453 0 0 0 0 0.803781 0 0.67656 0 0.575278 0 0.649479 0 0 0.664309 0 0 0 0 0.613091 0 0 0.851921 0.739083 0 0.756265 0.87224 0.757052 0 0 0 0 0.734606 0 0 0.808991 0 0 0.751186 0 0 0 0 0 0 0 0.611631 0 0.856958 0.69802 0 0.846145 0.870756 0 0 0.831559 0 0 0 0 0.709587 0.814375 0.578194 0 0 0 0 0 0.614781 0 0 0 0.574343 0 0.743807 0 0 0.785282 0 0 0 0 0.863038 0 0 0 0.623572 0 0.830772 0 0.814342 0.703421 0 0 0.762628 0 0.728326 0.600228 0.739178
0 0.869895 0 0 0 0 0 0 0 0.862048 0.737885 0 0 0.793244 0.873612 0 0 0 0.672953 0.651038 0.731394 0 0 0 0 0 0 0.670621 0 0 0.887536 0.575306 0 0 0.589241 0 0 0 0.58696 0 0 0.749446 0 0 0.787621 0.644086 0 0 0 0.636716 0 0 0 0 0.640438 0.63423 0.883 0 0 0 0 0 0 0.838537 0.802018 0 0 0 0 0.828844 0 0 0 0 0 0.759733 0 0.869988 0 0.865803 0 0 0 0.781841 0 0.635388 0 0.623576 0.655106 0 0.734304 0.890445 0.599286 0 0 0 0 0 0.585102 0
0.678327 0 0 0 0 0 0 0.683711 0 0.821159 0 0 0.594364 0.836651 0 0 0.777553 0 0 0.593773 0.635445 0 0 0 0.614729 0 0.614357 0 0.812001 0 0 0 0 0 0 0 0 0 0 0 0.664034 0 0 0 0.770474 0.740007 0 0 0 0 0 0.745917 0 0 0.640203 0 0 0 0 0 0 0 0 0 0 0.580532 0 0 0 0 0 0 0 0.804467 0.694389 0 0 0 0.611268 0.837546 0 0.884498 0.793059 0 0 0.84192 0 0.816922 0 0 0 0 0 0 0.691534 0 0 0 0.891441 0.62439
0.70533 0 0.815493 0 0 0 0 0.755216 0 0 0 0 0 0.587751 0 0 0 0 0.76776 0 0 0 0 0 0 0 0 0 0 0 0.642129 0 0 0 0 0.733838 0.654528 0 0.706851 0 0 0 0.839101 0 0.759464 0 0 0.80544 0.847055 0 0 0.791387 0 0 0 0 0.659623 0 0 0 0 0.788068 0 0 0.677886 0 0 0 0.621844 0 0.750813 0 0.671164 0 0.599388 0 0 0 0.86344 0 0 0.745209 0.663841 0 0 0 0 0.855256 0 0.779318 0 0 0.872055 0 0.786937 0.835743 0 0 0 0
0 0 0 0 0 0 0 0.807005 0 0 0 0.85171 0.855352 0.884295 0.790315 0 0.885475 0 0 0 0.834853 0.594387 0.658066 0 0 0.607907 0 0.581731 0.579746 0 0.784859 0 0 0 0 0.635216 0 0 0 0 0.596696 0 0.852883 0.766517 0 0 0.743345 0.684417 0.733382 0.889047 0 0 0 0.835241 0.675785 0.631048 0 0.709587 0 0 0.788068 0 0 0 0 0 0 0 0 0.860915 0 0 0 0.646787 0 0.713522 0.890063 0 0.591172 0 0.846512 0 0 0.689806 0 0 0 0 0 0 0.774463 0 0 0.597055 0 0 0 0 0.721177 0
0.807453 0 0 0 0 0 0 0 0 0 0 0.66999 0 0 0 0 0 0 0 0.795629 0 0 0.799544 0 0 0 0.654428 0 0 0 0 0 0.803441 0 0 0 0 0 0.825693 0 0.854276 0 0 0.880439 0 0.823617 0 0.581457 0.738705 0 0.719608 0 0 0.637029 0 0 0 0.814375 0 0 0 0 0 0 0 0 0.634464 0 0.621983 0 0 0 0.876252 0.616643 0 0 0 0 0 0 0 0 0.678792 0 0 0.660985 0.590804 0.699117 0 0 0.814421 0 0 0.706141 0 0 0 0.835781 0.608118 0
0.844545 0 0 0 0.798362 0 0 0 0 0.672549 0 0 0 0 0 0 0 0 0.750303 0 0 0 0 0 0.711321 0 0.825869 0.78727 0.660097 0 0.633671 0 0 0.85381 0 0 0.60519 0 0.878574 0.769138 0 0.664391 0 0.696121 0.637617 0.865365 0 0 0 0 0.615807 0 0 0.750515 0 0 0 0.578194 0.838537 0 0 0 0 0 0 0.723406 0.656793 0.806633 0 0 0.879087 0.879259 0 0 0 0 0 0.733625 0 0 0 0 0 0.86145 0 0 0.736883 0 0 0 0.777609 0.724176 0 0 0 0 0 0 0 0
0 0 0.746687 0 0.794089 0.757107 0 0 0 0.884662 0.589368 0 0.587085 0 0.716014 0 0 0.80063 0 0 0 0 0.686569 0 0 0 0 0.70332 0.818906 0.809392 0.592306 0 0 0.748847 0 0 0 0 0 0 0 0.650113 0.688622 0.747695 0 0 0 0 0 0 0.877221 0 0 0 0.616002 0 0 0 0.802018 0 0.677886 0 0 0 0 0 0 0.641651 0 0 0 0.737629 0.804781 0 0.585383 0 0 0 0 0.794828 0 0 0 0.637049 0 0 0 0.582695 0 0 0 0 0 0 0.740733 0 0 0 0.749618 0
0 0 0 0 0 0 0 0 0.713507 0 0 0 0 0 0 0.749786 0 0 0 0.780217 0.83453 0 0 0 0.609028 0.664589 0 0 0 0 0 0 0 0 0.732835 0 0.675102 0 0.601688 0.710608 0 0.652928 0 0.784499 0.655093 0 0.587656 0 0 0.718021 0.682389 0.679371 0 0 0 0 0 0 0 0.580532 0 0 0 0.723406 0 0 0.630016 0 0 0.811803 0 0 0 0 0 0 0.582183 0.830751 0 0 0.628774 0.850218 0 0.832041 0 0 0.847454 0 0 0.814422 0.815412 0 0 0.829636 0.706773 0.737064 0 0.639583 0 0
0.573994 0 0 0 0 0.742853 0 0 0 0 0 0 0 0 0 0 0.839263 0.633118 0.645561 0 0.763312 0 0 0.657906 0 0 0 0.659343 0 0 0 0 0.804708 0 0 0 0.65572 0 0 0 0.611553 0.739971 0.698365 0.74761 0 0 0 0.620804 0 0 0 0.794281 0.588741 0 0 0 0.867393 0 0 0 0 0 0.634464 0.656793 0 0.630016 0 0 0.673077 0.722011 0.617552 0.574787 0 0.824862 0 0 0.758393 0 0 0 0 0 0.605222 0.892068 0 0.715775 0.686367 0 0 0 0.675601 0 0 0 0 0 0.834797 0 0 0
0 0.808076 0.845699 0 0 0 0 0.735311 0.585708 0.747497 0.667624 0.724805 0.697192 0 0.779929 0.789213 0 0.615731 0 0 0.81533 0 0.603023 0 0 0.668844 0 0 0 0 0.674591 0 0 0.680902 0 0 0 0.825457 0 0 0 0 0.80001 0.640638 0 0 0 0.611664 0 0 0 0 0.673898 0 0 0 0.762779 0 0 0 0 0 0 0.806633 0.641651 0 0 0 0 0 0 0 0 0.64695 0.890268 0.68034 0 0 0 0 0 0 0 0.731363 0.779811 0.728628 0 0 0 0.776379 0 0 0.783728 0.706567 0 0 0.721926 0 0 0.869708
0.769222 0.590724 0 0.720838 0 0 0 0 0 0 0 0 0.715433 0.815948 0 0.873177 0.647263 0 0 0.8696 0.779974 0 0 0 0.670247 0.649797 0 0 0 0 0 0 0.729362 0.743705 0 0 0 0 0 0 0 0.747634 0 0.785738 0 0 0 0 0 0 0 0 0 0.697393 0.646144 0.760535 0 0 0 0 0.621844 0 0.621983 0 0 0 0.673077 0 0 0.660593 0 0.629353 0 0 0 0.6773 0 0.642179 0 0 0 0 0.864174 0.716239 0 0.594911 0 0 0.873008 0 0 0 0 0 0.797743 0 0 0 0 0.576944
0 0.876256 0 0.625694 0.605594 0.647499 0.799586 0 0 0 0.647609 0.785191 0.627975 0 0.744779 0 0 0 0.596072 0 0 0 0 0.686935 0 0 0.880548 0 0 0 0 0.850595 0 0 0 0 0 0.804771 0.759489 0 0.581521 0 0 0.890715 0 0 0.665655 0 0 0.677485 0.646374 0 0 0 0 0 0 0.614781 0.828844 0 0 0.860915 0 0 0 0.811803 0.722011 0 0.660593 0 0 0 0 0 0 0 0.678082 0 0.674989 0.781173 0 0 0.60885 0.738263 0 0 0.69284 0 0.642377 0.722569 0 0.633855 0.869292 0 0 0 0.730037 0 0.683496 0
0 0.827536 0 0 0 0.648427 0 0 0 0 0 0.669269 0.610549 0.714375 0.841919 0.79701 0.81189 0 0 0.643609 0 0 0 0 0 0.608636 0.80653 0.695342 0 0.880465 0 0 0.608834 0 0 0 0 0 0 0 0 0 0 0 0.844757 0 0 0.820428 0 0.750528 0 0 0 0 0 0 0.78082 0 0 0 0.750813 0 0 0.879087 0 0 0.617552 0 0 0 0 0 0 0 0.580988 0 0.886156 0 0.641635 0 0 0.760892 0 0 0 0 0 0 0 0.818578 0 0 0 0 0 0 0 0 0.709211 0
0 0.770519 0 0 0 0 0 0 0 0.795466 0.761161 0.863131 0 0 0 0 0 0.80896 0 0 0 0 0 0 0 0.755792 0 0.813684 0 0.848749 0 0 0 0 0.72013 0 0.871208 0.836906 0.807168 0 0.745587 0 0.779168 0 0 0 0 0.82337 0 0.639639 0 0.744619 0 0.703706 0 0 0 0 0 0 0 0 0 0.879259 0.737629 0 0.574787 0 0.629353 0 0 0 0 0 0 0 0 0.855421 0.613205 0 0.806012 0 0 0.708558 0.67463 0 0 0 0 0.681663 0.777151 0 0 0.612661 0 0.775145 0 0 0 0
0 0 0.631609 0 0 0 0 0 0 0 0 0.80542 0 0.658121 0.881348 0.589461 0.652585 0 0 0.731583 0 0 0 0 0 0 0 0 0.802303 0 0 0.668534 0 0 0.575915 0.768064 0.82664 0 0 0 0.744094 0 0.833738 0.783132 0.820057 0 0 0.585755 0 0 0 0.678656 0 0 0 0.723461 0 0 0 0 0.671164 0 0.876252 0 0.804781 0 0 0 0 0 0 0 0 0.826721 0 0.574544 0.891424 0 0 0 0 0 0 0 0 0 0.792698 0.693661 0 0 0 0 0 0 0.574301 0.582051 0.827829 0.86129 0 0
0 0 0.756051 0 0.667862 0.720361 0 0 0 0.80977 0.78516 0 0 0.699051 0 0.60667 0 0 0 0 0 0 0 0.882516 0.816877 0 0 0.613444 0.735301 0 0 0 0 0 0.699143 0.659958 0 0.869035 0.654189 0 0 0 0 0 0 0 0 0.647586 0.760247 0 0 0.729765 0.670056 0 0.767544 0 0 0.574343 0 0.804467 0 0.646787 0.616643 0 0 0 0.824862 0.64695 0 0 0 0 0.826721 0 0.769094 0 0.748115 0 0 0 0.702903 0 0.683719 0 0 0 0 0.842838 0.783244 0 0.759207 0.757363 0.839396 0.852714 0.784668 0 0.778117 0 0 0
0 0.650766 0 0 0 0 0 0.833396 0 0.656655 0 0.647274 0.796376 0.829722 0 0.724877 0.622367 0 0.832973 0 0 0 0.792477 0 0 0 0 0.581467 0 0 0 0 0 0 0 0.811196 0.617246 0.620752 0 0 0 0 0.843326 0 0 0 0 0 0.82848 0 0 0 0 0 0 0 0 0 0 0.694389 0.599388 0 0 0 0.585383 0 0 0.890268 0 0 0.580988 0 0 0.769094 0 0.834566 0 0 0 0 0 0 0 0 0 0.702568 0 0.812238 0 0 0 0 0 0.659255 0.794446 0 0 0.640679 0 0
0.778662 0 0 0.658548 0.855081 0 0 0 0 0.763453 0 0 0 0.659131 0 0 0 0 0.848135 0.753634 0 0.785004 0 0 0 0 0 0 0 0 0 0 0.816411 0 0 0 0 0.71245 0.601071 0 0 0.875092 0.733994 0 0 0.648353 0.589884 0 0 0 0.596038 0 0.813737 0 0 0 0 0.743807 0.759733 0 0 0.713522 0 0 0 0 0 0.68034 0.6773 0 0 0 0.574544 0 0.834566 0 0.742844 0.641038 0 0 0 0 0 0 0.801166 0 0.867666 0.757907 0.774497 0 0 0 0.588169 0 0.880725 0.764273 0 0 0.818641 0.83834
0 0 0 0.619136 0 0 0.582371 0 0.846117 0.651774 0 0 0 0.70023 0 0.579098 0.838811 0 0 0.865663 0.702468 0 0.875281 0 0 0.761074 0 0.629632 0.851317 0 0.793289 0.75446 0.579667 0 0.714441 0 0 0 0 0 0.634862 0 0.669318 0.747283 0 0.623443 0 0 0 0 0.718162 0 0 0 0 0 0 0 0 0 0 0.890063 0 0 0 0.582183 0.758393 0 0 0.678082 0.886156 0 0.891424 0.748115 0 0.742844 0 0.689819 0.872001 0.76084 0 0 0 0.582994 0 0 0 0 0 0 0.596196 0.756687 0 0.665402 0 0.690915 0 0 0.663529 0
0 0 0.589309 0 0 0 0 0 0.823558 0 0.613029 0 0 0 0.766059 0.82492 0 0.706755 0.681037 0.5827 0 0.860358 0.83526 0 0 0 0 0 0 0 0 0 0 0 0.834341 0.649456 0.812459 0.688676 0 0 0.625637 0.631566 0 0.607053 0.750054 0 0 0 0.875405 0 0.832842 0 0 0 0 0 0 0 0.869988 0 0 0 0 0.733625 0 0.830751 0 0 0.642179 0 0 0.855421 0 0 0 0.641038 0.689819 0 0.860222 0 0 0.731374 0 0 0 0 0 0 0 0 0 0 0.785695 0.601757 0.755043 0 0 0.59844 0 0
0 0 0.573941 0.58105 0.782702 0 0 0 0 0 0 0 0 0 0 0 0 0 0 0 0 0 0 0 0 0 0 0 0 0.674151 0 0 0.651772 0 0 0.578531 0.780489 0 0 0 0 0 0.728167 0.592065 0.624367 0.816723 0 0 0 0 0 0.873346 0 0 0 0 0 0.785282 0 0.611268 0.86344 0.591172 0 0 0 0 0 0 0 0.674989 0.641635 0.613205 0 0 0 0 0.872001 0.860222 0 0.823924 0 0.759279 0 0 0 0 0 0 0 0 0 0 0 0 0 0 0 0 0 0
0 0 0.670705 0 0.681799 0 0 0 0 0 0 0.74294 0 0 0 0 0 0 0 0 0 0 0 0 0.747814 0 0.610457 0 0 0.732067 0 0 0 0 0 0 0 0.712885 0.82665 0 0 0 0 0.844527 0 0 0 0 0 0.60904 0.804779 0.663931 0 0 0 0.856616 0.867814 0 0.865803 0.837546 0 0 0 0 0.794828 0 0 0 0 0.781173 0 0 0 0 0 0 0.76084 0 0.823924 0 0.62833 0.776178 0.724539 0 0 0.717954 0 0 0 0.815179 0.621886 0.804442 0 0 0 0.581186 0 0 0 0
0 0 0 0 0.621231 0 0.810625 0 0.780226 0.714146 0.741385 0 0 0 0 0.821711 0 0 0 0.660288 0 0 0.697575 0.876559 0 0.632824 0.671687 0.725814 0 0.771816 0.705677 0 0 0.622852 0.803724 0.880489 0.745046 0 0 0 0.640042 0 0 0.661555 0 0.84649 0 0.738013 0 0 0 0 0.836384 0 0 0 0 0 0 0 0 0.846512 0 0 0 0.628774 0 0 0 0 0 0.806012 0 0.702903 0 0 0 0 0 0.62833 0 0.693662 0.872683 0 0.679803 0 0 0.727435 0 0 0.699306 0.648223 0 0.615222 0 0 0.862151 0 0 0.797991
0 0 0 0 0.736682 0 0 0.809258 0.748099 0 0 0 0 0 0 0.717358 0 0 0 0 0 0.746669 0.807843 0 0 0 0 0 0 0 0.575952 0.72108 0 0 0 0 0 0.627143 0 0 0 0 0 0 0.789973 0 0.581712 0.613077 0 0.761756 0 0.816306 0.879461 0 0 0 0.763962 0 0 0.884498 0.745209 0 0 0 0 0.850218 0 0 0 0 0.760892 0 0 0 0 0 0 0.731374 0.759279 0.776178 0.693662 0 0 0 0.871956 0 0 0.777609 0.660626 0 0.706587 0 0 0.60605 0.658106 0.600466 0.665458 0 0 0
0.819548 0 0 0 0 0 0 0 0.711622 0 0.657997 0 0 0 0 0.879339 0.582953 0.80952 0 0.755236 0 0 0 0.59594 0 0 0 0 0 0 0 0.584003 0 0 0 0 0.605734 0 0.748548 0 0 0 0 0 0 0.839896 0 0 0 0 0 0 0 0 0 0 0.832064 0 0 0.793059 0.663841 0 0.678792 0 0 0 0.605222 0 0.864174 0.60885 0 0 0 0.683719 0 0 0 0 0 0.724539 0.872683 0 0 0.583646 0 0 0 0.656135 0 0 0.833979 0 0 0 0 0.721858 0.814012 0 0 0.733265
0 0.700872 0.614782 0 0 0 0 0 0 0.742943 0.670851 0.639654 0.715268 0 0.864565 0 0.752063 0.587041 0 0 0.729373 0 0 0 0 0 0 0 0 0 0 0 0 0 0 0 0 0 0 0 0 0.835915 0 0.793178 0.668718 0 0.79701 0.784183 0 0 0.679986 0.814456 0 0 0 0.70017 0.737515 0.863038 0.781841 0 0 0.689806 0 0.86145 0.637049 0.832041 0.892068 0.731363 0.716239 0.738263 0 0.708558 0 0 0 0 0.582994 0 0 0 0 0 0.583646 0 0 0 0 0.76086 0 0 0.793721 0 0.690096 0 0 0 0 0.6864 0 0
0 0.69978 0 0 0.782327 0 0.664702 0 0 0.828943 0 0 0 0.769798 0.877094 0 0 0.835856 0 0 0 0 0 0 0 0 0 0 0 0 0.621293 0 0 0 0 0 0 0 0 0.823196 0 0.812759 0.830792 0.66588 0 0 0.692064 0 0.727204 0 0 0 0 0 0 0.863197 0 0 0 0 0 0 0 0 0 0 0 0.779811 0 0 0 0.67463 0 0 0 0.801166 0 0 0 0 0.679803 0.871956 0 0 0 0 0 0.858585 0 0 0 0 0.746322 0 0 0.815285 0 0 0 0
0.776258 0.785787 0.858118 0.834804 0 0 0 0 0 0 0.645922 0 0 0.852675 0.604681 0 0.768464 0 0.759868 0.637236 0 0 0.888567 0 0 0.763991 0 0 0 0 0.697638 0 0 0 0.741496 0 0 0 0 0 0 0.887072 0.632749 0 0.771905 0 0.654779 0 0 0 0 0 0 0.747469 0 0 0.793552 0 0.635388 0.84192 0 0 0.660985 0 0 0 0.715775 0.728628 0.594911 0 0 0 0 0 0.702568 0 0 0 0 0.717954 0 0 0 0 0 0 0.7574 0 0.822069 0 0 0 0.75737 0 0.627093 0 0.834127 0 0 0
0 0 0 0 0 0.738401 0.759514 0 0.652562 0 0 0 0 0 0.780111 0.6967 0 0 0 0 0.613202 0 0 0 0 0 0.798719 0.749336 0 0 0.619868 0 0 0 0.88846 0 0 0 0 0 0 0 0 0 0 0.773945 0 0 0 0 0 0.576713 0 0 0 0.712768 0.802462 0 0 0 0 0 0.590804 0.736883 0 0.847454 0.686367 0 0 0.69284 0 0 0.792698 0 0 0.867666 0 0 0 0 0 0 0 0 0 0.7574 0 0.674758 0 0 0 0.650248 0.642444 0.85137 0 0 0 0.783159 0 0
0 0 0.738542 0.577004 0 0.842245 0 0.751691 0.789774 0 0 0.762751 0 0.802224 0 0 0.644629 0 0 0.588383 0 0 0 0.725785 0 0 0 0.742443 0 0.836285 0 0.882942 0.834503 0.683206 0.816841 0.60099 0 0 0 0.781022 0.664944 0.582089 0 0 0.588284 0 0 0.724733 0 0.700524 0 0 0 0 0 0 0 0.623572 0.623576 0.816922 0.855256 0 0.699117 0 0.582695 0 0 0 0 0 0 0 0.693661 0.842838 0.812238 0.757907 0 0 0 0 0.727435 0.777609 0.656135 0.76086 0.858585 0 0.674758 0 0 0 0.719767 0.651103 0 0 0.687106 0 0 0 0 0
0 0 0 0 0 0 0 0.670896 0.816956 0 0 0.763848 0 0 0 0 0 0 0.58312 0 0 0.693855 0 0.651746 0 0.707637 0 0 0 0 0 0.747512 0 0 0 0.59988 0.742924 0.704581 0.577032 0.8474 0 0.850026 0.619843 0 0.858992 0.835919 0.794136 0 0.768226 0 0.878623 0 0 0.643836 0 0 0 0 0.655106 0 0 0 0 0 0 0 0 0 0.873008 0.642377 0 0 0 0.783244 0 0.774497 0 0 0 0 0 0.660626 0 0 0 0.822069 0 0 0 0 0 0 0.716347 0 0.846561 0 0 0.795026 0 0
0 0 0.771078 0 0 0 0.793847 0 0 0 0.873422 0 0.711284 0 0 0 0 0.860386 0 0.719807 0 0 0 0 0 0.628103 0.819829 0 0.575869 0 0.645241 0 0.85743 0 0 0 0 0 0 0.665908 0.76099 0.867437 0 0.620044 0.668591 0 0 0 0 0 0 0.825503 0 0.630965 0.862493 0.636137 0 0.830772 0 0 0.779318 0 0 0 0 0.814422 0 0.776379 0 0.722569 0.818578 0.681663 0 0 0 0 0 0 0 0.815179 0 0 0 0 0 0 0 0 0 0 0 0.672134 0 0 0 0 0 0 0 0
0.740384 0 0 0 0 0 0 0 0 0 0 0.694758 0.651695 0.825676 0.685022 0 0.647607 0 0.671069 0.597591 0 0.739424 0 0 0 0 0 0 0 0 0.755347 0 0 0 0 0 0 0.755994 0 0.609118 0 0 0.637427 0 0 0 0 0 0 0 0 0 0 0 0 0.613926 0 0 0.734304 0 0 0.774463 0.814421 0.777609 0 0.815412 0.675601 0 0 0 0 0.777151 0 0.759207 0 0 0.596196 0 0 0.621886 0.699306 0.706587 0.833979 0.793721 0 0 0 0.719767 0 0 0 0.675629 0 0.697766 0 0 0 0 0 0
0.628314 0 0 0 0 0 0 0 0 0.812268 0 0 0.70418 0.871024 0.642415 0.854182 0 0.88713 0 0 0 0.837001 0 0.692371 0 0 0 0 0.787239 0.658394 0 0 0.722421 0.635787 0 0.716565 0 0 0.753956 0 0.583269 0 0.58758 0.651885 0.67962 0 0.611238 0.685568 0 0 0.865849 0 0.698226 0.872106 0 0 0.750212 0.814342 0.890445 0 0 0 0 0.724176 0 0 0 0 0 0.633855 0 0 0 0.757363 0 0 0.756687 0 0 0.804442 0.648223 0 0 0 0 0 0.650248 0.651103 0 0.672134 0.675629 0 0 0 0 0 0 0 0 0.864385
0.831577 0 0 0 0 0 0.822808 0.639237 0 0.85867 0 0 0.721775 0 0.762813 0 0 0 0 0 0 0 0.850838 0 0 0 0.734624 0 0.785886 0.763278 0.723851 0.752023 0 0.586268 0.650289 0 0 0 0.6452 0 0.849945 0 0 0 0 0 0 0 0 0 0.729237 0.617346 0 0.692432 0.584485 0 0 0.703421 0.599286 0 0.872055 0 0 0 0 0 0 0.783728 0 0.869292 0 0 0 0.839396 0 0.588169 0 0.785695 0 0 0 0 0 0.690096 0.746322 0.75737 0.642444 0 0.716347 0 0 0 0 0 0 0 0.823255 0 0 0
0 0 0.673561 0 0.840455 0 0.872825 0 0 0 0 0 0.735513 0 0 0 0 0.803112 0 0 0 0.851747 0.590439 0 0 0 0 0 0 0 0 0.865053 0 0 0.689185 0.639268 0 0 0.762552 0.68665 0 0 0.864939 0.765084 0.766118 0 0 0.714104 0 0 0.686616 0 0.727581 0 0.692278 0 0 0 0 0 0 0.597055 0.706141 0 0 0.829636 0 0.706567 0 0 0 0.612661 0 0.852714 0.659255 0 0.665402 0.601757 0 0 0.615222 0.60605 0 0 0 0 0.85137 0 0 0 0.697766 0 0 0 0 0 0.637631 0 0 0.836143
0 0 0.800247 0 0 0 0 0 0 0.687443 0 0 0 0 0 0.69124 0 0 0.629039 0 0.774685 0 0 0 0.874668 0 0 0 0.631396 0 0 0 0 0 0.579464 0 0 0.71684 0 0 0 0 0.611936 0.758476 0 0 0 0.640862 0.793066 0 0 0.666014 0 0 0 0.600559 0 0 0 0.691534 0.786937 0 0 0 0.740733 0.706773 0 0 0.797743 0 0 0 0.574301 0.784668 0.794446 0.880725 0 0.755043 0 0 0 0.658106 0 0 0 0.627093 0 0.687106 0.846561 0 0 0 0 0 0 0.729692 0 0 0 0.777867
0.732751 0.697273 0.780258 0 0 0 0 0.841904 0 0 0 0 0.803618 0 0 0 0 0 0 0 0 0.699363 0 0 0 0 0.576304 0.71517 0 0.857344 0 0.625581 0 0 0.589247 0 0 0 0 0 0 0 0.711562 0.649077 0.703641 0 0 0 0.88607 0 0 0 0 0 0.631487 0 0 0.762628 0 0 0.835743 0 0 0 0 0.737064 0 0 0 0 0 0.775145 0.582051 0 0 0.764273 0.690915 0 0 0.581186 0 0.600466 0.721858 0 0.815285 0 0 0 0 0 0 0 0 0 0.729692 0 0 0.706851 0.630357 0
0 0 0.851135 0.714154 0 0 0 0 0 0 0 0 0 0 0 0 0 0.890187 0.63692 0 0 0.824188 0.805396 0 0 0.716055 0 0 0 0 0.723924 0.824444 0 0 0 0.647435 0 0.781183 0 0 0 0 0 0 0 0 0.720387 0 0 0.725003 0 0 0 0 0.820436 0 0 0 0 0 0 0 0 0 0 0 0.834797 0.721926 0 0.730037 0 0 0.827829 0.778117 0 0 0 0 0 0 0.862151 0.665458 0.814012 0 0 0.834127 0 0 0 0 0 0 0.823255 0.637631 0 0 0 0.725716 0.860559 0
0 0 0.89205 0 0 0 0.837476 0 0.613866 0 0.852215 0 0 0 0.688873 0 0 0 0 0 0 0.839754 0 0 0 0 0 0 0 0.634688 0.756171 0 0 0 0 0 0.613738 0 0 0 0.6762 0 0 0.760484 0.588735 0 0 0 0 0.62412 0 0.87111 0 0.687918 0.751654 0 0.867124 0.728326 0 0 0 0 0.835781 0 0 0.639583 0 0 0 0 0 0 0.86129 0 0.640679 0 0 0.59844 0 0 0 0 0 0.6864 0 0 0.783159 0 0.795026 0 0 0 0 0 0 0.706851 0.725716 0 0.873775 0
0 0 0 0 0 0.625195 0.600239 0 0 0.873668 0.613403 0 0 0 0 0 0 0 0.752209 0.739055 0 0.637511 0.660421 0 0 0 0.849641 0 0 0.866701 0 0 0.744249 0 0.785773 0 0 0 0 0 0 0 0 0 0.653368 0 0 0 0 0.85104 0 0 0.677123 0 0 0 0 0.600228 0.585102 0.891441 0 0.721177 0.608118 0 0.749618 0 0 0 0 0.683496 0.709211 0 0 0 0 0.818641 0.663529 0 0 0 0 0 0 0 0 0 0 0 0 0 0 0 0 0 0 0.630357 0.860559 0.873775 0 0
0 0 0 0 0.775008 0.746721 0 0 0 0 0 0.707577 0 0 0 0.662924 0 0 0 0 0 0.754003 0 0.832536 0 0.668473 0 0 0 0.858905 0.805744 0 0.768063 0 0 0.755037 0 0.763133 0.671939 0 0 0.838491 0 0 0 0.635978 0 0.892078 0 0.592693 0.675915 0 0 0 0.651359 0 0.763644 0.739178 0 0.62439 0 0 0 0 0 0 0 0.869708 0.576944 0 0 0 0 0 0 0.83834 0 0 0 0 0.797991 0 0.733265 0 0 0 0 0 0 0 0 0.864385 0 0.836143 0.777867 0 0 0 0 0
