50
0 0 0 0 0 0 0.235892 0 0 0 0 0 0 0 0 0 0 0 0 0 0 0 0 0 0 0 0 0 0 0.270368 0 0.876563 0 0 0 0 0 0 0.864603 0 0 0 0 0 0 0 0 0 0 0.50917
0 0 0 0 0 0 0 0 0.452804 0.259919 0.621764 0 0 0 0.364941 0 0 0 0 0 0 0.108003 0 0 0 0 0 0 0 0 0 0 0 0 0 0 0.497316 0 0 0 0.210928 0 0 0 0 0 0 0 0 0
0 0 0 0 0 0 0 0 0 0 0 0 0 0 0 0 0 0 0 0.514563 0.618728 0 0 0 0 0 0 0 0 0 0 0 0 0 0 0 0 0 0 0 0 0 0 0 0.532913 0 0 0 0 0
0 0 0 0 0 0.708528 0 0 0 0 0 0 0 0 0 0 0 0 0 0 0 0 0 0 0.233498 0 0 0 0 0 0 0 0 0 0 0 0 0 0 0 0 0 0 0 0 0 0 0 0 0
0 0 0 0 0 0 0 0 0.341002 0 0 0 0.28522 0 0 0 0.247027 0 0 0 0 0 0 0 0 0.410371 0 0 0 0.849857 0 0 0 0 0 0 0 0 0 0 0 0 0 0 0 0 0 0 0 0.368585
0 0 0 0.708528 0 0 0 0 0.481309 0 0 0 0 0 0 0 0 0 0 0 0 0 0 0 0.656349 0 0 0 0.909141 0 0 0 0 0 0 0 0 0 0 0 0 0 0 0 0 0 0 0 0 0
0.235892 0 0 0 0 0 0 0 0 0 0 0 0 0 0 0 0 0 0 0 0 0 0 0 0 0 0 0 0 0 0 0 0 0 0 0 0 0 0.684255 0 0 0 0 0 0 0.362275 0 0 0 0
0 0 0 0 0 0 0 0 0 0 0 0 0 0 0 0 0 0 0.188548 0 0 0 0 0 0 0 0 0 0 0 0 0 0 0 0 0 0 0 0 0 0 0.264373 0 0 0.40636 0 0 0 0 0
0 0.452804 0 0 0.341002 0.481309 0 0 0 0 0 0 0 0 0 0 0 0 0 0 0 0 0 0 0 0 0.50033 0 0 0 0 0 0 0 0 0 0 0 0 0 0 0 0 0 0 0 0 0 0 0
0 0.259919 0 0 0 0 0 0 0 0 0.855698 0 0 0 0 0 0 0 0 0 0 0 0 0 0.824914 0 0 0 0 0 0 0.809526 0 0 0 0 0 0 0 0 0 0 0 0 0 0 0 0.216759 0 0
0 0.621764 0 0 0 0 0 0 0 0.855698 0 0 0 0 0 0 0.165722 0 0 0 0 0.729566 0 0 0 0.173863 0 0 0 0 0 0 0 0 0 0 0 0 0 0.675318 0 0 0 0 0 0 0 0 0 0
0 0 0 0 0 0 0 0 0 0 0 0 0 0 0 0 0 0 0 0 0 0 0 0 0 0 0 0 0 0 0.442912 0 0 0 0 0 0 0 0 0 0 0 0 0.506651 0 0 0 0 0.572384 0
0 0 0 0 0.28522 0 0 0 0 0 0 0 0 0 0 0.401867 0 0 0 0 0 0 0 0 0 0 0 0 0 0 0 0 0 0 0 0 0 0 0 0 0 0 0 0 0 0 0 0 0 0.380572
0 0 0 0 0 0 0 0 0 0 0 0 0 0 0.173994 0 0 0 0 0.267561 0 0 0 0 0 0 0 0 0 0 0 0 0 0 0 0 0 0 0 0 0 0 0 0 0 0 0 0 0 0
0 0.364941 0 0 0 0 0 0 0 0 0 0 0 0.173994 0 0 0 0 0.209638 0 0 0 0 0 0 0.634911 0 0.903013 0 0 0 0 0 0 0 0.66865 0 0 0 0 0.528862 0 0 0 0 0 0 0 0 0
0 0 0 0 0 0 0 0 0 0 0 0 0.401867 0 0 0 0 0 0 0 0 0 0 0 0 0 0 0 0 0 0 0 0 0 0 0 0 0 0 0 0 0 0 0 0 0 0 0 0 0
0 0 0 0 0.247027 0 0 0 0 0 0.165722 0 0 0 0 0 0 0 0 0 0 0 0 0 0 0 0 0 0 0 0 0 0 0 0 0 0 0 0 0 0.840956 0 0 0 0 0 0 0 0 0
0 0 0 0 0 0 0 0 0 0 0 0 0 0 0 0 0 0 0 0 0 0.144196 0 0 0 0 0 0 0 0 0 0 0 0 0 0.601028 0 0 0 0 0 0 0 0 0 0 0 0 0 0
0 0 0 0 0 0 0 0.188548 0 0 0 0 0 0 0.209638 0 0 0 0 0 0 0 0 0 0 0 0 0 0 0 0 0 0 0 0 0 0 0 0 0 0 0 0 0 0 0 0 0 0 0
0 0 0.514563 0 0 0 0 0 0 0 0 0 0 0.267561 0 0 0 0 0 0 0 0 0 0 0 0 0 0 0 0 0 0 0 0 0.800884 0 0 0 0 0 0 0 0.800931 0 0 0 0 0 0 0
0 0 0.618728 0 0 0 0 0 0 0 0 0 0 0 0 0 0 0 0 0 0 0 0 0.77754 0 0 0.136015 0 0 0.572031 0 0 0 0 0 0.516562 0 0 0.232187 0 0 0 0 0 0 0 0 0 0 0
0 0.108003 0 0 0 0 0 0 0 0 0.729566 0 0 0 0 0 0 0.144196 0 0 0 0 0 0 0 0 0 0 0 0 0 0 0 0 0.732983 0 0 0 0 0 0 0 0 0 0 0 0 0 0 0
0 0 0 0 0 0 0 0 0 0 0 0 0 0 0 0 0 0 0 0 0 0 0 0 0 0 0 0 0 0 0 0 0 0 0 0.64885 0.447615 0 0 0 0 0 0 0 0.546496 0.192782 0 0 0 0
0 0 0 0 0 0 0 0 0 0 0 0 0 0 0 0 0 0 0 0 0.77754 0 0 0 0.47282 0 0 0 0 0 0 0 0 0 0 0 0 0 0 0 0 0 0 0 0 0 0 0 0 0
0 0 0 0.233498 0 0.656349 0 0 0 0.824914 0 0 0 0 0 0 0 0 0 0 0 0 0 0.47282 0 0.220613 0 0 0 0 0 0 0 0 0 0.0126022 0 0 0 0 0 0 0 0 0 0 0.821296 0 0 0
0 0 0 0 0.410371 0 0 0 0 0 0.173863 0 0 0 0.634911 0 0 0 0 0 0 0 0 0 0.220613 0 0.432823 0 0 0 0 0.218123 0 0 0 0 0 0 0 0 0 0 0 0 0 0 0 0 0 0
0 0 0 0 0 0 0 0 0.50033 0 0 0 0 0 0 0 0 0 0 0 0.136015 0 0 0 0 0.432823 0 0 0 0 0 0 0 0 0 0 0 0 0 0 0 0 0 0 0 0 0 0 0 0
0 0 0 0 0 0 0 0 0 0 0 0 0 0 0.903013 0 0 0 0 0 0 0 0 0 0 0 0 0 0 0 0 0 0 0 0 0.286961 0 0 0 0 0 0 0 0 0 0 0 0 0 0
0 0 0 0 0 0.909141 0 0 0 0 0 0 0 0 0 0 0 0 0 0 0 0 0 0 0 0 0 0 0 0 0 0 0 0 0 0 0 0 0.653425 0 0 0 0 0 0 0 0 0 0 0
0.270368 0 0 0 0.849857 0 0 0 0 0 0 0 0 0 0 0 0 0 0 0 0.572031 0 0 0 0 0 0 0 0 0 0 0 0 0 0 0 0 0 0 0 0 0 0 0 0 0 0 0 0 0
0 0 0 0 0 0 0 0 0 0 0 0.442912 0 0 0 0 0 0 0 0 0 0 0 0 0 0 0 0 0 0 0 0 0 0 0 0 0 0 0 0 0 0.56606 0 0 0 0 0 0 0.213316 0
0.876563 0 0 0 0 0 0 0 0 0.809526 0 0 0 0 0 0 0 0 0 0 0 0 0 0 0 0.218123 0 0 0 0 0 0 0 0 0 0 0 0.72699 0 0 0 0 0 0 0 0 0 0 0.212018 0
0 0 0 0 0 0 0 0 0 0 0 0 0 0 0 0 0 0 0 0 0 0 0 0 0 0 0 0 0 0 0 0 0 0 0 0 0 0 0 0 0 0 0 0 0.223901 0 0 0 0 0
0 0 0 0 0 0 0 0 0 0 0 0 0 0 0 0 0 0 0 0 0 0 0 0 0 0 0 0 0 0 0 0 0 0 0 0.949088 0 0 0 0 0 0 0 0.33579 0 0 0 0 0 0
0 0 0 0 0 0 0 0 0 0 0 0 0 0 0 0 0 0 0 0.800884 0 0.732983 0 0 0 0 0 0 0 0 0 0 0 0 0 0 0 0 0 0 0 0 0 0.529806 0 0 0 0 0 0
0 0 0 0 0 0 0 0 0 0 0 0 0 0 0.66865 0 0 0.601028 0 0 0.516562 0 0.64885 0 0.0126022 0 0 0.286961 0 0 0 0 0 0.949088 0 0 0 0 0 0.735836 0 0 0 0.706874 0 0 0 0 0 0
0 0.497316 0 0 0 0 0 0 0 0 0 0 0 0 0 0 0 0 0 0 0 0 0.447615 0 0 0 0 0 0 0 0 0 0 0 0 0 0 0 0 0 0 0 0 0 0 0 0 0 0 0
0 0 0 0 0 0 0 0 0 0 0 0 0 0 0 0 0 0 0 0 0 0 0 0 0 0 0 0 0 0 0 0.72699 0 0 0 0 0 0 0 0 0 0 0 0 0 0 0 0 0 0.705365
0.864603 0 0 0 0 0 0.684255 0 0 0 0 0 0 0 0 0 0 0 0 0 0.232187 0 0 0 0 0 0 0 0.653425 0 0 0 0 0 0 0 0 0 0 0 0 0 0.335294 0 0.445503 0 0 0 0 0
0 0 0 0 0 0 0 0 0 0 0.675318 0 0 0 0 0 0 0 0 0 0 0 0 0 0 0 0 0 0 0 0 0 0 0 0 0.735836 0 0 0 0 0 0 0 0 0 0 0 0 0 0
0 0.210928 0 0 0 0 0 0 0 0 0 0 0 0 0.528862 0 0.840956 0 0 0 0 0 0 0 0 0 0 0 0 0 0 0 0 0 0 0 0 0 0 0 0 0 0 0 0 0 0 0 0 0
0 0 0 0 0 0 0 0.264373 0 0 0 0 0 0 0 0 0 0 0 0 0 0 0 0 0 0 0 0 0 0 0.56606 0 0 0 0 0 0 0 0 0 0 0 0 0 0 0 0 0 0 0
0 0 0 0 0 0 0 0 0 0 0 0 0 0 0 0 0 0 0 0.800931 0 0 0 0 0 0 0 0 0 0 0 0 0 0 0 0 0 0 0.335294 0 0 0 0 0 0 0 0 0 0 0
0 0 0 0 0 0 0 0 0 0 0 0.506651 0 0 0 0 0 0 0 0 0 0 0 0 0 0 0 0 0 0 0 0 0 0.33579 0.529806 0.706874 0 0 0 0 0 0 0 0 0 0.195473 0.640741 0 0 0
0 0 0.532913 0 0 0 0 0.40636 0 0 0 0 0 0 0 0 0 0 0 0 0 0 0.546496 0 0 0 0 0 0 0 0 0 0.223901 0 0 0 0 0 0.445503 0 0 0 0 0 0 0 0 0 0 0
0 0 0 0 0 0 0.362275 0 0 0 0 0 0 0 0 0 0 0 0 0 0 0 0.192782 0 0 0 0 0 0 0 0 0 0 0 0 0 0 0 0 0 0 0 0 0.195473 0 0 0 0 0 0
0 0 0 0 0 0 0 0 0 0 0 0 0 0 0 0 0 0 0 0 0 0 0 0 0.821296 0 0 0 0 0 0 0 0 0 0 0 0 0 0 0 0 0 0 0.640741 0 0 0 0 0.664634 0
0 0 0 0 0 0 0 0 0 0.216759 0 0 0 0 0 0 0 0 0 0 0 0 0 0 0 0 0 0 0 0 0 0 0 0 0 0 0 0 0 0 0 0 0 0 0 0 0 0 0 0
0 0 0 0 0 0 0 0 0 0 0 0.572384 0 0 0 0 0 0 0 0 0 0 0 0 0 0 0 0 0 0 0.213316 0.212018 0 0 0 0 0 0 0 0 0 0 0 0 0 0 0.664634 0 0 0
0.50917 0 0 0 0.368585 0 0 0 0 0 0 0 0.380572 0 0 0 0 0 0 0 0 0 0 0 0 0 0 0 0 0 0 0 0 0 0 0 0 0.705365 0 0 0 0 0 0 0 0 0 0 0 0
