100
0 0 0 0 0 0 0 0 0 0 0 0 0 0 0 0 0.566814 0 0 0 0 0 0 0 0 0 0 0 0 0.09178 0 0 0 0 0 0 0.870385 0.200857 0 0 0.713964 0 0.908812 0 0 0 0 0 0 0 0 0 0 0.188879 0 0 0 0 0 0 0.630564 0 0 0 0 0 0 0 0 0 0 0.69701 0 0 0 0 0 0 0 0 0 0 0 0.230928 0.341492 0.924719 0 0 0 0 0.545509 0 0 0 0 0 0 0 0 0
0 0 0 0 0 0 0 0 0 0 0 0 0 0 0 0 0.154979 0 0 0 0 0 0 0 0 0 0 0 0 0 0 0 0 0 0.325774 0 0 0.593596 0.268647 0 0 0 0 0 0.866095 0 0 0 0 0 0 0 0 0.444824 0 0 0 0 0 0.674828 0 0 0 0 0 0 0 0 0 0 0.151174 0 0 0 0 0 0 0 0 0 0 0 0 0 0 0 0 0 0 0 0 0 0 0.812056 0 0 0 0 0 0
0 0 0 0 0 0 0 0 0 0 0 0 0 0 0 0 0 0 0 0 0 0 0 0 0 0 0 0 0 0 0.256113 0 0 0 0 0 0 0 0 0.485287 0 0 0 0 0.643536 0.643555 0 0 0 0 0 0 0 0 0 0 0 0 0 0 0 0 0 0 0 0 0 0 0 0 0 0 0 0 0 0 0 0 0 0 0 0 0 0 0 0 0 0 0 0 0 0 0 0 0 0 0 0 0 0
0 0 0 0 0 0 0 0 0 0 0 0 0 0.596286 0 0 0 0 0 0 0 0.556749 0 0 0.562298 0 0 0 0 0 0 0 0 0 0.346552 0.304857 0 0 0 0 0 0 0.81132 0 0 0 0 0 0 0 0 0 0 0 0 0 0 0.372328 0 0 0 0 0 0 0 0 0 0 0 0 0 0 0 0 0 0 0 0 0 0 0 0 0 0 0 0 0 0 0.744146 0.250691 0 0 0 0 0 0 0.736169 0 0 0
0 0 0 0 0 0 0 0 0 0 0 0 0.155431 0.503016 0 0 0 0 0 0 0.923175 0 0 0 0.851652 0.652279 0 0 0 0.122328 0 0 0 0 0 0 0 0 0 0 0 0 0 0 0 0 0 0 0 0.369449 0 0 0 0 0 0 0 0 0 0 0 0 0 0 0 0.232535 0 0 0 0 0 0 0 0 0 0 0 0 0 0 0 0 0 0 0 0 0.353724 0 0 0 0 0 0 0 0 0 0 0.82335 0.229952 0
0 0 0 0 0 0 0 0 0 0 0 0.554309 0 0 0 0 0 0 0 0 0 0 0 0 0 0 0 0 0.914727 0 0 0 0.207914 0 0.261568 0 0 0 0.842088 0.311425 0 0 0 0.671911 0 0 0 0 0 0 0 0 0 0 0 0 0 0 0 0 0 0 0 0 0.351162 0 0 0 0 0 0 0 0 0 0 0 0 0.892734 0 0 0 0 0.941705 0 0 0 0 0 0 0.850635 0 0 0 0 0 0 0 0 0 0
0 0 0 0 0 0 0 0 0 0 0 0 0.940818 0 0 0 0 0 0 0 1.07333 0 0 0 0 0 0 0 0 0 0 0 0 0 0 0 0 0 0 0 0 0 0 0.829848 0 0 0 0 0 0 0 0 0 0.763512 0 0 0 0 0 0 0 0 0 0 0 0 0 0 0.847936 0 0 0 0 0 0 0 0 0 0 0 0 0 0 0 0 0 0 0 0 0 0.5672 0 0 0 0 0 0 0 0 0
0 0 0 0 0 0 0 0 0 0 0 0 0 0.332323 0 0 0 0 0 0.419288 0 0 0 0 0 0 0 0 0 0 0 0 0 0 0 0 0 0 0 0 0 0 0 0 0 0 0.321191 0 0 0 0 0 0 0 0 0 0 0 0 0 0 0 0 0 0.440008 0 0 0 0 0.432919 0 0 0 0 0 0 0 0 0 0 0 0 0 0 0 0 0 0 0 0 0 0 0 0 0 0.292383 0 0 0 0
0 0 0 0 0 0 0 0 0 0 0 0 0 0 0 0 0 0 0 0 0.635736 0 0 0 0 0 0 0 0 0 0 0 0 0 0.89916 0 0 0 0 0 0 0 0 0 0 0 0 0 0 0 0 0 0 0 0 0 0 0 0 0 0 0 0 0 0 0 0 0 0 0.29064 0 0 0 0 0 0 0 0 0 0 0 0.613263 0 0 0 0 0 0 0 0 0 0 0.564455 0 0 0 0 0.502376 0 0
0 0 0 0 0 0 0 0 0 0 0 0 0 0 0 0 0 0 0 0 0 0 0 0 0 0.211949 0 0 0 0 0 0 0.691041 0 0 0 0 0 0 0 0 0 0 0 0 0 0 0 0 0 0 0 0 0 0 0 0 0 0 0 0 0 0 0 0 0 0 0 0 0 0 0 0.490937 0 0 0 0 0.672132 0 0 0 0 0 0 0 0 0 0 0 0 0.128831 0 0 0 0 0 0 0 0 0.84372
0 0 0 0 0 0 0 0 0 0 0 0 0 0 0.812815 0 0 0 0 0 0 0.789602 0 0 0 0 0 0 0 0.55047 0 0 0 0.919663 0 0 0 0 0 0 0 0.376284 0 0 0 0 0.193253 0 0 0 0 0 0 0 0 0 0 0 0 0 0 0.890817 0 0 0 0 0 0 0 0 0 0 0.752259 0 0 0 0 0 0 0 0 0 0.276593 0 0 0.669107 0 0.787711 0 0 0 0 0 0 0 0 0 0 0 0
0 0 0 0 0 0.554309 0 0 0 0 0 0 0 0 0.398931 0 0 0 0 0 0 0 0 0 0 0 0 0 0 0 0 0 0 0.289735 0 0 0.47576 0 0 0 0.513328 0 0.382664 0 0 0 0 0 0 0 0 0 0 0 0 0 0 0 0 0 0 0 0 0 0 0.856611 0 0 0 0 0 0.392999 0 0 0 0 0 0 0 0 0 0 0 0 0 0 0 0 0.503819 0 0 0 0 0 0 0 0 0 0.573071 0
0 0 0 0 0.155431 0 0.940818 0 0 0 0 0 0 0 0 0 0 0 0 0 0 0 0.436708 0 0 0 0 0 0 0 0 0 0 0 0 0 0 0 0.590796 0 0 0 0.299072 0 0 0 0 0 0 0 0 0 0 0.220637 0 0 0 0 0 0 0 0 0 0 0 0 0 0 0 0 0 0 0 0 0 0 0 0 0.866268 0.795536 0 0 0 0.492746 0 0 0 0 0 0 0 0 0 0 0 0 0 0 0 0
0 0 0 0.596286 0.503016 0 0 0.332323 0 0 0 0 0 0 0 0 0 0 0 0 0 0 0 0 0 0.164345 0 0.50967 0 0.787934 0 0 0 0 0 0 0 0 0 0 0 0 0 0 0 0 0 0 0 0 0 0 0 0 0 0 0.773128 0 0 0 0.355585 0 0 0 0 0 0 0 0 0 0 0 0 0 0 0 0 0 0 0 0 0 0 0 0 0 0 0 0 0 0 0 0 0 0 0 0 0 0 0
0 0 0 0 0 0 0 0 0 0 0.812815 0.398931 0 0 0 0 0 0.669053 0 0 0 0 0 0 0 0 0 0 0 0 0 0 0 0 0.483121 0.571265 0 0 0 0 0 0 0 0 0 0 0 0 0 0.672844 0.171736 0 0 0 0 0 0 0 0 0 0 0 0 0 0 0 0 0 0 0 0.574345 0 0 0 0 0 0 0 0 0 0 0.514607 0 0 0 0 0 0 0 0 0 0 0.419896 0 0 0 0 0 0 0
0 0 0 0 0 0 0 0 0 0 0 0 0 0 0 0 0 0 0 0 0.202527 0 0 0 0 0 0 0 0 0 0 0 0 0 0 0 0 0 0.763548 0 0 0 0.216438 0.364791 0 0 0.281067 0 0 0.787661 0 0 0 0 0.888788 0 0.0931705 0 0 0 0 0 0 0 0 0 0 0 0 0 0 0 0 0 0 0 0 0 0 0 0 0 0 0 0 0 0 0 0 0 0 0 0 0 0 0 0 0 0 0
0.566814 0.154979 0 0 0 0 0 0 0 0 0 0 0 0 0 0 0 0 0 0 0 0 0 0 0 0 0 0 0 0 0 0.270899 0 0 0 0 0.597235 0 0 0 0 0 0 0 0 0 0 0 0 0 0 0 0 0.412211 0.20906 0 0 0 0 0 0 0 0 0 0 0 0 0 0 0 0 0 0.792097 0 0 0 0 0 0 0.963664 0 0 0 0 0 0 0.417142 0 0 0 0 0 0 0 0 0.685512 0 0 0 0.616892
0 0 0 0 0 0 0 0 0 0 0 0 0 0 0.669053 0 0 0 0 0 0 0 0 0 0 0 0 0.47678 0 0 0 0 0 0 0 0 0 0 0 0 0 0 0 0 0 0 0 0 0 0.939924 0 0 0 0.71157 0 0 0 0 0 0 0 0 0.719054 0 0 0 0 0 1.03488 0 0 0 0 0 0.478377 0.67004 0 0 0.807662 0 0 0 0 0 0 0 0 0 0 0 0 0 0 0 0 0 0 0 0.341383 0
0 0 0 0 0 0 0 0 0 0 0 0 0 0 0 0 0 0 0 0 0 0 0 0 0.815923 0 0 0 0 0 0 0 0 0 0.694666 0 0 0 0 0.955194 0 0 0.280048 0 0 0 0 0 0 0 0 0 0 0 0 0 0 0.176882 0 0 0 0 0 0 0 0 0 0 0 0 0.27876 0 0 0 0 0 0 0 0 0.349969 0 0 0 0 0 0 0 0 0 0 0 0 0 0 0 0 0 0 0 0.553988
0 0 0 0 0 0 0 0.419288 0 0 0 0 0 0 0 0 0 0 0 0 0 0 0 0 0 0 0 0 0 0 0 0 0 0 0.478281 0 0 0 0 0.853178 0 0 0 0 0 0 0 0.866836 0 0 0 0.704846 0 0 0 0 0 0 0 0 0 0 0 0.507942 0 0 0.293607 0 0 0 0 0 0 0 0 0 0 0 0 0 0 0 0.197575 0 0 0 0 0 0 0 0 0 0 0 0 0 0 0 0 0
0 0 0 0 0.923175 0 1.07333 0 0.635736 0 0 0 0 0 0 0.202527 0 0 0 0 0 0 0 0 0 0 0 0 0 0 0 0 0 0 0 0 0 0 0 0 0 0 0 0 0 0 0 0 0.738034 0 0 0.975136 0 0 0 0 0 0.670263 0 0 0 0 0 0 0 0 0 0 0 0 0 0 0 0 0.869203 0 0 0 0 0 0.445399 0 0 0 0 0 0 0 0 0 0 0 1.00835 0 0 0 0 0 0 0
0 0 0 0.556749 0 0 0 0 0 0 0.789602 0 0 0 0 0 0 0 0 0 0 0 0.203632 0 0 0 0 0 0 0 0 0 0 0 0 0 0 0 0 0 0 0 0 0 0 0 0 0 0 0 0.171942 0.828407 0 0 0 0 0 0 0 0 0.756991 0 0 0 0.443003 0 0 0 0 0 0 0 0 0 0.657998 0 0 0 0 0 0 0 0 0 0 0 0 0 0 0 0 0 0 0.3614 0 0 0 0 0 0
0 0 0 0 0 0 0 0 0 0 0 0 0.436708 0 0 0 0 0 0 0 0 0.203632 0 0 0 0 0 0 0 0 0 0 0 0 0 0 0 0 0.486578 0 0 0 0 0.644413 0 0 0 0.686908 0 0 0 0 0 0 0 0 0 0 0 0 0 0 0 0 0 0 0 0 0.657067 0 0 0 0 0 0.253728 0 0 0 0.531008 0 0 0 0 0 0 0 0 0 0 0.971299 0 0 0 0 0 0 0 0 0 0
0 0 0 0 0 0 0 0 0 0 0 0 0 0 0 0 0 0 0 0 0 0 0 0 0 0 0 0 0 0.108726 0 0.409708 0 0 0 0 0 0 0 0 0 0 0 0 0 0 0 0 0 0 0 0 0 0 0 0 0 0 0 0 0 0 0 0 0 0 0 0 0 0 0 0 0 0 0 0 0 0 0 0.446984 0 0 0 0 0 0 0 0 0 0 0 0 0 0 0 0 0 0 0 0
0 0 0 0.562298 0.851652 0 0 0 0 0 0 0 0 0 0 0 0 0 0.815923 0 0 0 0 0 0 0.211407 0 0 0 0 0 0 0 0 0 0.604544 0 0 0 0 0 0 0.522593 0 0 0 0 0 0 0 0 0 0 0 0 0 0 0.116399 0 0 0 0 0 0 0 0 0 0 0 0 0 0 0 0 0 0 0 0.184115 0 0.737108 0 0 0 0 0 0 0 0 0 0 0 0 0 0 0 0 0 0 0 0
0 0 0 0 0.652279 0 0 0 0 0.211949 0 0 0 0.164345 0 0 0 0 0 0 0 0 0 0 0.211407 0 0 0.659416 0 0 0 0 0 0 0 0.745795 0 0 0 0 0 0 0 0 0 0 0 0 0 0 0 0 0 0 0 0 0.932921 0 0 0 0 0 0 0 0 0 0 0 0 0 0 0 0 0 0 0 0 0 0 0.814839 0 0 0.910421 0 0 0 0.849808 0 0 0 0.737936 0 0 0 0.791138 0 0 0 0 0
0 0 0 0 0 0 0 0 0 0 0 0 0 0 0 0 0 0 0 0 0 0 0 0 0 0 0 0 0 0 0 0 0.683857 0 0 0 0 0 0 0 0 0 0 0 0 0 0 0.361031 0 0 0.593815 0 0 0 0 0 0 0 0 0 0 0 0 0 0 0 0 0 0.582538 0 0 0 0 0.826379 0 0 0 0 0 0 0 0 0 0 0 0 0 0 0 0 0 0 0.931674 0 0 0 0 0 0 0
0 0 0 0 0 0 0 0 0 0 0 0 0 0.50967 0 0 0 0.47678 0 0 0 0 0 0 0 0.659416 0 0 0 0 0 0 0 0.913509 0 0 0 0 0 0.251468 0 0 0.5942 0 0 0 0 0 0 0 0 0 0 0.472494 0 0 0 0 0 0 0 0 0 0 0 0 0 0 0 0.650952 0.200453 0 0 0 0 0 0 0.0769558 0 0 0 0 0 0.161754 0 0 0 0 0.508448 0 0 0 0 0 0 0 0 0 0 0
0 0 0 0 0 0.914727 0 0 0 0 0 0 0 0 0 0 0 0 0 0 0 0 0 0 0 0 0 0 0 0 0.93549 0 0 0.464557 0 0 0 0 0.206854 0 0 0 0 0 0 0.629819 0 0.69097 0.880325 0.25531 0.604998 0 0 0 0.356626 0 0 0 0 0.747951 0 0 0 0 0 0 0 0 0 0 0 0 0.491613 0 0 0 0 0 0 0.177254 0 0 0.20122 0 0 0 0 0 0 0.481831 0 0 0 0 0 0 0 0 0 0
0.09178 0 0 0 0.122328 0 0 0 0 0 0.55047 0 0 0.787934 0 0 0 0 0 0 0 0 0 0.108726 0 0 0 0 0 0 0 0 0 0.293381 0 0 0 0 0 0.501279 0.122474 0 0 0 0 0 0 0.769485 0 0 0 0 0 0 0 0 0 0 0 0 0 0.237129 0 0 0 0 0 0 0.607514 0 0 0 0 0 0 0.368345 0 0.607432 0 0 0 0 0 0 0 0 0 0.159905 0 0 0 0 0 0 0 0 0 0 0 0
0 0 0.256113 0 0 0 0 0 0 0 0 0 0 0 0 0 0 0 0 0 0 0 0 0 0 0 0 0 0.93549 0 0 0 0 0 0 0 0 0 0 0 0 0 0 0.604356 0 0 0 0 0 0 0 0 0 0 0 0 0 0 0 0 0 0 0 0 0 0 0.362568 0 0 0 0 0.988819 0 0 0 0 0 0 0 0 0 0 0 0 0 0 0 0 0 0 0 0 0 0 0.469653 0 0.655359 0 0 0.339523
0 0 0 0 0 0 0 0 0 0 0 0 0 0 0 0 0.270899 0 0 0 0 0 0 0.409708 0 0 0 0 0 0 0 0 0 0 0 0.260461 0 0 0 0 0 0.572068 0 0.663127 0.488453 0 0 0 0 0 0.916423 0 0 0 0 0 0 0 0 0 0 0 0 0 0 0 0 0 0 0 0 0 0 0 0 0 0 0 0.0921235 0 0.76349 0 0 0 0 0.74874 0.844813 0 0 0 0 0 0 0 0.754005 0 0 0 0 0
0 0 0 0 0 0.207914 0 0 0 0.691041 0 0 0 0 0 0 0 0 0 0 0 0 0 0 0 0 0.683857 0 0 0 0 0 0 0 0 0 0 0 0 0 0 0 0 0 0 0 0 0 0 0 0 0 0 0 0 0 0.776303 0 0 0 0 0 0.788026 0 0 0 0.60484 0 0 0 0 0 0 0 0.439135 0 0 0 0 0 0 0 0.526641 0 0 0 0 0 0 0 0 0 0 0.668622 0 0 0 0.749278 0 0
0 0 0 0 0 0 0 0 0 0 0.919663 0.289735 0 0 0 0 0 0 0 0 0 0 0 0 0 0 0 0.913509 0.464557 0.293381 0 0 0 0 0 0 0 0 0 0 0 0 0 0 0 0 0 0 0 0 0 0 0 0 0.573108 0 0.351017 0 0 0 0 0 0 0 0.235233 0 0 0 0 0.980635 0 0 0 0 0 0.272472 0 0 0 0 0.497282 0 0 0 0 0 0 0 0 0 0 0 0 0 0 0 0 0.452609 0 0
0 0.325774 0 0.346552 0 0.261568 0 0 0.89916 0 0 0 0 0 0.483121 0 0 0 0.694666 0.478281 0 0 0 0 0 0 0 0 0 0 0 0 0 0 0 0 0 0 0.421468 0 0 0 0 0 0 0.712617 0 0 0 0 0 0 0 0 0 0 0.250035 0 0 0 0 0 0 0 0 0 0 0 0 0 0 0 0 0 0 0 0 0 0 0 0 0 0 0 0 0 0 0 0 0 0 0 0 0 0 0 0 0 0 0
0 0 0 0.304857 0 0 0 0 0 0 0 0 0 0 0.571265 0 0 0 0 0 0 0 0 0 0.604544 0.745795 0 0 0 0 0 0.260461 0 0 0 0 0 0.769939 0 0 0 0 0.519843 0.945608 0 0 0 0 0 0 0 0 0 0 0 0 0 0 0 0 0 0.479769 0 0.506933 0 0 0.921772 0 0 0 0 0.574057 0 0 0 0 0 0.696326 0 0 0 0 0 0 0.959261 0 0 0 0 0 0 0 0 0 0 0 0 0 0 0
0.870385 0 0 0 0 0 0 0 0 0 0 0.47576 0 0 0 0 0.597235 0 0 0 0 0 0 0 0 0 0 0 0 0 0 0 0 0 0 0 0 0 0 0 0 0 0 0.951611 0 0 0 0 0 0 0.778369 0 0 0 0 0 0 0 0 0.845414 0 0 0 0 0 0 0 0 0 0 0.57101 0 0.925198 0 0 0 0 0 0 0.405293 0 0 0 0 0 0 0 0.135968 0 0.999387 0 0 0 0 0 0 0 0 0 0
0.200857 0.593596 0 0 0 0 0 0 0 0 0 0 0 0 0 0 0 0 0 0 0 0 0 0 0 0 0 0 0 0 0 0 0 0 0 0.769939 0 0 0 0 0 0 0 0 0 0 0 0 0 0 0 0 0 0.874917 0 0 0 0 0 0 0 0 0 0 0 0 0 0 0 0 0 0 0 0 0 0 0 0 0 0 0 0 0 0 0 0 0 0 0 0 0 0 0 0 0 0 0.652705 0 0 0.293938
0 0.268647 0 0 0 0.842088 0 0 0 0 0 0 0.590796 0 0 0.763548 0 0 0 0 0 0 0.486578 0 0 0 0 0 0.206854 0 0 0 0 0 0.421468 0 0 0 0 0 0 0.672481 0 0 0 0 0 0.292336 0 0 0.899587 0 0 0 0.542519 0 0 0.731888 0 0 0 0 0 0 0 0 0 0 0 0 0 0.800824 0 0 0 0 0 0 0 0 0 0 0 0 0 0 0 0 0 0 0 0 0 0 0 0 0 0 0 0
0 0 0.485287 0 0 0.311425 0 0 0 0 0 0 0 0 0 0 0 0 0.955194 0.853178 0 0 0 0 0 0 0 0.251468 0 0.501279 0 0 0 0 0 0 0 0 0 0 0 0 0 0 0 0 0 0 0 0 0 0 0 0 0.273577 0 0 0 0 0 0 0 0 0 0 0 0 0 0 0.727261 0 0 0 0 0 0 0 0 0.717104 0 0.2041 0 0 0 0 0 0 0 0 0 0 1.0092 0 0.150358 0.578358 0 0 0 0 0
0.713964 0 0 0 0 0 0 0 0 0 0 0.513328 0 0 0 0 0 0 0 0 0 0 0 0 0 0 0 0 0 0.122474 0 0 0 0 0 0 0 0 0 0 0 0 0 0 0 0 0 0.685255 0 0.970986 0 0 0 0 0 0.623045 0 0 0 0 0 0 0 0 0 0 0 0 0 0.42943 0 0 0 0 0 0 0 0 0 0 0 0 0 0 0 0 0 0 0 0.470794 0.724884 0 0 0 0 0 0.846811 0 0 0
0 0 0 0 0 0 0 0 0 0 0.376284 0 0 0 0 0 0 0 0 0 0 0 0 0 0 0 0 0 0 0 0 0.572068 0 0 0 0 0 0 0.672481 0 0 0 0 0 0 0 0 0.968646 0 0 0.86047 0 0 0 0 0 0.875787 0 0 0 0 0 0 0 0 0.577359 0 0 0 0 0.117266 0 0 0 0.296057 0 0 0 0 0 0 0 0 0 0 0.508434 0 0 0 0 0 0 0 0 0.94351 0 0 0.159093 0 0
0.908812 0 0 0.81132 0 0 0 0 0 0 0 0.382664 0.299072 0 0 0.216438 0 0 0.280048 0 0 0 0 0 0.522593 0 0 0.5942 0 0 0 0 0 0 0 0.519843 0 0 0 0 0 0 0 0 0 0 0 0 0.902419 0 0 0.589829 0 0 0 0 0 0.747238 0 0 0.138621 0 0 0.208111 0 0 0.185395 0 0 0 0 0.876232 0 0 0 0 0 0 0 0 0 0 0 0 0 0 0 0 0.246401 0 0.896921 0 0.699273 0 0 0 0 0 0 0
0 0 0 0 0 0.671911 0.829848 0 0 0 0 0 0 0 0 0.364791 0 0 0 0 0 0 0.644413 0 0 0 0 0 0 0 0.604356 0.663127 0 0 0 0.945608 0.951611 0 0 0 0 0 0 0 0 0 0 0 0.755367 0 0 0.608012 0 0 0 0 0 0 0.4005 0 0 0 0 0 0 0 0 0 0 0 0 0 0 0 0 0 0 0.357968 0 0 0 0 0 0 0.578248 0 0 0 0 0.178401 0 0 0 0 0 0 0 0.389933 0.800155 0
0 0.866095 0.643536 0 0 0 0 0 0 0 0 0 0 0 0 0 0 0 0 0 0 0 0 0 0 0 0 0 0 0 0 0.488453 0 0 0 0 0 0 0 0 0 0 0 0 0 0 0 0 0 0 0 0 0 0.882616 0 0 0 0 0 0 0 0 0.918276 0 0 0 0 0 0 0 0 0.21122 0 0 0.960949 0 0 0 0 0 0 0.568276 0 0 0 0 0 0 0 0 0 0 0 0 0 0 0 0 0 0
0 0 0.643555 0 0 0 0 0 0 0 0 0 0 0 0 0 0 0 0 0 0 0 0 0 0 0 0 0 0.629819 0 0 0 0 0 0.712617 0 0 0 0 0 0 0 0 0 0 0 0 0 0 0 0 0 0 0 0 0 0 0 0.626927 0 0 0 0.725015 0 0 0 0 0 0 0 0 0 0 0 0 0 0.427372 0 0 0.217237 0 0 0 0 0 0 0 0 0 0 0 0 0 0 0 0 0.841668 0 0 0
0 0 0 0 0 0 0 0.321191 0 0 0.193253 0 0 0 0 0.281067 0 0 0 0 0 0 0 0 0 0 0 0 0 0 0 0 0 0 0 0 0 0 0 0 0 0 0 0 0 0 0 0 0 0 0.440464 0 0 0 0 0 0.447638 0.462722 0 0 0 0 0 0 0.744613 0 0 0 0 0 0 0 0 0 0 0 0 0 0 0 0 0 0 0 0 0 0 0 0 0 0 0 0 1.06267 0 0 0 0 0 0
0 0 0 0 0 0 0 0 0 0 0 0 0 0 0 0 0 0 0 0.866836 0 0 0.686908 0 0 0 0.361031 0 0.69097 0.769485 0 0 0 0 0 0 0 0 0.292336 0 0.685255 0.968646 0 0 0 0 0 0 0 0 0 0 0 0 0.13035 0 0 0 0 0 0 0 0 0 0 0 0 0.0824163 0 0 0 0.713782 0 0 0 0 0 0 0 0 0 0.42707 0 0.295063 0 0 0.519009 0 0 0 0.557353 0.441416 0 0 0 0 0 0 0 0
0 0 0 0 0 0 0 0 0 0 0 0 0 0 0 0 0 0 0 0 0.738034 0 0 0 0 0 0 0 0.880325 0 0 0 0 0 0 0 0 0 0 0 0 0 0.902419 0.755367 0 0 0 0 0 0 0 0 0 0 0.828561 0 0 0 0 0 0 0 0 0.104818 0.901055 0 0.814038 0 0 0 0 0 0 0 0 0 0 0 0 0 0 0 0 0 0 0 0 0 0 0 0 0 0 0 0 0 0 0.871394 0 0
0 0 0 0 0.369449 0 0 0 0 0 0 0 0 0 0.672844 0.787661 0 0.939924 0 0 0 0 0 0 0 0 0 0 0.25531 0 0 0 0 0 0 0 0 0 0 0 0.970986 0 0 0 0 0 0 0 0 0 0 0 0 0 0 0 0 0 0 0 0 0.144842 0 0 0 0 0 0 0.756101 0 0 0 0 0 0 0 0 0 0 0 0 0 0 0 0 0 0 0.768287 0 0 0 0 0 0 0 0 0 0 0 0
0 0 0 0 0 0 0 0 0 0 0 0 0 0 0.171736 0 0 0 0 0 0 0.171942 0 0 0 0 0.593815 0 0.604998 0 0 0.916423 0 0 0 0 0.778369 0 0.899587 0 0 0.86047 0 0 0 0 0.440464 0 0 0 0 0 0 0 0 0 0 0 0 0 0.746805 0.932379 0 0 0 0 0 0 0 0 0 0 0 0 0 0 0 0 0 0 0 0 0 0 0.902086 0 0 0 0 0 0 0 0 0 0 0 0 0 0 0
0 0 0 0 0 0 0 0 0 0 0 0 0 0 0 0 0 0 0 0.704846 0.975136 0.828407 0 0 0 0 0 0 0 0 0 0 0 0 0 0 0 0 0 0 0 0 0.589829 0.608012 0 0 0 0 0 0 0 0 0 0 0 0 0 0 0 0 0.245299 0.215802 0 0 0 0 0 0 0 0 0 0 0 0 0.933649 0 0 0 0 0 0.920701 0 0 0 0 0.575518 0 0 0 0 0 0 0.725572 0 0 0 0 0 0 0
0 0 0 0 0 0 0 0 0 0 0 0 0 0 0 0 0 0 0 0 0 0 0 0 0 0 0 0 0 0 0 0 0 0 0 0 0 0 0 0 0 0 0 0 0 0 0 0 0 0 0 0 0 0 0 0 0 0 0 0 0 0.353911 0 0 0 0 0.26075 0 0 0 0 0 0 0 0 0 0 0 0 0 0 0 0 0 0 0 0.519395 0 0 0 0.567885 0 0 0 0 0 0 0 0 0
0.188879 0.444824 0 0 0 0 0.763512 0 0 0 0 0 0.220637 0 0 0 0.412211 0.71157 0 0 0 0 0 0 0 0 0 0.472494 0 0 0 0 0 0 0 0 0 0.874917 0 0 0 0 0 0 0.882616 0 0 0 0 0 0 0 0 0 0 0.593932 0 0 0 0 0.363848 0 0 0 0 0 0 0.405879 0 0 0 0 0 0.91909 0 0 0 0.921905 0 0 0 0 0 0 0 0 0 0 0 0 0 0 0 0 0 0 0 0.545179 0 0
0 0 0 0 0 0 0 0 0 0 0 0 0 0 0 0.888788 0.20906 0 0 0 0 0 0 0 0 0 0 0 0.356626 0 0 0 0 0.573108 0 0 0 0 0.542519 0.273577 0 0 0 0 0 0 0 0.13035 0.828561 0 0 0 0 0 0 0 0 0 0 0 0 0.751853 0 0 0 0 0 0.528105 0 0 0 0.939235 0.172146 0 0.697798 0 0 0 0 0 0 0 0 0 0 0 0 0 0.377469 0 0 0 0 0 0 0 0.566267 0 0 0
0 0 0 0 0 0 0 0 0 0 0 0 0 0 0 0 0 0 0 0 0 0 0 0 0 0 0 0 0 0 0 0 0 0 0 0 0 0 0 0 0.623045 0 0 0 0 0 0 0 0 0 0 0 0 0.593932 0 0 0 0.526367 0 0 0 0 0 0 0 0 0 0 0 0 0 0 0 0 0 0 0 0 0 0 0 0 0 0 0.772738 0 0.743945 0 0 0 0 0 0 0 0 0 0 0 0 0
0 0 0 0 0 0 0 0 0 0 0 0 0 0.773128 0 0.0931705 0 0 0 0 0 0 0 0 0 0.932921 0 0 0 0 0 0 0.776303 0.351017 0.250035 0 0 0 0 0 0 0.875787 0 0 0 0 0.447638 0 0 0 0 0 0 0 0 0 0 0 0 0 0 0 0 0 0 0 0.593514 0.964178 0 0 0.67487 0 0 0 0.502013 0 0 0 0.466136 0 0 0 0 0 0 0 0 0.26443 0 0 0 0 0.573033 0 0 0 0 0.641176 0 0
0 0 0 0.372328 0 0 0 0 0 0 0 0 0 0 0 0 0 0 0.176882 0 0.670263 0 0 0 0.116399 0 0 0 0 0 0 0 0 0 0 0 0 0 0.731888 0 0 0 0.747238 0 0 0 0.462722 0 0 0 0 0 0 0 0 0.526367 0 0 0 0 0 0 0 0 0 0 0.627229 0 0 0 0 0 0 0.176732 0 0 0 0 0 0 0 0 0 0 0 0 0 0.517257 0 0 0 0 0 0 0 0 0 0 0 0
0 0 0 0 0 0 0 0 0 0 0 0 0 0 0 0 0 0 0 0 0 0 0 0 0 0 0 0 0 0 0 0 0 0 0 0 0 0 0 0 0 0 0 0.4005 0 0.626927 0 0 0 0 0 0 0 0 0 0 0 0 0 0 0 0 0 0 0 0 0 0 0 0 0 0 0 0.755603 0 0 0 0 0.220488 0 0 0 0 0.196029 0 0 0.303849 0 0 0 0 0 0 0 0 0 0 0 0 0
0 0.674828 0 0 0 0 0 0 0 0 0 0 0 0 0 0 0 0 0 0 0 0 0 0 0 0 0 0 0.747951 0 0 0 0 0 0 0 0.845414 0 0 0 0 0 0 0 0 0 0 0 0 0 0 0 0 0 0 0 0 0 0 0 0 0 0 0 0 0 0 0 0 0 0 0 0 0 0 0 0 0.902616 0 0 0 0 0 0 0 0 0 0 0.436212 0 0 0 0 0 0 0 0 0 0 0
0.630564 0 0 0 0 0 0 0 0 0 0 0 0 0.355585 0 0 0 0 0 0 0 0.756991 0 0 0 0 0 0 0 0 0 0 0 0 0 0 0 0 0 0 0 0 0.138621 0 0 0 0 0 0 0 0.746805 0.245299 0 0.363848 0 0 0 0 0 0 0 0 0 0 0 0 0 0 0 0 0 0 0 0 0 0 0.535294 0 0 0 0.625492 0 0 0 0 0 0 0 0 0 0 0 0 0 0 0 0 0 0 0
0 0 0 0 0 0 0 0 0 0 0.890817 0 0 0 0 0 0 0 0 0 0 0 0 0 0 0 0 0 0 0.237129 0 0 0 0 0 0.479769 0 0 0 0 0 0 0 0 0 0 0 0 0 0.144842 0.932379 0.215802 0.353911 0 0.751853 0 0 0 0 0 0 0 0 0 0 0.84375 0 0 0 0 0.887242 0 0 0 0 0 0 0 0 0 0 0 0 0 0 0 0 0 0 0 0 0 0 0 0 0 0 0 0 0
0 0 0 0 0 0 0 0 0 0 0 0 0 0 0 0 0 0.719054 0 0 0 0 0 0 0 0 0 0 0 0 0 0 0.788026 0 0 0 0 0 0 0 0 0 0 0 0.918276 0.725015 0 0 0 0 0 0 0 0 0 0 0 0 0 0 0 0 0 0 0 0 0 0 0 0 0 0 0 0 0 0.535552 0 0 0 0 0 0 0 0 0 0 0.258871 0 0 0 0 0 0 0 0 0 0 0 0 0
0 0 0 0 0 0 0 0 0 0 0 0 0 0 0 0 0 0 0 0.507942 0 0 0 0 0 0 0 0 0 0 0 0 0 0 0 0.506933 0 0 0 0 0 0 0.208111 0 0 0 0 0 0.104818 0 0 0 0 0 0 0 0 0 0 0 0 0 0 0 0 0 0.915268 0 0 0 0 0 0 0 0.734854 0 0 0 0 0 0 0 0 0 0 0.382574 0 0 0 0 0 0 0 0 0 0 0 0 0.70225 0
0 0 0 0 0 0.351162 0 0.440008 0 0 0 0 0 0 0 0 0 0 0 0 0 0.443003 0 0 0 0 0 0 0 0 0 0 0 0.235233 0 0 0 0 0 0 0 0 0 0 0 0 0.744613 0 0.901055 0 0 0 0 0 0 0 0 0 0 0 0 0 0 0 0 0 0 0 0 0 0 0.252732 0 0 0 0 0 0 0 0 0 0 0 0 0 0 0 0 0 0 0.615537 0 0 0 0 0 0 0 0 0
0 0 0 0 0.232535 0 0 0 0 0 0 0.856611 0 0 0 0 0 0 0 0 0 0 0 0 0 0 0 0 0 0 0 0 0 0 0 0 0 0 0 0 0 0.577359 0 0 0 0 0 0 0 0 0 0 0 0 0 0 0 0 0 0 0 0.84375 0 0 0 0 0 0 0 0 0 0 0 0 0.352567 0 0 0 0 0 0 0 0 0 0.583055 0 0 0.731333 0 0 0.289469 0 0 0 0 0 0 0 0 0
0 0 0 0 0 0 0 0 0 0 0 0 0 0 0 0 0 0 0 0.293607 0 0 0 0 0 0 0 0 0 0 0.362568 0 0.60484 0 0 0.921772 0 0 0 0 0 0 0.185395 0 0 0 0 0 0.814038 0 0 0 0.26075 0 0 0 0.593514 0.627229 0 0 0 0 0 0.915268 0 0 0 0 0 0 0 0 0 0 0 0.999459 0 0 0 0 0 0 0 0 0 0 0 0 0 0 0 0.258858 0 0 0 0.321886 0 0 0 0
0 0 0 0 0 0 0 0 0 0 0 0 0 0 0 0 0 0 0 0 0 0 0 0 0 0 0 0 0 0 0 0 0 0 0 0 0 0 0 0 0 0 0 0 0 0 0 0.0824163 0 0 0 0 0 0.405879 0.528105 0 0.964178 0 0 0 0 0 0 0 0 0 0 0 0 0 0 0 0 0 0 0.82295 0 0 0 0 0 0 0 0 0 0 0 0.445314 0 0 0 0 0 0 0 0 0 0 0 0
0 0 0 0 0 0 0.847936 0 0 0 0 0 0 0 0 0 0 1.03488 0 0 0 0 0.657067 0 0 0 0.582538 0 0 0.607514 0 0 0 0 0 0 0 0 0 0 0 0 0 0 0 0 0 0 0 0.756101 0 0 0 0 0 0 0 0 0 0 0 0 0 0 0 0 0 0 0 0 0 0 0 0 0 0 0.684493 0 0 0 0.363394 0 0 0 0 0 0 0 0.646818 0 0 0 0 0 0 0 0 0 0.768075 0
0 0 0 0 0 0 0 0.432919 0.29064 0 0 0 0 0 0 0 0 0 0 0 0 0 0 0 0 0 0 0.650952 0 0 0 0 0 0.980635 0 0 0 0 0 0.727261 0.42943 0 0 0 0 0 0 0 0 0 0 0 0 0 0 0 0 0 0 0 0 0 0 0 0 0 0 0 0 0 0 0 0 0 0 0 0 0 0 0 0 0 0 0 0 0 0 0 0 0 0 0 0 0.682702 0.923138 0 0 0 0 0
0 0.151174 0 0 0 0 0 0 0 0 0 0 0 0 0.574345 0 0 0 0.27876 0 0 0 0 0 0 0 0 0.200453 0 0 0 0 0 0 0 0 0.57101 0 0 0 0 0.117266 0 0 0 0 0 0 0 0 0 0 0 0 0 0 0.67487 0 0 0 0 0.887242 0 0 0 0 0 0 0 0 0 0 0 0 0 0 0 0 0.130941 0 0 0 0 0.868732 0 0 0 0 0.81839 0 1.02547 0 0 0 0 0.550511 0 0 0 0
0.69701 0 0 0 0 0 0 0 0 0 0 0.392999 0 0 0 0 0 0 0 0 0 0 0 0 0 0 0 0 0 0 0.988819 0 0 0 0 0.574057 0 0 0.800824 0 0 0 0.876232 0 0.21122 0 0 0.713782 0 0 0 0 0 0 0.939235 0 0 0 0 0 0 0 0 0 0.252732 0 0 0 0 0 0 0 0 0.88324 0 0 0 0 0 0 0 0 0 0 0 0 0 0 0 0 0 0 0 0.179934 0 0 0 0 0 0
0 0 0 0 0 0 0 0 0 0.490937 0.752259 0 0 0 0 0 0.792097 0 0 0 0 0 0 0 0 0 0 0 0.491613 0 0 0 0 0 0 0 0.925198 0 0 0 0 0 0 0 0 0 0 0 0 0 0 0 0 0 0.172146 0 0 0 0 0 0 0 0 0 0 0 0 0 0 0 0 0 0 0 0.616587 0 0 0 0 0 0 0 0 0 0 0 0 0.310684 0 0 0 0.765319 0 0 0 0 0 0 0 0
0 0 0 0 0 0 0 0 0 0 0 0 0 0 0 0 0 0 0 0 0 0 0 0 0 0 0.826379 0 0 0 0 0 0 0 0 0 0 0 0 0 0 0 0 0 0 0 0 0 0 0 0 0 0 0.91909 0 0 0 0.176732 0.755603 0 0 0 0 0 0 0 0 0 0 0 0 0.88324 0 0 0 0 0 0 0 0 0 0 0 0.210705 0 0 0 0 0 0 0 0 0 0 0 0 0 0 0 0
0 0 0 0 0 0 0 0 0 0 0 0 0 0 0 0 0 0.478377 0 0 0.869203 0.657998 0.253728 0 0 0 0 0 0 0 0 0 0.439135 0 0 0 0 0 0 0 0 0.296057 0 0 0.960949 0 0 0 0 0 0 0.933649 0 0 0.697798 0 0.502013 0 0 0 0 0 0 0.734854 0 0.352567 0 0 0 0 0 0 0.616587 0 0 0 0 0 0.301574 0 0 0 0.903565 0 0 0 0 0 0 0 0 0 0 0 0.814997 0 0.541184 0 0.837548 0
0 0 0 0 0 0 0 0 0 0 0 0 0 0 0 0 0 0.67004 0 0 0 0 0 0 0 0 0 0 0 0.368345 0 0 0 0.272472 0 0 0 0 0 0 0 0 0 0 0 0 0 0 0 0 0 0 0 0 0 0 0 0 0 0 0 0 0.535552 0 0 0 0.999459 0.82295 0 0 0 0 0 0 0 0 0 0 0 0 0 0 0 0 0 0 0 0 0 0 0 0 0 0 0 0 0 0 0 0
0 0 0 0 0 0 0 0 0 0 0 0 0 0 0 0 0 0 0 0 0 0 0 0 0 0 0 0 0 0 0 0 0 0 0 0 0 0 0 0 0 0 0 0 0 0.427372 0 0 0 0 0 0 0 0 0 0 0 0 0 0 0.535294 0 0 0 0 0 0 0 0.684493 0 0 0 0 0 0 0 0 0 0 0 0 0 0 0 0 0 0 0 0 0 0 0 0 0 0 0 0 0 0.736464 0
0 0 0 0 0 0.892734 0 0 0 0.672132 0 0 0 0 0 0 0 0 0 0 0 0 0 0 0.184115 0 0 0.0769558 0 0.607432 0 0 0 0 0 0.696326 0 0 0 0 0 0 0 0.357968 0 0 0 0 0 0 0 0 0 0.921905 0 0 0 0 0 0.902616 0 0 0 0 0 0 0 0 0 0 0 0 0 0 0 0 0 0 0.142232 0 0 0 0 0 0 0 0.670892 0 0 0 0 0 0 0 0 0 0.305871 0 0 0
0 0 0 0 0 0 0 0 0 0 0 0 0.866268 0 0 0 0 0.807662 0 0 0 0 0.531008 0 0 0 0 0 0 0 0 0.0921235 0 0 0 0 0 0 0 0.717104 0 0 0 0 0 0 0 0 0 0 0 0 0 0 0 0 0.466136 0 0.220488 0 0 0 0 0 0 0 0 0 0 0 0.130941 0 0 0 0.301574 0 0 0.142232 0 0.905861 0 0.388157 0 0 0 0 0 0 0 0.623082 0.390113 0 0 0.739638 0.899964 0 0 0 0 0
0 0 0 0 0 0 0 0 0 0 0 0 0.795536 0 0 0 0.963664 0 0.349969 0 0 0 0 0.446984 0.737108 0.814839 0 0 0.177254 0 0 0 0 0 0 0 0.405293 0 0 0 0 0 0 0 0 0.217237 0 0 0 0 0 0 0 0 0 0 0 0 0 0 0 0 0 0 0 0 0 0 0 0 0 0 0 0 0 0 0 0 0.905861 0 0 0 0 0 0 0 0 0 0 0 0 0 0 0 0 0 0.72046 0 0 0
0 0 0 0 0 0 0 0 0 0 0 0 0 0 0 0 0 0 0 0 0.445399 0 0 0 0 0 0 0 0 0 0 0.76349 0 0.497282 0 0 0 0 0 0.2041 0 0 0 0 0 0 0 0 0 0 0 0.920701 0 0 0 0 0 0 0 0 0.625492 0 0 0 0 0 0 0 0.363394 0 0 0 0 0 0 0 0 0 0 0 0 0 0 0 0 0 0.246891 0 0 0 0 0 0 0 0 0 0 0 0 0
0 0 0 0 0 0 0 0 0.613263 0 0 0 0 0 0.514607 0 0 0 0 0 0 0 0 0 0 0 0 0 0 0 0 0 0 0 0 0 0 0 0 0 0 0 0 0 0.568276 0 0 0.42707 0 0 0 0 0 0 0 0 0 0 0 0 0 0 0 0 0 0 0 0 0 0 0 0 0 0 0 0 0 0 0.388157 0 0 0 0 0.540741 0 0 0 0 0 0 0 0 0 0 0 0 0 0.846808 0 0
0 0 0 0 0 0.941705 0 0 0 0 0.276593 0 0 0 0 0 0 0 0 0.197575 0 0 0 0 0 0.910421 0 0 0.20122 0 0 0 0.526641 0 0 0 0 0 0 0 0 0 0 0 0 0 0 0 0 0 0 0 0 0 0 0 0 0 0 0 0 0 0 0 0 0 0 0 0 0 0 0 0 0 0.903565 0 0 0 0 0 0 0 0 0.209827 0 0 0 0 0 0 0 0 0 0 0 0 0 0 0 0
0.230928 0 0 0 0 0 0 0 0 0 0 0 0.492746 0 0 0 0 0 0 0 0 0 0 0 0 0 0 0.161754 0 0 0 0 0 0 0 0 0 0 0 0 0 0 0 0 0 0 0 0.295063 0 0 0 0 0 0 0 0 0 0 0.196029 0 0 0 0 0 0 0 0 0 0 0 0.868732 0 0 0.210705 0 0 0 0 0 0 0 0.540741 0.209827 0 0 0 0 0.689579 0 0 0 0 0 0 0 0 0.560813 0 0 0
0.341492 0 0 0 0 0 0 0 0 0 0 0 0 0 0 0 0 0 0 0 0 0 0 0 0 0 0 0 0 0 0 0 0 0 0 0.959261 0 0 0 0 0 0 0 0.578248 0 0 0 0 0 0 0.902086 0 0 0 0 0.772738 0 0 0 0 0 0 0 0 0 0.583055 0 0 0 0 0 0 0 0 0 0 0 0 0 0 0 0 0 0 0 0 0 0 0.817623 0 0.840577 0.107778 0 0 0 0 0 0 0 0
0.924719 0 0 0 0 0 0 0 0 0 0.669107 0 0 0 0 0 0 0 0 0 0 0 0 0 0 0 0 0 0 0 0 0.74874 0 0 0 0 0 0 0 0 0 0.508434 0 0 0 0 0 0 0 0 0 0.575518 0 0 0 0 0 0 0 0 0 0 0 0.382574 0 0 0 0 0 0 0 0 0 0 0 0 0 0 0 0 0 0 0 0 0 0 0 0 0 0 0.0673034 0 0 0 0 0 0 0 0 0
0 0 0 0 0.353724 0 0 0 0 0 0 0 0 0 0 0 0.417142 0 0 0 0 0 0 0 0 0.849808 0 0 0 0 0 0.844813 0 0 0 0 0 0 0 0 0 0 0 0 0 0 0 0.519009 0 0 0 0 0.519395 0 0 0.743945 0 0 0.303849 0 0 0 0.258871 0 0 0 0 0 0 0 0 0 0 0 0 0 0 0.670892 0 0 0.246891 0 0 0 0 0 0 0 0 0 0 0 0 0 0 0 0.181498 0 0 0
0 0 0 0 0 0 0 0 0 0 0.787711 0 0 0 0 0 0 0 0 0 0 0 0 0 0 0 0 0 0 0.159905 0 0 0 0 0 0 0.135968 0 0 0 0 0 0 0 0 0 0 0 0 0.768287 0 0 0 0 0 0 0.26443 0.517257 0 0 0 0 0 0 0 0.731333 0 0.445314 0 0 0 0 0.310684 0 0 0 0 0 0 0 0 0 0 0.689579 0 0 0 0 0 0 0 0 0 0 0 0 0 0 0 0
0 0 0 0.744146 0 0 0 0 0 0 0 0.503819 0 0 0 0 0 0 0 0 0 0 0 0 0 0 0 0.508448 0 0 0 0 0 0 0 0 0 0 0 0 0 0 0.246401 0 0 0 0 0 0 0 0 0 0 0 0.377469 0 0 0 0 0.436212 0 0 0 0 0 0 0 0 0.646818 0 0.81839 0 0 0 0 0 0 0 0 0 0 0 0 0 0.817623 0 0 0 0 0 0 0 0 0 0 0 0 0 0 0
0 0 0 0.250691 0 0.850635 0 0 0 0 0 0 0 0 0 0 0 0 0 0 0 0 0.971299 0 0 0 0 0 0.481831 0 0 0 0 0 0 0 0.999387 0 0 0 0.470794 0 0 0.178401 0 0 0 0 0 0 0 0 0 0 0 0 0 0 0 0 0 0 0 0 0 0 0 0 0 0 0 0 0 0 0 0 0 0 0.623082 0 0 0 0 0 0 0 0 0 0 0 0 0 0 0 0 0.757573 0 0.547351 0 0
0.545509 0 0 0 0 0 0.5672 0 0 0.128831 0 0 0 0 0 0 0 0 0 0 0 0 0 0 0 0.737936 0 0 0 0 0 0 0 0 0 0 0 0 0 0 0.724884 0 0.896921 0 0 0 0 0.557353 0 0 0 0 0.567885 0 0 0 0 0 0 0 0 0 0 0 0.615537 0.289469 0 0 0 0 1.02547 0 0 0 0 0 0 0 0.390113 0 0 0 0 0 0.840577 0.0673034 0 0 0 0 0 0 0 0 0 0 0 0 0 0
0 0 0 0 0 0 0 0 0 0 0 0 0 0 0 0 0 0 0 0 0 0 0 0 0 0 0 0 0 0 0 0 0 0 0 0 0 0 0 1.0092 0 0 0 0 0 0 0 0.441416 0 0 0 0 0 0 0 0 0 0 0 0 0 0 0 0 0 0 0.258858 0 0 0 0 0 0.765319 0 0 0 0 0 0 0 0 0 0 0 0.107778 0 0 0 0 0 0 0 0 0.378011 0 0 0 0 0 0
0 0 0 0 0 0 0 0 0.564455 0 0 0 0 0 0.419896 0 0 0 0 0 1.00835 0 0 0 0 0 0.931674 0 0 0 0 0 0 0 0 0 0 0 0 0 0 0 0.699273 0 0 0 0 0 0 0 0 0.725572 0 0 0 0 0.573033 0 0 0 0 0 0 0 0 0 0 0 0 0 0 0 0 0 0 0 0 0 0 0 0 0 0 0 0 0 0 0 0 0 0 0 0 0 0 0 0 0 0 0
0 0.812056 0 0 0 0 0 0 0 0 0 0 0 0 0 0 0 0 0 0 0 0.3614 0 0 0 0 0 0 0 0 0 0 0.668622 0 0 0 0 0 0 0.150358 0 0 0 0 0 0 1.06267 0 0 0 0 0 0 0 0 0 0 0 0 0 0 0 0 0 0 0 0 0 0 0.682702 0 0.179934 0 0 0 0 0 0 0.739638 0 0 0 0 0 0 0 0 0 0 0 0 0.378011 0 0 0 0 0 0 0 0
0 0 0 0 0 0 0 0 0 0 0 0 0 0 0 0 0 0 0 0 0 0 0 0 0 0.791138 0 0 0 0 0.469653 0.754005 0 0 0 0 0 0 0 0.578358 0 0.94351 0 0 0 0 0 0 0 0 0 0 0 0 0 0 0 0 0 0 0 0 0 0 0 0 0 0 0 0.923138 0 0 0 0 0.814997 0 0 0 0.899964 0 0 0 0 0 0 0 0 0 0 0 0 0 0 0 0 0 0 0 0.27794 0
0 0 0 0 0 0 0 0.292383 0 0 0 0 0 0 0 0 0.685512 0 0 0 0 0 0 0 0 0 0 0 0 0 0 0 0 0 0 0 0 0 0 0 0 0 0 0 0 0 0 0 0 0 0 0 0 0 0 0 0 0 0 0 0 0 0 0 0 0 0.321886 0 0 0 0.550511 0 0 0 0 0 0 0 0 0 0 0 0 0 0 0 0 0 0 0.757573 0 0 0 0 0 0 0 0 0 0
0 0 0 0.736169 0 0 0 0 0 0 0 0 0 0 0 0 0 0 0 0 0 0 0 0 0 0 0 0 0 0 0.655359 0 0 0 0 0 0 0.652705 0 0 0.846811 0 0 0 0 0.841668 0 0 0 0 0 0 0 0 0.566267 0 0 0 0 0 0 0 0 0 0 0 0 0 0 0 0 0 0 0 0.541184 0 0 0.305871 0 0.72046 0 0 0 0.560813 0 0 0.181498 0 0 0 0 0 0 0 0 0 0 0.92312 0.419891 0
0 0 0 0 0.82335 0 0 0 0.502376 0 0 0 0 0 0 0 0 0 0 0 0 0 0 0 0 0 0 0 0 0 0 0 0.749278 0.452609 0 0 0 0 0 0 0 0.159093 0 0.389933 0 0 0 0 0.871394 0 0 0 0 0.545179 0 0 0.641176 0 0 0 0 0 0 0 0 0 0 0 0 0 0 0 0 0 0 0 0 0 0 0 0 0.846808 0 0 0 0 0 0 0 0.547351 0 0 0 0 0 0 0.92312 0 0 0
0 0 0 0 0.229952 0 0 0 0 0 0 0.573071 0 0 0 0 0 0.341383 0 0 0 0 0 0 0 0 0 0 0 0 0 0 0 0 0 0 0 0 0 0 0 0 0 0.800155 0 0 0 0 0 0 0 0 0 0 0 0 0 0 0 0 0 0 0 0.70225 0 0 0 0 0.768075 0 0 0 0 0 0.837548 0 0.736464 0 0 0 0 0 0 0 0 0 0 0 0 0 0 0 0 0 0.27794 0 0.419891 0 0 0.626786
0 0 0 0 0 0 0 0 0 0.84372 0 0 0 0 0 0 0.616892 0 0.553988 0 0 0 0 0 0 0 0 0 0 0 0.339523 0 0 0 0 0 0 0.293938 0 0 0 0 0 0 0 0 0 0 0 0 0 0 0 0 0 0 0 0 0 0 0 0 0 0 0 0 0 0 0 0 0 0 0 0 0 0 0 0 0 0 0 0 0 0 0 0 0 0 0 0 0 0 0 0 0 0 0 0 0.626786 0
