100
0 0 0 0 0 0 0 0 0 0 0 0 0 0 0 0 0.610088 0 0 0 0 0 0 0 0 0 0 0 0 0.178948 0 0 0 0 0 0 0.86717 0.226967 0 0 0.683493 0 0.872529 0 0 0 0 0 0 0 0 0 0 0.204795 0 0 0 0 0 0 0.644357 0 0 0 0 0 0 0 0 0 0 0.734482 0 0 0 0 0 0 0 0 0 0 0 0.239393 0.331839 0.997207 0 0 0 0 0.530056 0 0 0 0 0 0 0 0 0
0 0 0 0 0 0 0 0 0 0 0 0 0 0 0 0 0.223285 0 0 0 0 0 0 0 0 0 0 0 0 0 0 0 0 0 0.275478 0 0 0.566225 0.35222 0 0 0 0 0 0.840594 0 0 0 0 0 0 0 0 0.451415 0 0 0 0 0 0.659787 0 0 0 0 0 0 0 0 0 0 0.145808 0 0 0 0 0 0 0 0 0 0 0 0 0 0 0 0 0 0 0 0 0 0 0.814201 0 0 0 0 0 0
0 0 0 0 0 0 0 0 0 0 0 0 0 0 0 0 0 0 0 0 0 0 0 0 0 0 0 0 0 0 0.23934 0 0 0 0 0 0 0 0 0.454297 0 0 0 0 0.580915 0.614443 0 0 0 0 0 0 0 0 0 0 0 0 0 0 0 0 0 0 0 0 0 0 0 0 0 0 0 0 0 0 0 0 0 0 0 0 0 0 0 0 0 0 0 0 0 0 0 0 0 0 0 0 0 0
0 0 0 0 0 0 0 0 0 0 0 0 0 0.581405 0 0 0 0 0 0 0 0.459552 0 0 0.501553 0 0 0 0 0 0 0 0 0 0.362879 0.272211 0 0 0 0 0 0 0.896807 0 0 0 0 0 0 0 0 0 0 0 0 0 0 0.382888 0 0 0 0 0 0 0 0 0 0 0 0 0 0 0 0 0 0 0 0 0 0 0 0 0 0 0 0 0 0 0.584757 0.271353 0 0 0 0 0 0 0.71311 0 0 0
0 0 0 0 0 0 0 0 0 0 0 0 0.167483 0.53474 0 0 0 0 0 0 0.996861 0 0 0 0.83416 0.684368 0 0 0 0.152081 0 0 0 0 0 0 0 0 0 0 0 0 0 0 0 0 0 0 0 0.393898 0 0 0 0 0 0 0 0 0 0 0 0 0 0 0 0.308538 0 0 0 0 0 0 0 0 0 0 0 0 0 0 0 0 0 0 0 0 0.431379 0 0 0 0 0 0 0 0 0 0 0.771895 0.291394 0
0 0 0 0 0 0 0 0 0 0 0 0.643788 0 0 0 0 0 0 0 0 0 0 0 0 0 0 0 0 0.931892 0 0 0 0.170893 0 0.247805 0 0 0 0.93292 0.30451 0 0 0 0.63259 0 0 0 0 0 0 0 0 0 0 0 0 0 0 0 0 0 0 0 0 0.370555 0 0 0 0 0 0 0 0 0 0 0 0 0.922428 0 0 0 0 0.937652 0 0 0 0 0 0 0.740483 0 0 0 0 0 0 0 0 0 0
0 0 0 0 0 0 0 0 0 0 0 0 0.933065 0 0 0 0 0 0 0 0.984447 0 0 0 0 0 0 0 0 0 0 0 0 0 0 0 0 0 0 0 0 0 0 0.860449 0 0 0 0 0 0 0 0 0 0.719651 0 0 0 0 0 0 0 0 0 0 0 0 0 0 0.840662 0 0 0 0 0 0 0 0 0 0 0 0 0 0 0 0 0 0 0 0 0 0.568228 0 0 0 0 0 0 0 0 0
0 0 0 0 0 0 0 0 0 0 0 0 0 0.360819 0 0 0 0 0 0.439372 0 0 0 0 0 0 0 0 0 0 0 0 0 0 0 0 0 0 0 0 0 0 0 0 0 0 0.324765 0 0 0 0 0 0 0 0 0 0 0 0 0 0 0 0 0 0.479439 0 0 0 0 0.405991 0 0 0 0 0 0 0 0 0 0 0 0 0 0 0 0 0 0 0 0 0 0 0 0 0 0.315237 0 0 0 0
0 0 0 0 0 0 0 0 0 0 0 0 0 0 0 0 0 0 0 0 0.554375 0 0 0 0 0 0 0 0 0 0 0 0 0 0.906057 0 0 0 0 0 0 0 0 0 0 0 0 0 0 0 0 0 0 0 0 0 0 0 0 0 0 0 0 0 0 0 0 0 0 0.257423 0 0 0 0 0 0 0 0 0 0 0 0.593183 0 0 0 0 0 0 0 0 0 0 0.538455 0 0 0 0 0.620024 0 0
0 0 0 0 0 0 0 0 0 0 0 0 0 0 0 0 0 0 0 0 0 0 0 0 0 0.201944 0 0 0 0 0 0 0.635479 0 0 0 0 0 0 0 0 0 0 0 0 0 0 0 0 0 0 0 0 0 0 0 0 0 0 0 0 0 0 0 0 0 0 0 0 0 0 0 0.412189 0 0 0 0 0.770311 0 0 0 0 0 0 0 0 0 0 0 0 0.147894 0 0 0 0 0 0 0 0 0.789565
0 0 0 0 0 0 0 0 0 0 0 0 0 0 0.745152 0 0 0 0 0 0 0.853103 0 0 0 0 0 0 0 0.600857 0 0 0 0.907658 0 0 0 0 0 0 0 0.387946 0 0 0 0 0.275616 0 0 0 0 0 0 0 0 0 0 0 0 0 0 0.801868 0 0 0 0 0 0 0 0 0 0 0.635537 0 0 0 0 0 0 0 0 0 0.357789 0 0 0.636301 0 0.751242 0 0 0 0 0 0 0 0 0 0 0 0
0 0 0 0 0 0.643788 0 0 0 0 0 0 0 0 0.328633 0 0 0 0 0 0 0 0 0 0 0 0 0 0 0 0 0 0 0.274409 0 0 0.401765 0 0 0 0.473892 0 0.363433 0 0 0 0 0 0 0 0 0 0 0 0 0 0 0 0 0 0 0 0 0 0 0.906111 0 0 0 0 0 0.43576 0 0 0 0 0 0 0 0 0 0 0 0 0 0 0 0 0.484136 0 0 0 0 0 0 0 0 0 0.589912 0
0 0 0 0 0.167483 0 0.933065 0 0 0 0 0 0 0 0 0 0 0 0 0 0 0 0.412079 0 0 0 0 0 0 0 0 0 0 0 0 0 0 0 0.576842 0 0 0 0.225689 0 0 0 0 0 0 0 0 0 0 0.266329 0 0 0 0 0 0 0 0 0 0 0 0 0 0 0 0 0 0 0 0 0 0 0 0 0.857122 0.739502 0 0 0 0.497288 0 0 0 0 0 0 0 0 0 0 0 0 0 0 0 0
0 0 0 0.581405 0.53474 0 0 0.360819 0 0 0 0 0 0 0 0 0 0 0 0 0 0 0 0 0 0.290782 0 0.465154 0 0.788592 0 0 0 0 0 0 0 0 0 0 0 0 0 0 0 0 0 0 0 0 0 0 0 0 0 0 0.722979 0 0 0 0.424262 0 0 0 0 0 0 0 0 0 0 0 0 0 0 0 0 0 0 0 0 0 0 0 0 0 0 0 0 0 0 0 0 0 0 0 0 0 0 0
0 0 0 0 0 0 0 0 0 0 0.745152 0.328633 0 0 0 0 0 0.583891 0 0 0 0 0 0 0 0 0 0 0 0 0 0 0 0 0.44301 0.575251 0 0 0 0 0 0 0 0 0 0 0 0 0 0.702023 0.154191 0 0 0 0 0 0 0 0 0 0 0 0 0 0 0 0 0 0 0 0.63772 0 0 0 0 0 0 0 0 0 0 0.468429 0 0 0 0 0 0 0 0 0 0 0.543004 0 0 0 0 0 0 0
0 0 0 0 0 0 0 0 0 0 0 0 0 0 0 0 0 0 0 0 0.177357 0 0 0 0 0 0 0 0 0 0 0 0 0 0 0 0 0 0.732268 0 0 0 0.212418 0.360961 0 0 0.319533 0 0 0.847661 0 0 0 0 0.73934 0 0.107911 0 0 0 0 0 0 0 0 0 0 0 0 0 0 0 0 0 0 0 0 0 0 0 0 0 0 0 0 0 0 0 0 0 0 0 0 0 0 0 0 0 0 0
0.610088 0.223285 0 0 0 0 0 0 0 0 0 0 0 0 0 0 0 0 0 0 0 0 0 0 0 0 0 0 0 0 0 0.401745 0 0 0 0 0.610181 0 0 0 0 0 0 0 0 0 0 0 0 0 0 0 0 0.43319 0.152527 0 0 0 0 0 0 0 0 0 0 0 0 0 0 0 0 0 0.804581 0 0 0 0 0 0 0.892186 0 0 0 0 0 0 0.308719 0 0 0 0 0 0 0 0 0.782783 0 0 0 0.715011
0 0 0 0 0 0 0 0 0 0 0 0 0 0 0.583891 0 0 0 0 0 0 0 0 0 0 0 0 0.406193 0 0 0 0 0 0 0 0 0 0 0 0 0 0 0 0 0 0 0 0 0 0.928039 0 0 0 0.726077 0 0 0 0 0 0 0 0 0.791087 0 0 0 0 0 0.997123 0 0 0 0 0 0.450317 0.746763 0 0 0.767654 0 0 0 0 0 0 0 0 0 0 0 0 0 0 0 0 0 0 0 0.419467 0
0 0 0 0 0 0 0 0 0 0 0 0 0 0 0 0 0 0 0 0 0 0 0 0 0.845914 0 0 0 0 0 0 0 0 0 0.738468 0 0 0 0 0.901713 0 0 0.320753 0 0 0 0 0 0 0 0 0 0 0 0 0 0 0.15532 0 0 0 0 0 0 0 0 0 0 0 0 0.319219 0 0 0 0 0 0 0 0 0.398411 0 0 0 0 0 0 0 0 0 0 0 0 0 0 0 0 0 0 0 0.462824
0 0 0 0 0 0 0 0.439372 0 0 0 0 0 0 0 0 0 0 0 0 0 0 0 0 0 0 0 0 0 0 0 0 0 0 0.427399 0 0 0 0 0.855733 0 0 0 0 0 0 0 0.856063 0 0 0 0.664719 0 0 0 0 0 0 0 0 0 0 0 0.53201 0 0 0.321066 0 0 0 0 0 0 0 0 0 0 0 0 0 0 0 0.0987758 0 0 0 0 0 0 0 0 0 0 0 0 0 0 0 0 0
0 0 0 0 0.996861 0 0.984447 0 0.554375 0 0 0 0 0 0 0.177357 0 0 0 0 0 0 0 0 0 0 0 0 0 0 0 0 0 0 0 0 0 0 0 0 0 0 0 0 0 0 0 0 0.694968 0 0 0.921826 0 0 0 0 0 0.618984 0 0 0 0 0 0 0 0 0 0 0 0 0 0 0 0 0.875867 0 0 0 0 0 0.450191 0 0 0 0 0 0 0 0 0 0 0 0.956497 0 0 0 0 0 0 0
0 0 0 0.459552 0 0 0 0 0 0 0.853103 0 0 0 0 0 0 0 0 0 0 0 0.280945 0 0 0 0 0 0 0 0 0 0 0 0 0 0 0 0 0 0 0 0 0 0 0 0 0 0 0 0.0821544 0.879677 0 0 0 0 0 0 0 0 0.746639 0 0 0 0.485598 0 0 0 0 0 0 0 0 0 0.612809 0 0 0 0 0 0 0 0 0 0 0 0 0 0 0 0 0 0 0.447644 0 0 0 0 0 0
0 0 0 0 0 0 0 0 0 0 0 0 0.412079 0 0 0 0 0 0 0 0 0.280945 0 0 0 0 0 0 0 0 0 0 0 0 0 0 0 0 0.50673 0 0 0 0 0.695807 0 0 0 0.712232 0 0 0 0 0 0 0 0 0 0 0 0 0 0 0 0 0 0 0 0 0.683527 0 0 0 0 0 0.297357 0 0 0 0.493892 0 0 0 0 0 0 0 0 0 0 0.944032 0 0 0 0 0 0 0 0 0 0
0 0 0 0 0 0 0 0 0 0 0 0 0 0 0 0 0 0 0 0 0 0 0 0 0 0 0 0 0 0.282251 0 0.453554 0 0 0 0 0 0 0 0 0 0 0 0 0 0 0 0 0 0 0 0 0 0 0 0 0 0 0 0 0 0 0 0 0 0 0 0 0 0 0 0 0 0 0 0 0 0 0 0.386094 0 0 0 0 0 0 0 0 0 0 0 0 0 0 0 0 0 0 0 0
0 0 0 0.501553 0.83416 0 0 0 0 0 0 0 0 0 0 0 0 0 0.845914 0 0 0 0 0 0 0.266659 0 0 0 0 0 0 0 0 0 0.655319 0 0 0 0 0 0 0.517028 0 0 0 0 0 0 0 0 0 0 0 0 0 0 0.188927 0 0 0 0 0 0 0 0 0 0 0 0 0 0 0 0 0 0 0 0.193893 0 0.756218 0 0 0 0 0 0 0 0 0 0 0 0 0 0 0 0 0 0 0 0
0 0 0 0 0.684368 0 0 0 0 0.201944 0 0 0 0.290782 0 0 0 0 0 0 0 0 0 0 0.266659 0 0 0.594091 0 0 0 0 0 0 0 0.810062 0 0 0 0 0 0 0 0 0 0 0 0 0 0 0 0 0 0 0 0 0.984244 0 0 0 0 0 0 0 0 0 0 0 0 0 0 0 0 0 0 0 0 0 0 0.775379 0 0 0.977311 0 0 0 0.910879 0 0 0 0.81511 0 0 0 0.730014 0 0 0 0 0
0 0 0 0 0 0 0 0 0 0 0 0 0 0 0 0 0 0 0 0 0 0 0 0 0 0 0 0 0 0 0 0 0.669363 0 0 0 0 0 0 0 0 0 0 0 0 0 0 0.399645 0 0 0.533024 0 0 0 0 0 0 0 0 0 0 0 0 0 0 0 0 0 0.664746 0 0 0 0 0.799679 0 0 0 0 0 0 0 0 0 0 0 0 0 0 0 0 0 0 0.85548 0 0 0 0 0 0 0
0 0 0 0 0 0 0 0 0 0 0 0 0 0.465154 0 0 0 0.406193 0 0 0 0 0 0 0 0.594091 0 0 0 0 0 0 0 0.948292 0 0 0 0 0 0.29169 0 0 0.669179 0 0 0 0 0 0 0 0 0 0 0.487162 0 0 0 0 0 0 0 0 0 0 0 0 0 0 0 0.684072 0.151066 0 0 0 0 0 0 0.216602 0 0 0 0 0 0.155629 0 0 0 0 0.485495 0 0 0 0 0 0 0 0 0 0 0
0 0 0 0 0 0.931892 0 0 0 0 0 0 0 0 0 0 0 0 0 0 0 0 0 0 0 0 0 0 0 0 0.912497 0 0 0.416034 0 0 0 0 0.192441 0 0 0 0 0 0 0.649383 0 0.675869 0.911997 0.307076 0.657902 0 0 0 0.399649 0 0 0 0 0.771198 0 0 0 0 0 0 0 0 0 0 0 0 0.434619 0 0 0 0 0 0 0.202018 0 0 0.158489 0 0 0 0 0 0 0.539072 0 0 0 0 0 0 0 0 0 0
0.178948 0 0 0 0.152081 0 0 0 0 0 0.600857 0 0 0.788592 0 0 0 0 0 0 0 0 0 0.282251 0 0 0 0 0 0 0 0 0 0.357641 0 0 0 0 0 0.447108 0.0930791 0 0 0 0 0 0 0.788089 0 0 0 0 0 0 0 0 0 0 0 0 0 0.265793 0 0 0 0 0 0 0.731128 0 0 0 0 0 0 0.466739 0 0.514461 0 0 0 0 0 0 0 0 0 0.053399 0 0 0 0 0 0 0 0 0 0 0 0
0 0 0.23934 0 0 0 0 0 0 0 0 0 0 0 0 0 0 0 0 0 0 0 0 0 0 0 0 0 0.912497 0 0 0 0 0 0 0 0 0 0 0 0 0 0 0.609623 0 0 0 0 0 0 0 0 0 0 0 0 0 0 0 0 0 0 0 0 0 0 0.291625 0 0 0 0 1.00215 0 0 0 0 0 0 0 0 0 0 0 0 0 0 0 0 0 0 0 0 0 0 0.532854 0 0.666726 0 0 0.36825
0 0 0 0 0 0 0 0 0 0 0 0 0 0 0 0 0.401745 0 0 0 0 0 0 0.453554 0 0 0 0 0 0 0 0 0 0 0 0.204412 0 0 0 0 0 0.525459 0 0.664822 0.559958 0 0 0 0 0 0.89903 0 0 0 0 0 0 0 0 0 0 0 0 0 0 0 0 0 0 0 0 0 0 0 0 0 0 0 0.151166 0 0.757983 0 0 0 0 0.729181 0.808328 0 0 0 0 0 0 0 0.777704 0 0 0 0 0
0 0 0 0 0 0.170893 0 0 0 0.635479 0 0 0 0 0 0 0 0 0 0 0 0 0 0 0 0 0.669363 0 0 0 0 0 0 0 0 0 0 0 0 0 0 0 0 0 0 0 0 0 0 0 0 0 0 0 0 0 0.778962 0 0 0 0 0 0.826583 0 0 0 0.54863 0 0 0 0 0 0 0 0.389447 0 0 0 0 0 0 0 0.506636 0 0 0 0 0 0 0 0 0 0 0.781991 0 0 0 0.881612 0 0
0 0 0 0 0 0 0 0 0 0 0.907658 0.274409 0 0 0 0 0 0 0 0 0 0 0 0 0 0 0 0.948292 0.416034 0.357641 0 0 0 0 0 0 0 0 0 0 0 0 0 0 0 0 0 0 0 0 0 0 0 0 0.53825 0 0.30318 0 0 0 0 0 0 0 0.372343 0 0 0 0 0.970418 0 0 0 0 0 0.232781 0 0 0 0 0.466915 0 0 0 0 0 0 0 0 0 0 0 0 0 0 0 0 0.573758 0 0
0 0.275478 0 0.362879 0 0.247805 0 0 0.906057 0 0 0 0 0 0.44301 0 0 0 0.738468 0.427399 0 0 0 0 0 0 0 0 0 0 0 0 0 0 0 0 0 0 0.409028 0 0 0 0 0 0 0.653661 0 0 0 0 0 0 0 0 0 0 0.19901 0 0 0 0 0 0 0 0 0 0 0 0 0 0 0 0 0 0 0 0 0 0 0 0 0 0 0 0 0 0 0 0 0 0 0 0 0 0 0 0 0 0 0
0 0 0 0.272211 0 0 0 0 0 0 0 0 0 0 0.575251 0 0 0 0 0 0 0 0 0 0.655319 0.810062 0 0 0 0 0 0.204412 0 0 0 0 0 0.732722 0 0 0 0 0.487974 0.950788 0 0 0 0 0 0 0 0 0 0 0 0 0 0 0 0 0 0.460668 0 0.564433 0 0 0.888276 0 0 0 0 0.675413 0 0 0 0 0 0.636063 0 0 0 0 0 0 0.927106 0 0 0 0 0 0 0 0 0 0 0 0 0 0 0
0.86717 0 0 0 0 0 0 0 0 0 0 0.401765 0 0 0 0 0.610181 0 0 0 0 0 0 0 0 0 0 0 0 0 0 0 0 0 0 0 0 0 0 0 0 0 0 0.843987 0 0 0 0 0 0 0.773167 0 0 0 0 0 0 0 0 0.827917 0 0 0 0 0 0 0 0 0 0 0.552033 0 0.853582 0 0 0 0 0 0 0.412659 0 0 0 0 0 0 0 0.0921446 0 1.00613 0 0 0 0 0 0 0 0 0 0
0.226967 0.566225 0 0 0 0 0 0 0 0 0 0 0 0 0 0 0 0 0 0 0 0 0 0 0 0 0 0 0 0 0 0 0 0 0 0.732722 0 0 0 0 0 0 0 0 0 0 0 0 0 0 0 0 0 0.760521 0 0 0 0 0 0 0 0 0 0 0 0 0 0 0 0 0 0 0 0 0 0 0 0 0 0 0 0 0 0 0 0 0 0 0 0 0 0 0 0 0 0 0.612134 0 0 0.383879
0 0.35222 0 0 0 0.93292 0 0 0 0 0 0 0.576842 0 0 0.732268 0 0 0 0 0 0 0.50673 0 0 0 0 0 0.192441 0 0 0 0 0 0.409028 0 0 0 0 0 0 0.652406 0 0 0 0 0 0.35274 0 0 0.953752 0 0 0 0.489841 0 0 0.679933 0 0 0 0 0 0 0 0 0 0 0 0 0 0.858626 0 0 0 0 0 0 0 0 0 0 0 0 0 0 0 0 0 0 0 0 0 0 0 0 0 0 0 0
0 0 0.454297 0 0 0.30451 0 0 0 0 0 0 0 0 0 0 0 0 0.901713 0.855733 0 0 0 0 0 0 0 0.29169 0 0.447108 0 0 0 0 0 0 0 0 0 0 0 0 0 0 0 0 0 0 0 0 0 0 0 0 0.320868 0 0 0 0 0 0 0 0 0 0 0 0 0 0 0.746171 0 0 0 0 0 0 0 0 0.722232 0 0.171643 0 0 0 0 0 0 0 0 0 0 0.903488 0 0.127034 0.55765 0 0 0 0 0
0.683493 0 0 0 0 0 0 0 0 0 0 0.473892 0 0 0 0 0 0 0 0 0 0 0 0 0 0 0 0 0 0.0930791 0 0 0 0 0 0 0 0 0 0 0 0 0 0 0 0 0 0.776468 0 0.914161 0 0 0 0 0 0.69555 0 0 0 0 0 0 0 0 0 0 0 0 0 0.320206 0 0 0 0 0 0 0 0 0 0 0 0 0 0 0 0 0 0 0 0.481077 0.7663 0 0 0 0 0 0.839732 0 0 0
0 0 0 0 0 0 0 0 0 0 0.387946 0 0 0 0 0 0 0 0 0 0 0 0 0 0 0 0 0 0 0 0 0.525459 0 0 0 0 0 0 0.652406 0 0 0 0 0 0 0 0 0.944569 0 0 0.834473 0 0 0 0 0 0.844632 0 0 0 0 0 0 0 0 0.576081 0 0 0 0 0.12416 0 0 0 0.299452 0 0 0 0 0 0 0 0 0 0 0.476714 0 0 0 0 0 0 0 0 0.888503 0 0 0.250768 0 0
0.872529 0 0 0.896807 0 0 0 0 0 0 0 0.363433 0.225689 0 0 0.212418 0 0 0.320753 0 0 0 0 0 0.517028 0 0 0.669179 0 0 0 0 0 0 0 0.487974 0 0 0 0 0 0 0 0 0 0 0 0 0.82172 0 0 0.602651 0 0 0 0 0 0.726264 0 0 0.190299 0 0 0.204069 0 0 0.190505 0 0 0 0 0.86066 0 0 0 0 0 0 0 0 0 0 0 0 0 0 0 0 0.12498 0 0.875526 0 0.702515 0 0 0 0 0 0 0
0 0 0 0 0 0.63259 0.860449 0 0 0 0 0 0 0 0 0.360961 0 0 0 0 0 0 0.695807 0 0 0 0 0 0 0 0.609623 0.664822 0 0 0 0.950788 0.843987 0 0 0 0 0 0 0 0 0 0 0 0.735599 0 0 0.681713 0 0 0 0 0 0 0.313035 0 0 0 0 0 0 0 0 0 0 0 0 0 0 0 0 0 0 0.228932 0 0 0 0 0 0 0.591704 0 0 0 0 0.214463 0 0 0 0 0 0 0 0.278496 0.791342 0
0 0.840594 0.580915 0 0 0 0 0 0 0 0 0 0 0 0 0 0 0 0 0 0 0 0 0 0 0 0 0 0 0 0 0.559958 0 0 0 0 0 0 0 0 0 0 0 0 0 0 0 0 0 0 0 0 0 0.853048 0 0 0 0 0 0 0 0 0.880049 0 0 0 0 0 0 0 0 0.152746 0 0 0.973102 0 0 0 0 0 0 0.631734 0 0 0 0 0 0 0 0 0 0 0 0 0 0 0 0 0 0
0 0 0.614443 0 0 0 0 0 0 0 0 0 0 0 0 0 0 0 0 0 0 0 0 0 0 0 0 0 0.649383 0 0 0 0 0 0.653661 0 0 0 0 0 0 0 0 0 0 0 0 0 0 0 0 0 0 0 0 0 0 0 0.676912 0 0 0 0.633869 0 0 0 0 0 0 0 0 0 0 0 0 0 0.387058 0 0 0.221383 0 0 0 0 0 0 0 0 0 0 0 0 0 0 0 0 0.803309 0 0 0
0 0 0 0 0 0 0 0.324765 0 0 0.275616 0 0 0 0 0.319533 0 0 0 0 0 0 0 0 0 0 0 0 0 0 0 0 0 0 0 0 0 0 0 0 0 0 0 0 0 0 0 0 0 0 0.397089 0 0 0 0 0 0.46262 0.502401 0 0 0 0 0 0 0.712554 0 0 0 0 0 0 0 0 0 0 0 0 0 0 0 0 0 0 0 0 0 0 0 0 0 0 0 0 1.00227 0 0 0 0 0 0
0 0 0 0 0 0 0 0 0 0 0 0 0 0 0 0 0 0 0 0.856063 0 0 0.712232 0 0 0 0.399645 0 0.675869 0.788089 0 0 0 0 0 0 0 0 0.35274 0 0.776468 0.944569 0 0 0 0 0 0 0 0 0 0 0 0 0.138708 0 0 0 0 0 0 0 0 0 0 0 0 0.114426 0 0 0 0.68594 0 0 0 0 0 0 0 0 0 0.448649 0 0.334743 0 0 0.514031 0 0 0 0.549329 0.547397 0 0 0 0 0 0 0 0
0 0 0 0 0 0 0 0 0 0 0 0 0 0 0 0 0 0 0 0 0.694968 0 0 0 0 0 0 0 0.911997 0 0 0 0 0 0 0 0 0 0 0 0 0 0.82172 0.735599 0 0 0 0 0 0 0 0 0 0 0.873881 0 0 0 0 0 0 0 0 0.197219 0.863372 0 0.775966 0 0 0 0 0 0 0 0 0 0 0 0 0 0 0 0 0 0 0 0 0 0 0 0 0 0 0 0 0 0 0.963455 0 0
0 0 0 0 0.393898 0 0 0 0 0 0 0 0 0 0.702023 0.847661 0 0.928039 0 0 0 0 0 0 0 0 0 0 0.307076 0 0 0 0 0 0 0 0 0 0 0 0.914161 0 0 0 0 0 0 0 0 0 0 0 0 0 0 0 0 0 0 0 0 0.14856 0 0 0 0 0 0 0.891483 0 0 0 0 0 0 0 0 0 0 0 0 0 0 0 0 0 0 0.820414 0 0 0 0 0 0 0 0 0 0 0 0
0 0 0 0 0 0 0 0 0 0 0 0 0 0 0.154191 0 0 0 0 0 0 0.0821544 0 0 0 0 0.533024 0 0.657902 0 0 0.89903 0 0 0 0 0.773167 0 0.953752 0 0 0.834473 0 0 0 0 0.397089 0 0 0 0 0 0 0 0 0 0 0 0 0 0.724041 0.80663 0 0 0 0 0 0 0 0 0 0 0 0 0 0 0 0 0 0 0 0 0 0 0.914248 0 0 0 0 0 0 0 0 0 0 0 0 0 0 0
0 0 0 0 0 0 0 0 0 0 0 0 0 0 0 0 0 0 0 0.664719 0.921826 0.879677 0 0 0 0 0 0 0 0 0 0 0 0 0 0 0 0 0 0 0 0 0.602651 0.681713 0 0 0 0 0 0 0 0 0 0 0 0 0 0 0 0 0.188653 0.256482 0 0 0 0 0 0 0 0 0 0 0 0 0.899987 0 0 0 0 0 0.845839 0 0 0 0 0.588053 0 0 0 0 0 0 0.781562 0 0 0 0 0 0 0
0 0 0 0 0 0 0 0 0 0 0 0 0 0 0 0 0 0 0 0 0 0 0 0 0 0 0 0 0 0 0 0 0 0 0 0 0 0 0 0 0 0 0 0 0 0 0 0 0 0 0 0 0 0 0 0 0 0 0 0 0 0.320478 0 0 0 0 0.316449 0 0 0 0 0 0 0 0 0 0 0 0 0 0 0 0 0 0 0 0.590314 0 0 0 0.572837 0 0 0 0 0 0 0 0 0
0.204795 0.451415 0 0 0 0 0.719651 0 0 0 0 0 0.266329 0 0 0 0.43319 0.726077 0 0 0 0 0 0 0 0 0 0.487162 0 0 0 0 0 0 0 0 0 0.760521 0 0 0 0 0 0 0.853048 0 0 0 0 0 0 0 0 0 0 0.541881 0 0 0 0 0.308054 0 0 0 0 0 0 0.438147 0 0 0 0 0 0.901958 0 0 0 0.920669 0 0 0 0 0 0 0 0 0 0 0 0 0 0 0 0 0 0 0 0.525723 0 0
0 0 0 0 0 0 0 0 0 0 0 0 0 0 0 0.73934 0.152527 0 0 0 0 0 0 0 0 0 0 0 0.399649 0 0 0 0 0.53825 0 0 0 0 0.489841 0.320868 0 0 0 0 0 0 0 0.138708 0.873881 0 0 0 0 0 0 0 0 0 0 0 0 0.802856 0 0 0 0 0 0.449646 0 0 0 0.931894 0.118722 0 0.745578 0 0 0 0 0 0 0 0 0 0 0 0 0 0.460128 0 0 0 0 0 0 0 0.546244 0 0 0
0 0 0 0 0 0 0 0 0 0 0 0 0 0 0 0 0 0 0 0 0 0 0 0 0 0 0 0 0 0 0 0 0 0 0 0 0 0 0 0 0.69555 0 0 0 0 0 0 0 0 0 0 0 0 0.541881 0 0 0 0.540682 0 0 0 0 0 0 0 0 0 0 0 0 0 0 0 0 0 0 0 0 0 0 0 0 0 0 0.784599 0 0.717511 0 0 0 0 0 0 0 0 0 0 0 0 0
0 0 0 0 0 0 0 0 0 0 0 0 0 0.722979 0 0.107911 0 0 0 0 0 0 0 0 0 0.984244 0 0 0 0 0 0 0.778962 0.30318 0.19901 0 0 0 0 0 0 0.844632 0 0 0 0 0.46262 0 0 0 0 0 0 0 0 0 0 0 0 0 0 0 0 0 0 0 0.57028 1.01755 0 0 0.665678 0 0 0 0.447899 0 0 0 0.513564 0 0 0 0 0 0 0 0 0.166021 0 0 0 0 0.527239 0 0 0 0 0.723925 0 0
0 0 0 0.382888 0 0 0 0 0 0 0 0 0 0 0 0 0 0 0.15532 0 0.618984 0 0 0 0.188927 0 0 0 0 0 0 0 0 0 0 0 0 0 0.679933 0 0 0 0.726264 0 0 0 0.502401 0 0 0 0 0 0 0 0 0.540682 0 0 0 0 0 0 0 0 0 0 0.660962 0 0 0 0 0 0 0.174284 0 0 0 0 0 0 0 0 0 0 0 0 0 0.403559 0 0 0 0 0 0 0 0 0 0 0 0
0 0 0 0 0 0 0 0 0 0 0 0 0 0 0 0 0 0 0 0 0 0 0 0 0 0 0 0 0 0 0 0 0 0 0 0 0 0 0 0 0 0 0 0.313035 0 0.676912 0 0 0 0 0 0 0 0 0 0 0 0 0 0 0 0 0 0 0 0 0 0 0 0 0 0 0 0.683995 0 0 0 0 0.241923 0 0 0 0 0.176772 0 0 0.380528 0 0 0 0 0 0 0 0 0 0 0 0 0
0 0.659787 0 0 0 0 0 0 0 0 0 0 0 0 0 0 0 0 0 0 0 0 0 0 0 0 0 0 0.771198 0 0 0 0 0 0 0 0.827917 0 0 0 0 0 0 0 0 0 0 0 0 0 0 0 0 0 0 0 0 0 0 0 0 0 0 0 0 0 0 0 0 0 0 0 0 0 0 0 0 0.981972 0 0 0 0 0 0 0 0 0 0 0.540546 0 0 0 0 0 0 0 0 0 0 0
0.644357 0 0 0 0 0 0 0 0 0 0 0 0 0.424262 0 0 0 0 0 0 0 0.746639 0 0 0 0 0 0 0 0 0 0 0 0 0 0 0 0 0 0 0 0 0.190299 0 0 0 0 0 0 0 0.724041 0.188653 0 0.308054 0 0 0 0 0 0 0 0 0 0 0 0 0 0 0 0 0 0 0 0 0 0 0.537266 0 0 0 0.677467 0 0 0 0 0 0 0 0 0 0 0 0 0 0 0 0 0 0 0
0 0 0 0 0 0 0 0 0 0 0.801868 0 0 0 0 0 0 0 0 0 0 0 0 0 0 0 0 0 0 0.265793 0 0 0 0 0 0.460668 0 0 0 0 0 0 0 0 0 0 0 0 0 0.14856 0.80663 0.256482 0.320478 0 0.802856 0 0 0 0 0 0 0 0 0 0 0.874984 0 0 0 0 0.831737 0 0 0 0 0 0 0 0 0 0 0 0 0 0 0 0 0 0 0 0 0 0 0 0 0 0 0 0 0
0 0 0 0 0 0 0 0 0 0 0 0 0 0 0 0 0 0.791087 0 0 0 0 0 0 0 0 0 0 0 0 0 0 0.826583 0 0 0 0 0 0 0 0 0 0 0 0.880049 0.633869 0 0 0 0 0 0 0 0 0 0 0 0 0 0 0 0 0 0 0 0 0 0 0 0 0 0 0 0 0 0.653716 0 0 0 0 0 0 0 0 0 0 0.185044 0 0 0 0 0 0 0 0 0 0 0 0 0
0 0 0 0 0 0 0 0 0 0 0 0 0 0 0 0 0 0 0 0.53201 0 0 0 0 0 0 0 0 0 0 0 0 0 0 0 0.564433 0 0 0 0 0 0 0.204069 0 0 0 0 0 0.197219 0 0 0 0 0 0 0 0 0 0 0 0 0 0 0 0 0 0.925553 0 0 0 0 0 0 0 0.783738 0 0 0 0 0 0 0 0 0 0 0.477393 0 0 0 0 0 0 0 0 0 0 0 0 0.644203 0
0 0 0 0 0 0.370555 0 0.479439 0 0 0 0 0 0 0 0 0 0 0 0 0 0.485598 0 0 0 0 0 0 0 0 0 0 0 0.372343 0 0 0 0 0 0 0 0 0 0 0 0 0.712554 0 0.863372 0 0 0 0 0 0 0 0 0 0 0 0 0 0 0 0 0 0 0 0 0 0 0.215607 0 0 0 0 0 0 0 0 0 0 0 0 0 0 0 0 0 0 0.560342 0 0 0 0 0 0 0 0 0
0 0 0 0 0.308538 0 0 0 0 0 0 0.906111 0 0 0 0 0 0 0 0 0 0 0 0 0 0 0 0 0 0 0 0 0 0 0 0 0 0 0 0 0 0.576081 0 0 0 0 0 0 0 0 0 0 0 0 0 0 0 0 0 0 0 0.874984 0 0 0 0 0 0 0 0 0 0 0 0 0.344942 0 0 0 0 0 0 0 0 0 0.686905 0 0 0.819617 0 0 0.360455 0 0 0 0 0 0 0 0 0
0 0 0 0 0 0 0 0 0 0 0 0 0 0 0 0 0 0 0 0.321066 0 0 0 0 0 0 0 0 0 0 0.291625 0 0.54863 0 0 0.888276 0 0 0 0 0 0 0.190505 0 0 0 0 0 0.775966 0 0 0 0.316449 0 0 0 0.57028 0.660962 0 0 0 0 0 0.925553 0 0 0 0 0 0 0 0 0 0 0 0.988565 0 0 0 0 0 0 0 0 0 0 0 0 0 0 0 0.336664 0 0 0 0.254949 0 0 0 0
0 0 0 0 0 0 0 0 0 0 0 0 0 0 0 0 0 0 0 0 0 0 0 0 0 0 0 0 0 0 0 0 0 0 0 0 0 0 0 0 0 0 0 0 0 0 0 0.114426 0 0 0 0 0 0.438147 0.449646 0 1.01755 0 0 0 0 0 0 0 0 0 0 0 0 0 0 0 0 0 0 0.842125 0 0 0 0 0 0 0 0 0 0 0 0.457649 0 0 0 0 0 0 0 0 0 0 0 0
0 0 0 0 0 0 0.840662 0 0 0 0 0 0 0 0 0 0 0.997123 0 0 0 0 0.683527 0 0 0 0.664746 0 0 0.731128 0 0 0 0 0 0 0 0 0 0 0 0 0 0 0 0 0 0 0 0.891483 0 0 0 0 0 0 0 0 0 0 0 0 0 0 0 0 0 0 0 0 0 0 0 0 0 0 0.635656 0 0 0 0.365775 0 0 0 0 0 0 0 0.592778 0 0 0 0 0 0 0 0 0 0.848883 0
0 0 0 0 0 0 0 0.405991 0.257423 0 0 0 0 0 0 0 0 0 0 0 0 0 0 0 0 0 0 0.684072 0 0 0 0 0 0.970418 0 0 0 0 0 0.746171 0.320206 0 0 0 0 0 0 0 0 0 0 0 0 0 0 0 0 0 0 0 0 0 0 0 0 0 0 0 0 0 0 0 0 0 0 0 0 0 0 0 0 0 0 0 0 0 0 0 0 0 0 0 0 0.613627 0.879188 0 0 0 0 0
0 0.145808 0 0 0 0 0 0 0 0 0 0 0 0 0.63772 0 0 0 0.319219 0 0 0 0 0 0 0 0 0.151066 0 0 0 0 0 0 0 0 0.552033 0 0 0 0 0.12416 0 0 0 0 0 0 0 0 0 0 0 0 0 0 0.665678 0 0 0 0 0.831737 0 0 0 0 0 0 0 0 0 0 0 0 0 0 0 0 0.168543 0 0 0 0 0.909364 0 0 0 0 0.776911 0 1.0346 0 0 0 0 0.589977 0 0 0 0
0.734482 0 0 0 0 0 0 0 0 0 0 0.43576 0 0 0 0 0 0 0 0 0 0 0 0 0 0 0 0 0 0 1.00215 0 0 0 0 0.675413 0 0 0.858626 0 0 0 0.86066 0 0.152746 0 0 0.68594 0 0 0 0 0 0 0.931894 0 0 0 0 0 0 0 0 0 0.215607 0 0 0 0 0 0 0 0 0.952117 0 0 0 0 0 0 0 0 0 0 0 0 0 0 0 0 0 0 0 0.225828 0 0 0 0 0 0
0 0 0 0 0 0 0 0 0 0.412189 0.635537 0 0 0 0 0 0.804581 0 0 0 0 0 0 0 0 0 0 0 0.434619 0 0 0 0 0 0 0 0.853582 0 0 0 0 0 0 0 0 0 0 0 0 0 0 0 0 0 0.118722 0 0 0 0 0 0 0 0 0 0 0 0 0 0 0 0 0 0 0 0.612497 0 0 0 0 0 0 0 0 0 0 0 0 0.388997 0 0 0 0.781702 0 0 0 0 0 0 0 0
0 0 0 0 0 0 0 0 0 0 0 0 0 0 0 0 0 0 0 0 0 0 0 0 0 0 0.799679 0 0 0 0 0 0 0 0 0 0 0 0 0 0 0 0 0 0 0 0 0 0 0 0 0 0 0.901958 0 0 0 0.174284 0.683995 0 0 0 0 0 0 0 0 0 0 0 0 0.952117 0 0 0 0 0 0 0 0 0 0 0 0.162608 0 0 0 0 0 0 0 0 0 0 0 0 0 0 0 0
0 0 0 0 0 0 0 0 0 0 0 0 0 0 0 0 0 0.450317 0 0 0.875867 0.612809 0.297357 0 0 0 0 0 0 0 0 0 0.389447 0 0 0 0 0 0 0 0 0.299452 0 0 0.973102 0 0 0 0 0 0 0.899987 0 0 0.745578 0 0.447899 0 0 0 0 0 0 0.783738 0 0.344942 0 0 0 0 0 0 0.612497 0 0 0 0 0 0.34653 0 0 0 0.950964 0 0 0 0 0 0 0 0 0 0 0 0.820649 0 0.504403 0 0.812048 0
0 0 0 0 0 0 0 0 0 0 0 0 0 0 0 0 0 0.746763 0 0 0 0 0 0 0 0 0 0 0 0.466739 0 0 0 0.232781 0 0 0 0 0 0 0 0 0 0 0 0 0 0 0 0 0 0 0 0 0 0 0 0 0 0 0 0 0.653716 0 0 0 0.988565 0.842125 0 0 0 0 0 0 0 0 0 0 0 0 0 0 0 0 0 0 0 0 0 0 0 0 0 0 0 0 0 0 0 0
0 0 0 0 0 0 0 0 0 0 0 0 0 0 0 0 0 0 0 0 0 0 0 0 0 0 0 0 0 0 0 0 0 0 0 0 0 0 0 0 0 0 0 0 0 0.387058 0 0 0 0 0 0 0 0 0 0 0 0 0 0 0.537266 0 0 0 0 0 0 0 0.635656 0 0 0 0 0 0 0 0 0 0 0 0 0 0 0 0 0 0 0 0 0 0 0 0 0 0 0 0 0 0.8334 0
0 0 0 0 0 0.922428 0 0 0 0.770311 0 0 0 0 0 0 0 0 0 0 0 0 0 0 0.193893 0 0 0.216602 0 0.514461 0 0 0 0 0 0.636063 0 0 0 0 0 0 0 0.228932 0 0 0 0 0 0 0 0 0 0.920669 0 0 0 0 0 0.981972 0 0 0 0 0 0 0 0 0 0 0 0 0 0 0 0 0 0 0.195555 0 0 0 0 0 0 0 0.629748 0 0 0 0 0 0 0 0 0 0.244303 0 0 0
0 0 0 0 0 0 0 0 0 0 0 0 0.857122 0 0 0 0 0.767654 0 0 0 0 0.493892 0 0 0 0 0 0 0 0 0.151166 0 0 0 0 0 0 0 0.722232 0 0 0 0 0 0 0 0 0 0 0 0 0 0 0 0 0.513564 0 0.241923 0 0 0 0 0 0 0 0 0 0 0 0.168543 0 0 0 0.34653 0 0 0.195555 0 0.934195 0 0.392627 0 0 0 0 0 0 0 0.552107 0.28741 0 0 0.750837 0.97488 0 0 0 0 0
0 0 0 0 0 0 0 0 0 0 0 0 0.739502 0 0 0 0.892186 0 0.398411 0 0 0 0 0.386094 0.756218 0.775379 0 0 0.202018 0 0 0 0 0 0 0 0.412659 0 0 0 0 0 0 0 0 0.221383 0 0 0 0 0 0 0 0 0 0 0 0 0 0 0 0 0 0 0 0 0 0 0 0 0 0 0 0 0 0 0 0 0.934195 0 0 0 0 0 0 0 0 0 0 0 0 0 0 0 0 0 0.663073 0 0 0
0 0 0 0 0 0 0 0 0 0 0 0 0 0 0 0 0 0 0 0 0.450191 0 0 0 0 0 0 0 0 0 0 0.757983 0 0.466915 0 0 0 0 0 0.171643 0 0 0 0 0 0 0 0 0 0 0 0.845839 0 0 0 0 0 0 0 0 0.677467 0 0 0 0 0 0 0 0.365775 0 0 0 0 0 0 0 0 0 0 0 0 0 0 0 0 0 0.2059 0 0 0 0 0 0 0 0 0 0 0 0 0
0 0 0 0 0 0 0 0 0.593183 0 0 0 0 0 0.468429 0 0 0 0 0 0 0 0 0 0 0 0 0 0 0 0 0 0 0 0 0 0 0 0 0 0 0 0 0 0.631734 0 0 0.448649 0 0 0 0 0 0 0 0 0 0 0 0 0 0 0 0 0 0 0 0 0 0 0 0 0 0 0 0 0 0 0.392627 0 0 0 0 0.59885 0 0 0 0 0 0 0 0 0 0 0 0 0 0.901966 0 0
0 0 0 0 0 0.937652 0 0 0 0 0.357789 0 0 0 0 0 0 0 0 0.0987758 0 0 0 0 0 0.977311 0 0 0.158489 0 0 0 0.506636 0 0 0 0 0 0 0 0 0 0 0 0 0 0 0 0 0 0 0 0 0 0 0 0 0 0 0 0 0 0 0 0 0 0 0 0 0 0 0 0 0 0.950964 0 0 0 0 0 0 0 0 0.246158 0 0 0 0 0 0 0 0 0 0 0 0 0 0 0 0
0.239393 0 0 0 0 0 0 0 0 0 0 0 0.497288 0 0 0 0 0 0 0 0 0 0 0 0 0 0 0.155629 0 0 0 0 0 0 0 0 0 0 0 0 0 0 0 0 0 0 0 0.334743 0 0 0 0 0 0 0 0 0 0 0.176772 0 0 0 0 0 0 0 0 0 0 0 0.909364 0 0 0.162608 0 0 0 0 0 0 0 0.59885 0.246158 0 0 0 0 0.765909 0 0 0 0 0 0 0 0 0.537948 0 0 0
0.331839 0 0 0 0 0 0 0 0 0 0 0 0 0 0 0 0 0 0 0 0 0 0 0 0 0 0 0 0 0 0 0 0 0 0 0.927106 0 0 0 0 0 0 0 0.591704 0 0 0 0 0 0 0.914248 0 0 0 0 0.784599 0 0 0 0 0 0 0 0 0 0.686905 0 0 0 0 0 0 0 0 0 0 0 0 0 0 0 0 0 0 0 0 0 0 0.913033 0 0.831872 0.088529 0 0 0 0 0 0 0 0
0.997207 0 0 0 0 0 0 0 0 0 0.636301 0 0 0 0 0 0 0 0 0 0 0 0 0 0 0 0 0 0 0 0 0.729181 0 0 0 0 0 0 0 0 0 0.476714 0 0 0 0 0 0 0 0 0 0.588053 0 0 0 0 0 0 0 0 0 0 0 0.477393 0 0 0 0 0 0 0 0 0 0 0 0 0 0 0 0 0 0 0 0 0 0 0 0 0 0 0.140166 0 0 0 0 0 0 0 0 0
0 0 0 0 0.431379 0 0 0 0 0 0 0 0 0 0 0 0.308719 0 0 0 0 0 0 0 0 0.910879 0 0 0 0 0 0.808328 0 0 0 0 0 0 0 0 0 0 0 0 0 0 0 0.514031 0 0 0 0 0.590314 0 0 0.717511 0 0 0.380528 0 0 0 0.185044 0 0 0 0 0 0 0 0 0 0 0 0 0 0 0.629748 0 0 0.2059 0 0 0 0 0 0 0 0 0 0 0 0 0 0 0 0.146122 0 0 0
0 0 0 0 0 0 0 0 0 0 0.751242 0 0 0 0 0 0 0 0 0 0 0 0 0 0 0 0 0 0 0.053399 0 0 0 0 0 0 0.0921446 0 0 0 0 0 0 0 0 0 0 0 0 0.820414 0 0 0 0 0 0 0.166021 0.403559 0 0 0 0 0 0 0 0.819617 0 0.457649 0 0 0 0 0.388997 0 0 0 0 0 0 0 0 0 0 0.765909 0 0 0 0 0 0 0 0 0 0 0 0 0 0 0 0
0 0 0 0.584757 0 0 0 0 0 0 0 0.484136 0 0 0 0 0 0 0 0 0 0 0 0 0 0 0 0.485495 0 0 0 0 0 0 0 0 0 0 0 0 0 0 0.12498 0 0 0 0 0 0 0 0 0 0 0 0.460128 0 0 0 0 0.540546 0 0 0 0 0 0 0 0 0.592778 0 0.776911 0 0 0 0 0 0 0 0 0 0 0 0 0 0.913033 0 0 0 0 0 0 0 0 0 0 0 0 0 0 0
0 0 0 0.271353 0 0.740483 0 0 0 0 0 0 0 0 0 0 0 0 0 0 0 0 0.944032 0 0 0 0 0 0.539072 0 0 0 0 0 0 0 1.00613 0 0 0 0.481077 0 0 0.214463 0 0 0 0 0 0 0 0 0 0 0 0 0 0 0 0 0 0 0 0 0 0 0 0 0 0 0 0 0 0 0 0 0 0 0.552107 0 0 0 0 0 0 0 0 0 0 0 0 0 0 0 0 0.778741 0 0.60205 0 0
0.530056 0 0 0 0 0 0.568228 0 0 0.147894 0 0 0 0 0 0 0 0 0 0 0 0 0 0 0 0.81511 0 0 0 0 0 0 0 0 0 0 0 0 0 0 0.7663 0 0.875526 0 0 0 0 0.549329 0 0 0 0 0.572837 0 0 0 0 0 0 0 0 0 0 0 0.560342 0.360455 0 0 0 0 1.0346 0 0 0 0 0 0 0 0.28741 0 0 0 0 0 0.831872 0.140166 0 0 0 0 0 0 0 0 0 0 0 0 0 0
0 0 0 0 0 0 0 0 0 0 0 0 0 0 0 0 0 0 0 0 0 0 0 0 0 0 0 0 0 0 0 0 0 0 0 0 0 0 0 0.903488 0 0 0 0 0 0 0 0.547397 0 0 0 0 0 0 0 0 0 0 0 0 0 0 0 0 0 0 0.336664 0 0 0 0 0 0.781702 0 0 0 0 0 0 0 0 0 0 0 0.088529 0 0 0 0 0 0 0 0 0.478536 0 0 0 0 0 0
0 0 0 0 0 0 0 0 0.538455 0 0 0 0 0 0.543004 0 0 0 0 0 0.956497 0 0 0 0 0 0.85548 0 0 0 0 0 0 0 0 0 0 0 0 0 0 0 0.702515 0 0 0 0 0 0 0 0 0.781562 0 0 0 0 0.527239 0 0 0 0 0 0 0 0 0 0 0 0 0 0 0 0 0 0 0 0 0 0 0 0 0 0 0 0 0 0 0 0 0 0 0 0 0 0 0 0 0 0 0
0 0.814201 0 0 0 0 0 0 0 0 0 0 0 0 0 0 0 0 0 0 0 0.447644 0 0 0 0 0 0 0 0 0 0 0.781991 0 0 0 0 0 0 0.127034 0 0 0 0 0 0 1.00227 0 0 0 0 0 0 0 0 0 0 0 0 0 0 0 0 0 0 0 0 0 0 0.613627 0 0.225828 0 0 0 0 0 0 0.750837 0 0 0 0 0 0 0 0 0 0 0 0 0.478536 0 0 0 0 0 0 0 0
0 0 0 0 0 0 0 0 0 0 0 0 0 0 0 0 0 0 0 0 0 0 0 0 0 0.730014 0 0 0 0 0.532854 0.777704 0 0 0 0 0 0 0 0.55765 0 0.888503 0 0 0 0 0 0 0 0 0 0 0 0 0 0 0 0 0 0 0 0 0 0 0 0 0 0 0 0.879188 0 0 0 0 0.820649 0 0 0 0.97488 0 0 0 0 0 0 0 0 0 0 0 0 0 0 0 0 0 0 0 0.208977 0
0 0 0 0 0 0 0 0.315237 0 0 0 0 0 0 0 0 0.782783 0 0 0 0 0 0 0 0 0 0 0 0 0 0 0 0 0 0 0 0 0 0 0 0 0 0 0 0 0 0 0 0 0 0 0 0 0 0 0 0 0 0 0 0 0 0 0 0 0 0.254949 0 0 0 0.589977 0 0 0 0 0 0 0 0 0 0 0 0 0 0 0 0 0 0 0.778741 0 0 0 0 0 0 0 0 0 0
0 0 0 0.71311 0 0 0 0 0 0 0 0 0 0 0 0 0 0 0 0 0 0 0 0 0 0 0 0 0 0 0.666726 0 0 0 0 0 0 0.612134 0 0 0.839732 0 0 0 0 0.803309 0 0 0 0 0 0 0 0 0.546244 0 0 0 0 0 0 0 0 0 0 0 0 0 0 0 0 0 0 0 0.504403 0 0 0.244303 0 0.663073 0 0 0 0.537948 0 0 0.146122 0 0 0 0 0 0 0 0 0 0 0.950423 0.361429 0
0 0 0 0 0.771895 0 0 0 0.620024 0 0 0 0 0 0 0 0 0 0 0 0 0 0 0 0 0 0 0 0 0 0 0 0.881612 0.573758 0 0 0 0 0 0 0 0.250768 0 0.278496 0 0 0 0 0.963455 0 0 0 0 0.525723 0 0 0.723925 0 0 0 0 0 0 0 0 0 0 0 0 0 0 0 0 0 0 0 0 0 0 0 0 0.901966 0 0 0 0 0 0 0 0.60205 0 0 0 0 0 0 0.950423 0 0 0
0 0 0 0 0.291394 0 0 0 0 0 0 0.589912 0 0 0 0 0 0.419467 0 0 0 0 0 0 0 0 0 0 0 0 0 0 0 0 0 0 0 0 0 0 0 0 0 0.791342 0 0 0 0 0 0 0 0 0 0 0 0 0 0 0 0 0 0 0 0.644203 0 0 0 0 0.848883 0 0 0 0 0 0.812048 0 0.8334 0 0 0 0 0 0 0 0 0 0 0 0 0 0 0 0 0 0.208977 0 0.361429 0 0 0.567146
0 0 0 0 0 0 0 0 0 0.789565 0 0 0 0 0 0 0.715011 0 0.462824 0 0 0 0 0 0 0 0 0 0 0 0.36825 0 0 0 0 0 0 0.383879 0 0 0 0 0 0 0 0 0 0 0 0 0 0 0 0 0 0 0 0 0 0 0 0 0 0 0 0 0 0 0 0 0 0 0 0 0 0 0 0 0 0 0 0 0 0 0 0 0 0 0 0 0 0 0 0 0 0 0 0 0.567146 0
