100
0 0 0 0 0 0 0 0 0 0 0 0 0 0 0 0 0.575603 0 0 0 0 0 0 0 0 0 0 0 0 0.141767 0 0 0 0 0 0 0 0.157329 0 0 0 0 0 0 0 0 0 0 0 0 0 0 0 0.171407 0 0 0 0 0 0 0.605107 0 0 0 0 0 0 0 0 0 0.560895 0.762646 0 0 0.17183 0 0 0 0 0 0 0 0 0.236522 0.33481 0.94763 0 0 0 0 0.552825 0 0 0 0 0 0 0 0 0
0 0 0 0 0 0 0 0 0 0.338229 0 0 0 0.717309 0 0 0.180042 0 0 0 0 0 0 0 0 0 0 0 0 0 0 0 0 0 0.266111 0 0 0.642758 0.312874 0.238256 0 0 0.252657 0 0.88536 0 0 0 0 0 0 0 0 0.410148 0 0 0 0 0 0.675018 0 0.242519 0.805719 0 0 0 0 0 0 0 0.182475 0 0 0 0 0 0 0 0 0 0 0 0 0 0 0 0 0 0 0.328982 0.491483 0 0 0.850828 0 0 0 0 0 0
0 0 0 0 0 0 0 0 0.798985 0 0 0 0 0 0 0 0 0 0 0 0 0 0 0 0 0 0 0 0 0 0.236036 0 0 0 0 0 0 0 0.617535 0.46969 0 0 0 0.519037 0.635082 0.648995 0 0 0.588869 0 0 0 0 0 0 0 0 0.515386 0 0 0 0 0.413068 0.603458 0 0 0 0 0 0 0 0 0.565209 0 0 0 0 0.389045 0 0 0 0 0 0 0 0 0 0 0 0 0 0 0 0 0 0 0 0 0 0
0 0 0 0 0 0 0 0 0 0 0 0 0 0.54303 0 0 0 0 0 0 0 0 0 0 0.490784 0 0 0 0 0 0.256851 0 0 0 0.38738 0.299115 0 0 0 0 0.617735 0 0 0 0 0 0 0 0 0 0 0 0 0 0 0 0 0.364685 0 0 0 0 0 0 0 0 0 0 0 0 0 0 0 0 0 0 0 0 0 0 0.384082 0.962722 0 0 0 0 0 0 0.691937 0.240466 0.538943 0 0 0 0 0 0.749497 0 0 0.451131
0 0 0 0 0 0 0 0 0 0 0 0 0.130644 0.495107 0 0 0.623781 0 0 0 0.936693 0 0.529983 0 0.82868 0.667228 0 0 0 0.155689 0 0 0 0 0 0 0 0 0 0 0 0 0 0 0 0 0 0 0 0.364658 0 0 0 0 0 0 0 0 0 0 0 0 0.599126 0 0 0.307019 0 0 0 0 0 0 0 0 0 0 0 0 0 0 0 0.794062 0 0 0 0 0.344683 0.265958 0.265361 0 0 0 0 0 0 0 0 0 0.297322 0
0 0 0 0 0 0 0 0 0 0.755927 0 0.622536 0.414863 0 0 0 0 0 0 0 0 0 0 0 0 0.684319 0 0 0.927076 0.76134 0 0 0.177626 0 0.227867 0 0 0.947922 0.862716 0.306664 0 0 0 0.629658 0 0 0 0 0 0 0 0 0.331024 0 0 0 0 0 0 0 0 0.146566 0 0 0.321168 0 0 0 0 0 0 0 0 0 0 0 0 0.915212 0 0 0 0 0.97704 0 0 0 0 0 0 0.829137 0 0 0 0 0 0 0 0 0 0
0 0 0 0 0 0 0 0 0 0 0.341013 0 0.927386 0 0 0 0 0 0 0 0.987838 0 0 0 0 0 0 0 0 0 0.640749 0 0 0.831649 0 0 0 0 0.527577 0 0 0 0 0.890064 0 0 0 0 0 0.547827 0 0 0 0.73764 0 0 0.670394 0 0 0 0 0 0 0 0 0 0 0 0.861353 0 0 0 0.767173 0 0 0 0 0 0 0 0 0 0 0 0 0 0 0 0 0 0.615569 0 0.558829 0 0 0 0 0.293891 0 0
0 0 0 0 0 0 0 0 0 0 0 0 0 0.303264 0.893464 0 0 0 0 0.415032 0.165151 0 0.927221 0.390418 0 0 0 0 0 0 0 0 0 0 0 0 0 0 0 0 0 0 0.851275 0 0 0 0.288258 0 0 0.195718 0 0 0 0 0 0 0 0 0 0 0 0 0 0 0.485788 0 0.912524 0 0 0 0 0 0 0 0 0 0 0 0.805933 0 0.363338 0 0 0 0 0 0 0 0.936323 0 0 0 0 0 0 0.304286 0 0 0 0
0 0 0.798985 0 0 0 0 0 0 0.779701 0 0 0 0 0 0 0 0 0 0 0.550556 0 0 0.610707 0 0 0 0 0 0 0 0 0 0 0.928821 0 0 0 0 0.145384 0 0 0 0 0 0.975848 0 0 0 0 0 0 0 0 0 0 0 0 0 0 0 0 0 0 0 0 0 0 0 0.3168 0.617069 0 0 0 0 0 0 0 0 0 0 0.586652 0 0 0 0 0 0 0 0 0 0 0.537594 0 0 0 0 0.544975 0 0
0 0.338229 0 0 0 0.755927 0 0 0.779701 0 0 0 0.519213 0 0 0 0 0 0 0 0 0 0 0 0 0.224958 0 0 0.653916 0 0 0.562079 0.671791 0 0 0 0 0 0 0 0 0 0 0.993306 0 0 0 0 0 0 0 0.687192 0 0 0 0.904094 0.92093 0 0 0 0 0 0 0 0 0 0 0 0 0 0 0 0.458355 0 0 0 0 0.67847 0 0 0 0 0 0 0 0 0 0 0 0 0.143599 0 0.765058 0 0.640424 0.644443 0 0 0 0.834221
0 0 0 0 0 0 0.341013 0 0 0 0 0 0.170262 0 0.802934 0 0 0 0 0 0 0.838314 0 0 0.470253 0 0 0 0 0.57439 0 0 0 0 0 0 0 0 0 0.614018 0 0.291095 0 0 0 0 0.177693 0 0 0 0 0 0 0 0.993032 0 0 0.608342 0 0.714322 0 0 0 0 0 0 0 0 0 0 0 0 0.687273 0 0 0 0 0 0 0.502074 0 0 0.34143 0 0 0.618959 0 0.770873 0 0.277497 0 0 0 0 0 0 0 0 0 0
0 0 0 0 0 0.622536 0 0 0 0 0 0 0 0 0.437412 0 0 0 0 0 0 0.568236 0 0 0 0 0 0 0 0 0 0.806168 0 0.302816 0 0 0.410588 0 0 0 0.489335 0 0.396321 0 0 0 0 0 0 0 0 0 0 0 0 0.926923 0.697272 0 0 0 0 0 0 0 0 0.869813 0.192392 0 0 0 0 0.400833 0 0 0 0.67385 0 0 0 0.380849 0 0 0 0 0 0 0 0 0 0 0 0 0 0 0 0 0 0 0.563409 0
0 0 0 0 0.130644 0.414863 0.927386 0 0 0.519213 0.170262 0 0 0 0 0 0 0 0 0 0 0 0.466601 0 0 0 0 0 0 0 0 0 0 0 0 0 0.662672 0.667424 0.594781 0 0.183914 0 0.278159 0 0 0 0 0 0 0 0 0 0 0.190293 0 0 0 0 0 0 0 0 0 0.315042 0 0 0 0 0 0 0 0 0 0 0 0 0 0 0.859907 0.804161 0 0 0 0.484602 0 0 0 0 0 0 0.643559 0 0.614398 0 0 0 0 0 0 0
0 0.717309 0 0.54303 0.495107 0 0 0.303264 0 0 0 0 0 0 0 0 0 0 0 0 0 0 0 0 0 0.239594 0 0.529736 0 0.736317 0 0 0 0 0 0 0 0 0 0 0 0 0 0 0 0 0 0 0 0 0 0.228806 0 0 0 0 0.709567 0 0 0 0.345525 0 0 0 0 0 0 0 0 0 0.242434 0 0.457311 0 0 0 0 0 0 0 0.866463 0 0 0 0 0.32302 0 0 0.685349 0 0 0 0 0 0 0 0 0 0 0
0 0 0 0 0 0 0 0.893464 0 0 0.802934 0.437412 0 0 0 0 0 0.640142 0 0 0 0 0 0.202021 0 0 0 0 0 0 0 0 0 0 0.459903 0.558091 0 0 0 0.226668 0 0 0 0 0 0 0 0 0 0.715502 0.188138 0 0 0 0 0 0 0 0 0.828034 0 0 0 0 0 0 0 0 0.660422 0 0 0 0.615001 0 0 0 0 0 0 0 0 0.493669 0 0 0 0 0 0 0 0 0 0 0.421827 0 0 0 0 0.455736 0.157308 0
0 0 0 0 0 0 0 0 0 0 0 0 0 0 0 0 0 0 0 0 0.250444 0 0 0 0 0 0 0 0 0 0 0 0 0 0 0 0.445908 0 0.710354 0 0 0 0.196189 0.322061 0 0 0.327611 0 0 0.852946 0 0 0 0.232093 0.819613 0 0.134987 0 0 0 0 0.670132 0 0 0 0 0 0 0 0 0 0 0 0 0 0 0 0 0 0 0.765549 0 0 0.77525 0 0 0 0 0 0 0 0 0 0 0 0 0 0 0 0
0.575603 0.180042 0 0 0.623781 0 0 0 0 0 0 0 0 0 0 0 0 0 0 0 0 0 0 0 0.514064 0 0.883835 0 0 0 0 0.327073 0.239927 0 0 0 0.618161 0 0 0 0 0.435055 0 0 0 0 0 0 0 0 0 0 0.45947 0.478375 0.185299 0.704416 0 0 0 0 0 0 0 0 0 0 0 0 0 0 0 0 0.801094 0 0 0.909419 0 0 0 0.926151 0 0 0 0 0 0 0.372323 0 0 0 0 0 0 0 0 0.692093 0.150755 0 0 0.612361
0 0 0 0 0 0 0 0 0 0 0 0 0 0 0.640142 0 0 0 0 0 0 0 0 0 0 0 0 0.3939 0 0 0.743481 0 0 0 0 0.538502 0 0 0 0 0 0 0 0.733347 0 0 0 0 0 0.94778 0 0 0.457151 0.710619 0 0 0 0 0 0 0 0 0.739271 0 0 0 0 0 0.974751 0 0 0 0 0 0.466999 0.685771 0 0 0.777547 0 0 0 0.85878 0 0 0 0 0 0 0 0.75017 0 0 0 0 0 0 0 0 0
0 0 0 0 0 0 0 0 0 0 0 0 0 0 0 0 0 0 0 0 0 0 0 0 0.825317 0 0 0 0 0 0 0 0 0 0.77232 0 0 0 0 0 0.302377 0 0.289172 0 0 0 0 0.377339 0 0 0 0 0.330052 0 0 0 0 0.215446 0 0 0 0 0 0 0 0 0 0 0.922472 0 0.327418 0 0 0.234738 0 0 0 0 0 0.354513 0 0 0 0 0 0 0 0.619625 0 0 0 0 0 0 0 0 0 0 0 0.554148
0 0 0 0 0 0 0 0.415032 0 0 0 0 0 0 0 0 0 0 0 0 0.521826 0 0 0 0 0 0 0 0 0 0.586812 0.351085 0 0.580263 0.422119 0 0 0.520683 0 0 0 0.159434 0 0 0 0 0 0.818349 0.610917 0 0 0.679943 0 0 0 0 0 0.866399 0 0 0 0.803674 0 0.514874 0 0 0.312591 0 0 0 0 0 0 0 0 0 0 0 0 0 0 0 0.152501 0 0 0 0 0 0.799417 0 0 0.376742 0 0 0 0 0 0 0 0
0 0 0 0 0.936693 0 0.987838 0.165151 0.550556 0 0 0 0 0 0 0.250444 0 0 0 0.521826 0 0 0 0 0 0 0 0 0 0 0 0 0 0 0 0 0 0 0 0 0 0 0 0 0 0 0 0.649052 0.710546 0 0 0.985505 0 0 0 0 0.198512 0.633444 0.224219 0 0 0.482521 0 0.499329 0 0 0 0 0 0 0.358515 0 0 0 0.880792 0 0 0 0 0 0.447451 0 0 0 0.615753 0 0 0 0 0.65644 0 0 0.936477 0 0 0 0 0.933258 0.407318 0
0 0 0 0 0 0 0 0 0 0 0.838314 0.568236 0 0 0 0 0 0 0 0 0 0 0.243265 0 0 0 0 0 0 0 0.818516 0.86153 0 0.84591 0 0 0 0 0 0 0 0 0 0 0 0 0 0 0 0 0.16108 0.865767 0 0 0 0 0 0 0 0 0.781015 0 0 0 0.406415 0 0 0 0 0 0 0 0 0 0.686642 0 0 0 0 0 0 0 0 0 0 0 0 0 0 0 0 0 0 0.405756 0.736432 0.66972 0 0 0 0
0 0 0 0 0.529983 0 0 0.927221 0 0 0 0 0.466601 0 0 0 0 0 0 0 0 0.243265 0 0.838887 0.728552 0 0 0 0 0 0 0 0 0 0 0 0 0.302786 0.549251 0 0 0 0 0.68485 0 0 0 0.765552 0 0 0.210265 0 0 0 0.646399 0 0 0 0 0 0 0.27263 0 0 0 0 0 0 0.700256 0 0 0.706624 0 0 0.33321 0 0 0 0.545719 0 0 0 0 0 0 0 0 0 0 0.927735 0 0 0 0 0 0 0 0 0 0
0 0 0 0 0 0 0 0.390418 0.610707 0 0 0 0 0 0.202021 0 0 0 0 0 0 0 0.838887 0 0 0 0 0 0 0.185668 0 0.441036 0 0 0 0 0 0 0 0 0 0 0 0 0 0 0 0.709542 0 0 0 0 0 0 0 0 0 0 0.896145 0 0 0 0 0 0 0 0 0 0 0 0 0 0 0 0 0 0 0 0 0.395214 0.358843 0 0 0 0.50803 0 0 0 0 0 0 0.866132 0 0 0 0 0 0 0.623998 0
0 0 0 0.490784 0.82868 0 0 0 0 0 0.470253 0 0 0 0 0 0.514064 0 0.825317 0 0 0 0.728552 0 0 0 0 0 0 0 0 0.199707 0 0 0 0.618257 0 0 0 0 0 0 0.547892 0 0 0 0 0 0 0 0 0 0 0 0 0 0 0 0 0 0 0 0 0 0 0 0.482373 0 0 0 0 0 0 0 0 0 0 0.177062 0 0.763613 0 0 0 0 0 0 0 0 0 0 0 0 0 0 0 0 0 0 0 0.985327
0 0 0 0 0.667228 0.684319 0 0 0 0.224958 0 0 0 0.239594 0 0 0 0 0 0 0 0 0 0 0 0 0 0.606818 0 0 0 0 0 0 0 0.758039 0.5351 0 0 0.778926 0.281462 0 0 0 0 0 0 0 0 0 0 0 0 0 0 0 0.93136 0 0 0.661876 0 0 0 0 0 0 0 0 0 0 0 0 0 0 0 0 0 0 0.316786 0.789855 0 0 0.919937 0 0 0.845885 0 0.179384 0 0 0.775287 0 0 0 0.748 0 0 0 0 0
0 0 0 0 0 0 0 0 0 0 0 0 0 0 0 0 0.883835 0 0 0 0 0 0 0 0 0 0 0 0 0 0 0 0.672161 0 0 0 0 0 0.689582 0 0 0 0 0.467293 0 0 0 0.378181 0 0 0.510012 0 0 0.890889 0 0 0 0 0 0 0 0 0 0 0 0 0 0 0.645579 0 0 0 0 0.831707 0 0 0 0 0 0 0 0 0 0 0 0 0 0 0 0.631595 0 0 0.887431 0 0 0 0 0 0.8411 0
0 0 0 0 0 0 0 0 0 0 0 0 0 0.529736 0 0 0 0.3939 0 0 0 0 0 0 0 0.606818 0 0 0.147767 0 0 0 0 0.924167 0.63339 0 0 0 0 0.231388 0 0 0.628277 0 0 0 0 0 0.213973 0 0 0 0 0 0 0 0 0 0 0 0.623534 0.980056 0 0 0 0 0 0.99016 0 0.672707 0 0 0 0 0 0 0 0.178916 0.738181 0 0 0 0 0.133971 0 0 0 0.248104 0.54618 0.467535 0 0 0 0 0 0 0 0 0 0.20265
0 0 0 0 0 0.927076 0 0 0 0.653916 0 0 0 0 0 0 0 0 0 0 0 0 0 0 0 0 0 0.147767 0 0 0.920864 0 0 0.423989 0 0 0 0.472119 0.202262 0 0.961853 0 0 0 0 0.63629 0 0.64096 0.861867 0.258016 0.621199 0 0 0 0.400981 0 0 0 0 0.750716 0 0 0 0 0 0 0 0 0 0 0 0 0.434613 0 0 0 0 0 0 0.207078 0 0.615139 0.203624 0 0.430159 0 0 0 0 0.511213 0 0 0 0 0 0 0 0 0.259664 0
0.141767 0 0 0 0.155689 0.76134 0 0 0 0 0.57439 0 0 0.736317 0 0 0 0 0 0 0 0 0 0.185668 0 0 0 0 0 0 0 0 0 0.318111 0 0 0 0 0 0.470445 0.13418 0.426761 0 0 0 0.155221 0 0.818535 0 0 0 0.155036 0 0 0 0 0 0 0.92318 0 0 0.29516 0.33024 0.572086 0 0 0.381838 0 0.625576 0 0 0 0 0 0 0.407775 0.758855 0.557868 0 0 0 0 0 0 0 0 0 0.133712 0 0 0 0 0 0 0 0 0 0.446574 0 0
0 0 0.236036 0.256851 0 0 0.640749 0 0 0 0 0 0 0 0 0 0 0.743481 0 0.586812 0 0.818516 0 0 0 0 0 0 0.920864 0 0 0 0 0 0 0 0 0 0 0 0 0 0 0.589443 0 0 0 0 0 0 0.617464 0 0 0 0 0 0 0 0 0.360306 0 0 0 0 0.479116 0.892846 0.308995 0 0.463323 0 0 0.957364 0 0 0 0 0 0 0 0 0 0 0 0 0 0 0 0 0 0 0 0 0 0 0.523192 0.136052 0.672756 0.964481 0 0.321217
0 0 0 0 0 0 0 0 0 0.562079 0 0.806168 0 0 0 0 0.327073 0 0 0.351085 0 0.86153 0 0.441036 0.199707 0 0 0 0 0 0 0 0 0 0.821647 0.226911 0 0 0 0 0 0.535478 0 0.64436 0.529625 0 0.973834 0 0.181273 0.661154 0 0 0.339966 0 0 0 0 0 0 0 0 0 0 0 0 0 0 0 0 0 0 0 0 0 0 0 0 0 0.171883 0 0.735765 0 0 0 0 0.770923 0.819759 0 0 0 0 0 0 0 0.749689 0 0 0.599502 0 0
0 0 0 0 0 0.177626 0 0 0 0.671791 0 0 0 0 0 0 0.239927 0 0 0 0 0 0 0 0 0 0.672161 0 0 0 0 0 0 0 0 0 0 0 0 0 0 0 0 0 0 0 0 0.298604 0 0 0 0 0 0 0 0 0.768019 0 0.868978 0 0.201787 0 0.798223 0.536444 0 0 0.609089 0 0 0 0 0 0 0 0.394938 0 0 0 0 0 0 0 0.538475 0 0 0 0 0 0 0 0 0 0 0.760912 0 0 0 0.876602 0.362702 0
0 0 0 0 0 0 0.831649 0 0 0 0 0.302816 0 0 0 0 0 0 0 0.580263 0 0.84591 0 0 0 0 0 0.924167 0.423989 0.318111 0 0 0 0 0 0 0 0 0 0.473026 0 0 0.770101 0 0 0 0 0 0 0 0 0 0 0 0.583507 0 0.312649 0 0 0 0 0 0.407769 0 0.230918 0.924337 0 0 0.835727 0.978646 0 0 0 0.820455 0 0.277245 0 0 0 0.258769 0.487759 0 0 0 0 0 0 0 0 0 0 0 0 0 0 0 0 0.525645 0 0
0 0.266111 0 0.38738 0 0.227867 0 0 0.928821 0 0 0 0 0 0.459903 0 0 0 0.77232 0.422119 0 0 0 0 0 0 0 0.63339 0 0 0 0.821647 0 0 0 0 0 0 0 0 0 0 0 0.464427 0 0.636545 0 0 0 0 0 0 0.472395 0 0 0 0.214679 0 0 0 0 0 0 0 0 0 0 0 0 0 0.452088 0.668698 0 0 0 0 0.184165 0 0 0 0 0 0 0 0 0 0 0 0 0 0 0 0 0 0.14313 0 0 0 0 0
0 0 0 0.299115 0 0 0 0 0 0 0 0 0 0 0.558091 0 0 0.538502 0 0 0 0 0 0 0.618257 0.758039 0 0 0 0 0 0.226911 0 0 0 0 0.932581 0.755135 0 0.166392 0 0 0 0.960723 0 0 0 0 0 0 0 0 0 0.28866 0 0 0 0.511477 0 0 0.46478 0.410694 0 0.480822 0 0 0 0 0 0 0 0.616601 0 0 0 0 0.89114 0.688873 0 0 0.789177 0 0 0 0.962318 0 0 0 0.26682 0 0 0 0 0 0 0 0 0 0.69758 0
0 0 0 0 0 0 0 0 0 0 0 0.410588 0.662672 0 0 0.445908 0.618161 0 0 0 0 0 0 0 0 0.5351 0 0 0 0 0 0 0 0 0 0.932581 0 0 0 0 0 0 0 0.918773 0 0 0 0 0 0 0.786564 0 0.263561 0 0 0.398011 0 0 0 0.79402 0 0 0.297588 0 0 0 0 0.950325 0 0 0.579086 0.443595 0.94559 0 0 0 0.850353 0 0 0 0 0 0 0 0.79402 0 0 0.131663 0 0.988854 0 0 0 0 0 0 0.883448 0 0 0
0.157329 0.642758 0 0 0 0.947922 0 0 0 0 0 0 0.667424 0 0 0 0 0 0 0.520683 0 0 0.302786 0 0 0 0 0 0.472119 0 0 0 0 0 0 0.755135 0 0 0 0.378959 0 0 0 0 0.52747 0 0 0 0 0 0 0 0 0.812985 0 0 0 0 0 0.704589 0 0.848712 0.954476 0 0 0 0 0.736948 0 0 0 0 0 0 0 0 0 0 0 0 0 0 0 0 0 0 0 0 0 0 0.829838 0 0 0 0 0 0.642113 0 0.782177 0.318261
0 0.312874 0.617535 0 0 0.862716 0.527577 0 0 0 0 0 0.594781 0 0 0.710354 0 0 0 0 0 0 0.549251 0 0 0 0.689582 0 0.202262 0 0 0 0 0 0 0 0 0 0 0 0 0.69156 0.745956 0 0.771704 0 0 0 0.886118 0.718455 0.900833 0 0 0 0.522027 0 0 0.72495 0 0 0 0.402864 0 0 0 0 0.137717 0 0 0 0 0.781718 0 0 0 0 0 0 0 0 0 0 0 0 0 0 0 0 0 0 0 0 0 0 0 0 0 0 0 0.747861
0 0.238256 0.46969 0 0 0.306664 0 0 0.145384 0 0.614018 0 0 0 0.226668 0 0 0 0 0 0 0 0 0 0 0.778926 0 0.231388 0 0.470445 0 0 0 0.473026 0 0.166392 0 0.378959 0 0 0 0 0 0 0.341991 0 0 0.344922 0 0 0 0 0 0 0.353906 0 0.203668 0 0.637069 0 0 0 0 0 0 0.933947 0 0 0 0.826328 0 0 0 0 0 0 0 0 0.668482 0 0.251552 0 0 0 0 0 0.199531 0.236179 0 0 0 0.96657 0.908682 0.165792 0.60046 0 0 0.848034 0 0
0 0 0 0.617735 0 0 0 0 0 0 0 0.489335 0.183914 0 0 0 0 0 0.302377 0 0 0 0 0 0 0.281462 0 0 0.961853 0.13418 0 0 0 0 0 0 0 0 0 0 0 0 0 0 0 0 0.837395 0.761779 0 0.934573 0 0 0 0 0 0.613698 0 0 0 0.265389 0 0 0.492278 0 0 0 0 0 0.216777 0.381989 0 0 0 0.666304 0 0 0 0 0 0 0 0 0.904409 0.621479 0.579045 0 0 0 0 0.476369 0.736871 0 0 0 0 0 0.863517 0 0 0
0 0 0 0 0 0 0 0 0 0 0.291095 0 0 0 0 0 0.435055 0 0 0.159434 0 0 0 0 0 0 0 0 0 0.426761 0 0.535478 0 0 0 0 0 0 0.69156 0 0 0 0 0 0 0 0 0.990201 0.977045 0 0.839709 0 0 0 0.323115 0 0.850773 0 0 0 0 0 0 0 0.169048 0.582113 0 0 0 0 0.186157 0.177322 0 0 0 0 0 0 0 0 0 0 0.386215 0 0 0.509172 0 0 0 0 0 0 0 0 0.925474 0.842589 0 0.189043 0 0
0 0.252657 0 0 0 0 0 0.851275 0 0 0 0.396321 0.278159 0 0 0.196189 0 0 0.289172 0 0 0 0 0 0.547892 0 0 0.628277 0 0 0 0 0 0.770101 0 0 0 0 0.745956 0 0 0 0 0 0 0 0.926765 0 0.796776 0 0.759984 0.559464 0 0 0 0 0 0.734731 0 0 0.186071 0 0 0 0 0 0.129 0 0 0 0 0.855207 0 0 0 0 0.155638 0 0 0 0 0.427487 0 0 0 0 0 0 0.142261 0 0.865007 0 0.717426 0 0 0 0 0 0 0
0 0 0.519037 0 0 0.629658 0.890064 0 0 0.993306 0 0 0 0 0 0.322061 0 0.733347 0 0 0 0 0.68485 0 0 0 0.467293 0 0 0 0.589443 0.64436 0 0 0.464427 0.960723 0.918773 0 0 0 0 0 0 0 0 0 0 0 0.73678 0 0 0.672933 0 0 0 0 0 0 0.394122 0 0 0 0 0 0 0 0 0 0 0 0 0 0 0 0 0 0 0.270558 0 0 0.65099 0.655552 0 0 0.574733 0 0 0 0.799917 0.197981 0 0 0.180009 0 0 0 0 0.325179 0.807841 0
0 0.88536 0.635082 0 0 0 0 0 0 0 0 0 0 0 0 0 0 0 0 0 0 0 0 0 0 0 0 0 0 0 0 0.529625 0 0 0 0 0 0.52747 0.771704 0.341991 0 0 0 0 0 0 0 0 0 0 0 0 0 0.863712 0 0 0 0 0 0 0 0 0.8854 0 0 0 0 0 0 0 0.182817 0 0 0 0.940501 0 0 0 0 0 0 0.56349 0 0 0 0 0 0 0 0.626341 0 0 0 0 0 0 0 0.949987 0 0
0 0 0.648995 0 0 0 0 0 0.975848 0 0 0 0 0 0 0 0 0 0 0 0 0 0 0 0 0 0 0 0.63629 0.155221 0 0 0 0 0.636545 0 0 0 0 0 0 0 0 0 0 0 0 0 0 0 0 0 0 0 0 0 0 0 0.680294 0 0 0 0.687989 0 0 0 0 0 0 0 0 0.674626 0.133851 0.1688 0 0 0.353564 0 0.745498 0.197006 0 0 0 0 0 0 0 0 0 0 0 0 0 0 0 0 0.843695 0 0 0
0 0 0 0 0 0 0 0.288258 0 0 0.177693 0 0 0 0 0.327611 0 0 0 0 0 0 0 0 0 0 0 0 0 0 0 0.973834 0 0 0 0 0 0 0 0 0.837395 0 0.926765 0 0 0 0 0 0 0 0 0 0 0 0 0 0.489694 0.433182 0 0 0 0 0 0 0.782832 0.506822 0 0 0 0 0.659047 0 0 0 0 0.440643 0 0 0 0.463042 0 0 0 0 0 0 0 0 0 0 0 0 0 0 0 0 0.964816 0 0 0
0 0 0 0 0 0 0 0 0 0 0 0 0 0 0 0 0 0 0.377339 0.818349 0.649052 0 0.765552 0.709542 0 0 0.378181 0 0.64096 0.818535 0 0 0.298604 0 0 0 0 0 0 0.344922 0.761779 0.990201 0 0 0 0 0 0 0 0 0 0.85849 0 0 0.150513 0 0 0 0 0 0 0 0 0 0 0 0 0.168792 0 0 0.734926 0.714858 0 0 0 0 0 0.614384 0 0 0 0.471276 0 0.327046 0 0 0.536017 0 0 0 0.557887 0.49983 0 0 0 0 0 0 0.798476 0
0 0 0.588869 0 0 0 0 0 0 0 0 0 0 0 0 0 0 0 0 0.610917 0.710546 0 0 0 0 0 0 0.213973 0.861867 0 0 0.181273 0 0 0 0 0 0 0.886118 0 0 0.977045 0.796776 0.73678 0 0 0 0 0 0 0 0 0 0 0.799744 0 0 0 0 0 0 0 0 0.152279 0.862145 0 0.82466 0 0 0 0.143762 0 0 0 0 0 0 0 0 0 0 0 0 0 0 0 0 0 0 0 0 0 0 0 0 0 0 0.918472 0 0
0 0 0 0 0.364658 0 0.547827 0.195718 0 0 0 0 0 0 0.715502 0.852946 0 0.94778 0 0 0 0 0 0 0 0 0 0 0.258016 0 0 0.661154 0 0 0 0 0 0 0.718455 0 0.934573 0 0 0 0 0 0 0 0 0 0 0 0 0 0 0 0 0 0 0 0 0.164003 0 0 0 0.91085 0 0 0.789933 0 0 0 0 0 0 0.390379 0 0 0 0 0.140748 0 0 0 0 0 0 0.795928 0 0 0 0 0 0 0.930914 0 0 0 0 0
0 0 0 0 0 0 0 0 0 0 0 0 0 0 0.188138 0 0 0 0 0 0 0.16108 0.210265 0 0 0 0.510012 0 0.621199 0 0.617464 0 0 0 0 0 0.786564 0 0.900833 0 0 0.839709 0.759984 0 0 0 0 0 0 0 0 0 0 0 0.826171 0 0 0 0 0 0 0.854816 0 0 0 0 0 0 0.17143 0 0 0 0 0 0 0 0 0 0 0 0 0 0 0 0.863944 0 0 0.440067 0 0 0 0 0.801457 0 0 0 0 0.442793 0 0
0 0 0 0 0 0 0 0 0 0.687192 0 0 0 0.228806 0 0 0 0 0 0.679943 0.985505 0.865767 0 0 0 0 0 0 0 0.155036 0 0 0 0 0 0 0 0 0 0 0 0 0.559464 0.672933 0 0 0 0.85849 0 0 0 0 0 0 0 0 0 0 0 0 0.2471 0.24476 0 0 0 0 0 0 0 0 0 0 0 0 0.894814 0 0 0 0.415243 0 0.889947 0 0 0 0 0.578861 0 0 0 0 0 0 0.752348 0 0 0 0 0 0 0
0 0 0 0 0 0.331024 0 0 0 0 0 0 0 0 0 0 0.45947 0.457151 0.330052 0 0 0 0 0 0 0 0 0 0 0 0 0.339966 0 0 0.472395 0 0.263561 0 0 0 0 0 0 0 0 0 0 0 0 0 0 0 0 0 0 0 0 0 0 0 0 0.333646 0 0 0 0 0.324753 0 0 0 0 0 0 0 0.649651 0 0 0 0 0.386131 0 0 0 0 0 0.576202 0.50989 0 0 0 0.530974 0 0 0.307824 0 0 0 0 0 0
0.171407 0.410148 0 0 0 0 0.73764 0 0 0 0 0 0.190293 0 0 0.232093 0.478375 0.710619 0 0 0 0 0 0 0 0 0.890889 0 0 0 0 0 0 0 0 0.28866 0 0.812985 0 0 0 0 0 0 0.863712 0 0 0 0 0 0 0 0 0 0 0.504538 0 0 0.818626 0 0.314346 0 0 0 0 0 0 0.38175 0 0 0 0 0 0.877223 0 0 0 0.980409 0 0 0.983226 0 0.219567 0.225301 0 0 0 0 0 0 0 0 0.491002 0 0 0 0 0.520343 0 0
0 0 0 0 0 0 0 0 0 0 0.993032 0 0 0 0 0.819613 0.185299 0 0 0 0 0 0.646399 0 0 0 0 0 0.400981 0 0 0 0 0.583507 0 0 0 0 0.522027 0.353906 0 0.323115 0 0 0 0 0 0.150513 0.799744 0 0.826171 0 0 0 0 0 0 0 0 0 0 0.781513 0.541673 0 0 0 0 0.474489 0 0 0 0.917422 0.176101 0 0.701174 0 0 0 0 0 0 0 0 0 0 0 0 0 0.420646 0 0 0 0 0.592774 0 0 0.520193 0 0 0
0 0 0 0 0 0 0 0 0 0.904094 0 0.926923 0 0 0 0 0.704416 0 0 0 0 0 0 0 0 0 0 0 0 0 0 0 0 0 0 0 0.398011 0 0 0 0.613698 0 0 0 0 0 0 0 0 0 0 0 0 0.504538 0 0 0 0.500327 0 0 0 0 0 0 0 0 0 0.197965 0 0 0 0.606276 0 0 0 0.167843 0 0 0 0 0.367945 0 0 0 0.786169 0.663118 0.704504 0 0 0 0 0 0 0 0 0 0 0 0 0
0 0 0 0 0 0 0.670394 0 0 0.92093 0 0.697272 0 0.709567 0 0.134987 0 0 0 0 0.198512 0 0 0 0 0.93136 0 0 0 0 0 0 0.768019 0.312649 0.214679 0 0 0 0 0.203668 0 0.850773 0 0 0 0 0.489694 0 0 0 0 0 0 0 0 0 0 0 0 0 0 0 0 0.630265 0 0 0.55097 0.934531 0 0 0.640301 0 0 0 0.407269 0 0 0 0.509277 0 0 0 0 0 0 0.255188 0 0.207267 0 0 0 0 0.554827 0.548359 0.818312 0 0 0.639814 0 0
0 0 0.515386 0.364685 0 0 0 0 0 0 0.608342 0 0 0 0 0 0 0 0.215446 0.866399 0.633444 0 0 0 0 0 0 0 0 0 0 0 0 0 0 0.511477 0 0 0.72495 0 0 0 0.734731 0 0 0 0.433182 0 0 0 0 0 0 0 0 0.500327 0 0 0 0.170609 0.832311 0 0 0 0 0 0.614983 0 0 0 0 0.632207 0 0 0 0 0 0 0 0.822684 0.641084 0 0 0 0 0 0 0.464511 0 0 0.664634 0 0 0 0 0 0 0 0.168337 0
0 0 0 0 0 0 0 0 0 0 0 0 0 0 0 0 0 0 0 0 0.224219 0 0 0.896145 0 0 0 0 0 0.92318 0 0 0.868978 0 0 0 0 0 0 0.637069 0 0 0 0.394122 0 0.680294 0 0 0 0 0 0 0 0.818626 0 0 0 0 0 0 0.207635 0 0 0 0 0 0 0 0.789934 0 0 0 0 0 0.653377 0 0 0 0.216041 0 0 0.728411 0 0.223604 0 0.69328 0.384991 0 0.173491 0 0 0 0 0 0 0 0 0 0 0
0 0.675018 0 0 0 0 0 0 0 0 0.714322 0 0 0 0.828034 0 0 0 0 0 0 0 0 0 0 0.661876 0 0 0.750716 0 0.360306 0 0 0 0 0 0.79402 0.704589 0 0 0.265389 0 0 0 0 0 0 0 0 0 0 0 0 0 0 0 0 0.170609 0 0 0 0 0 0 0 0 0 0.895083 0 0 0 0 0 0 0 0 0 0 0.165769 0 0 0 0 0 0 0 0.88919 0.148483 0.488386 0 0.226351 0 0 0 0 0 0 0 0 0
0.605107 0 0 0 0 0 0 0 0 0 0 0 0 0.345525 0 0 0 0 0 0 0 0.781015 0 0 0 0 0 0.623534 0 0 0 0 0.201787 0 0 0.46478 0 0 0 0 0 0 0.186071 0 0 0 0 0 0 0 0 0.2471 0 0.314346 0 0 0 0.832311 0.207635 0 0 0 0 0 0 0 0.339887 0 0.83315 0 0 0 0 0 0 0 0.52849 0 0 0 0.640358 0 0 0 0 0 0 0 0 0 0 0.557574 0 0 0 0 0 0 0 0
0 0.242519 0 0 0 0.146566 0 0 0 0 0 0 0 0 0 0.670132 0 0 0 0.803674 0.482521 0 0.27263 0 0 0 0 0.980056 0 0.29516 0 0 0 0 0 0.410694 0 0.848712 0.402864 0 0 0 0 0 0 0 0 0 0 0.164003 0.854816 0.24476 0.333646 0 0.781513 0 0 0 0 0 0 0 0 0 0 0.906208 0 0 0 0 0.879081 0 0 0 0 0 0 0 0 0 0 0 0.675651 0 0 0 0 0 0 0 0 0 0 0 0.731841 0 0 0 0 0
0 0.805719 0.413068 0 0.599126 0 0 0 0 0 0 0 0 0 0 0 0 0.739271 0 0 0 0 0 0 0 0 0 0 0 0.33024 0 0 0.798223 0.407769 0 0 0.297588 0.954476 0 0 0.492278 0 0 0 0.8854 0.687989 0 0 0 0 0 0 0 0 0.541673 0 0 0 0 0 0 0 0 0 0 0 0 0 0 0 0 0 0 0.420881 0 0.559077 0 0 0 0 0 0 0 0 0 0 0.316706 0.64735 0 0 0 0 0 0 0 0.29675 0 0 0 0
0 0 0.603458 0 0 0 0 0 0 0 0 0 0.315042 0 0 0 0 0 0 0.514874 0.499329 0 0 0 0 0 0 0 0 0.572086 0 0 0.536444 0 0 0.480822 0 0 0 0 0 0 0 0 0 0 0 0 0.152279 0 0 0 0 0 0 0 0.630265 0 0 0 0 0 0 0 0 0 0.976426 0 0 0.594005 0 0.571315 0 0 0.821339 0 0 0 0 0 0 0.17795 0 0 0 0.459588 0 0 0 0 0 0 0 0 0 0.948535 0 0 0 0
0 0 0 0 0 0.321168 0 0.485788 0 0 0 0 0 0 0 0 0 0 0 0 0 0.406415 0 0 0 0 0 0 0 0 0.479116 0 0 0.230918 0 0 0 0 0 0 0 0.169048 0 0 0 0 0.782832 0 0.862145 0 0 0 0 0 0 0 0 0 0 0 0 0 0 0 0 0 0 0 0.723741 0 0 0.192047 0 0 0 0 0 0 0.334758 0.209202 0 0.349381 0 0 0 0 0 0 0 0 0.61335 0 0 0 0.225477 0 0 0.800753 0 0
0 0 0 0 0.307019 0 0 0 0 0 0 0.869813 0 0 0 0 0 0 0 0 0 0 0 0 0 0 0 0 0 0 0.892846 0 0 0.924337 0 0 0 0 0 0.933947 0 0.582113 0 0 0 0 0.506822 0 0 0.91085 0 0 0 0 0 0 0 0 0 0 0 0.906208 0 0 0 0 0 0 0 0 0 0 0 0 0.360315 0 0 0.266553 0 0 0 0 0 0 0.661086 0 0 0.773908 0 0.327101 0.317835 0 0 0 0 0.136272 0 0 0.885229 0
0 0 0 0 0 0 0 0.912524 0 0 0 0.192392 0 0 0 0 0 0 0 0.312591 0 0 0 0 0.482373 0 0 0 0 0.381838 0.308995 0 0.609089 0 0 0 0 0 0.137717 0 0 0 0.129 0 0 0 0 0 0.82466 0 0 0 0.324753 0 0 0 0.55097 0.614983 0 0 0.339887 0 0 0.976426 0 0 0 0 0.701121 0 0 0 0 0 0 0.9667 0 0 0 0 0.697325 0 0 0 0 0 0.558981 0.72488 0 0 0 0.294822 0.952901 0 0 0.281435 0.480164 0 0 0
0 0 0 0 0 0 0 0 0 0 0 0 0 0 0 0 0 0 0 0 0 0 0 0 0 0 0 0.99016 0 0 0 0 0 0 0 0 0.950325 0.736948 0 0 0 0 0 0 0 0 0 0.168792 0 0 0 0 0 0.38175 0.474489 0.197965 0.934531 0 0 0.895083 0 0 0 0 0 0 0 0 0.344203 0 0 0.262975 0 0 0 0.827115 0 0 0 0 0 0 0 0 0 0 0 0 0 0 0 0 0 0 0 0 0 0 0 0
0 0 0 0 0 0 0.861353 0 0 0 0 0 0 0 0.660422 0 0 0.974751 0.922472 0 0 0 0.700256 0 0 0 0.645579 0 0 0.625576 0.463323 0 0 0.835727 0 0 0 0 0 0 0.216777 0 0 0 0 0 0 0 0 0.789933 0.17143 0 0 0 0 0 0 0 0.789934 0 0.83315 0 0 0 0.723741 0 0.701121 0.344203 0 0 0 0 0 0 0 0 0.66795 0 0 0 0.422855 0.8772 0 0 0.845213 0.883016 0 0 0.621264 0 0.304124 0 0 0 0 0 0 0 0.786701 0
0 0 0 0 0 0 0 0 0.3168 0 0 0 0 0 0 0 0 0 0 0 0 0 0 0 0 0 0 0.672707 0 0 0 0 0 0.978646 0 0 0 0 0 0.826328 0.381989 0 0 0 0 0 0 0 0 0 0 0 0 0 0 0 0 0 0 0 0 0 0 0.594005 0 0 0 0 0 0 0 0 0 0.932629 0 0 0 0 0 0 0 0.885015 0 0 0 0 0 0 0 0 0 0 0 0.645239 0.913175 0 0.812381 0 0 0
0.560895 0.182475 0 0 0 0 0 0 0.617069 0 0 0 0 0.242434 0 0 0 0 0.327418 0 0.358515 0 0 0 0 0 0 0 0 0 0 0 0 0 0.452088 0 0.579086 0 0 0 0 0.186157 0 0 0.182817 0 0.659047 0.734926 0.143762 0 0 0 0 0 0 0 0.640301 0 0 0 0 0.879081 0 0 0 0 0 0 0 0 0 0 0 0 0 0 0 0 0.186662 0 0 0 0 0.92342 0 0 0 0 0.858254 0 0.968517 0 0 0 0 0.561968 0 0 0 0
0.762646 0 0 0 0 0 0 0 0 0 0 0.400833 0 0 0 0 0 0 0 0 0 0 0.706624 0 0 0 0 0 0 0 0.957364 0 0 0 0.668698 0.616601 0.443595 0 0.781718 0 0 0.177322 0.855207 0 0 0.674626 0 0.714858 0 0 0 0 0 0 0.917422 0.606276 0 0.632207 0 0 0 0 0 0.571315 0.192047 0 0 0.262975 0 0 0 0 0 0.905446 0 0 0 0 0 0 0 0 0.430423 0 0 0 0 0 0 0 0 0 0 0.20626 0 0 0 0 0 0
0 0 0.565209 0 0 0 0.767173 0 0 0.458355 0.687273 0 0 0.457311 0.615001 0 0.801094 0 0 0 0 0 0 0 0 0 0 0 0.434613 0 0 0 0 0 0 0 0.94559 0 0 0 0 0 0 0 0 0.133851 0 0 0 0 0 0 0 0 0.176101 0 0 0 0 0 0 0 0 0 0 0 0 0 0 0 0 0 0 0 0.608733 0 0 0.971985 0 0 0 0 0 0 0 0.990193 0 0.375407 0 0 0 0.808349 0 0 0 0 0 0 0 0
0 0 0 0 0 0 0 0 0 0 0 0 0 0 0 0 0 0 0.234738 0 0 0 0 0 0 0 0.831707 0 0 0 0 0 0 0.820455 0 0 0 0 0 0 0.666304 0 0 0 0 0.1688 0 0 0 0 0 0 0 0.877223 0 0 0 0 0 0 0 0 0.420881 0 0 0 0 0 0 0.932629 0 0.905446 0 0 0 0 0 0 0 0 0 0 0 0.202557 0 0 0 0 0 0 0 0 0 0 0 0 0 0 0 0
0.17183 0 0 0 0 0 0 0 0 0 0 0 0 0 0 0 0 0.466999 0 0 0.880792 0.686642 0.33321 0 0 0 0 0 0 0 0 0 0.394938 0 0 0 0 0 0 0 0 0 0 0 0.940501 0 0 0 0 0 0 0.894814 0.649651 0 0.701174 0 0.407269 0 0.653377 0 0 0 0 0.821339 0 0.360315 0 0 0 0 0 0 0.608733 0 0 0 0 0 0.337543 0 0 0 0.942827 0 0 0 0 0 0 0 0 0.173581 0 0 0.81214 0 0.508514 0 0 0
0 0 0 0 0 0 0 0 0 0 0 0.67385 0 0 0 0 0.909419 0.685771 0 0 0 0 0 0 0 0 0 0 0 0.407775 0 0 0 0.277245 0 0 0 0 0 0 0 0 0 0 0 0 0.440643 0 0 0.390379 0 0 0 0 0 0.167843 0 0 0 0 0 0 0.559077 0 0 0 0.9667 0.827115 0 0 0 0 0 0 0 0 0 0 0 0 0.395796 0 0 0 0 0 0 0 0 0 0 0 0 0 0 0 0 0 0 0
0 0 0 0 0 0 0 0 0 0 0 0 0 0 0 0 0 0 0 0 0 0 0 0 0 0 0 0 0 0.758855 0 0 0 0 0.184165 0.89114 0.850353 0 0 0 0 0 0.155638 0 0 0.353564 0 0 0 0 0 0 0 0 0 0 0 0 0 0 0.52849 0 0 0 0 0 0 0 0.66795 0 0 0 0 0 0 0 0 0 0 0 0 0 0.515139 0 0 0 0 0.923335 0 0 0 0 0 0 0 0 0.544223 0 0.75121 0
0 0 0.389045 0 0 0.915212 0 0 0 0.67847 0 0 0 0 0 0 0 0 0 0 0 0 0 0 0.177062 0 0 0.178916 0 0.557868 0 0 0 0 0 0.688873 0 0 0 0 0 0 0 0.270558 0 0 0 0.614384 0 0 0 0 0 0.980409 0 0 0 0 0 0 0 0 0 0 0 0.266553 0 0 0 0 0 0 0.971985 0 0 0 0 0 0.128352 0 0 0 0 0.418841 0.408811 0 0.705697 0 0 0 0 0 0 0 0 0 0.285644 0.15462 0 0
0 0 0 0 0 0 0 0.805933 0 0 0 0 0.859907 0 0 0 0 0.777547 0 0 0 0 0.545719 0 0 0.316786 0 0.738181 0 0 0 0.171883 0 0 0 0 0 0 0 0.668482 0 0 0 0 0 0.745498 0 0 0 0 0 0.415243 0 0 0 0 0.509277 0 0.216041 0.165769 0 0 0 0 0.334758 0 0 0 0 0 0.186662 0 0 0 0.337543 0 0 0.128352 0 0.951896 0 0 0 0 0 0 0.520326 0 0 0.605267 0.329061 0 0 0.748449 0.900747 0 0 0 0 0
0 0 0 0 0 0 0 0 0 0 0.502074 0.380849 0.804161 0 0 0 0.926151 0 0.354513 0 0 0 0 0.395214 0.763613 0.789855 0 0 0.207078 0 0 0 0 0.258769 0 0 0 0 0 0 0 0 0 0 0 0.197006 0.463042 0 0 0 0 0 0.386131 0 0 0 0 0.822684 0 0 0 0 0 0 0.209202 0 0 0 0 0 0 0 0 0 0 0 0 0 0.951896 0 0 0 0 0 0 0 0 0 0 0 0 0.79315 0 0 0.189438 0 0 0 0 0
0 0 0 0.384082 0 0 0 0.363338 0 0 0 0 0 0.866463 0 0.765549 0 0 0 0 0.447451 0 0 0.358843 0 0 0 0 0 0 0 0.735765 0 0.487759 0 0.789177 0 0 0 0.251552 0 0 0 0.65099 0 0 0 0 0 0.140748 0 0.889947 0 0.983226 0 0.367945 0 0.641084 0 0 0.640358 0 0 0 0 0 0.697325 0 0.422855 0 0 0 0 0 0 0.395796 0 0 0 0 0 0.460964 0 0 0 0 0.239433 0 0 0 0 0 0.459707 0 0.227393 0 0 0 0 0
0 0 0 0.962722 0.794062 0 0 0 0.586652 0 0 0 0 0 0.493669 0 0 0 0 0 0 0 0 0 0 0 0 0 0.615139 0 0 0 0 0 0 0 0 0 0 0 0 0 0.427487 0.655552 0.56349 0 0 0.471276 0 0 0 0 0 0 0 0 0 0 0.728411 0 0 0 0 0.17795 0.349381 0 0 0 0.8772 0.885015 0 0 0 0 0 0 0 0 0 0 0.460964 0 0 0 0 0 0 0 0.716647 0 0 0 0 0 0 0 0 0 0 0
0 0 0 0 0 0.97704 0 0 0 0 0.34143 0 0 0 0 0 0 0.85878 0 0.152501 0 0 0 0 0 0.919937 0 0 0.203624 0 0 0 0.538475 0 0 0 0 0 0 0 0.904409 0.386215 0 0 0 0 0 0 0 0 0 0 0 0.219567 0 0 0 0 0 0 0 0.675651 0 0 0 0 0 0 0 0 0 0.430423 0 0 0.942827 0 0.515139 0 0 0 0 0 0 0.260074 0 0 0 0 0 0 0 0 0 0 0 0.763251 0 0.159731 0 0
0.236522 0 0 0 0 0 0 0 0 0 0 0 0.484602 0 0 0.77525 0 0 0 0 0 0 0 0 0 0 0 0.133971 0 0 0 0 0 0 0 0 0 0 0 0 0.621479 0 0 0 0 0 0 0.327046 0 0 0 0 0 0.225301 0 0 0 0 0.223604 0 0 0 0 0 0 0 0 0 0 0 0.92342 0 0 0.202557 0 0 0 0.418841 0 0 0 0 0.260074 0 0 0 0 0 0 0 0 0 0 0 0 0.458802 0.526464 0 0 0
0.33481 0 0 0 0 0 0 0 0 0 0 0 0 0 0 0 0 0 0 0 0.615753 0 0 0.50803 0 0 0 0 0.430159 0 0 0 0 0 0 0.962318 0.79402 0 0 0 0.579045 0 0 0.574733 0 0 0 0 0 0 0.863944 0 0 0 0 0.786169 0 0 0 0 0 0 0 0 0 0.661086 0 0 0.845213 0 0 0 0 0 0 0 0 0.408811 0 0 0 0 0 0 0 0.833456 0 0 0.854888 0 0.843736 0.159212 0 0 0 0 0.720334 0 0 0
0.94763 0 0 0 0 0 0 0 0 0 0.618959 0 0 0.32302 0 0 0 0 0 0 0 0 0 0 0 0.845885 0 0 0 0 0 0.770923 0 0 0 0 0 0 0 0 0 0.509172 0 0 0 0 0 0 0 0 0 0.578861 0.576202 0 0 0.663118 0.255188 0 0.69328 0 0 0 0 0.459588 0 0 0 0 0.883016 0 0 0 0.990193 0 0 0 0 0 0 0 0 0 0 0 0.833456 0 0 0 0 0 0.138579 0 0 0 0 0 0 0 0 0
0 0 0 0 0.344683 0 0 0 0 0 0 0 0 0 0 0 0.372323 0 0 0 0 0 0 0 0 0 0 0 0 0 0 0.819759 0 0 0 0 0 0 0 0.199531 0 0 0 0 0 0 0 0.536017 0 0 0 0 0.50989 0 0 0.704504 0 0 0.384991 0.88919 0 0 0.316706 0 0 0 0.558981 0 0 0 0 0 0 0 0 0 0 0.705697 0.520326 0 0.239433 0 0 0 0 0 0 0 0 0 0 0 0.508005 0 0 0 0.211994 0 0.987214 0
0 0 0 0 0.265958 0 0 0 0 0 0.770873 0 0 0 0 0 0 0 0.619625 0 0 0 0 0 0 0.179384 0 0.248104 0 0.133712 0 0 0 0 0 0 0.131663 0 0 0.236179 0 0 0 0 0 0 0 0 0 0.795928 0.440067 0 0 0 0 0 0.207267 0.464511 0 0.148483 0 0 0.64735 0 0 0.773908 0.72488 0 0 0 0 0 0.375407 0 0 0 0.923335 0 0 0 0 0 0 0 0 0 0 0 0 0 0 0 0 0 0 0.375147 0 0 0 0
0 0 0 0.691937 0.265361 0 0 0.936323 0 0 0 0 0 0.685349 0 0 0 0 0 0.799417 0 0 0 0 0 0 0 0.54618 0 0 0 0 0 0 0 0.26682 0 0 0 0 0 0 0.142261 0.799917 0 0 0 0 0 0 0 0 0 0 0.420646 0 0 0 0.173491 0.488386 0 0 0 0 0 0 0 0 0.621264 0 0.858254 0 0 0 0 0 0 0 0 0 0 0.716647 0 0 0.854888 0 0 0 0 0.500793 0 0 0 0 0 0 0 0 0 0
0 0.328982 0 0.240466 0 0.829137 0 0 0 0 0.277497 0 0 0 0 0 0 0 0 0 0.65644 0 0.927735 0 0 0 0.631595 0.467535 0.511213 0 0 0 0 0 0 0 0.988854 0 0 0 0.476369 0 0 0.197981 0.626341 0 0 0 0 0 0 0 0 0 0 0 0 0 0 0 0 0 0 0 0 0.327101 0 0 0 0 0 0 0 0 0 0 0 0 0.605267 0 0 0 0 0 0 0 0 0 0.500793 0 0 0 0 0 0 0.759871 0 0.602721 0 0.752607
0.552825 0.491483 0 0.538943 0 0 0.615569 0 0 0.143599 0 0 0.643559 0 0 0 0 0.75017 0 0 0 0 0 0 0 0.775287 0 0 0 0 0 0 0 0 0 0 0 0.829838 0 0 0.736871 0 0.865007 0 0 0 0 0.557887 0 0 0 0 0.530974 0 0 0 0 0.664634 0 0.226351 0 0 0 0 0.61335 0.317835 0 0 0.304124 0 0.968517 0 0 0 0 0 0 0 0.329061 0 0 0 0 0 0.843736 0.138579 0 0 0 0 0 0 0 0 0 0 0 0 0 0
0 0 0 0 0 0 0 0 0 0 0 0 0 0 0 0 0 0 0 0.376742 0 0 0 0.866132 0 0 0 0 0 0 0 0 0 0 0 0 0 0 0 0.96657 0 0 0 0 0 0 0 0.49983 0 0 0 0 0 0 0 0 0 0 0 0 0.557574 0 0 0 0 0 0.294822 0 0 0 0 0 0.808349 0 0.173581 0 0 0 0 0.79315 0 0 0 0 0.159212 0 0 0 0 0 0 0 0 0.429724 0.440723 0.285849 0 0 0 0.265234
0 0 0 0 0 0 0.558829 0 0.537594 0.765058 0 0 0.614398 0 0.421827 0 0 0 0 0 0.936477 0 0 0 0 0 0.887431 0 0 0 0 0 0 0 0 0 0 0 0 0.908682 0 0 0.717426 0.180009 0 0 0 0 0 0 0.801457 0.752348 0 0.491002 0 0 0.554827 0 0 0 0 0 0 0 0 0 0.952901 0 0 0 0 0 0 0 0 0 0 0 0 0 0.459707 0 0 0 0 0 0.508005 0 0 0 0 0 0 0 0.968533 0 0 0 0 0.707386
0 0.850828 0 0 0 0 0 0 0 0 0 0 0 0 0 0 0 0 0 0 0 0.405756 0 0 0 0 0 0 0 0 0 0 0.760912 0 0 0 0 0 0 0.165792 0 0 0 0 0 0 0 0 0 0 0 0 0.307824 0 0.592774 0 0.548359 0 0 0 0 0 0 0 0 0 0 0 0 0.645239 0 0.20626 0 0 0 0 0 0 0.748449 0 0 0 0 0 0 0 0 0 0 0 0 0.429724 0 0 0 0 0 0 0 0
0 0 0 0 0 0 0 0 0 0.640424 0 0 0 0 0 0 0 0 0 0 0 0.736432 0 0 0 0.748 0 0 0 0 0.523192 0.749689 0 0 0.14313 0 0 0 0 0.60046 0 0.925474 0 0 0 0 0 0 0 0.930914 0 0 0 0 0 0 0.818312 0 0 0 0 0.731841 0 0 0.225477 0 0 0 0 0.913175 0 0 0 0 0.81214 0 0 0 0.900747 0.189438 0.227393 0 0 0 0 0 0 0 0 0 0 0.440723 0.968533 0 0 0 0 0 0 0.714242
0 0 0 0 0 0 0 0.304286 0 0.644443 0 0 0 0 0 0 0.692093 0 0 0 0 0.66972 0 0 0 0 0 0 0 0 0.136052 0 0 0 0 0 0 0 0 0 0 0.842589 0 0 0 0 0 0 0 0 0 0 0 0 0 0 0 0 0 0 0 0 0.29675 0.948535 0 0.136272 0.281435 0 0 0 0.561968 0 0 0 0 0 0 0 0 0 0 0 0.763251 0.458802 0 0 0 0.375147 0 0.759871 0 0.285849 0 0 0 0 0 0 0 0
0 0 0 0.749497 0 0 0 0 0 0 0 0 0 0 0 0 0.150755 0 0 0 0 0 0 0 0 0 0 0 0 0 0.672756 0 0 0 0 0 0.883448 0.642113 0 0 0.863517 0 0 0 0 0.843695 0.964816 0 0 0 0 0 0 0 0.520193 0 0 0 0 0 0 0 0 0 0 0 0.480164 0 0 0.812381 0 0 0 0 0.508514 0 0.544223 0.285644 0 0 0 0 0 0.526464 0.720334 0 0.211994 0 0 0 0 0 0 0 0 0 0 0.921048 0.426745 0
0 0 0 0 0 0 0.293891 0 0.544975 0 0 0 0 0 0.455736 0 0 0 0 0 0.933258 0 0 0 0 0 0 0 0 0.446574 0.964481 0.599502 0.876602 0.525645 0 0 0 0 0 0.848034 0 0.189043 0 0.325179 0.949987 0 0 0 0.918472 0 0.442793 0 0 0.520343 0 0 0.639814 0 0 0 0 0 0 0 0.800753 0 0 0 0 0 0 0 0 0 0 0 0 0.15462 0 0 0 0 0.159731 0 0 0 0 0 0 0.602721 0 0 0 0 0 0 0.921048 0 0 0
0 0 0 0 0.297322 0 0 0 0 0 0 0.563409 0 0 0.157308 0 0 0 0 0 0.407318 0 0 0.623998 0 0 0.8411 0 0.259664 0 0 0 0.362702 0 0 0.69758 0 0.782177 0 0 0 0 0 0.807841 0 0 0 0.798476 0 0 0 0 0 0 0 0 0 0.168337 0 0 0 0 0 0 0 0.885229 0 0 0.786701 0 0 0 0 0 0 0 0.75121 0 0 0 0 0 0 0 0 0 0.987214 0 0 0 0 0 0 0 0 0 0.426745 0 0 0.611459
0 0 0 0.451131 0 0 0 0 0 0.834221 0 0 0 0 0 0 0.612361 0 0.554148 0 0 0 0 0 0.985327 0 0 0.20265 0 0 0.321217 0 0 0 0 0 0 0.318261 0.747861 0 0 0 0 0 0 0 0 0 0 0 0 0 0 0 0 0 0 0 0 0 0 0 0 0 0 0 0 0 0 0 0 0 0 0 0 0 0 0 0 0 0 0 0 0 0 0 0 0 0 0.752607 0 0.265234 0.707386 0 0.714242 0 0 0 0.611459 0
