200
0 0.440337 0 0 0.375768 0 0 0 0 0 0 0.601011 0.637847 0 0 0 0 0 0.324111 0 0 0 0 0 0 0 0 0 0 0 0 0 0 0 0 0 0 0 0 0 0 0 0 0.437896 0 0 0 0 0.504106 0 0 0 0 0 0 0 0 0 0 0 0 0 0 0 0 0 0 0 0 0 0 0 0 0 0 0 0 0 0 0 0 0 0 0 0 0 0 0 0 0 0 0 0 0 0 0 0 0 0 0 0 0 0 0.448961 0 0 0.523186 0 0 0 0 0 0 0 0 0 0 0 0 0 0 0 0 0 0 0 0 0 0.519437 0 0 0 0 0 0 0 0 0 0 0 0 0 0 0 0 0 0 0.318849 0 0 0 0 0 0 0 0 0 0.533178 0 0 0 0 0 0 0 0.583366 0 0 0 0 0 0 0 0 0 0 0 0 0 0 0 0 0 0 0 0 0 0 0 0 0 0 0 0 0 0.487277 0 0 0 0.594877
0.440337 0 0 0 0 0 0.539798 0 0 0 0 0 0 0.463091 0 0 0 0 0 0 0 0 0 0 0.435048 0 0 0 0 0 0 0 0 0 0 0 0 0 0 0 0 0 0 0 0 0 0 0 0 0 0 0 0 0 0 0 0 0 0 0.632793 0 0 0 0 0 0 0 0 0 0 0 0 0 0 0 0 0 0 0 0 0 0 0 0 0 0 0 0 0 0 0 0 0 0 0 0 0 0 0 0 0 0 0 0 0 0 0 0 0 0 0 0 0 0 0 0 0 0 0 0.390726 0.481377 0 0 0.563169 0 0 0.349603 0 0 0 0 0 0 0 0 0 0 0 0 0 0 0 0 0.335136 0 0 0 0 0 0 0 0 0 0 0.515091 0 0 0 0 0 0 0.621559 0 0 0 0 0 0.731303 0 0 0 0 0 0 0 0 0 0.557281 0 0 0 0 0.38675 0 0 0 0 0 0 0 0 0.604731 0 0 0 0 0 0 0 0
0 0 0 0 0 0 0 0 0 0 0.601297 0 0 0 0 0 0 0 0 0 0 0 0 0 0 0 0 0 0 0 0 0 0 0 0 0 0 0 0 0 0 0 0 0 0 0 0 0 0 0 0 0 0 0 0 0 0 0 0 0 0 0 0 0 0 0.426234 0 0 0 0 0 0 0 0.435026 0 0 0 0 0 0 0 0 0 0 0 0 0 0 0 0 0 0 0 0 0 0 0 0 0 0 0 0 0 0 0 0 0 0 0 0 0 0.521607 0 0 0 0 0 0 0 0 0 0 0 0 0 0 0 0 0 0 0 0 0 0 0 0 0 0 0 0 0 0 0 0.589294 0 0 0 0 0 0 0 0 0 0 0 0 0 0 0 0.592238 0 0 0 0 0 0 0 0 0 0 0 0 0 0 0 0 0 0 0 0 0 0 0 0 0.6497 0 0.580035 0 0.327799 0 0.626763 0 0 0 0 0 0 0 0 0
0 0 0 0 0 0 0 0 0 0.609458 0.645423 0 0 0 0 0 0 0 0 0 0 0 0 0 0 0 0 0 0 0 0 0 0 0 0 0 0 0 0 0 0 0 0 0 0 0 0 0 0 0 0 0 0 0 0 0 0 0 0 0 0 0 0 0.524752 0 0 0 0 0 0 0 0 0 0 0 0 0 0 0 0 0 0 0 0 0 0 0 0 0 0 0 0.450362 0 0 0 0 0 0 0 0 0 0 0 0 0 0 0 0 0 0 0 0 0 0 0 0.434158 0.387444 0 0 0 0 0 0 0 0 0 0 0 0 0 0 0 0 0 0 0 0 0 0 0 0 0 0 0 0 0 0 0 0 0 0 0.54495 0 0 0 0.551265 0 0 0 0 0 0 0 0 0 0 0 0 0 0 0 0 0.658633 0 0 0 0 0 0 0 0 0 0 0 0.576309 0 0 0 0 0 0 0 0 0 0 0 0 0 0 0
0.375768 0 0 0 0 0 0 0 0 0 0 0 0 0 0 0 0 0 0 0 0.611374 0 0 0 0 0 0 0 0 0 0 0.467542 0 0 0 0.623325 0 0 0 0 0 0 0 0 0 0 0 0.420588 0 0 0 0 0 0 0 0 0 0 0 0 0 0 0 0 0 0 0.587244 0 0.684794 0 0 0 0 0 0 0 0 0.46511 0 0 0 0 0 0 0 0 0 0 0 0 0 0 0 0 0 0 0 0 0 0 0.377772 0 0 0 0 0 0 0 0.627014 0 0 0 0 0.555782 0 0 0 0 0 0 0 0 0 0.606033 0 0 0 0 0 0 0 0 0 0 0.54492 0 0 0 0 0 0 0 0 0 0 0 0 0 0 0.630529 0.479107 0.473784 0 0 0 0 0 0 0 0 0 0 0 0 0 0 0.618949 0.442418 0 0 0 0 0 0 0 0 0 0 0 0 0 0 0 0 0 0 0 0 0 0 0.414281 0 0.441864 0 0 0 0 0 0 0
0 0 0 0 0 0 0 0 0 0 0 0 0 0 0 0 0 0 0 0 0.499198 0 0 0 0 0 0 0 0 0 0 0 0 0 0 0 0.659803 0 0 0 0 0 0 0 0.454023 0 0 0 0 0 0 0 0 0 0 0 0 0 0 0.671792 0 0 0 0 0 0 0 0.472539 0 0 0 0 0 0 0 0 0 0 0 0 0.668669 0 0 0 0 0 0 0 0 0 0 0 0 0 0 0 0.387372 0 0 0 0 0 0 0 0 0.595962 0 0.499749 0 0 0 0 0 0 0 0 0 0 0 0 0 0 0 0 0 0 0 0 0.425458 0 0 0.671832 0 0 0 0 0 0 0 0 0 0 0 0 0 0 0 0 0 0 0 0 0 0 0 0 0 0 0 0 0 0 0 0 0 0 0 0 0 0 0 0 0 0 0 0.682979 0 0 0 0 0 0 0 0 0 0 0 0 0 0 0 0 0 0 0 0 0 0 0 0
0 0.539798 0 0 0 0 0 0.5141 0 0 0 0 0 0 0 0 0 0 0.64641 0 0 0 0 0 0 0 0 0 0 0 0 0 0.480411 0 0 0 0 0 0 0 0.517533 0.487072 0 0 0 0 0.466245 0 0 0 0 0 0 0 0 0 0 0 0 0 0 0 0 0 0 0 0 0 0 0 0 0 0 0 0 0 0.529243 0 0 0 0 0 0 0 0 0 0 0 0.432075 0 0 0.329408 0 0 0 0 0 0 0 0 0 0 0 0 0 0 0 0 0 0 0 0 0 0 0 0 0 0 0 0 0.677323 0 0.302431 0 0 0 0.444264 0 0 0 0 0 0 0 0.543715 0 0 0 0 0 0 0 0 0 0 0 0 0 0 0 0 0 0 0.573425 0 0 0 0 0 0 0 0 0 0 0 0 0 0 0 0 0 0 0 0 0 0 0 0 0 0 0 0 0 0 0 0.51515 0 0 0 0 0 0 0 0 0 0 0 0 0 0.565993
0 0 0 0 0 0 0.5141 0 0 0 0 0 0 0 0 0 0 0 0 0 0 0 0 0 0 0 0 0 0 0 0 0 0 0 0 0.575862 0 0 0 0 0 0 0 0 0 0 0 0 0 0 0 0 0 0 0 0 0 0 0.339753 0 0.490708 0 0 0 0 0 0 0 0 0 0 0 0 0 0 0 0 0 0 0 0.36821 0 0 0 0 0 0 0 0 0 0 0 0 0 0.586631 0 0 0 0 0 0 0 0 0 0 0 0 0 0 0 0 0 0 0 0 0 0 0 0 0 0 0 0 0 0 0 0 0 0 0.542245 0 0 0 0 0 0 0 0 0.56329 0 0 0 0 0 0 0 0 0 0 0 0 0 0 0 0.524393 0 0 0 0 0 0 0 0 0 0 0 0 0 0 0 0 0 0 0 0 0 0 0 0 0 0 0 0 0 0 0 0 0 0 0 0.528858 0 0 0 0 0 0 0 0 0
0 0 0 0 0 0 0 0 0 0 0 0 0.455406 0 0.602303 0 0 0 0 0 0 0 0 0 0 0 0 0 0 0 0 0 0.546313 0 0 0 0 0 0 0 0 0 0 0 0 0 0 0 0 0 0 0 0 0 0 0 0 0 0 0 0 0 0 0 0 0 0 0.408683 0.504694 0 0 0 0 0 0 0 0.62746 0 0 0 0 0 0 0 0 0 0 0 0 0.580262 0 0 0 0 0 0 0 0 0.511959 0 0 0 0 0 0 0 0 0 0 0 0 0 0 0 0 0 0 0 0 0 0 0 0 0 0 0 0 0 0 0 0 0 0 0 0 0 0 0 0 0 0 0 0 0 0 0 0 0 0 0 0 0 0 0 0 0 0 0 0 0 0.502224 0 0 0 0 0 0 0 0 0 0 0 0 0 0 0 0 0 0 0 0 0 0 0 0 0.670245 0 0 0 0 0 0 0 0 0 0.618568 0 0 0 0
0 0 0 0.609458 0 0 0 0 0 0 0 0 0 0 0 0 0 0 0 0 0 0 0 0 0 0 0.5998 0 0 0 0 0 0 0 0 0 0 0 0 0 0 0 0 0 0 0 0 0 0 0 0 0 0 0 0 0 0 0 0 0 0 0 0 0 0 0 0 0 0 0 0 0 0 0 0 0 0 0 0 0 0 0 0 0 0 0 0 0 0 0 0.569423 0 0 0 0 0 0 0 0 0 0 0 0 0 0 0 0 0.58634 0 0 0 0 0 0 0 0.669836 0 0 0 0 0 0 0 0 0.619717 0 0 0 0 0 0 0 0 0 0 0.554055 0 0 0 0 0 0 0 0 0 0 0 0 0 0.360491 0 0 0 0 0.338361 0 0 0 0 0.55626 0 0 0 0 0 0 0 0 0 0 0 0 0 0 0 0 0 0 0 0 0 0 0 0 0 0 0 0 0.356902 0 0 0 0 0 0 0 0 0 0 0
0 0 0.601297 0.645423 0 0 0 0 0 0 0 0 0 0 0 0 0 0 0 0 0 0 0 0 0 0 0 0 0 0 0 0 0 0 0.558751 0.353311 0 0 0.641625 0.540115 0 0 0.515747 0.66718 0 0 0 0 0 0 0.642475 0 0 0 0 0 0.634991 0 0 0 0.629343 0.602724 0 0 0 0 0 0 0 0 0 0 0 0 0 0 0 0 0 0 0 0 0 0 0.644744 0 0 0 0 0.404625 0 0 0 0 0 0 0 0 0.611878 0 0 0 0 0 0 0 0 0 0 0 0 0 0 0 0 0 0 0 0.420479 0 0 0 0 0 0 0 0 0 0 0.459737 0 0 0 0 0 0 0 0 0 0 0 0 0 0 0 0.557729 0 0 0 0.408409 0 0 0.405183 0 0 0 0 0 0 0 0 0 0 0.571513 0 0 0 0 0 0 0 0 0 0 0 0 0 0 0 0 0 0 0.388269 0 0 0 0 0 0 0 0 0 0 0 0 0 0 0 0 0
0.601011 0 0 0 0 0 0 0 0 0 0 0 0 0 0 0 0 0 0 0 0 0 0 0 0 0 0 0 0 0 0 0 0 0 0 0 0 0.479913 0 0 0 0 0 0.720762 0 0 0 0 0 0 0 0 0 0 0 0 0 0 0 0 0.683328 0 0 0 0.603759 0 0 0 0 0 0 0 0 0 0 0 0 0 0 0.673119 0 0 0 0 0 0 0 0 0 0 0 0 0 0 0.572388 0 0 0 0 0 0 0 0 0.41599 0 0 0 0 0 0 0 0 0 0 0.578185 0 0 0 0 0 0 0 0.338644 0 0 0 0 0.578352 0 0 0 0 0 0 0 0 0 0 0 0 0 0 0 0.438672 0 0 0 0 0 0 0 0 0 0 0 0 0 0 0 0 0 0 0 0 0 0 0 0 0 0 0 0 0 0.452512 0 0 0 0 0 0 0 0.686324 0 0 0 0 0.534027 0 0 0 0 0.653079 0 0 0.506822 0 0 0 0 0
0.637847 0 0 0 0 0 0 0 0.455406 0 0 0 0 0 0 0 0 0 0 0 0 0 0 0 0 0 0 0 0 0 0 0 0 0 0 0 0 0 0 0 0 0 0 0 0 0 0 0 0.378936 0 0 0 0.380797 0 0 0 0 0 0 0 0 0 0 0 0 0 0 0 0 0 0 0 0 0 0 0 0 0.683827 0 0 0 0 0 0 0 0 0 0 0 0 0 0 0 0 0 0 0 0 0 0 0 0 0 0 0 0 0 0 0 0 0.627092 0.594221 0 0 0 0 0 0 0 0 0 0.33441 0 0 0 0 0.409211 0 0 0 0 0 0 0 0 0 0 0 0 0 0 0 0 0 0 0 0 0 0 0 0 0 0 0 0 0 0 0 0 0 0 0 0 0 0 0 0.549354 0 0.496879 0 0 0 0 0 0 0 0 0 0 0 0 0 0 0 0 0 0 0 0 0 0.658065 0 0 0 0 0.504193 0 0 0 0
0 0.463091 0 0 0 0 0 0 0 0 0 0 0 0 0 0 0 0 0 0 0.430202 0 0.491713 0 0 0 0 0 0 0 0 0 0 0 0 0 0 0 0 0 0 0.579567 0 0 0 0 0 0 0 0.516595 0 0 0 0 0 0 0 0 0 0 0 0 0 0 0.669446 0 0.493527 0 0 0 0 0 0.423707 0 0 0 0 0 0 0 0 0 0 0 0 0 0 0 0 0 0 0 0 0 0 0 0 0 0.419698 0 0 0 0 0 0 0 0 0 0 0 0.486625 0 0 0 0 0 0 0 0 0 0 0 0 0 0 0 0 0 0 0 0 0 0 0 0 0 0 0 0 0 0 0.639687 0 0 0.677398 0 0 0 0.602956 0.610524 0 0 0 0 0 0 0 0 0 0 0 0 0 0 0 0 0 0 0 0 0 0 0 0 0 0 0 0 0 0 0 0 0 0 0 0 0 0 0 0 0 0 0 0 0 0 0 0 0 0
0 0 0 0 0 0 0 0 0.602303 0 0 0 0 0 0 0 0 0.412509 0 0 0 0 0 0 0 0 0 0 0 0 0 0 0 0 0 0 0 0 0 0.500248 0 0 0 0 0 0.346909 0 0 0 0 0 0 0 0 0 0 0 0 0 0 0 0 0 0.376128 0 0 0 0 0 0 0 0 0.352546 0 0 0 0 0 0 0 0.535458 0 0 0 0 0 0 0 0 0 0 0 0 0 0 0 0 0 0 0 0 0 0.627355 0 0 0 0 0 0 0 0 0 0 0 0 0 0 0.352716 0 0 0 0 0 0 0 0.494315 0.571223 0 0 0 0 0 0 0 0 0 0 0 0 0 0 0 0 0 0 0 0 0 0 0.664936 0 0 0 0 0 0 0 0 0 0 0.531295 0 0 0 0.46482 0 0 0 0 0 0 0 0 0 0 0 0 0 0 0 0 0 0 0 0 0 0 0 0 0.386549 0 0 0 0 0 0 0 0 0 0
0 0 0 0 0 0 0 0 0 0 0 0 0 0 0 0 0 0 0 0 0 0 0 0 0 0 0 0 0 0 0 0 0 0 0 0 0 0 0.500215 0 0 0 0.726567 0 0 0 0 0 0 0 0 0 0 0 0 0 0 0 0 0 0 0 0 0 0 0 0 0 0.618201 0 0 0 0 0 0 0 0.548733 0 0 0 0 0 0 0 0.59223 0 0 0 0 0 0 0 0.687608 0 0 0 0 0.714927 0 0 0 0 0 0 0 0 0 0 0 0 0 0 0 0 0 0 0.480218 0 0 0 0 0 0 0 0 0 0 0 0 0 0 0 0 0 0 0 0 0 0.343012 0 0 0 0 0 0 0 0 0 0 0.37948 0 0 0 0 0 0 0 0 0 0 0 0 0 0 0 0 0 0 0.635152 0 0 0 0 0 0 0 0 0 0 0 0 0 0.323479 0 0 0 0 0 0 0 0 0 0 0 0 0 0 0 0 0
0 0 0 0 0 0 0 0 0 0 0 0 0 0 0 0 0 0 0 0 0 0 0 0 0 0 0 0 0.535059 0 0 0 0.492089 0 0.353785 0 0 0 0 0 0 0 0.371796 0 0 0 0 0 0 0 0 0 0 0 0 0 0.709315 0 0 0 0 0 0 0.517785 0 0 0 0 0 0 0 0 0 0.542822 0.62676 0 0 0 0 0 0 0 0 0 0 0 0 0 0 0 0 0.394957 0 0 0 0 0 0 0 0 0 0 0 0 0 0 0 0 0.605417 0 0 0 0 0 0 0 0 0 0 0 0 0 0 0 0 0 0 0 0 0 0 0 0 0 0 0 0 0 0 0 0 0 0 0.578175 0 0 0 0 0 0 0 0 0 0 0.675673 0 0 0 0 0 0 0 0 0 0 0 0 0 0 0 0 0 0 0 0 0 0 0 0 0 0 0 0 0 0 0 0 0 0 0.610624 0 0 0 0 0 0 0 0 0 0
0 0 0 0 0 0 0 0 0 0 0 0 0 0 0.412509 0 0 0 0 0 0 0 0.678073 0 0.474018 0 0 0 0 0.523554 0 0 0 0 0 0 0 0 0 0 0 0 0 0 0 0 0.547391 0 0 0 0 0 0.6492 0 0 0 0 0 0 0 0.466631 0.345771 0 0.444961 0.45895 0 0 0 0 0 0 0 0 0 0 0 0 0 0 0 0 0 0 0 0 0 0 0 0.301407 0.33177 0 0 0 0 0 0 0 0 0 0 0 0 0 0.664862 0 0 0 0 0 0 0 0.398467 0 0 0 0 0 0 0 0 0 0 0 0 0 0 0 0 0 0 0 0 0 0 0 0 0 0 0 0 0 0 0 0 0 0 0 0 0 0 0 0 0 0 0.522012 0 0 0 0 0 0 0 0 0 0 0 0 0 0.635211 0 0 0 0 0 0 0 0.307922 0 0 0 0 0 0 0 0 0 0 0 0 0 0 0 0 0 0 0 0 0 0 0
0.324111 0 0 0 0 0 0.64641 0 0 0 0 0 0 0 0 0 0 0 0 0 0 0 0 0 0 0 0 0 0 0 0 0 0 0 0 0 0 0 0 0 0 0 0 0 0 0 0 0.365918 0 0 0 0 0 0 0 0 0 0 0 0 0 0 0 0 0 0 0 0 0 0 0 0 0 0 0 0 0 0 0 0 0 0 0.576535 0 0 0 0 0 0 0 0 0 0 0 0 0 0 0 0 0 0 0.387746 0 0.396721 0 0 0 0 0 0.469686 0 0 0 0 0 0 0 0.369341 0 0.369784 0 0 0 0 0 0 0 0 0 0 0 0 0 0 0 0 0 0 0 0 0 0 0 0 0 0 0 0 0.449552 0 0 0 0 0.531652 0 0 0 0 0 0 0 0 0 0 0 0 0 0 0 0 0 0 0 0 0 0 0 0 0 0 0 0 0 0 0 0 0 0 0 0 0 0 0.486821 0 0 0 0 0 0 0
0 0 0 0 0 0 0 0 0 0 0 0 0 0 0 0 0 0 0 0 0 0 0 0 0 0 0 0 0 0 0 0 0 0 0 0 0 0 0 0 0.32325 0 0 0 0 0.538297 0 0 0 0 0 0 0 0 0 0 0 0 0 0 0 0 0 0 0 0 0 0 0 0 0 0 0 0.60374 0 0 0 0 0 0 0 0 0 0 0.400109 0 0 0 0 0 0 0 0.548653 0 0 0 0 0 0 0 0.695989 0 0 0 0 0 0 0 0 0 0 0 0 0 0 0.631414 0 0.584013 0 0 0 0 0 0 0 0 0 0 0 0 0 0 0 0 0 0 0 0 0 0 0 0 0 0 0 0 0 0 0 0 0 0 0.60887 0 0 0 0 0 0 0 0 0 0 0.559423 0 0 0 0 0 0 0 0.524908 0 0 0 0 0 0 0 0 0 0 0 0 0 0 0 0 0 0 0 0 0 0 0 0 0 0 0 0
0 0 0 0 0.611374 0.499198 0 0 0 0 0 0 0 0.430202 0 0 0 0 0 0 0 0 0 0 0 0 0 0 0 0 0 0 0 0 0 0 0 0 0 0 0 0 0 0 0 0 0 0 0 0 0 0 0 0 0 0.581408 0 0 0 0 0 0 0 0 0 0 0 0 0 0 0.606683 0 0.411041 0 0 0 0 0 0 0 0 0 0 0 0 0 0 0 0 0 0 0 0 0 0 0 0 0 0 0 0 0 0 0 0 0 0 0 0 0 0 0 0 0 0 0 0 0.643198 0 0 0 0.408006 0 0 0 0 0 0 0 0 0 0 0 0 0 0 0 0 0 0 0 0 0 0 0 0.524491 0 0 0 0 0 0 0 0 0.637839 0 0 0 0 0 0 0 0 0 0 0 0 0 0 0 0 0 0 0 0 0.452303 0.348905 0 0 0 0 0 0 0 0 0 0 0 0.528061 0 0 0 0 0 0 0 0 0 0 0
0 0 0 0 0 0 0 0 0 0 0 0 0 0 0 0 0 0 0 0 0 0 0 0 0 0 0 0 0 0 0 0 0 0 0 0 0 0 0 0 0 0 0 0 0 0 0.52747 0 0 0 0 0 0 0 0 0 0 0 0 0 0 0 0 0 0 0 0 0.576048 0 0 0 0 0 0 0 0 0 0 0 0 0 0 0 0 0 0 0 0 0 0 0 0 0 0 0 0 0 0 0 0 0 0 0 0 0 0 0 0 0 0 0 0 0 0 0 0 0.49413 0 0 0.34239 0 0 0 0 0 0 0 0 0 0 0 0 0 0 0 0 0 0 0 0 0 0 0 0 0 0.323201 0 0 0 0 0 0 0 0 0 0 0 0 0 0 0 0 0 0 0 0 0 0 0 0 0 0 0 0 0 0 0 0 0 0 0 0 0 0.386107 0.570571 0 0 0 0 0.604515 0 0 0 0 0 0 0 0.421957 0 0
0 0 0 0 0 0 0 0 0 0 0 0 0 0.491713 0 0 0 0.678073 0 0 0 0 0 0 0 0 0 0 0 0 0 0 0 0 0 0.554043 0 0 0 0 0 0 0 0 0.622541 0.492471 0 0 0 0 0 0 0 0 0 0 0 0 0 0 0 0 0.373038 0 0 0 0 0 0 0 0 0 0 0 0 0 0 0 0 0 0 0 0 0 0 0 0 0 0 0 0 0 0.372947 0 0 0 0 0 0 0 0 0 0 0 0 0 0 0 0 0 0 0 0 0 0 0 0 0 0 0 0 0 0.603965 0 0 0 0 0 0 0 0 0 0 0 0 0 0 0 0 0 0 0 0.341438 0 0.661338 0 0 0 0.372623 0 0 0 0 0 0 0 0 0.648623 0 0 0 0 0 0 0 0 0 0 0 0 0 0 0 0 0 0 0 0 0 0 0.617069 0 0.410675 0 0 0 0 0 0 0 0 0 0 0 0 0 0 0 0.394384 0
0 0 0 0 0 0 0 0 0 0 0 0 0 0 0 0 0 0 0 0 0 0 0 0 0.444101 0 0 0 0 0 0 0 0 0 0 0 0 0.383505 0 0 0 0 0 0 0 0 0 0 0 0 0 0.607945 0 0 0 0 0 0 0 0 0.642698 0.288514 0 0.328931 0 0 0 0 0 0 0 0 0 0 0 0 0 0 0 0 0 0 0 0 0 0 0 0 0 0 0 0 0 0 0 0 0 0 0 0 0 0 0 0 0 0 0 0 0 0 0 0 0 0 0 0 0 0 0.635666 0 0 0 0 0 0 0.570447 0.432854 0 0 0 0 0 0 0 0 0 0.488188 0 0 0 0 0 0.572499 0 0 0 0 0 0 0.552903 0 0 0 0 0 0 0 0 0 0 0 0 0 0.697147 0 0 0 0.474792 0 0 0 0 0 0 0 0 0 0 0 0 0 0 0 0 0 0 0 0 0 0 0 0 0 0 0 0 0 0 0 0
0 0.435048 0 0 0 0 0 0 0 0 0 0 0 0 0 0 0 0.474018 0 0 0 0 0 0.444101 0 0.515718 0 0 0 0 0 0.570599 0 0 0.5795 0 0 0 0 0 0 0.440682 0 0 0 0 0 0 0 0 0 0 0 0 0 0 0 0 0 0.530304 0 0 0 0 0 0.532121 0 0 0 0.315776 0 0 0 0 0 0 0 0 0 0 0 0 0.491232 0 0 0 0 0 0 0 0 0 0 0 0 0 0 0 0 0 0 0 0.648707 0 0 0 0 0 0 0 0 0.591316 0 0 0 0 0 0 0 0 0 0 0 0 0 0 0 0 0 0 0 0 0 0 0 0.451113 0 0 0 0 0 0 0 0.506108 0 0 0 0 0 0 0 0 0 0 0 0 0 0.46209 0 0.482451 0 0 0 0 0 0 0 0 0 0 0 0 0 0 0 0 0 0 0 0 0 0 0 0 0 0 0 0 0 0 0 0 0.360964 0 0 0 0 0 0 0
0 0 0 0 0 0 0 0 0 0 0 0 0 0 0 0 0 0 0 0 0 0 0 0 0.515718 0 0 0 0 0 0 0.441862 0 0 0 0 0 0 0 0 0 0 0 0 0 0.647912 0.58974 0 0 0 0 0 0 0 0 0.346645 0.6101 0 0 0.466979 0 0 0 0 0 0 0 0 0 0 0.606742 0 0 0 0 0 0 0 0 0 0 0 0 0 0 0 0 0 0 0 0.606259 0 0 0 0 0 0 0 0 0 0 0 0 0.614968 0 0 0 0.570274 0 0 0 0 0 0 0 0 0.703604 0 0 0 0 0 0 0 0 0 0 0 0 0 0 0 0 0 0 0 0 0 0.480079 0 0 0 0 0 0 0 0 0 0.727992 0.661619 0 0 0 0.474727 0 0.384344 0.49536 0 0 0 0 0 0 0 0 0 0 0 0 0 0 0 0.398671 0 0 0 0 0 0 0 0 0 0 0 0 0.506859 0 0 0 0 0 0 0 0 0 0 0 0 0 0
0 0 0 0 0 0 0 0 0 0.5998 0 0 0 0 0 0 0 0 0 0 0 0 0 0 0 0 0 0 0 0 0 0 0 0 0 0 0 0 0 0 0 0 0 0 0 0 0.625939 0 0 0 0 0 0 0 0 0 0 0.625036 0 0 0 0 0 0 0 0 0 0 0 0 0 0 0 0 0 0 0 0 0 0 0 0 0 0 0 0 0 0 0 0 0 0 0 0 0 0 0 0 0 0 0 0 0 0 0 0 0 0 0 0 0.522253 0 0 0 0 0 0 0 0 0 0 0.358853 0 0 0 0 0 0 0.35926 0 0 0 0 0 0 0 0 0 0.692315 0 0 0 0 0 0 0 0 0 0 0 0 0 0 0 0 0 0 0 0.631074 0 0 0 0 0.437024 0 0 0 0 0 0 0 0 0 0 0 0 0 0 0 0 0 0 0 0 0 0 0 0 0 0 0 0 0 0 0 0 0 0 0 0
0 0 0 0 0 0 0 0 0 0 0 0 0 0 0 0 0 0 0 0 0 0 0 0 0 0 0 0 0 0.465981 0 0 0 0 0 0 0 0.539731 0 0 0 0 0 0 0 0 0 0.551574 0 0 0 0 0 0 0 0 0 0 0 0 0 0 0 0 0.404656 0 0 0 0 0 0 0 0 0 0 0 0 0 0 0 0 0 0 0 0 0 0 0 0 0 0 0 0 0 0 0.621304 0 0 0 0 0 0 0 0 0 0 0 0 0 0 0.277883 0 0 0 0.696323 0 0 0 0 0 0 0 0 0.495332 0 0 0 0 0 0 0 0 0 0 0 0 0 0 0 0 0 0 0 0 0 0 0 0 0 0 0 0 0 0 0 0 0 0 0 0 0 0 0 0 0 0 0 0 0 0 0 0 0 0 0 0.487905 0 0 0 0 0 0 0.48862 0 0 0 0 0 0 0 0 0 0 0 0 0 0 0 0.58368 0
0 0 0 0 0 0 0 0 0 0 0 0 0 0 0 0 0.535059 0 0 0 0 0 0 0 0 0 0 0 0 0 0 0 0 0 0 0 0 0 0 0 0 0 0 0 0 0 0 0 0 0 0 0 0 0 0 0 0 0 0 0 0 0 0 0 0 0 0.417888 0 0 0 0 0 0 0 0 0 0 0 0.341095 0 0 0 0 0 0 0 0 0 0 0 0 0 0 0 0 0 0 0.540938 0 0.42532 0 0 0 0 0 0 0.422801 0 0 0 0 0 0 0 0 0 0 0 0 0 0 0 0 0 0 0 0 0 0 0 0 0 0 0 0 0.492464 0 0 0 0 0 0 0 0 0 0 0 0 0 0 0 0 0 0 0 0 0 0.412702 0 0 0 0 0 0.431218 0 0.49226 0 0 0 0 0 0 0 0 0 0 0 0 0 0 0 0 0 0 0.633181 0 0 0 0 0 0 0 0 0.332613 0 0 0 0 0 0
0 0 0 0 0 0 0 0 0 0 0 0 0 0 0 0 0 0.523554 0 0 0 0 0 0 0 0 0 0.465981 0 0 0.285104 0 0 0 0 0 0 0 0 0 0 0 0 0 0 0 0 0 0 0 0 0 0 0 0 0 0 0 0.593313 0 0 0 0 0 0 0 0 0 0 0 0 0 0 0 0 0 0 0 0 0 0 0 0 0 0 0 0 0 0 0 0 0 0 0 0 0 0 0 0 0 0 0.68355 0 0 0.409727 0 0 0 0.584439 0 0 0 0 0 0 0 0 0 0 0 0 0 0 0 0 0 0 0 0 0 0 0 0 0 0 0 0 0 0 0 0 0 0 0 0 0 0 0 0 0 0 0 0 0 0 0.530482 0 0.402915 0 0 0 0 0 0 0 0 0 0 0 0 0 0 0 0 0 0 0 0 0 0 0 0 0 0 0 0 0 0 0 0 0 0 0 0 0 0 0 0 0 0
0 0 0 0 0 0 0 0 0 0 0 0 0 0 0 0 0 0 0 0 0 0 0 0 0 0 0 0 0 0.285104 0 0 0 0 0 0 0 0 0 0 0 0 0 0 0 0 0 0 0 0 0 0 0 0 0 0 0.36133 0 0 0 0 0 0 0 0 0 0 0 0 0 0 0 0 0 0 0 0 0 0 0 0 0 0 0 0 0 0 0 0 0 0 0.395115 0 0 0 0 0 0 0 0 0 0 0 0 0 0 0 0 0 0 0 0 0 0 0 0 0 0 0 0 0 0 0 0 0 0 0 0 0 0 0 0 0 0 0 0 0.634463 0 0 0.384726 0 0 0 0 0 0 0 0 0 0 0 0 0 0 0 0 0 0 0 0 0 0 0 0 0 0 0 0 0 0 0 0 0 0 0 0 0 0 0 0 0 0 0 0 0 0 0 0.701788 0 0 0 0 0 0 0 0 0 0 0 0
0 0 0 0 0.467542 0 0 0 0 0 0 0 0 0 0 0 0 0 0 0 0 0 0 0 0.570599 0.441862 0 0 0 0 0 0 0 0 0 0 0 0 0 0 0 0 0 0 0 0 0 0 0 0 0 0 0 0 0 0 0 0 0 0 0 0 0 0 0 0 0 0 0 0 0 0 0 0 0 0 0 0 0 0 0 0 0 0 0 0 0.660839 0 0 0 0 0 0 0 0 0 0 0 0 0 0 0 0 0 0 0 0 0 0 0 0 0.443268 0 0 0 0 0 0 0 0 0.403072 0 0 0 0 0 0 0 0 0 0 0.64191 0 0 0 0 0 0 0 0 0 0 0 0 0 0 0 0 0 0 0 0 0 0 0 0 0 0 0.613592 0 0 0 0 0 0 0 0 0 0 0 0 0 0 0 0 0 0 0 0 0 0 0 0 0 0 0 0 0 0 0 0 0 0 0 0 0 0 0 0 0
0 0 0 0 0 0 0.480411 0 0.546313 0 0 0 0 0 0 0 0.492089 0 0 0 0 0 0 0 0 0 0 0 0 0 0 0 0 0 0 0 0 0 0 0 0 0 0 0 0 0 0 0 0 0 0 0 0 0 0 0 0 0 0 0 0 0 0 0 0 0 0 0.43401 0 0 0 0 0 0 0 0 0 0 0 0 0.436117 0 0 0 0 0 0 0 0 0 0.397643 0 0 0 0 0 0 0 0 0 0 0 0 0 0 0 0 0 0 0 0 0 0 0 0 0.449601 0 0 0 0 0.367534 0 0 0 0 0 0 0 0 0 0 0.690392 0 0 0 0 0 0 0 0 0 0 0 0 0 0 0 0.481775 0 0 0 0.300731 0.637903 0 0 0 0 0 0 0 0 0 0 0 0 0 0 0 0.543331 0 0.624937 0 0 0 0 0 0 0 0 0 0 0 0 0 0 0 0 0.619153 0 0 0 0 0 0.561829 0 0 0 0 0 0
0 0 0 0 0 0 0 0 0 0 0 0 0 0 0 0 0 0 0 0 0 0 0 0 0 0 0 0 0 0 0 0 0 0 0.429498 0 0 0 0 0 0 0 0 0 0 0 0.546232 0 0 0 0 0 0 0 0 0 0 0 0 0 0 0 0 0 0 0.468751 0.566758 0 0 0 0 0 0 0.477367 0 0 0 0 0 0 0 0 0.516491 0 0 0 0 0 0 0 0 0 0 0.517339 0 0 0 0 0 0 0 0 0 0 0 0 0 0 0 0 0 0 0 0 0 0 0 0 0 0.602656 0 0 0 0 0 0 0 0 0 0 0 0 0.407033 0 0 0 0 0 0 0 0 0 0 0 0 0 0 0 0 0 0 0 0 0 0 0 0 0.511827 0.512967 0 0.644743 0.487052 0 0 0 0 0 0 0.434525 0 0 0 0.391805 0 0 0 0 0 0 0 0 0 0.646145 0 0 0 0 0.494985 0 0 0 0 0 0 0 0 0 0 0 0
0 0 0 0 0 0 0 0 0 0 0.558751 0 0 0 0 0 0.353785 0 0 0 0 0 0 0 0.5795 0 0 0 0 0 0 0 0 0.429498 0 0 0 0.603309 0 0 0 0 0 0 0 0 0 0 0 0 0 0 0 0 0 0.404876 0 0 0 0 0 0 0 0 0 0 0 0 0 0 0 0 0 0.339799 0 0 0 0.463412 0 0 0 0 0 0 0 0 0 0 0 0 0 0 0 0 0 0 0 0 0 0 0 0 0 0 0 0 0 0 0 0 0 0 0 0 0 0 0 0 0 0 0 0 0 0 0 0 0 0 0 0 0 0 0 0 0 0 0 0 0 0 0.598651 0 0 0 0 0 0 0 0 0 0 0 0 0 0 0 0 0 0 0 0 0 0 0 0 0 0 0 0 0 0 0 0 0 0 0 0 0 0 0 0 0 0 0 0 0 0 0 0 0 0 0.540361 0 0 0 0 0 0 0 0
0 0 0 0 0.623325 0 0 0.575862 0 0 0.353311 0 0 0 0 0 0 0 0 0 0 0 0.554043 0 0 0 0 0 0 0 0 0 0 0 0 0 0 0 0 0 0 0 0 0 0 0 0 0 0 0 0.266687 0 0 0 0 0 0 0 0 0 0 0 0 0 0 0 0 0 0.608101 0 0 0 0 0 0 0 0 0 0 0 0 0.343506 0 0 0 0 0 0 0 0 0 0 0 0 0 0 0 0 0 0 0 0 0 0 0 0 0 0 0.717712 0 0 0 0 0 0 0 0 0 0 0 0 0.414899 0 0.659532 0 0 0 0 0 0 0 0 0 0 0 0 0 0 0 0 0 0 0 0.410961 0 0 0 0 0.598325 0 0 0 0 0 0 0 0 0 0 0 0 0 0 0 0 0 0 0 0 0 0 0 0 0 0 0 0 0 0 0 0 0.493984 0 0 0 0 0 0 0 0.28525 0 0 0.594064 0 0 0 0 0 0 0.491354
0 0 0 0 0 0.659803 0 0 0 0 0 0 0 0 0 0 0 0 0 0 0 0 0 0 0 0 0 0 0 0 0 0 0 0 0 0 0 0 0 0 0 0 0 0 0 0 0 0 0 0 0 0 0 0 0 0 0 0 0 0 0 0 0 0 0 0 0 0 0 0 0 0 0.614092 0 0 0 0 0 0 0 0 0 0.334261 0 0 0 0 0 0 0 0 0 0 0 0 0 0 0 0 0 0 0 0 0 0 0 0 0 0 0 0 0 0 0 0 0 0 0 0 0 0 0 0 0 0 0.523362 0 0 0 0 0 0.643549 0 0 0 0 0 0 0 0 0 0 0 0 0 0 0 0.475574 0 0 0 0 0 0 0 0 0 0 0 0 0 0 0 0 0 0 0 0 0 0 0 0 0 0 0 0 0 0 0 0 0 0 0 0.640746 0.651467 0 0 0 0 0 0.736994 0 0 0 0 0.500605 0 0 0 0
0 0 0 0 0 0 0 0 0 0 0 0.479913 0 0 0 0 0 0 0 0 0 0 0 0.383505 0 0 0 0.539731 0 0 0 0 0 0 0.603309 0 0 0 0.584748 0 0.378954 0 0 0 0 0.599358 0 0 0 0 0 0 0 0 0.630931 0 0 0 0 0.565258 0 0 0 0.605785 0 0 0 0.50981 0 0 0 0 0 0 0 0 0.6121 0 0 0 0 0 0.399236 0.419162 0 0 0 0 0 0 0 0 0 0 0 0 0 0 0 0 0.630622 0 0 0.616392 0 0 0 0 0 0 0 0 0 0 0 0 0 0 0 0 0 0 0 0 0.419319 0 0 0.523425 0 0 0 0 0 0 0 0 0 0 0 0 0 0.430375 0 0 0.401282 0 0 0 0 0 0 0 0 0 0 0 0 0 0 0 0 0 0 0 0 0 0 0 0 0 0.708823 0 0 0 0 0 0 0 0 0 0 0 0 0 0 0.429748 0 0 0 0 0.634617 0 0 0 0 0 0 0 0 0
0 0 0 0 0 0 0 0 0 0 0.641625 0 0 0 0 0.500215 0 0 0 0 0 0 0 0 0 0 0 0 0 0 0 0 0 0 0 0 0 0.584748 0 0 0 0 0 0 0 0 0.344245 0 0 0 0 0 0 0 0 0 0 0 0 0 0 0 0 0 0 0 0 0 0.276829 0.500722 0 0 0 0 0 0 0 0 0 0 0.499618 0 0 0 0 0 0 0 0 0 0 0 0 0 0 0 0 0.514131 0 0 0 0 0 0 0 0 0 0 0 0 0 0 0 0 0 0 0 0 0 0 0 0 0 0 0 0 0 0 0 0 0 0 0 0 0 0 0 0 0 0 0 0 0 0 0 0 0 0 0 0 0 0 0 0 0 0 0 0.381312 0 0 0 0 0 0 0 0 0 0 0 0 0 0 0 0 0 0 0 0 0 0 0 0 0 0 0 0 0 0 0 0 0 0 0 0 0 0 0 0 0 0
0 0 0 0 0 0 0 0 0 0 0.540115 0 0 0 0.500248 0 0 0 0 0 0 0 0 0 0 0 0 0 0 0 0 0 0 0 0 0 0 0 0 0 0 0 0 0 0 0 0 0 0 0 0 0 0 0 0 0 0 0 0 0 0 0 0 0 0 0 0 0 0 0 0 0 0 0 0 0 0 0 0 0 0 0 0 0 0 0 0 0 0 0 0 0 0 0.401909 0 0 0 0 0 0 0 0 0 0 0 0 0 0 0 0 0 0.531844 0 0 0 0 0 0 0 0 0.565829 0 0 0 0 0 0 0 0 0 0 0 0 0 0 0 0 0 0 0 0 0 0 0 0 0 0 0 0 0 0.506142 0 0 0 0 0 0 0 0 0 0 0 0 0 0 0 0 0.485451 0 0 0 0 0.466874 0 0 0 0 0 0 0 0 0 0 0.46232 0 0 0 0 0 0 0 0 0.405776 0 0 0 0 0 0 0
0 0 0 0 0 0 0.517533 0 0 0 0 0 0 0 0 0 0 0 0 0.32325 0 0 0 0 0 0 0 0 0 0 0 0 0 0 0 0 0 0.378954 0 0 0 0 0 0 0 0 0 0 0 0 0 0.569057 0 0 0 0 0.443181 0 0 0 0 0 0 0 0 0 0 0 0 0 0 0 0 0 0 0 0 0 0 0 0 0.529747 0 0 0 0 0.58006 0.486549 0 0 0 0 0 0 0 0 0 0.719531 0 0 0 0 0 0 0 0 0 0 0 0 0 0.366121 0 0 0 0 0.454548 0 0 0 0 0 0 0 0 0 0 0 0 0 0 0 0 0 0 0 0 0 0 0 0 0 0 0 0 0 0 0 0 0 0 0 0.440492 0 0 0 0 0 0 0 0 0 0 0.605448 0 0 0.623229 0 0.403611 0 0 0 0 0 0 0 0 0 0 0 0 0.421986 0 0 0 0 0 0 0 0 0 0 0 0 0 0 0 0 0 0
0 0 0 0 0 0 0.487072 0 0 0 0 0 0 0.579567 0 0 0 0 0 0 0 0 0 0 0.440682 0 0 0 0 0 0 0 0 0 0 0 0 0 0 0 0 0 0 0 0 0 0 0 0 0 0 0 0 0 0 0 0 0 0 0 0 0 0 0 0 0 0.536528 0 0 0 0 0 0 0 0 0 0 0 0 0 0 0 0 0 0.616183 0 0 0 0 0 0 0 0 0 0 0 0 0.563028 0 0 0 0.585083 0 0 0 0 0 0 0 0 0 0 0 0 0 0 0 0 0 0 0 0.565938 0 0 0 0 0 0 0 0 0 0 0 0 0 0 0 0.547296 0 0 0 0 0 0.336059 0 0 0 0 0 0 0 0 0 0 0 0 0 0 0 0 0 0 0 0 0 0 0.434696 0 0 0 0 0 0 0.550186 0 0 0 0 0 0 0 0 0 0 0 0 0 0.443225 0 0 0 0 0 0.580327 0 0 0 0 0 0
0 0 0 0 0 0 0 0 0 0 0.515747 0 0 0 0 0.726567 0.371796 0 0 0 0 0 0 0 0 0 0 0 0 0 0 0 0 0 0 0 0 0 0 0 0 0 0 0 0 0 0 0 0 0 0 0 0 0 0 0 0 0 0 0 0 0 0 0 0.641744 0 0 0.530995 0 0 0 0 0 0 0 0 0 0 0 0 0.62176 0 0 0 0 0 0 0.551256 0 0 0 0 0 0 0 0 0 0 0 0 0 0.347598 0 0 0 0 0 0 0 0 0 0 0 0 0 0 0 0 0 0 0 0 0 0 0 0 0 0 0 0 0 0 0 0 0 0 0 0 0 0 0 0 0 0 0 0 0 0 0 0 0 0 0 0 0 0 0 0 0 0 0 0 0 0 0 0 0 0 0 0 0 0 0 0 0 0 0 0 0 0 0 0 0 0 0 0 0 0 0 0 0 0 0 0 0 0 0 0 0 0
0.437896 0 0 0 0 0 0 0 0 0 0.66718 0.720762 0 0 0 0 0 0 0 0 0 0 0 0 0 0 0 0 0 0 0 0 0 0 0 0 0 0 0 0 0 0 0 0 0 0 0 0 0 0 0 0 0 0 0 0.507206 0 0 0 0 0 0 0.476483 0 0 0 0 0 0 0 0 0 0 0 0 0 0 0 0 0 0 0 0 0 0.358894 0 0 0 0 0 0 0 0.691372 0 0 0 0 0 0 0 0 0 0 0 0 0 0 0 0 0 0 0 0 0 0 0 0 0 0 0 0 0 0 0 0 0 0 0 0 0 0 0 0 0 0 0 0 0 0 0 0 0 0 0 0 0 0.654843 0 0 0 0 0 0.429326 0 0 0 0.544824 0 0 0 0 0 0 0 0 0 0 0 0 0.624195 0 0 0 0 0 0 0 0 0 0 0.70004 0 0 0 0 0 0 0 0.427548 0 0 0 0 0 0 0 0 0 0 0
0 0 0 0 0 0.454023 0 0 0 0 0 0 0 0 0 0 0 0 0 0 0 0 0.622541 0 0 0 0 0 0 0 0 0 0 0 0 0 0 0 0 0 0 0 0 0 0 0 0 0 0 0 0 0 0 0.489003 0 0 0 0 0 0 0 0 0 0 0 0 0 0 0 0 0 0 0 0 0 0 0 0.518943 0 0 0 0 0 0 0 0 0 0 0 0 0 0 0 0 0 0 0 0 0 0 0 0 0.449482 0.606769 0 0 0 0 0 0.409137 0 0 0 0 0 0 0 0 0 0 0.452101 0 0 0 0 0 0 0 0 0 0 0 0 0 0 0 0.457624 0 0.426538 0.500114 0 0 0 0 0 0 0 0 0 0 0 0 0 0 0 0 0 0 0 0 0 0 0 0 0 0 0 0 0 0.478278 0 0 0 0 0 0 0 0 0 0 0.37183 0 0 0 0 0 0 0.389175 0.664557 0 0 0 0 0 0 0.503588 0 0 0 0
0 0 0 0 0 0 0 0 0 0 0 0 0 0 0.346909 0 0 0 0 0.538297 0 0 0.492471 0 0 0.647912 0 0 0 0 0 0 0 0 0 0 0 0.599358 0 0 0 0 0 0 0 0 0 0 0 0 0 0 0 0 0 0 0 0 0 0 0 0 0 0 0 0 0 0 0 0 0 0 0 0 0 0 0 0 0 0 0 0 0 0 0 0 0 0 0.558576 0 0 0 0 0 0 0.546661 0 0 0 0 0 0.379565 0 0 0 0 0 0.388891 0 0 0 0 0 0 0 0 0 0 0 0.571856 0 0 0 0 0 0 0.629398 0 0 0 0 0 0 0 0 0.601544 0.385246 0 0 0 0 0 0 0 0 0 0 0 0 0 0 0 0 0 0 0 0 0 0.392951 0 0 0 0 0 0 0 0 0 0 0 0 0 0 0 0 0 0 0 0 0 0 0 0 0 0 0 0 0 0 0 0 0 0 0 0 0 0 0 0 0
0 0 0 0 0 0 0.466245 0 0 0 0 0 0 0 0 0 0 0.547391 0 0 0 0.52747 0 0 0 0.58974 0.625939 0 0 0 0 0 0 0.546232 0 0 0 0 0.344245 0 0 0 0 0 0 0 0 0 0 0 0 0 0.467402 0 0 0 0 0 0 0 0 0 0 0 0 0 0 0 0.50749 0 0 0 0 0 0 0 0 0 0 0 0 0 0 0 0 0 0 0 0 0 0 0 0 0 0.467884 0 0 0 0 0 0 0 0 0 0 0 0 0 0 0 0.600418 0 0 0 0 0 0 0 0 0 0 0 0 0 0 0 0 0 0.464654 0 0 0 0 0.4335 0 0 0 0 0 0 0 0 0 0 0.508229 0 0 0 0 0 0 0 0.504776 0 0 0 0 0 0.483886 0 0 0 0 0 0 0 0.646591 0.46428 0 0.528451 0 0 0 0 0 0 0 0 0 0 0 0 0 0 0 0 0 0 0 0 0 0 0 0 0 0 0 0 0 0
0 0 0 0 0.420588 0 0 0 0 0 0 0 0 0 0 0 0 0 0.365918 0 0 0 0 0 0 0 0 0.551574 0 0 0 0 0 0 0 0 0 0 0 0 0 0 0 0 0 0 0 0 0 0 0 0 0.472454 0 0.644725 0 0 0.449326 0 0 0 0 0 0 0 0 0 0 0 0 0 0.617105 0 0 0 0 0 0 0 0 0 0 0 0 0 0 0 0 0 0 0 0 0 0 0 0 0 0 0 0 0 0 0 0 0 0 0 0 0 0 0 0 0 0.397504 0 0.372088 0 0 0 0 0 0 0 0 0 0 0 0 0 0 0 0 0 0 0 0 0 0 0 0 0 0 0 0 0 0 0 0 0 0 0 0 0 0.622349 0 0 0 0 0 0 0 0 0 0 0 0.37069 0 0 0 0 0 0 0 0 0 0 0 0 0 0 0 0 0 0 0 0 0 0 0 0 0 0 0 0 0 0 0 0 0 0
0.504106 0 0 0 0 0 0 0 0 0 0 0 0.378936 0 0 0 0 0 0 0 0 0 0 0 0 0 0 0 0 0 0 0 0 0 0 0 0 0 0 0 0 0 0 0 0 0 0 0 0 0 0 0 0 0 0 0 0 0 0 0 0 0 0 0 0 0 0 0.610217 0 0 0 0 0 0 0 0 0 0 0 0 0 0 0 0 0 0 0 0 0 0 0 0 0 0 0 0 0 0 0 0 0 0 0.570001 0 0 0 0 0 0.528476 0 0 0.546966 0 0 0 0 0 0 0 0 0 0 0 0 0 0.665662 0 0 0 0 0.510888 0 0 0 0 0 0 0 0 0 0 0 0 0 0 0 0 0 0 0 0 0 0.441133 0 0 0.499745 0 0 0 0 0 0 0 0 0 0 0 0 0 0.577532 0.633105 0 0 0 0 0 0 0 0 0 0 0 0 0 0 0 0 0 0 0 0 0 0 0 0 0 0 0 0 0
0 0 0 0 0 0 0 0 0 0 0 0 0 0.516595 0 0 0 0 0 0 0 0 0 0 0 0 0 0 0 0 0 0 0 0 0 0 0 0 0 0 0 0 0 0 0 0 0 0 0 0 0 0 0 0 0 0 0.554773 0 0 0 0 0 0 0 0 0 0 0 0 0 0 0 0 0 0 0 0.41995 0 0 0 0 0 0 0 0 0 0 0 0 0 0 0 0 0 0 0 0 0 0 0 0 0.448654 0 0 0 0 0 0 0 0 0 0 0.37324 0 0 0 0 0 0 0 0 0 0 0 0 0 0 0 0 0 0 0 0 0 0 0 0 0 0 0 0 0 0 0 0 0 0 0 0 0 0 0 0 0 0 0 0 0 0 0.431764 0 0 0 0 0 0 0 0 0 0 0 0 0 0 0 0 0 0.549173 0 0 0 0 0 0 0 0.460736 0 0 0 0 0 0 0 0 0 0 0 0 0 0
0 0 0 0 0 0 0 0 0 0 0.642475 0 0 0 0 0 0 0 0 0 0 0 0 0 0 0 0 0 0 0 0 0 0 0 0 0.266687 0 0 0 0 0 0 0 0 0 0 0 0 0 0 0 0 0 0 0 0 0 0 0 0 0 0 0 0 0 0 0 0 0 0 0.484579 0 0 0 0 0 0 0.550774 0 0 0 0 0 0 0 0 0 0 0 0 0 0 0 0 0 0 0 0.553121 0 0 0 0 0 0 0 0 0.466865 0 0 0 0 0 0 0 0 0 0 0 0 0 0 0 0 0 0 0.457879 0 0 0 0 0 0 0 0 0 0 0 0 0 0 0 0 0 0 0 0 0 0 0 0 0 0.528338 0 0 0 0 0 0 0.535332 0 0 0 0 0 0 0.447385 0 0 0 0 0 0 0 0 0 0 0 0 0 0 0 0 0 0 0 0 0 0 0 0 0 0 0 0 0 0 0 0 0 0
0 0 0 0 0 0 0 0 0 0 0 0 0 0 0 0 0 0 0 0 0 0 0 0.607945 0 0 0 0 0 0 0 0 0 0 0 0 0 0 0 0 0.569057 0 0 0 0 0 0 0 0 0 0 0 0 0 0 0 0 0 0 0 0.36706 0 0 0.564774 0 0 0 0 0.36598 0 0 0 0 0 0 0 0 0 0 0 0 0.502377 0 0 0 0 0 0 0 0 0 0 0 0 0 0 0 0 0 0 0 0 0 0 0 0 0 0 0 0 0 0 0 0 0 0 0 0 0 0 0 0 0 0 0 0 0 0 0 0 0 0 0 0 0 0 0 0 0 0 0 0 0 0 0 0 0 0 0 0 0 0 0 0.436354 0 0 0 0 0 0 0 0 0 0 0 0.376425 0 0 0.598634 0 0 0 0 0 0 0 0 0 0.568918 0 0 0 0 0 0 0.54478 0 0 0 0 0 0 0 0 0 0 0 0 0 0
0 0 0 0 0 0 0 0 0 0 0 0 0.380797 0 0 0 0 0.6492 0 0 0 0 0 0 0 0 0 0 0 0 0 0 0 0 0 0 0 0 0 0 0 0 0 0 0 0 0.467402 0.472454 0 0 0 0 0 0 0 0 0 0 0 0 0 0 0 0 0.47784 0 0 0 0 0 0 0 0 0 0 0 0 0 0 0 0 0 0 0 0 0 0 0 0 0 0 0 0 0 0 0 0 0 0.385196 0 0 0 0 0 0 0 0 0 0 0 0 0 0 0 0 0 0 0 0 0 0 0 0 0 0.655451 0 0 0 0 0 0 0 0 0 0 0 0 0 0 0 0 0 0 0 0 0 0 0 0 0 0.618981 0 0 0 0 0 0 0.646205 0 0 0 0 0 0 0 0.345928 0.286831 0 0 0 0 0 0 0 0 0.592991 0 0 0 0 0 0 0 0 0 0 0.555332 0 0 0 0 0.452895 0 0 0 0 0 0 0 0
0 0 0 0 0 0 0 0 0 0 0 0 0 0 0 0 0 0 0 0 0 0 0 0 0 0 0 0 0 0 0 0 0 0 0 0 0 0 0 0 0 0 0 0 0.489003 0 0 0 0 0 0 0 0 0 0 0 0 0 0.343572 0 0 0 0 0 0.440137 0 0 0 0 0 0 0 0 0 0 0 0 0 0 0 0 0 0 0 0 0 0 0.703776 0 0 0 0 0 0 0 0 0 0 0 0 0 0 0.331233 0.532791 0 0 0.336492 0 0 0.41044 0 0 0 0 0.522654 0 0 0 0 0.555521 0 0 0.435067 0 0 0 0 0 0 0 0 0 0 0 0 0 0.637211 0 0 0 0 0 0 0.439964 0 0 0 0 0 0 0 0 0 0 0 0 0 0 0 0 0 0 0 0 0 0 0 0 0 0 0 0 0 0 0 0 0 0 0 0 0 0 0.452344 0 0 0 0 0 0 0 0 0 0 0 0 0 0 0 0 0
0 0 0 0 0 0 0 0 0 0 0 0 0 0 0 0 0 0 0 0 0 0 0 0 0 0 0 0 0 0 0 0 0 0 0 0 0 0.630931 0 0 0 0 0 0 0 0 0 0.644725 0 0 0 0 0 0 0 0 0.516061 0 0 0 0 0 0 0 0 0 0 0 0 0 0 0 0 0 0 0 0 0 0 0 0 0 0 0 0 0 0 0 0 0 0 0 0 0 0 0 0 0 0 0 0 0 0 0 0 0 0 0 0 0 0 0 0 0 0 0 0 0 0 0 0 0 0 0 0 0 0 0 0 0 0 0 0 0 0 0 0 0 0 0 0 0 0 0 0 0 0 0.482673 0 0 0 0 0 0 0 0 0 0 0 0 0 0 0 0 0 0 0 0 0 0 0 0 0 0 0 0 0 0 0 0 0 0 0 0 0 0 0 0 0 0 0 0 0 0 0 0.515853 0 0 0 0
0 0 0 0 0 0 0 0 0 0 0 0 0 0 0 0 0 0 0 0 0.581408 0 0 0 0 0.346645 0 0 0 0 0 0 0 0 0.404876 0 0 0 0 0 0 0 0 0.507206 0 0 0 0 0 0 0 0 0 0 0 0 0 0 0 0 0 0 0 0 0 0 0 0 0 0 0 0 0 0 0 0 0 0 0 0 0 0 0 0 0 0 0 0 0 0 0 0 0 0 0 0.387568 0 0 0 0 0 0 0 0 0 0 0 0 0 0 0 0 0 0 0 0 0 0 0 0 0 0 0 0 0 0 0 0 0 0 0 0 0 0 0 0 0 0.557976 0 0 0 0 0 0 0 0 0 0 0 0 0 0 0 0 0 0 0 0 0 0 0 0 0 0 0 0 0 0 0 0 0 0 0 0 0 0 0 0 0 0 0 0 0 0 0.522801 0 0 0.39264 0 0 0 0 0 0 0 0 0 0 0 0
0 0 0 0 0 0 0 0 0 0 0.634991 0 0 0 0 0 0.709315 0 0 0 0 0 0 0 0 0.6101 0 0 0 0 0.36133 0 0 0 0 0 0 0 0 0 0.443181 0 0 0 0 0 0 0 0 0.554773 0 0 0 0 0.516061 0 0 0 0.346616 0 0.693643 0 0.495799 0 0 0 0 0 0 0 0 0 0 0 0 0 0 0 0 0 0 0 0 0 0 0 0 0 0 0 0 0 0 0 0 0 0 0 0 0 0 0 0 0 0 0 0 0 0 0 0 0 0 0 0 0 0 0 0 0 0 0 0 0 0 0 0 0 0 0 0 0.367969 0 0 0 0 0 0 0 0 0 0 0 0 0.55911 0 0 0 0 0 0 0 0 0.626787 0 0 0 0 0 0 0 0 0 0 0 0 0 0 0 0 0 0 0 0 0 0 0 0 0 0 0 0 0 0 0 0 0 0 0 0 0 0 0 0 0 0 0 0 0 0.709064
0 0 0 0 0 0 0 0 0 0 0 0 0 0 0 0 0 0 0 0 0 0 0 0 0 0 0.625036 0 0 0 0 0 0 0 0 0 0 0 0 0 0 0 0 0 0 0 0 0.449326 0 0 0 0 0 0 0 0 0 0 0 0 0 0 0 0 0 0 0 0 0 0 0 0 0 0 0 0 0 0 0 0 0 0 0 0 0 0 0 0 0 0 0 0 0 0 0 0 0 0 0 0 0 0 0 0 0 0 0 0 0 0 0 0.343055 0 0 0 0 0 0 0 0 0 0 0 0 0 0 0 0 0.553307 0 0 0 0 0 0 0 0 0 0 0 0.510713 0 0 0 0 0 0 0 0 0 0 0 0 0 0 0 0 0 0 0 0 0 0 0 0 0 0 0 0 0 0 0 0 0 0 0 0 0 0 0 0 0 0 0 0 0 0 0 0 0 0 0 0 0 0 0 0 0 0 0
0 0 0 0 0 0 0 0.339753 0 0 0 0 0 0 0 0 0 0 0 0 0 0 0 0 0 0 0 0 0 0.593313 0 0 0 0 0 0 0 0 0 0 0 0 0 0 0 0 0 0 0 0 0 0 0 0.343572 0 0 0.346616 0 0 0.625964 0 0 0.598994 0 0 0.381 0 0 0 0 0 0 0 0 0 0 0 0 0 0 0 0 0 0 0 0 0 0 0 0 0 0 0 0 0 0 0 0 0 0 0 0 0.522815 0 0 0 0.409943 0 0 0.5747 0 0 0 0 0 0 0 0 0.397981 0 0 0 0 0 0 0 0 0 0 0 0 0 0 0 0 0 0 0 0 0 0 0 0 0 0 0 0 0 0 0.500335 0 0 0 0 0 0 0 0 0 0 0 0.43822 0 0 0 0 0 0 0 0 0 0 0.631758 0 0 0 0 0 0 0 0 0 0 0 0 0 0 0 0.429991 0 0 0 0 0 0 0 0 0 0 0
0 0.632793 0 0 0 0.671792 0 0 0 0 0 0 0 0 0 0 0 0 0 0 0 0 0 0 0.530304 0.466979 0 0 0 0 0 0 0 0 0 0 0 0.565258 0 0 0 0 0 0 0 0 0 0 0 0 0 0 0 0 0 0 0 0 0.625964 0 0 0 0 0 0 0 0 0.603832 0 0 0 0 0 0 0 0 0 0 0 0 0 0 0.465573 0.60957 0 0 0 0 0 0 0 0 0 0 0 0 0 0 0 0 0 0 0 0 0 0 0 0 0 0 0.553572 0 0 0 0 0 0 0 0 0 0 0 0 0 0 0 0 0 0 0 0 0 0 0 0 0 0 0 0 0 0 0 0 0 0 0 0 0 0 0.458047 0 0 0 0 0 0 0 0 0 0.709814 0 0 0 0.651263 0 0 0 0 0.628391 0 0.584069 0 0 0 0 0 0 0 0 0 0 0 0 0 0 0 0 0 0 0 0 0 0 0 0 0 0 0 0 0.568984
0 0 0 0 0 0 0 0.490708 0 0 0.629343 0.683328 0 0 0 0 0 0.466631 0 0 0 0 0 0.642698 0 0 0 0 0 0 0 0 0 0 0 0 0 0 0 0 0 0 0 0 0 0 0 0 0 0 0 0.36706 0 0 0 0 0.693643 0 0 0 0 0 0 0 0 0 0.443073 0 0 0 0 0 0 0 0 0 0 0 0 0 0 0 0 0 0 0 0.445307 0 0 0 0 0 0 0 0 0 0 0 0 0 0 0 0 0 0 0 0 0 0 0 0 0 0 0 0 0 0 0 0 0 0 0 0 0 0 0 0 0 0 0 0 0 0.39357 0.368772 0 0 0 0 0 0 0 0 0 0 0 0 0 0 0 0.30635 0 0 0 0.560321 0.563482 0 0 0.569002 0.404528 0 0 0.686356 0 0 0 0 0 0 0 0 0 0.453494 0 0 0 0 0 0 0 0.402283 0 0 0 0 0 0 0 0.432155 0 0 0 0 0 0 0 0 0 0 0 0
0 0 0 0 0 0 0 0 0 0 0.602724 0 0 0 0 0 0 0.345771 0 0 0 0 0 0.288514 0 0 0 0 0 0 0 0 0 0 0 0 0 0 0 0 0 0 0 0 0 0 0 0 0 0 0 0 0 0 0 0 0 0 0 0 0 0 0 0 0 0 0 0 0 0.384711 0 0 0 0 0 0 0 0 0 0 0 0 0 0.591134 0 0 0 0 0 0 0 0 0 0 0 0 0 0 0 0.397528 0 0 0 0 0 0 0 0 0 0.460637 0 0.365483 0 0 0 0 0 0 0 0 0 0 0 0.451455 0 0 0 0 0 0 0 0 0 0 0 0 0 0 0 0 0 0 0 0 0 0 0 0.533271 0 0 0 0 0 0 0 0 0 0 0 0 0 0 0 0 0 0 0 0 0 0 0 0 0.287349 0 0 0 0 0 0 0 0 0 0 0.351105 0 0 0 0 0 0 0 0 0 0 0 0 0 0 0 0
0 0 0 0 0 0 0 0 0 0 0 0 0 0 0 0 0 0 0 0 0 0 0.373038 0 0 0 0 0 0 0 0 0 0 0 0 0 0 0 0 0 0 0 0 0.476483 0 0 0 0 0 0 0 0 0 0 0 0 0.495799 0 0.598994 0 0 0 0 0 0 0 0 0 0 0 0 0 0.628646 0.549129 0 0 0 0.543841 0 0 0 0 0 0 0 0 0 0.522534 0 0 0 0 0 0 0 0 0 0 0 0 0 0 0 0 0 0 0 0 0 0.481142 0 0 0 0 0 0 0 0 0 0 0 0 0 0.5023 0 0 0 0 0 0 0 0 0 0 0 0 0 0 0 0 0 0 0 0 0 0 0 0 0 0 0 0.500482 0 0 0 0 0 0 0 0.303525 0 0 0 0 0 0 0 0 0 0 0 0 0 0 0 0 0.306831 0 0.555304 0 0 0 0.623132 0 0 0 0 0 0 0 0 0 0 0 0 0 0 0 0 0
0 0 0 0.524752 0 0 0 0 0 0 0 0 0 0 0.376128 0 0.517785 0.444961 0 0 0 0 0 0.328931 0 0 0 0 0 0 0 0 0 0 0 0 0 0.605785 0 0 0 0 0 0 0 0 0 0 0 0 0 0.564774 0 0 0 0 0 0 0 0 0 0 0 0 0 0 0 0 0 0 0 0 0 0 0 0 0 0 0 0 0 0.52676 0 0 0 0 0 0 0 0 0 0 0 0 0 0 0 0 0 0 0 0 0 0 0 0 0 0.605307 0 0 0 0 0 0 0 0 0 0 0 0 0 0 0 0 0 0 0 0 0 0 0 0 0 0 0 0 0 0.444949 0 0 0 0 0.681583 0 0 0 0 0 0 0 0 0 0 0 0 0 0 0 0 0 0 0 0 0.316414 0 0 0 0 0 0 0 0 0 0 0 0 0 0 0 0 0 0.653856 0 0 0 0 0 0 0.512052 0 0 0 0 0 0 0 0 0 0 0
0 0 0 0 0 0 0 0 0 0 0 0.603759 0 0.669446 0 0 0 0.45895 0 0 0 0 0 0 0 0 0 0.404656 0 0 0 0 0 0 0 0 0 0 0 0 0 0 0.641744 0 0 0 0 0 0 0 0 0 0.47784 0.440137 0 0 0 0 0 0 0 0 0 0 0 0 0 0 0 0 0 0 0 0 0 0 0 0 0 0 0 0 0 0 0 0 0 0 0 0 0 0 0 0 0.499761 0 0 0 0 0 0 0 0 0 0 0 0 0 0 0 0 0 0 0.636052 0 0 0 0 0 0 0 0 0 0 0 0 0 0 0 0 0 0 0 0 0 0.622035 0 0 0 0 0 0 0 0 0 0 0 0 0 0 0 0 0 0 0 0 0 0 0 0 0 0 0 0 0 0 0 0 0 0 0 0 0 0 0.599847 0 0 0 0 0 0 0 0 0 0 0 0 0 0 0 0 0 0 0.614037 0 0 0 0 0 0
0 0 0.426234 0 0 0 0 0 0 0 0 0 0 0 0 0 0 0 0 0 0 0 0 0 0.532121 0 0 0 0 0 0 0 0 0.468751 0 0 0 0 0 0 0 0 0 0 0 0 0 0 0 0 0 0 0 0 0 0 0 0 0.381 0 0 0 0 0 0 0 0 0 0 0 0 0 0.68501 0 0 0 0 0 0 0 0 0 0 0 0 0 0 0 0 0 0 0 0 0 0 0 0.615398 0.477496 0 0 0 0 0 0 0 0 0 0 0 0 0 0 0 0 0 0 0 0 0 0 0.28511 0 0 0.498113 0 0 0 0 0 0 0 0.494654 0 0 0 0 0 0 0 0 0 0 0 0 0 0 0 0.543974 0 0 0 0 0 0 0 0 0.467584 0 0 0 0 0 0.682842 0 0 0.489147 0 0 0 0 0 0.557942 0 0 0 0 0 0 0 0 0 0 0 0 0 0 0 0 0 0 0 0 0 0 0 0 0 0 0 0
0 0 0 0 0.587244 0 0 0 0 0 0 0 0 0.493527 0 0 0 0 0 0 0 0 0 0 0 0 0 0 0.417888 0 0 0 0 0.566758 0 0 0 0 0 0 0 0.536528 0 0 0 0 0 0 0 0 0 0 0 0 0 0 0 0 0 0 0.443073 0 0 0 0 0 0 0 0 0 0 0 0 0 0.534297 0 0 0 0 0 0 0 0 0 0 0 0 0 0 0 0 0 0 0 0 0 0 0 0 0 0 0 0 0 0 0 0 0 0 0 0 0 0 0 0 0 0 0 0 0 0.506998 0 0 0 0 0 0 0 0.597988 0 0.431106 0 0 0 0 0 0 0 0 0 0 0 0 0 0 0 0 0.639614 0 0 0 0.474005 0 0 0 0 0 0 0 0 0 0 0 0.451862 0 0 0 0 0 0 0 0 0 0 0 0 0 0 0 0 0 0 0 0 0 0.445157 0 0 0 0 0 0 0 0 0 0 0 0 0 0
0 0 0 0 0 0.472539 0 0 0.408683 0 0 0 0 0 0 0 0 0 0 0 0 0.576048 0 0 0 0 0 0 0 0 0 0 0.43401 0 0 0 0 0.50981 0 0 0 0 0.530995 0 0 0 0 0 0.610217 0 0 0 0 0 0 0 0 0 0 0.603832 0 0 0 0 0 0 0 0 0 0 0 0 0 0 0 0 0 0 0 0 0 0 0 0 0 0 0 0 0 0 0 0 0 0 0 0 0 0 0 0 0 0 0 0 0 0 0 0 0 0 0 0 0 0 0 0 0 0 0 0 0 0 0 0 0 0.3998 0 0 0 0 0 0 0 0 0 0 0 0 0 0 0 0 0 0 0 0 0 0 0 0 0 0 0 0.402293 0 0 0 0 0 0 0 0 0 0 0 0 0 0 0 0 0 0 0 0 0 0 0 0 0 0.494057 0 0 0 0 0 0 0 0 0 0 0 0 0 0 0 0.398189 0 0 0 0
0 0 0 0 0.684794 0 0 0 0.504694 0 0 0 0 0 0 0.618201 0 0 0 0 0 0 0 0 0 0 0 0 0 0 0 0 0 0 0 0.608101 0 0 0.276829 0 0 0 0 0 0 0 0.50749 0 0 0 0 0.36598 0 0 0 0 0 0 0 0 0 0 0 0 0 0 0 0 0 0 0 0 0 0 0 0 0 0 0 0 0 0 0 0 0 0 0 0 0 0 0 0 0 0 0 0 0 0.595096 0.310757 0 0 0.375816 0 0 0 0 0 0 0 0 0 0.533904 0 0 0.28238 0 0 0 0 0 0 0 0 0 0 0 0 0 0 0 0 0 0 0 0 0 0 0 0 0 0 0 0 0 0 0 0.512379 0 0 0 0 0 0 0 0 0 0 0 0 0 0 0 0 0 0 0 0 0 0 0.373493 0 0 0 0 0.432511 0 0 0 0 0 0 0 0 0.43842 0 0 0.448304 0 0 0 0 0.539099 0 0 0 0.481845 0 0 0 0
0 0 0 0 0 0 0 0 0 0 0 0 0 0 0 0 0 0 0 0 0 0 0 0 0.315776 0 0 0 0 0 0 0 0 0 0 0 0 0 0.500722 0 0 0 0 0 0 0 0 0 0 0 0 0 0 0 0 0 0 0 0 0 0 0.384711 0 0 0 0 0 0 0 0 0 0 0 0 0 0 0 0 0 0 0 0 0 0 0 0 0 0 0 0 0 0 0 0 0 0 0.623096 0 0 0 0 0 0 0 0 0 0 0 0 0 0 0 0 0 0 0 0 0 0 0 0 0 0.611282 0 0 0 0 0 0 0 0 0.441605 0 0.610601 0 0.408184 0 0 0 0 0 0 0 0 0 0 0 0 0 0 0.611428 0 0 0.628286 0 0 0 0 0 0 0 0 0 0 0 0 0 0 0 0 0 0 0 0 0 0 0 0 0.366296 0 0 0.512634 0 0 0 0 0 0 0 0 0 0 0 0 0 0 0 0 0 0
0 0 0 0 0 0 0 0 0 0 0 0 0 0 0 0 0 0 0 0 0.606683 0 0 0 0 0.606742 0 0 0 0 0 0 0 0 0 0 0 0 0 0 0 0 0 0 0 0 0 0 0 0 0.484579 0 0 0 0 0 0 0 0 0 0 0 0 0 0 0 0 0 0 0 0 0.369438 0 0 0 0 0 0 0 0 0 0 0 0 0 0 0 0 0 0 0 0 0 0 0 0 0.638805 0 0 0 0 0 0 0 0 0 0 0 0.645333 0 0 0 0 0 0 0 0 0 0 0 0 0 0 0 0 0 0 0 0 0 0 0 0 0 0 0 0 0 0 0 0 0 0 0 0 0 0 0 0.622438 0.553798 0 0 0 0 0 0 0 0 0 0 0 0 0 0 0 0 0 0 0 0 0 0 0 0 0 0 0 0 0 0 0 0 0 0 0 0.403446 0 0 0 0 0 0 0 0 0 0 0.631993 0 0 0
0 0 0 0 0 0 0 0 0 0 0 0 0 0 0 0 0 0 0 0 0 0 0 0 0 0 0 0 0 0 0 0 0 0 0 0 0 0 0 0 0 0 0 0 0 0 0 0.617105 0 0 0 0 0 0 0 0 0 0 0 0 0 0 0 0 0 0 0 0 0 0 0.369438 0 0 0 0 0 0 0 0 0 0 0 0 0 0 0 0 0 0 0 0 0 0 0 0 0 0 0 0 0 0 0 0.447741 0 0.623931 0 0 0 0 0 0 0 0 0 0 0 0 0 0 0 0 0 0.497135 0 0 0 0 0 0 0 0 0 0 0 0 0 0 0 0 0 0 0 0 0 0 0 0.716391 0 0 0 0 0 0 0 0 0 0 0 0 0 0 0 0 0 0.430478 0 0 0 0 0 0 0.422273 0 0 0 0 0 0 0 0 0 0 0 0 0 0 0 0 0 0.694814 0 0 0 0 0 0 0 0 0 0
0 0 0 0 0 0 0 0 0 0 0 0 0 0.423707 0.352546 0 0 0 0 0 0.411041 0 0 0 0 0 0 0 0 0 0 0 0 0 0 0 0.614092 0 0 0 0 0 0 0 0 0 0 0 0 0 0 0 0 0 0 0 0 0 0 0 0 0 0.628646 0 0 0.68501 0 0 0 0 0 0 0 0 0 0 0 0 0 0 0 0 0 0 0 0 0 0 0 0 0 0 0 0 0 0 0 0 0 0 0 0 0 0 0 0 0 0 0 0 0 0 0 0 0 0 0 0 0.535396 0 0 0 0 0 0 0 0 0 0 0 0 0.678607 0 0 0.379259 0 0 0 0 0 0 0 0 0 0 0 0 0 0 0 0 0 0.325412 0 0 0 0 0 0 0 0 0.387722 0 0 0 0 0 0 0 0 0 0 0 0 0 0 0 0 0.520344 0 0 0 0 0.711121 0 0 0 0.492675 0 0 0 0 0 0 0 0 0 0 0 0
0 0 0.435026 0 0 0 0 0 0 0 0 0 0 0 0 0 0.542822 0 0 0.60374 0 0 0 0 0 0 0 0 0 0 0 0 0 0.477367 0.339799 0 0 0 0 0 0 0 0 0 0 0 0 0 0 0 0 0 0 0 0 0 0 0 0 0 0 0 0.549129 0 0 0 0 0 0 0 0 0 0 0 0 0 0 0 0 0.385651 0 0 0 0 0 0 0 0 0 0 0 0 0 0 0 0 0 0 0 0 0 0 0 0 0 0 0 0 0.429143 0 0 0 0 0.47378 0 0 0 0 0 0 0 0 0 0 0 0 0 0 0 0 0 0 0 0 0 0 0 0 0.60529 0 0 0 0 0 0 0 0 0 0 0 0 0 0 0 0 0 0.497313 0 0 0 0 0 0 0 0 0 0 0 0 0 0 0.589117 0 0 0 0 0 0 0 0 0 0 0 0 0 0 0 0 0 0 0 0 0 0 0 0 0 0 0 0
0 0 0 0 0 0 0 0 0 0 0 0 0 0 0 0 0.62676 0 0 0 0 0 0 0 0 0 0 0 0 0 0 0 0 0 0 0 0 0 0 0 0 0 0 0 0 0 0 0 0 0 0 0 0 0 0 0 0 0 0 0 0 0 0 0 0 0 0.534297 0 0 0 0 0 0 0 0 0 0 0 0 0 0 0 0 0 0 0 0 0 0 0 0 0 0 0 0 0 0 0 0 0 0 0 0 0 0 0 0 0 0.491954 0 0 0.488489 0 0 0 0 0 0 0 0 0 0 0 0 0 0 0 0 0 0 0 0 0 0 0 0 0 0 0 0 0 0 0 0.404555 0 0 0 0 0.446713 0 0 0 0 0 0 0 0 0 0.694945 0 0 0 0 0 0 0 0 0 0 0 0 0 0 0 0 0 0 0 0 0 0 0.628748 0 0 0 0 0 0 0 0 0 0 0 0 0 0 0 0 0 0
0 0 0 0 0 0 0 0 0 0 0 0 0 0 0 0 0 0 0 0 0 0 0 0 0 0 0 0 0 0 0 0 0 0 0 0 0 0 0 0 0 0 0 0 0 0 0 0 0 0 0 0 0 0 0 0 0 0 0 0 0 0 0 0 0 0 0 0 0 0 0 0 0 0 0 0 0 0 0 0 0 0 0 0 0 0 0.496514 0 0 0.533413 0 0 0 0 0 0 0.403943 0 0.577637 0 0 0 0 0 0 0 0 0 0 0 0 0 0 0 0 0 0 0 0 0 0 0 0 0 0 0.573576 0 0 0 0 0 0 0 0 0 0 0 0 0 0.428438 0 0 0 0 0 0 0 0 0 0 0 0 0 0 0 0 0 0 0 0 0 0 0 0 0 0 0 0 0 0.668225 0 0 0 0 0.482017 0 0 0 0 0 0 0 0 0 0 0 0 0 0 0 0 0 0 0 0 0 0 0 0 0
0 0 0 0 0 0 0.529243 0 0.62746 0 0 0 0 0 0 0.548733 0 0 0 0 0 0 0 0 0 0 0 0 0 0 0 0 0 0 0 0 0 0.6121 0 0 0 0 0 0 0 0 0 0 0 0.41995 0 0 0 0 0 0 0 0 0 0 0 0 0 0 0 0 0 0 0 0 0 0 0 0 0 0 0 0.627067 0 0 0 0 0 0 0 0 0 0 0 0 0 0 0 0.657806 0 0 0 0 0 0 0 0 0 0 0 0 0 0 0 0 0 0 0 0 0 0 0 0 0 0 0 0 0 0 0 0 0 0 0 0 0 0 0 0 0 0 0 0.652632 0 0 0 0 0.357047 0 0.508796 0 0 0 0.454297 0 0 0 0 0 0 0 0.373574 0 0 0 0 0 0 0 0 0.527737 0 0 0 0 0 0 0 0 0 0 0 0 0 0.427586 0 0 0.354991 0 0 0 0 0 0 0 0 0 0 0 0 0 0 0 0 0
0 0 0 0 0.46511 0 0 0 0 0 0 0 0.683827 0 0 0 0 0 0 0 0 0 0 0 0 0 0 0 0 0 0 0 0 0 0.463412 0 0 0 0 0 0 0 0 0 0.518943 0 0 0 0 0 0.550774 0 0 0 0 0 0 0 0 0 0 0 0.543841 0 0 0 0 0 0 0 0 0 0 0 0 0 0.627067 0 0 0 0 0 0 0 0 0.35257 0 0 0 0 0 0 0 0 0 0 0.501287 0 0 0 0 0 0 0 0 0 0 0 0.721524 0 0 0 0 0.69486 0 0 0 0 0 0 0 0 0 0.52796 0 0 0.599672 0 0.668603 0 0 0 0 0 0 0 0 0 0 0 0 0 0 0 0 0 0 0 0 0 0 0 0 0 0 0.62645 0 0 0 0 0 0 0 0 0 0 0 0 0 0 0 0 0 0 0 0.641052 0 0 0 0 0 0 0.658151 0 0 0 0.489935 0 0 0 0 0 0 0 0 0 0 0 0 0
0 0 0 0 0 0 0 0 0 0 0 0 0 0 0 0 0 0 0 0 0 0 0 0 0 0 0 0 0.341095 0 0 0 0 0 0 0 0 0 0 0 0 0 0 0 0 0 0 0 0 0 0 0 0 0 0 0 0 0 0 0 0 0 0 0 0 0 0 0 0 0 0 0 0 0 0 0 0 0 0 0 0 0 0.566648 0 0 0 0 0 0 0 0.473085 0 0 0 0 0 0 0 0 0 0 0 0 0 0 0 0.423238 0 0 0 0 0 0 0 0 0 0 0 0 0 0 0 0.360805 0 0 0 0 0 0 0 0 0 0 0 0 0 0 0 0 0 0 0 0 0 0 0 0 0 0 0 0.452793 0 0 0 0 0 0 0 0 0 0 0 0 0 0 0 0 0.638414 0 0 0 0 0 0 0 0 0 0 0 0 0 0 0 0 0 0 0 0 0 0 0 0 0 0 0 0 0 0 0 0
0 0 0 0 0 0 0 0 0 0 0 0.673119 0 0 0 0 0 0 0 0 0 0 0 0 0 0 0 0 0 0 0 0 0 0 0 0 0 0 0 0 0 0 0 0 0 0 0 0 0 0 0 0 0 0 0 0 0 0 0 0 0 0 0 0 0 0 0 0 0 0 0 0 0 0.385651 0 0 0 0 0 0 0.589392 0 0 0 0 0 0 0 0 0 0 0 0 0 0 0 0 0 0 0 0 0 0 0 0 0 0 0 0 0 0 0 0 0 0 0 0 0 0 0 0 0 0 0 0 0 0 0 0 0 0 0 0 0 0 0 0 0 0 0 0 0 0 0 0 0.340585 0 0 0 0 0 0.426141 0 0 0 0 0.458107 0 0.402133 0 0.594337 0 0 0 0 0 0 0 0 0 0 0 0 0 0 0 0 0 0 0.529668 0 0 0 0 0 0 0 0 0 0 0.662696 0 0 0 0 0 0 0.587612 0 0
0 0 0 0 0 0.668669 0 0.36821 0 0 0 0 0 0 0.535458 0 0 0 0 0 0 0 0 0 0 0 0 0 0 0 0 0 0.436117 0 0 0 0 0 0.499618 0 0 0 0.62176 0 0 0 0 0 0 0 0 0 0 0 0 0 0 0 0 0 0 0 0 0 0 0 0 0 0 0 0 0 0 0 0 0 0 0 0 0.589392 0 0 0.39439 0 0 0 0 0 0 0 0 0 0 0 0 0.457535 0 0 0 0 0 0 0 0 0 0 0 0 0 0 0 0 0.614803 0 0 0 0 0 0 0 0 0 0 0 0 0 0 0 0 0 0 0 0 0 0 0 0 0 0 0 0 0 0 0 0 0 0 0 0 0 0 0 0 0 0 0 0 0 0 0 0 0 0 0 0 0 0.462075 0 0.63603 0 0 0.562317 0 0 0 0 0 0 0 0 0 0 0 0 0 0 0 0 0 0 0 0 0 0 0 0.405255 0 0 0 0.447138
0 0 0 0 0 0 0 0 0 0 0 0 0 0 0 0 0 0 0 0 0 0 0 0 0 0 0 0 0 0 0 0 0 0 0 0.343506 0 0 0 0 0.529747 0 0 0 0 0 0 0 0 0 0 0.502377 0 0 0 0 0 0 0 0 0 0 0 0.52676 0 0 0 0 0 0 0 0 0 0 0 0 0 0 0 0 0 0 0 0 0 0 0 0 0 0 0 0 0 0 0 0 0 0 0 0 0.439102 0 0 0 0 0 0 0 0 0 0 0 0 0.605639 0 0.611871 0 0.641476 0 0 0 0 0 0 0 0 0 0 0 0 0 0 0 0 0 0 0 0 0 0 0 0 0 0 0 0 0 0 0 0 0 0 0 0 0.682952 0 0 0 0 0 0 0 0 0 0 0.353242 0 0 0 0 0 0 0 0 0 0 0 0 0 0 0 0 0 0 0 0 0 0.465652 0 0 0 0 0 0 0 0 0 0 0 0
0 0 0 0 0 0 0 0 0 0 0 0 0 0 0 0 0 0 0.576535 0 0 0 0 0 0.491232 0 0 0 0 0 0 0 0 0.516491 0 0 0.334261 0.399236 0 0 0 0 0 0 0 0 0 0 0 0 0 0 0 0 0 0 0 0 0 0.465573 0 0 0 0 0 0 0 0 0 0 0 0 0 0 0 0 0 0 0.566648 0 0.39439 0 0 0 0 0 0 0 0 0 0.551127 0 0.463772 0 0 0 0 0 0 0 0 0 0 0 0 0 0 0 0.446763 0 0.495433 0 0 0.376486 0 0 0 0 0 0 0 0.750854 0 0 0 0 0 0 0 0.487209 0 0 0 0 0 0 0 0 0 0 0 0 0 0 0 0 0 0 0 0 0 0 0 0 0 0 0 0 0 0 0.462815 0 0 0 0 0 0 0.39831 0.594289 0 0 0 0 0 0 0 0 0 0 0 0 0 0 0 0 0 0 0 0 0 0 0 0.412664 0 0 0 0 0 0 0
0 0 0 0 0 0 0 0 0 0 0 0 0 0 0 0 0 0 0 0 0 0 0 0 0 0 0 0 0 0 0 0 0 0 0 0 0 0.419162 0 0 0 0 0 0 0 0 0 0 0 0 0 0 0 0 0 0 0 0 0 0.60957 0 0.591134 0 0 0 0 0 0 0 0 0 0 0 0 0 0 0 0 0 0 0 0 0 0 0 0 0 0 0 0 0 0 0 0 0 0 0 0 0 0 0 0 0 0 0 0 0 0 0 0 0 0 0.369636 0 0 0 0 0 0 0 0 0 0 0 0 0 0 0 0 0 0 0 0 0 0 0 0 0 0 0 0 0 0 0 0.484393 0 0 0 0 0 0 0 0 0 0 0 0 0 0 0 0 0 0 0 0 0 0 0 0 0 0 0 0 0 0 0 0 0 0 0 0.418991 0 0 0 0 0 0 0 0 0 0.341824 0 0 0 0 0 0 0 0 0
0 0 0 0 0 0 0 0 0 0 0.644744 0 0 0 0 0.59223 0 0 0 0.400109 0 0 0 0 0 0 0 0 0 0 0 0 0 0 0 0 0 0 0 0 0 0.616183 0 0.358894 0 0 0 0 0 0 0 0 0 0 0 0 0 0 0 0 0 0 0 0 0 0 0 0 0 0 0 0 0 0 0 0 0 0 0 0 0 0 0 0 0 0 0 0 0 0 0.666562 0 0 0 0 0 0 0 0 0 0 0 0 0 0 0 0 0 0 0 0 0 0 0 0 0 0 0 0 0 0 0.626879 0 0 0 0 0 0 0 0 0.510289 0 0 0 0 0 0 0 0 0 0 0 0 0 0 0 0 0 0 0 0 0 0 0 0 0 0 0.356142 0 0 0 0 0 0 0 0 0 0 0 0 0 0 0 0 0 0 0 0 0 0 0 0 0 0 0 0 0 0 0 0 0 0 0 0 0 0 0 0 0 0
0 0 0 0 0 0 0 0 0 0 0 0 0 0 0 0 0 0 0 0 0 0 0 0 0 0 0 0 0 0 0 0 0 0 0 0 0 0 0 0 0 0 0 0 0 0 0 0 0 0 0 0 0 0 0 0 0 0 0 0 0 0 0 0 0 0 0 0 0 0 0 0 0 0 0 0 0 0.35257 0 0 0 0 0 0 0 0 0 0.769247 0 0 0 0 0 0 0 0 0 0 0 0 0 0 0 0 0 0 0 0 0 0 0 0 0 0 0 0 0 0 0 0 0 0 0 0 0 0 0 0 0 0 0 0 0 0 0 0 0 0 0 0 0.503105 0.567148 0 0 0 0 0 0 0 0 0 0 0 0 0 0.5632 0 0 0 0 0 0 0 0 0 0 0 0 0 0 0 0 0 0 0 0 0 0 0 0 0 0 0 0 0 0.409752 0 0 0 0 0 0 0 0 0 0 0 0 0 0
0 0 0 0 0 0 0 0 0 0 0 0 0 0 0 0 0 0 0 0 0 0 0 0 0 0 0 0 0 0 0 0.660839 0 0 0 0 0 0 0 0 0.58006 0 0 0 0 0 0 0 0 0 0 0 0 0 0 0 0 0 0 0 0.445307 0 0 0 0 0 0 0 0 0 0 0 0 0 0 0.496514 0 0 0 0 0 0 0 0 0 0 0 0 0 0 0 0 0 0 0 0 0 0 0 0 0 0 0 0 0 0 0 0 0 0 0 0 0 0 0 0 0 0 0 0 0 0 0 0 0 0 0 0 0 0 0 0 0 0 0 0 0 0 0 0 0 0 0.643424 0 0 0 0 0 0 0 0 0 0 0 0 0 0 0 0 0 0 0 0 0 0 0 0 0 0 0 0 0 0 0 0 0 0 0 0 0 0 0.461358 0 0 0 0 0 0 0 0 0 0 0 0 0 0 0 0 0 0
0 0 0 0 0 0 0 0 0 0 0 0 0 0 0 0 0 0 0 0 0 0 0 0 0 0 0 0 0 0 0 0 0 0 0 0 0 0 0 0 0.486549 0 0.551256 0 0 0 0 0 0 0 0 0 0 0.703776 0 0 0 0 0 0 0 0 0.522534 0 0 0 0 0 0 0 0 0 0 0 0 0 0 0 0 0 0 0 0 0 0 0.769247 0 0 0 0 0 0 0 0 0 0 0 0 0 0 0 0 0 0 0 0 0 0 0 0 0 0 0 0 0 0.488098 0 0 0 0 0 0 0 0 0 0 0 0 0 0.573601 0 0 0 0 0 0 0 0 0 0 0 0 0 0 0 0 0 0 0 0 0 0 0 0 0 0 0 0 0 0 0 0 0 0 0 0 0 0 0 0 0 0 0.707541 0 0 0 0 0 0 0 0 0 0 0 0 0 0.546982 0 0 0 0 0 0 0 0 0 0 0 0.577942 0
0 0 0 0 0 0 0.432075 0 0 0 0 0 0 0 0 0 0 0.301407 0 0 0 0 0 0 0 0 0 0 0 0 0 0 0 0 0 0 0 0 0 0 0 0 0 0 0 0.558576 0 0 0 0 0 0 0 0 0 0 0 0 0 0 0 0 0 0 0 0 0 0 0 0 0 0 0 0 0 0 0 0 0 0 0 0 0 0 0 0 0 0 0 0 0 0 0 0 0 0 0 0 0 0 0 0 0 0 0 0 0 0 0 0 0 0 0 0 0 0 0.367048 0 0 0 0 0 0 0 0 0 0 0 0 0 0.324569 0 0 0 0 0 0.616037 0 0 0 0 0 0 0 0 0 0 0 0 0 0 0 0 0 0 0 0 0 0 0 0 0.434036 0 0 0 0 0 0 0 0 0 0 0 0 0 0.438354 0 0 0 0 0 0 0 0 0 0.404986 0 0 0 0 0 0 0 0 0 0 0 0 0 0
0 0 0 0 0 0 0 0 0.580262 0 0.404625 0 0 0 0 0 0 0.33177 0 0 0 0 0 0 0 0 0 0 0 0 0 0 0 0 0 0 0 0 0 0 0 0 0 0 0 0 0 0 0 0 0 0 0 0 0 0 0 0 0 0 0 0 0 0 0 0 0 0 0 0 0 0 0 0 0 0.533413 0 0 0 0 0 0 0 0 0 0 0 0 0 0 0 0 0 0 0 0 0 0 0 0 0 0 0 0 0 0 0 0 0 0 0 0 0 0 0 0 0 0 0 0 0 0 0 0 0 0 0 0 0 0.467941 0 0 0 0 0 0 0 0 0 0 0 0 0 0 0 0 0 0 0 0 0 0 0 0 0 0 0 0 0 0 0 0 0 0 0 0 0 0 0 0 0 0 0 0 0 0 0 0 0 0 0 0.653536 0 0 0 0.516318 0 0 0 0 0 0 0 0 0 0 0 0 0 0
0 0 0 0 0 0 0 0 0 0.569423 0 0 0 0 0 0 0 0 0 0 0 0 0 0 0 0.606259 0 0 0 0 0 0 0.397643 0 0 0 0 0 0 0 0 0 0 0 0 0 0 0 0 0 0 0 0 0 0 0 0 0 0 0 0 0 0 0 0 0 0 0 0 0 0 0 0 0 0 0 0 0 0.473085 0 0 0 0.551127 0 0.666562 0 0 0 0 0 0 0.345755 0 0 0 0 0 0 0 0 0 0 0 0 0 0 0 0 0 0 0 0.483408 0 0 0 0 0 0 0 0 0 0 0 0 0.411977 0.550755 0.450172 0 0 0 0 0 0 0 0 0.539115 0 0 0 0 0 0 0 0 0 0 0 0 0 0 0 0 0 0 0.507762 0 0 0 0 0 0 0 0 0 0 0 0 0 0 0 0 0 0 0 0 0 0 0 0 0 0 0 0 0 0 0.36654 0 0 0 0 0 0.552897 0 0 0 0 0 0 0 0
0 0 0 0.450362 0 0 0.329408 0 0 0 0 0 0 0 0 0 0.394957 0 0 0 0 0 0 0 0 0 0 0 0 0 0.395115 0 0 0 0 0 0 0 0 0 0 0 0 0 0 0 0 0 0 0 0 0 0 0 0 0 0 0 0 0 0 0 0 0 0 0 0 0 0 0 0 0 0 0 0 0 0 0 0 0 0 0 0 0 0 0 0 0 0 0 0.345755 0 0 0 0 0 0.435948 0 0 0 0 0 0 0 0 0 0 0 0 0 0 0 0 0 0 0 0 0 0 0 0 0 0 0 0 0 0 0 0.482193 0 0 0 0 0 0 0 0 0 0 0 0 0 0 0 0 0 0 0 0 0 0 0 0 0 0.517116 0 0 0 0 0 0 0 0 0 0 0 0 0 0 0 0 0 0 0 0 0 0 0 0 0 0 0 0 0 0 0 0 0 0 0 0 0 0 0 0 0 0 0 0 0
0 0 0 0 0 0 0 0 0 0 0 0 0 0 0 0.687608 0 0 0 0.548653 0 0 0.372947 0 0 0 0 0 0 0 0 0 0 0 0 0 0 0 0 0 0 0 0 0.691372 0 0 0 0 0 0 0 0 0 0 0 0 0 0 0 0 0 0 0 0 0 0 0 0 0 0 0 0 0 0 0 0 0 0 0 0 0 0 0.463772 0 0 0 0 0 0 0 0 0 0 0 0 0 0 0 0 0 0 0 0 0 0 0 0 0 0 0 0 0 0 0 0 0 0 0 0 0 0 0 0 0 0 0 0 0 0 0 0 0 0 0 0 0 0 0 0 0 0 0 0 0 0 0.47277 0 0 0 0 0 0.647707 0 0 0 0 0 0 0 0 0 0 0 0 0 0 0.688489 0 0 0 0 0 0 0 0 0.482474 0 0 0 0 0.484321 0 0 0 0 0 0 0 0 0 0 0 0 0 0 0 0 0 0 0
0 0 0 0 0 0 0 0 0 0 0 0 0 0 0 0 0 0 0 0 0 0 0 0 0 0 0 0 0 0 0 0 0 0.517339 0 0 0 0 0 0.401909 0 0 0 0 0 0 0 0 0 0 0 0 0 0 0 0 0 0 0 0 0 0 0 0 0 0 0 0 0 0 0 0 0 0 0 0 0.657806 0 0 0 0 0 0 0 0 0 0 0 0 0 0 0 0 0 0 0.628396 0 0 0.430455 0 0 0 0.488037 0 0 0 0 0 0 0 0 0 0 0 0 0 0 0 0 0 0 0 0 0 0 0 0 0 0 0 0 0 0 0 0.410531 0 0 0 0 0 0 0 0 0 0 0 0 0 0 0 0 0 0 0 0 0 0 0 0 0 0 0 0 0 0.644665 0 0 0 0 0 0 0.577104 0 0 0 0 0 0 0.524545 0 0 0 0 0 0 0 0 0 0 0 0.356962 0 0 0 0 0 0 0 0 0
0 0 0 0 0 0 0 0.586631 0 0 0 0.572388 0 0 0 0 0 0 0 0 0 0 0 0 0 0 0 0 0 0 0 0 0 0 0 0 0 0 0 0 0 0 0 0 0 0 0.467884 0 0 0 0 0 0 0 0 0 0 0 0 0 0 0 0 0 0.499761 0 0 0 0 0 0 0 0 0 0 0 0 0 0 0 0 0 0 0 0 0 0 0 0 0 0 0 0 0 0 0 0 0 0 0 0.554054 0 0 0 0 0 0 0 0 0 0 0 0 0 0 0 0 0 0 0 0 0 0 0 0 0 0 0.455495 0 0 0 0 0 0.381694 0.55523 0 0 0 0 0 0 0 0 0 0 0 0 0 0 0 0 0 0 0 0 0 0 0 0 0 0.58557 0.46054 0 0 0 0 0 0 0 0 0 0 0 0 0 0 0 0 0 0 0 0 0 0 0 0 0 0 0 0 0 0 0 0 0 0 0 0 0 0
0 0 0 0 0 0 0 0 0 0 0 0 0 0 0 0 0 0 0 0 0 0 0 0 0 0 0 0.621304 0 0 0 0 0 0 0 0 0 0 0 0 0 0 0 0 0 0.546661 0 0 0 0 0 0 0 0 0 0.387568 0 0 0 0 0 0 0 0 0 0 0 0 0 0 0 0 0 0 0 0 0 0 0 0 0.457535 0 0 0 0 0 0 0 0 0 0 0 0 0.628396 0 0 0 0 0 0 0 0 0 0 0.473543 0 0 0 0 0 0 0 0 0 0 0 0 0 0 0 0 0.369232 0 0 0 0 0 0 0 0 0 0 0 0 0 0 0 0.637524 0 0 0 0 0 0 0 0 0 0.672567 0 0 0 0 0 0 0 0 0 0 0 0 0 0 0 0 0 0 0 0 0 0 0 0 0 0 0 0 0 0 0 0 0 0.663744 0.688396 0 0 0 0 0 0 0 0 0 0 0 0 0 0 0 0 0
0 0 0 0 0 0.387372 0 0 0 0 0 0 0 0 0 0 0 0 0 0 0 0 0 0 0 0 0 0 0 0 0 0 0 0 0 0 0 0 0 0 0 0 0 0 0 0 0 0 0 0 0 0 0 0 0 0 0 0 0 0 0 0 0 0 0 0.615398 0 0 0 0.623096 0.638805 0 0 0 0 0.403943 0 0.501287 0 0 0 0 0 0 0 0 0 0 0 0 0 0.435948 0 0 0 0 0 0 0 0 0 0 0 0 0 0 0 0 0 0 0 0 0 0 0 0 0 0 0 0 0 0 0 0 0 0 0 0 0 0 0 0 0 0 0 0 0 0 0 0 0 0 0 0 0 0 0.640945 0 0 0 0 0 0 0.44165 0 0 0 0 0 0 0 0.626735 0 0 0 0 0 0 0 0 0 0 0 0 0 0 0 0 0 0 0 0 0 0 0 0 0 0 0 0.662888 0.557645 0.56729 0 0 0 0 0 0 0 0
0 0 0 0 0 0 0 0 0 0 0 0 0 0 0 0.714927 0 0 0 0 0 0 0 0 0 0 0 0 0.540938 0 0 0 0 0 0 0 0 0 0.514131 0 0.719531 0.563028 0 0 0 0 0 0 0 0 0.553121 0 0 0 0 0 0 0 0 0 0 0 0 0 0 0.477496 0 0 0.595096 0 0 0 0 0 0 0 0 0 0 0 0 0 0 0 0 0 0 0 0 0 0 0 0 0 0 0 0 0 0 0 0 0 0 0 0 0 0 0 0 0 0 0 0 0 0 0 0 0 0 0.599011 0 0 0 0 0 0 0 0 0 0 0 0 0 0.58515 0 0 0.673456 0 0 0 0 0 0 0 0 0 0 0 0 0 0 0 0 0 0 0 0 0 0 0 0 0 0 0 0 0 0 0 0 0 0 0 0 0 0 0.569828 0 0 0 0 0 0 0 0 0.613397 0 0 0 0 0 0 0 0 0 0 0 0 0 0 0
0 0 0 0 0 0 0 0 0.511959 0 0.611878 0 0 0.419698 0 0 0 0 0 0 0 0 0 0 0 0 0 0 0 0 0 0 0 0 0 0 0 0 0 0 0 0 0 0 0 0 0 0 0 0 0 0 0.385196 0 0 0 0 0 0 0 0 0 0 0 0 0 0 0 0.310757 0 0 0 0 0 0 0.577637 0 0 0 0 0 0 0 0 0 0 0 0 0 0 0 0 0 0.430455 0 0 0 0 0 0 0.581618 0 0 0 0 0 0.42794 0 0 0 0 0 0 0 0 0 0 0 0 0 0 0 0 0 0 0 0 0 0 0 0 0 0 0 0 0.414334 0 0 0 0 0 0 0 0 0 0.555155 0 0 0 0 0 0 0.658543 0 0 0 0 0 0 0 0 0 0 0 0 0 0 0 0 0 0 0 0 0 0 0 0 0 0 0.327606 0 0 0 0 0 0 0 0 0 0.393108 0 0.504807 0 0 0 0 0 0 0 0
0 0 0 0 0 0 0 0 0 0 0 0 0 0 0 0 0 0 0 0 0 0 0 0 0 0 0 0 0.42532 0 0 0 0 0 0 0 0 0 0 0 0 0 0 0 0 0 0 0 0 0 0 0 0 0 0 0 0 0 0 0 0 0.397528 0 0 0 0 0 0 0 0 0 0 0 0 0 0 0 0 0 0 0 0 0 0 0 0 0 0 0 0 0 0 0 0 0 0 0 0 0 0 0 0 0 0 0 0 0 0 0 0 0 0 0 0 0.495668 0 0 0 0 0 0 0 0 0 0 0 0 0 0 0 0 0 0 0 0 0 0 0 0 0 0 0 0 0 0 0 0 0 0 0 0 0 0 0 0 0 0 0 0 0 0.459884 0 0 0 0 0 0 0.348104 0 0 0 0 0 0 0.389663 0 0 0 0 0 0 0 0 0 0 0 0 0 0.323566 0 0 0 0 0 0 0 0 0 0 0
0 0 0 0 0.377772 0 0 0 0 0 0 0 0 0 0 0 0 0 0 0.695989 0 0 0 0 0 0 0 0 0 0 0 0 0 0 0 0 0 0.630622 0 0 0 0 0 0 0 0 0 0 0 0 0 0 0 0 0 0 0 0 0 0 0 0 0 0 0 0 0 0 0 0 0 0 0 0 0 0 0 0 0 0 0 0.439102 0 0 0 0 0 0 0 0 0 0 0 0 0.554054 0 0 0 0.581618 0 0 0 0 0 0 0 0 0 0 0 0 0 0 0 0 0 0 0 0 0.586563 0 0 0 0 0 0 0 0 0 0 0 0 0 0 0 0 0 0 0 0 0 0 0 0 0 0 0 0 0 0 0.491711 0.391599 0 0 0 0 0 0 0 0 0 0 0 0 0 0 0.60735 0 0.337237 0 0 0 0 0 0 0 0 0 0 0 0 0 0 0 0.682046 0.583097 0 0.61216 0 0 0 0 0 0.687225 0 0 0 0 0.31313 0
0 0 0 0 0 0 0 0 0 0 0 0 0 0 0 0 0 0 0.387746 0 0 0 0 0 0 0 0 0 0 0.68355 0 0 0 0 0 0 0 0 0 0 0 0.585083 0.347598 0 0 0.379565 0 0 0 0.448654 0 0 0 0 0 0 0 0 0 0 0 0 0 0 0 0 0 0 0.375816 0 0 0 0 0 0 0 0 0 0 0 0 0 0 0 0 0 0 0 0 0 0 0 0 0 0 0 0 0 0 0 0 0 0.658949 0 0 0 0 0 0 0.339375 0 0 0 0 0 0 0 0 0 0 0 0 0 0 0 0 0 0 0 0.359262 0 0 0 0 0 0 0 0 0 0 0 0 0 0 0 0 0 0 0 0 0 0 0 0 0 0 0 0 0 0 0 0 0 0 0 0 0 0 0 0 0 0 0 0.484724 0 0 0 0 0 0 0 0 0 0 0 0 0 0 0 0 0 0 0 0 0 0 0 0 0 0
0 0 0 0 0 0 0 0 0 0 0 0 0 0 0.627355 0 0 0 0 0 0 0 0 0 0.648707 0 0 0 0 0 0 0 0 0 0 0 0 0 0 0 0 0 0 0 0.449482 0 0 0 0.570001 0 0 0 0 0.331233 0 0 0 0 0.522815 0 0 0 0 0 0 0 0 0 0 0 0 0.447741 0 0 0 0 0 0 0 0 0 0 0 0 0 0 0 0 0 0 0 0 0 0.488037 0 0 0 0 0 0 0 0.658949 0 0 0 0 0 0 0 0 0 0 0 0 0 0 0 0 0 0.626089 0 0 0 0 0 0 0 0.599098 0 0 0 0 0 0.645006 0 0 0 0 0 0 0.649526 0 0 0.401998 0.474897 0 0 0 0 0 0 0 0 0 0 0 0 0 0 0 0 0 0 0 0 0 0 0 0 0 0 0.646283 0 0 0 0 0 0 0 0 0.543614 0 0 0 0 0 0 0 0 0 0 0 0 0 0 0.658383 0 0 0 0
0.448961 0 0 0 0 0 0 0 0 0 0 0.41599 0 0 0 0 0 0.664862 0.396721 0 0 0 0 0 0 0.614968 0 0 0 0 0 0 0 0 0 0 0 0.616392 0 0 0 0 0 0 0.606769 0 0 0 0 0 0 0 0 0.532791 0 0 0 0 0 0 0 0 0 0 0 0 0 0 0 0 0 0 0 0 0 0 0 0 0 0 0 0 0 0 0 0 0 0 0 0 0 0 0 0 0 0 0 0 0 0 0 0 0 0 0 0 0 0 0 0 0 0 0 0 0 0 0 0 0 0 0.41906 0 0 0 0 0 0 0 0 0 0 0 0 0 0 0 0 0 0 0 0.46608 0 0 0 0 0 0 0 0 0 0 0 0 0 0 0 0 0.667438 0 0 0 0 0 0 0 0 0 0 0 0 0 0 0 0 0 0 0 0 0 0 0 0 0 0 0 0 0 0 0 0 0 0 0 0 0 0 0 0 0 0
0 0 0 0 0 0 0 0 0 0 0 0 0 0 0 0 0 0 0 0 0 0 0 0 0 0 0 0 0 0.409727 0 0 0 0 0 0 0 0 0 0 0 0 0 0 0 0 0 0 0 0 0 0 0 0 0 0 0 0 0 0 0 0 0 0 0 0 0 0 0 0 0 0.623931 0 0 0 0 0 0 0 0 0 0 0 0 0 0 0 0 0 0 0 0 0 0 0 0.473543 0 0 0 0 0 0 0 0 0 0.467791 0 0 0 0 0.574605 0 0 0 0 0 0 0.469727 0 0 0 0 0 0 0 0 0.456672 0 0 0 0 0 0 0 0 0 0 0 0 0 0 0 0 0 0 0.368567 0 0 0 0.406097 0 0 0 0 0 0 0 0 0 0 0 0 0 0 0.708448 0 0 0 0 0 0 0.447049 0 0 0 0 0 0.430573 0 0 0 0 0 0 0 0 0 0 0 0 0 0.610817 0 0 0 0 0 0 0 0
0 0 0 0 0 0.595962 0 0 0 0 0 0 0 0 0 0 0 0 0 0 0 0 0 0 0 0 0 0 0 0 0 0 0 0 0 0 0 0 0 0 0 0 0 0 0 0 0 0 0 0 0 0 0 0 0 0 0 0 0 0 0 0 0 0 0 0 0 0 0 0 0 0 0 0 0 0 0 0 0 0 0 0 0 0 0 0 0 0 0 0 0 0 0 0 0 0 0 0 0 0 0 0 0 0 0.467791 0 0 0 0 0 0 0 0 0 0 0 0 0 0 0 0.618829 0 0 0 0 0 0 0 0 0 0 0 0 0 0 0 0 0 0.655329 0 0 0 0 0 0 0.42097 0 0 0 0 0 0 0 0 0 0 0 0 0 0 0 0 0 0 0 0 0 0 0 0 0 0 0 0 0 0 0 0 0 0 0 0 0 0 0 0 0 0 0 0 0 0 0 0 0 0 0.496934 0 0 0
0.523186 0 0 0 0 0 0 0 0 0 0 0 0 0 0 0 0 0 0 0 0 0 0 0 0 0 0 0 0.422801 0 0 0 0 0 0 0 0 0 0 0 0 0 0 0 0 0 0 0 0 0 0.466865 0 0 0.336492 0 0 0 0 0.409943 0 0 0 0 0 0 0 0 0 0 0 0 0 0 0 0 0 0 0 0.423238 0 0 0 0 0 0 0 0 0 0 0 0 0 0 0 0 0 0 0 0.42794 0 0 0 0 0 0 0 0 0 0 0 0 0 0 0 0 0 0 0 0 0 0 0 0 0 0 0 0 0.415222 0 0 0 0.390959 0 0 0 0 0 0 0 0 0 0.364393 0 0 0 0 0 0 0 0 0 0 0 0 0 0 0 0 0 0 0 0 0 0 0 0 0 0 0.568004 0.438091 0.571746 0 0 0 0 0 0 0 0 0 0 0 0 0 0 0.56546 0 0 0 0 0 0 0 0 0 0 0 0 0 0
0 0 0 0 0 0.499749 0 0 0 0.58634 0 0 0 0 0 0 0 0 0 0 0 0 0 0 0 0.570274 0 0 0 0 0 0 0 0 0 0 0 0 0 0 0 0 0 0 0 0.388891 0 0 0 0 0 0 0 0 0 0 0 0 0 0 0 0 0 0.605307 0 0 0 0 0 0 0 0 0 0 0 0 0 0 0 0 0 0 0 0 0 0 0 0 0 0 0 0 0 0 0 0 0 0 0 0 0 0 0 0 0 0 0 0 0 0 0.678847 0 0 0 0 0 0 0 0 0 0 0 0 0 0 0 0 0 0 0 0 0 0 0 0 0 0 0 0 0 0 0 0 0 0 0 0 0 0 0 0 0 0 0 0 0 0 0 0 0 0 0 0 0 0 0 0 0 0 0 0 0 0 0 0 0 0 0 0 0 0 0 0 0.482797 0 0 0 0 0 0 0 0 0 0 0.3851 0.700517 0 0 0 0
0 0 0 0 0.627014 0 0 0 0 0 0 0 0 0 0 0 0.605417 0 0 0 0 0 0 0 0 0 0 0 0 0.584439 0 0 0 0 0 0.717712 0 0 0 0 0 0 0 0 0 0 0 0 0.528476 0 0 0 0 0 0 0 0 0 0 0 0 0 0 0 0 0 0 0 0 0 0.645333 0 0 0.429143 0.491954 0 0 0.721524 0 0 0 0 0.446763 0 0 0 0 0 0 0 0 0 0 0 0 0 0 0 0 0 0 0 0 0 0 0 0 0 0 0 0 0 0 0 0 0 0 0 0 0 0 0 0 0.635696 0 0 0.551161 0 0 0 0 0 0 0 0.408309 0 0 0 0 0 0 0 0 0 0.416974 0 0 0.715395 0 0 0 0 0.56396 0 0 0 0 0 0 0 0.50563 0 0 0 0 0 0 0 0 0 0 0 0 0 0 0 0 0 0 0 0 0 0 0 0 0 0 0 0 0 0 0 0 0 0 0 0 0 0 0
0 0 0 0 0 0 0 0 0 0 0 0 0 0 0 0 0 0 0.469686 0 0 0 0 0 0 0 0 0 0 0 0 0 0 0 0 0 0 0 0 0 0 0 0 0 0.409137 0 0 0 0 0 0 0 0 0.41044 0 0 0 0 0.5747 0 0 0.460637 0.481142 0 0 0 0 0 0 0 0 0 0 0 0 0 0 0 0 0 0 0 0 0 0 0 0 0 0 0 0 0 0 0 0 0 0 0 0 0 0 0.339375 0 0 0 0 0 0 0 0 0 0 0 0 0 0 0 0 0 0 0 0 0.422694 0.349586 0 0 0 0 0 0 0 0 0 0 0 0 0 0 0 0 0 0 0 0 0 0 0 0 0 0 0 0 0 0 0 0 0 0 0 0.551382 0 0 0 0 0 0 0 0 0 0 0 0 0 0 0 0 0 0 0 0 0 0 0 0 0 0 0 0 0 0 0 0 0 0 0 0 0 0 0 0
0 0 0 0 0 0 0 0 0 0 0 0 0.627092 0.486625 0 0 0 0 0 0 0 0 0 0 0 0 0.522253 0.277883 0 0 0 0 0 0 0 0 0 0 0 0 0 0 0 0 0 0 0.600418 0 0 0 0 0 0 0 0 0 0 0 0 0.553572 0 0 0 0 0 0 0 0 0 0 0 0 0 0 0 0 0 0 0 0 0 0 0.495433 0 0 0 0 0 0 0 0 0 0 0 0 0 0 0 0 0 0 0 0 0 0.574605 0 0 0.678847 0 0 0 0 0 0 0 0.598037 0 0 0 0 0 0 0 0 0 0 0 0 0 0 0 0 0 0 0 0 0 0.589392 0 0 0 0 0 0.632958 0 0 0 0 0.355733 0 0 0 0 0 0 0 0 0 0 0 0 0 0 0 0 0.387916 0 0.551878 0.495272 0 0 0 0.484538 0 0 0 0 0 0 0 0 0 0.499324 0 0 0 0 0 0 0 0 0 0 0 0 0 0 0 0 0
0 0 0.521607 0 0 0 0 0 0 0 0 0 0.594221 0 0 0 0 0.398467 0 0 0 0 0 0 0.591316 0 0 0 0 0 0 0.443268 0 0 0 0 0 0 0 0.531844 0.366121 0 0 0 0 0 0 0 0.546966 0 0 0 0 0 0 0 0 0.343055 0 0 0 0.365483 0 0 0 0 0 0 0.533904 0 0 0 0 0 0.488489 0 0 0 0 0 0 0 0 0 0 0 0 0 0 0 0.483408 0 0 0 0 0 0 0 0 0 0 0 0 0 0 0 0 0 0 0 0 0 0 0 0 0 0.534261 0 0 0 0 0 0 0 0 0 0 0 0 0 0 0 0 0 0 0 0 0 0 0 0 0.599897 0 0 0 0 0 0 0 0 0 0 0 0 0 0 0 0 0 0.536236 0 0 0 0 0 0 0 0 0 0 0 0 0 0 0 0 0 0 0 0 0 0.689364 0 0 0 0.606486 0 0 0 0 0 0 0 0 0 0 0 0 0 0
0 0 0 0 0 0 0 0 0 0 0 0 0 0 0 0 0 0 0 0 0 0 0 0 0 0 0 0 0 0 0 0 0 0 0 0 0 0 0 0 0 0 0 0 0 0 0 0 0 0.37324 0 0 0 0 0 0 0 0 0 0 0 0 0 0 0 0 0 0 0 0 0 0 0 0 0 0 0 0 0 0 0.614803 0 0 0.369636 0 0 0 0 0 0 0 0 0 0 0 0 0 0 0 0 0 0 0 0 0 0 0 0 0 0 0 0 0 0 0 0 0 0 0 0 0 0.582465 0 0.435995 0 0 0 0 0 0 0 0 0 0 0 0 0 0 0 0 0 0 0 0 0.326683 0 0 0 0 0 0 0 0 0 0 0 0 0 0 0 0 0 0 0 0 0 0 0 0 0 0 0 0 0 0 0 0 0 0 0 0 0.610271 0 0 0 0 0 0 0 0 0 0 0 0 0 0 0 0 0 0.649894
0 0 0 0 0.555782 0 0 0 0 0 0 0 0 0 0 0 0 0 0 0 0 0 0 0 0 0 0 0 0 0 0 0 0 0 0 0 0 0 0 0 0 0 0 0 0 0 0 0.397504 0 0 0 0 0 0 0 0 0 0 0 0 0 0 0 0 0.636052 0 0 0 0 0 0 0 0 0.47378 0 0 0 0.69486 0 0 0 0.605639 0.376486 0 0 0 0 0 0 0 0 0 0 0 0 0 0 0 0 0 0 0 0 0 0 0 0 0 0 0 0 0 0 0 0 0 0 0 0 0 0 0 0 0 0 0.538083 0 0 0 0 0 0 0 0 0 0 0 0 0 0 0.607507 0 0 0 0.524652 0 0.426691 0 0 0 0 0 0 0 0 0 0 0 0 0 0 0 0 0 0 0 0 0 0 0 0 0 0 0 0 0 0 0 0 0 0 0 0 0 0 0 0 0 0 0 0 0 0 0 0 0 0 0 0 0
0 0 0 0 0 0 0 0 0 0 0 0.578185 0 0 0 0 0 0 0 0 0 0 0 0 0 0 0 0.696323 0 0 0 0 0 0 0 0 0 0 0 0 0 0 0 0 0 0 0 0 0 0 0 0 0 0.522654 0 0 0 0 0 0 0 0 0 0 0 0 0 0 0.28238 0 0 0 0 0 0 0 0 0 0 0 0 0 0 0 0 0 0 0 0 0 0 0 0 0 0 0 0 0 0 0.495668 0 0 0 0 0 0 0 0 0 0 0 0 0 0 0 0 0 0 0 0 0 0 0 0 0 0 0 0 0 0 0 0 0 0 0 0 0 0 0 0 0 0.470583 0 0.395095 0 0 0 0 0 0 0 0 0 0 0 0 0 0 0 0 0 0 0 0 0 0 0 0 0 0.548829 0 0 0 0 0 0 0 0 0 0 0 0 0 0 0 0 0 0 0.388614 0 0 0 0 0 0 0 0 0 0 0
0 0 0 0.434158 0 0 0 0 0 0.669836 0 0 0 0 0 0 0 0 0 0.631414 0 0 0 0 0 0 0 0 0 0 0 0 0.449601 0 0 0 0 0 0 0 0 0 0 0 0 0 0 0.372088 0 0 0 0 0 0 0 0 0 0 0 0 0 0 0 0 0 0 0 0 0 0 0 0 0 0 0 0 0 0 0 0 0 0.611871 0 0 0 0 0 0.488098 0 0 0 0 0 0 0 0 0 0 0 0 0 0 0 0 0 0 0 0 0 0 0.598037 0 0 0 0 0 0 0 0.522297 0 0 0 0 0.406097 0 0 0 0 0 0 0 0 0 0 0 0 0 0 0 0 0 0 0 0 0 0 0 0 0 0.308391 0 0 0 0 0 0 0 0 0 0 0 0 0 0 0 0 0 0 0 0.619513 0 0 0 0 0 0 0 0 0 0 0 0 0 0 0 0 0.514477 0 0 0 0 0 0 0 0 0 0 0 0 0
0 0 0 0.387444 0 0 0 0 0 0 0 0 0 0 0 0.480218 0 0 0 0 0 0.49413 0 0 0 0.703604 0 0 0 0 0 0 0 0 0 0 0 0 0 0 0.454548 0 0 0 0 0 0 0 0 0 0 0 0 0 0 0 0 0 0 0 0 0 0 0 0 0 0 0 0 0 0 0 0 0 0 0 0 0 0 0 0 0 0 0 0 0 0 0 0.367048 0 0 0 0 0 0 0 0 0 0 0 0 0 0 0 0 0 0 0 0 0 0 0.534261 0 0 0 0 0 0 0 0 0 0 0.413182 0 0 0 0.442904 0 0.543498 0 0 0 0 0 0 0 0 0 0 0 0 0 0 0 0 0 0.401907 0 0 0 0 0 0 0 0 0 0 0 0 0 0 0 0 0 0 0 0 0 0 0 0 0 0 0 0 0 0 0 0 0 0 0 0 0 0 0 0 0 0 0 0 0 0 0 0 0 0 0 0 0
0 0 0 0 0 0 0 0 0 0 0 0 0 0 0.352716 0 0 0 0.369341 0.584013 0.643198 0 0 0 0 0 0 0 0 0 0 0 0 0 0 0 0 0 0 0 0 0 0 0 0 0 0 0 0 0 0 0 0 0 0 0 0 0 0 0 0 0 0 0 0 0 0 0 0 0 0 0 0 0 0 0 0 0 0 0 0 0.641476 0 0 0 0 0 0 0 0 0 0 0 0 0 0 0 0 0 0 0 0 0 0 0.469727 0 0 0 0 0 0 0 0 0 0 0 0 0 0 0 0.366043 0 0 0 0 0 0 0 0 0 0 0 0.582709 0 0 0 0 0 0 0 0 0 0 0 0 0 0 0 0 0 0 0 0 0 0 0.640983 0 0 0 0 0 0 0 0 0 0.584134 0 0 0.521178 0 0 0 0 0 0 0 0 0 0 0 0.507911 0.573262 0 0.659848 0 0 0 0 0 0 0 0 0 0 0 0 0 0 0 0
0 0 0 0 0 0 0 0 0 0 0.420479 0 0 0 0 0 0 0 0 0 0 0 0 0.635666 0 0 0 0 0 0 0 0 0 0 0 0 0 0 0 0 0 0 0 0 0 0 0 0 0 0 0 0 0 0 0 0 0 0 0.397981 0 0 0 0 0 0 0 0 0 0 0 0 0 0.535396 0 0 0 0 0 0 0 0 0 0 0 0 0 0 0 0 0 0 0 0 0 0 0 0 0 0 0 0 0 0 0 0 0 0 0 0 0 0 0 0 0 0 0.522297 0 0 0 0 0 0 0 0 0 0 0 0 0 0 0 0 0 0 0 0 0 0 0 0 0 0 0 0 0 0 0 0 0 0 0 0 0 0 0 0 0 0 0 0 0 0 0 0 0 0 0 0 0 0 0 0 0.457316 0 0 0 0 0 0 0 0 0 0 0 0 0 0 0 0.332992 0 0 0 0 0 0 0 0 0 0 0
0 0.390726 0 0 0 0 0 0 0 0 0 0 0 0 0 0 0 0 0.369784 0 0 0.34239 0 0 0 0 0 0 0 0 0 0 0 0.602656 0 0 0 0 0 0 0 0 0 0 0 0.571856 0 0 0 0 0 0 0 0.555521 0 0 0 0 0 0 0 0 0 0 0 0 0 0 0 0 0 0 0 0 0 0 0 0 0 0 0 0 0 0 0 0 0 0 0 0 0 0 0 0 0 0 0 0.599011 0 0 0.586563 0 0.626089 0 0 0 0 0 0 0 0 0 0 0 0 0 0 0 0 0 0 0 0 0 0 0.659229 0 0 0 0.41902 0 0 0 0 0 0 0 0 0 0 0 0 0 0 0 0 0 0 0 0 0 0 0.415379 0 0 0 0 0 0 0 0 0 0 0 0 0 0 0 0 0 0 0 0 0 0 0 0 0 0 0 0 0 0 0 0 0 0 0 0 0 0 0 0 0 0 0 0 0 0 0
0 0.481377 0 0 0 0 0.677323 0 0 0 0 0 0 0 0 0 0 0 0 0 0 0 0 0 0 0 0 0 0 0 0 0.403072 0.367534 0 0 0 0 0 0 0.565829 0 0 0 0 0.452101 0 0 0 0 0 0 0 0 0 0 0 0 0 0 0 0 0 0 0 0 0.28511 0.506998 0 0 0 0 0 0 0 0 0 0 0 0 0 0 0 0 0 0 0 0 0 0 0 0 0 0 0 0 0 0 0 0 0 0 0 0 0.41906 0 0.618829 0 0 0 0 0 0 0 0 0 0 0 0.366043 0 0 0 0.641044 0 0 0 0 0.662915 0 0 0 0 0 0 0 0 0 0 0 0 0 0 0 0 0 0 0 0 0 0 0 0 0 0 0 0 0 0 0 0 0 0.565929 0 0 0 0 0 0.700245 0 0 0 0 0 0 0 0.547434 0 0 0 0 0 0 0 0 0 0 0 0 0 0 0.642278 0 0 0 0 0 0 0 0 0 0
0 0 0 0 0 0 0 0 0 0 0 0 0.33441 0 0 0 0 0 0 0 0.408006 0 0 0 0 0 0.358853 0 0 0 0 0 0 0 0 0.414899 0 0 0 0 0 0.565938 0 0 0 0 0 0 0 0 0 0 0 0 0 0 0 0 0 0 0 0 0 0 0 0 0 0 0 0 0 0 0 0 0 0 0 0 0 0 0 0 0.750854 0 0.626879 0 0 0 0 0 0 0 0 0 0 0.369232 0 0 0 0 0 0 0 0 0 0 0 0 0 0 0 0 0.582465 0 0 0 0 0 0 0 0.641044 0 0 0 0 0 0 0 0 0 0 0 0 0 0 0 0 0.518289 0 0 0 0 0 0 0 0 0.505316 0 0 0 0 0 0 0 0 0 0 0 0 0 0 0 0 0 0 0 0 0 0 0 0 0.518667 0.383242 0 0 0 0 0 0 0.423923 0 0 0 0 0 0 0 0 0 0 0 0 0 0 0 0 0 0 0 0
0 0 0 0 0 0 0.302431 0 0 0 0 0.338644 0 0 0 0 0 0 0 0 0 0 0.603965 0 0 0 0 0 0 0 0 0 0 0 0 0 0 0 0 0 0 0 0 0 0 0 0 0 0 0 0 0 0 0.435067 0 0 0 0 0 0 0 0 0 0 0 0 0 0 0 0.611282 0 0.497135 0 0 0 0 0 0 0.360805 0 0 0 0 0 0 0 0 0 0 0 0 0 0 0 0 0 0 0 0 0 0 0 0 0 0 0 0 0 0 0.422694 0 0 0 0 0 0 0.413182 0 0 0 0 0 0 0 0 0.515332 0 0 0 0 0 0 0 0 0 0 0 0 0 0 0 0 0 0 0 0 0 0 0 0 0 0 0 0 0 0.61494 0.581932 0 0 0 0 0 0 0 0 0 0 0 0 0 0.686807 0 0 0 0 0 0.483348 0 0 0 0 0 0 0.57459 0 0 0 0 0 0 0 0 0 0 0 0 0 0 0 0
0 0.563169 0 0 0.606033 0 0 0 0 0 0 0 0 0 0 0 0 0 0 0 0 0 0 0 0 0 0 0.495332 0 0 0 0 0 0 0 0.659532 0 0 0 0 0 0 0 0 0 0 0 0 0 0 0 0 0 0 0 0 0 0 0 0 0 0.451455 0.5023 0 0 0.498113 0 0 0 0 0 0 0 0 0 0 0 0.52796 0 0 0 0 0 0 0 0 0 0 0 0 0 0 0 0 0 0 0 0 0 0 0 0 0 0 0 0 0 0 0.635696 0.349586 0 0 0.435995 0 0 0.406097 0 0 0 0 0 0 0 0 0 0 0 0.370723 0 0 0 0 0.334693 0.669529 0 0 0 0 0 0 0 0 0 0.488948 0 0 0 0 0 0 0 0 0 0 0 0.543115 0 0 0.592879 0 0.490588 0 0 0 0 0 0 0 0.365697 0 0 0 0 0 0 0 0 0 0 0 0 0.630765 0 0 0 0 0 0 0.627863 0 0 0 0 0 0 0 0 0 0 0
0 0 0 0 0 0 0 0 0 0.619717 0 0 0 0 0 0 0 0 0 0 0 0 0 0 0 0 0 0 0 0 0 0 0 0 0 0 0 0.419319 0 0 0 0 0 0 0 0 0 0 0 0 0 0 0.655451 0 0 0 0 0 0 0 0 0 0 0 0 0 0 0 0 0 0 0 0 0 0 0 0 0 0 0 0 0 0 0 0 0 0 0 0 0 0.411977 0 0 0 0 0 0 0 0 0 0 0 0 0 0 0 0 0 0 0 0 0 0 0 0 0 0 0 0 0 0 0 0 0 0 0 0 0 0 0 0 0 0 0 0 0 0 0 0 0 0 0 0 0 0 0 0 0 0 0 0.653092 0 0 0 0 0 0 0 0 0 0 0 0 0 0 0 0 0 0 0 0 0 0 0 0 0 0 0 0 0 0 0 0 0 0 0.52286 0.493201 0 0 0 0 0 0 0 0 0 0 0 0 0
0 0 0 0 0 0 0 0 0 0 0 0 0 0 0.494315 0 0 0 0 0 0 0 0 0.570447 0 0 0 0 0 0 0 0 0 0 0 0 0.523362 0 0 0 0 0 0 0 0 0 0 0 0.665662 0 0.457879 0 0 0 0 0 0 0 0 0 0 0 0 0 0 0 0 0.3998 0 0 0 0 0 0 0 0.573576 0 0 0 0 0 0 0 0 0 0 0 0 0 0 0.550755 0 0 0 0 0 0 0 0 0 0 0 0 0 0 0 0 0 0 0 0 0 0 0.538083 0 0 0 0 0 0.659229 0 0 0.515332 0 0 0 0 0 0 0 0 0 0 0.662317 0 0 0 0 0 0 0 0 0 0.546197 0 0 0 0 0 0 0 0 0 0 0 0 0 0 0 0 0 0 0 0.564766 0 0 0 0 0 0 0 0 0 0.666815 0 0 0 0 0 0 0 0 0 0 0 0 0 0 0 0 0 0 0.590184 0 0 0 0 0 0 0
0 0.349603 0 0 0 0 0.444264 0 0 0 0 0 0.409211 0 0.571223 0 0 0 0 0 0 0 0 0.432854 0 0 0 0 0 0 0 0 0 0 0 0 0 0 0 0 0 0 0 0 0 0.629398 0 0 0 0 0 0 0 0 0 0 0 0 0 0 0 0 0 0 0 0 0 0 0 0 0 0 0 0 0 0 0 0.599672 0 0 0 0 0 0 0 0 0 0 0 0 0.450172 0 0 0 0 0 0 0 0 0 0 0 0 0 0.456672 0 0 0 0.551161 0 0 0 0 0 0 0 0.442904 0 0 0 0.662915 0 0 0 0 0 0 0 0 0 0 0 0 0 0 0.375538 0 0 0 0 0 0 0 0.38832 0 0 0.487272 0 0 0.638003 0 0 0 0 0 0 0.572704 0 0 0 0 0 0 0 0 0 0 0 0 0 0 0 0 0 0 0 0 0 0 0 0 0 0 0 0 0 0.39954 0 0 0.477746 0 0 0 0.462712 0 0 0 0 0 0
0 0 0 0 0 0 0 0 0 0 0 0.578352 0 0 0 0 0 0 0 0 0 0 0 0 0 0 0 0 0 0 0 0 0 0 0 0 0 0.523425 0 0 0 0 0 0 0 0 0 0 0 0 0 0 0 0 0 0 0 0 0 0 0 0 0 0 0 0 0 0 0 0 0 0 0 0 0 0 0 0 0 0 0 0 0 0 0 0 0 0 0 0 0 0 0 0 0.455495 0 0 0 0 0 0 0 0.599098 0 0 0 0.415222 0 0 0 0 0 0 0 0 0 0 0 0 0 0 0 0 0.370723 0 0 0 0 0 0 0 0.630213 0 0 0 0 0 0 0 0 0 0 0 0 0 0 0 0 0 0 0 0 0 0 0 0 0 0 0 0 0 0 0 0 0 0.624364 0 0 0 0 0 0 0 0 0 0 0 0 0 0 0.563507 0 0 0 0 0 0 0 0 0 0 0 0.374287 0 0 0 0 0 0 0
0.519437 0 0 0 0 0.425458 0 0 0 0 0 0 0 0 0 0 0 0 0 0 0 0 0 0 0 0 0.35926 0 0 0 0 0 0 0 0 0 0 0 0 0 0 0 0 0 0 0 0.464654 0 0 0 0 0 0 0 0 0 0 0.553307 0 0 0 0 0 0 0 0 0.597988 0 0 0 0 0 0 0 0 0 0 0.668603 0 0 0 0 0 0 0 0 0 0 0 0 0 0.482193 0 0 0 0 0 0 0 0 0 0 0 0 0 0 0 0 0 0 0 0 0 0 0 0 0.543498 0 0 0 0 0 0 0 0 0 0 0 0 0 0 0 0 0 0 0 0 0 0 0 0 0 0 0 0 0 0.681956 0 0.411224 0 0 0 0 0 0 0 0 0 0 0 0 0 0 0 0 0 0 0 0 0 0 0 0 0 0 0 0 0 0 0 0.531865 0 0 0.4931 0 0 0 0 0 0 0 0 0 0 0 0 0 0.437759 0 0.550349
0 0 0 0 0 0 0 0.542245 0 0 0.459737 0 0 0 0 0 0 0 0 0 0 0 0 0 0 0 0 0 0 0 0 0 0 0 0 0 0 0 0 0 0 0 0 0 0 0 0 0 0 0 0 0 0 0 0 0 0 0 0 0 0 0 0 0 0 0 0 0 0 0 0 0 0 0 0 0 0 0 0 0 0 0 0.487209 0 0 0 0 0.573601 0 0.467941 0 0 0 0 0 0 0 0 0 0 0 0.359262 0 0 0 0 0 0 0 0 0 0 0 0 0 0 0 0 0 0.41902 0 0 0 0 0 0 0 0 0 0 0 0 0 0 0 0 0 0.327387 0 0 0.605958 0 0 0 0.685428 0 0 0 0 0 0 0 0 0 0 0 0 0 0 0 0 0 0 0 0 0.415619 0 0 0 0 0 0 0 0 0 0.634662 0 0.484457 0 0 0 0 0 0 0 0 0 0.616324 0 0.654942 0 0 0 0 0 0 0 0 0 0
0 0 0 0 0 0 0 0 0 0 0 0 0 0 0 0 0 0 0 0 0 0 0 0 0 0 0 0 0 0 0 0 0 0 0 0 0 0 0 0 0 0 0 0 0 0 0 0 0.510888 0 0 0 0 0 0 0 0 0 0 0 0 0 0 0 0 0 0.431106 0 0 0 0 0 0 0 0 0 0 0 0 0 0 0 0 0 0.510289 0 0 0 0.324569 0 0 0 0 0 0 0 0 0 0 0 0 0 0 0 0 0 0 0 0 0 0 0 0 0 0 0 0 0 0 0 0 0 0 0 0 0 0 0 0 0 0 0 0 0.46881 0 0 0 0 0 0 0 0 0 0.544738 0 0 0 0 0 0 0 0 0 0 0 0 0 0.521404 0 0 0 0 0 0 0 0 0 0 0 0 0 0 0 0 0 0 0 0 0 0 0 0 0 0.443692 0 0 0 0 0 0 0 0 0 0 0 0 0 0 0 0.418614
0 0 0 0 0 0.671832 0 0 0 0 0 0 0 0 0 0 0 0 0 0 0 0 0 0 0 0 0 0 0 0 0 0.64191 0.690392 0 0 0 0.643549 0 0 0 0 0 0 0 0 0 0 0 0 0 0 0 0 0 0 0 0.367969 0 0 0 0 0 0 0 0 0.494654 0 0 0 0.441605 0 0 0.678607 0 0 0 0 0 0 0 0 0 0 0 0 0 0 0 0 0 0 0 0 0 0 0 0 0 0 0 0 0 0 0 0 0 0.390959 0 0 0 0 0 0 0 0 0 0 0 0 0 0 0 0 0 0 0 0 0.630213 0 0 0 0 0.483443 0 0.525722 0 0 0.525953 0 0 0 0 0 0 0 0.56951 0 0 0 0 0 0 0 0 0 0.546277 0 0 0 0 0 0 0 0.552647 0 0 0 0 0 0 0 0 0 0 0 0 0 0 0 0 0 0 0 0 0 0 0 0 0 0 0 0 0 0 0 0 0 0 0 0
0 0 0 0 0 0 0 0 0 0 0 0 0 0 0 0 0 0 0 0 0 0 0 0 0 0 0 0 0 0 0 0 0 0.407033 0 0 0 0 0 0 0 0 0 0 0 0 0 0 0 0 0 0 0 0 0 0 0 0 0 0 0.39357 0 0 0 0 0 0 0 0 0 0 0 0 0 0 0 0 0 0 0 0 0 0 0 0 0 0 0 0 0 0 0 0 0 0 0 0 0 0 0 0 0 0 0 0 0 0 0 0 0 0 0 0 0 0 0 0 0.582709 0 0 0 0 0 0.334693 0 0 0 0 0 0 0 0.483443 0 0 0 0 0 0 0 0 0 0 0 0 0 0 0 0 0 0 0 0.658543 0 0 0 0 0 0 0 0 0 0 0 0 0 0 0.501652 0 0 0 0 0 0 0 0 0 0 0 0 0 0 0 0 0 0 0 0 0 0 0 0 0 0 0 0 0 0 0 0 0
0 0 0 0 0 0 0 0 0 0 0 0 0 0 0 0 0 0 0 0 0 0 0 0 0 0 0 0 0 0 0 0 0 0 0 0 0 0 0 0 0 0 0 0 0 0 0.4335 0 0 0 0 0 0 0 0 0 0 0 0 0 0.368772 0 0 0 0 0 0 0 0 0.610601 0 0 0 0 0 0 0 0 0 0 0 0 0 0 0 0 0 0 0 0 0 0 0 0 0.381694 0 0 0.58515 0 0 0 0 0.645006 0 0 0 0 0 0 0 0 0 0 0 0 0 0 0 0 0 0 0 0 0.669529 0 0.662317 0 0 0 0 0.46881 0 0 0 0.477491 0 0 0 0 0 0 0 0 0 0 0 0 0 0 0 0 0 0 0 0 0 0 0 0 0 0 0 0 0 0.628712 0 0.561366 0 0 0 0 0 0 0 0 0 0 0.517481 0 0 0 0 0 0.519557 0 0 0 0 0 0 0 0 0 0 0 0 0 0 0 0
0 0 0 0 0.54492 0 0.543715 0 0 0 0 0 0 0 0 0 0 0 0 0 0 0 0 0 0 0 0 0 0 0 0 0 0 0 0 0 0 0 0 0 0 0 0 0 0 0 0 0 0 0 0 0 0 0 0 0 0 0 0 0 0 0 0 0 0 0 0 0 0 0 0 0 0.379259 0 0 0 0 0 0 0 0 0 0 0 0 0 0 0 0 0 0 0 0 0.410531 0.55523 0 0 0 0 0 0 0 0 0 0 0 0 0 0.408309 0 0 0 0 0 0 0 0 0 0 0 0 0 0 0 0 0 0 0 0 0 0 0.525722 0 0.477491 0 0 0 0 0 0 0 0 0 0 0 0 0 0 0 0 0 0 0 0 0 0 0 0 0 0 0 0 0 0 0 0 0 0 0 0 0 0 0 0 0 0 0 0 0 0 0 0 0 0 0 0.418663 0 0 0 0 0 0 0 0 0 0 0 0 0 0
0 0 0 0 0 0 0 0 0 0.554055 0 0 0 0 0 0 0 0 0 0 0 0 0 0 0.451113 0 0 0 0.492464 0 0 0 0 0 0 0 0 0 0 0 0 0 0 0 0 0.601544 0 0 0 0 0 0 0 0 0 0 0 0 0 0 0 0 0 0 0.622035 0 0 0 0 0.408184 0 0 0 0 0 0 0 0 0 0 0 0 0 0 0 0 0 0 0 0 0.539115 0 0 0 0 0 0 0 0.414334 0 0 0 0 0 0 0 0 0 0 0 0 0 0 0 0 0 0 0 0 0 0 0 0 0 0 0 0.375538 0 0 0 0 0 0 0 0 0 0 0 0 0 0 0.533118 0 0 0 0 0 0 0 0.606536 0 0 0 0 0 0 0 0 0.41626 0 0 0 0.583896 0 0 0 0 0 0 0 0 0 0 0 0 0 0 0 0.572964 0 0 0 0 0.366128 0 0 0.520417 0 0 0.479438 0 0 0 0.442994 0 0 0 0 0 0
0 0 0 0 0 0 0 0 0 0 0 0 0 0 0 0 0 0 0 0 0 0 0 0.488188 0 0 0 0 0 0 0.634463 0 0 0 0 0 0 0 0 0 0 0 0 0 0.457624 0.385246 0 0 0 0 0 0 0 0.637211 0 0 0 0 0 0 0 0 0 0 0 0 0 0 0 0 0 0 0 0 0 0 0 0 0 0 0 0 0 0 0 0 0 0 0.616037 0 0 0 0 0 0 0 0 0.673456 0 0 0 0 0 0 0 0 0 0 0 0 0 0 0 0 0 0 0 0 0 0 0 0 0 0 0 0 0 0 0 0 0 0 0 0 0 0 0 0 0 0 0.446474 0 0.60492 0 0 0 0 0 0 0 0 0 0 0 0 0 0 0 0 0 0 0 0 0 0 0 0 0 0 0 0 0 0 0 0 0 0 0 0 0.554477 0 0 0 0 0 0 0 0 0.467839 0 0 0 0 0 0 0 0 0 0 0
0 0 0 0 0 0 0 0 0 0 0 0 0 0 0 0 0 0 0 0 0 0 0 0 0 0 0 0 0 0 0 0 0 0 0 0 0 0 0 0 0 0.547296 0 0 0 0 0 0 0 0 0 0 0 0 0 0.557976 0 0 0 0 0 0 0 0.444949 0 0 0 0 0 0 0 0 0 0 0 0 0.652632 0 0 0 0 0 0 0 0 0 0 0 0 0 0 0 0 0 0 0.637524 0 0 0 0 0 0 0 0 0 0 0 0 0 0 0.589392 0 0 0 0 0 0 0 0 0 0 0.518289 0 0 0 0 0 0 0 0.327387 0 0.525953 0 0 0 0 0 0 0 0 0 0 0 0 0 0.323658 0.563657 0 0 0 0 0 0 0 0 0 0 0 0 0 0.59136 0 0 0 0 0.42326 0 0 0 0 0 0.678379 0 0 0 0 0 0 0 0 0 0 0 0 0 0.350938 0 0 0 0 0 0.661035 0 0 0 0 0 0 0 0
0 0 0 0 0 0 0 0.56329 0 0 0 0 0 0 0 0.343012 0 0 0 0 0 0 0 0 0 0.480079 0.692315 0 0 0 0 0 0 0 0 0 0 0 0 0 0 0 0 0 0.426538 0 0 0 0 0 0 0 0 0 0 0 0 0 0 0 0 0 0 0 0 0 0 0 0 0 0 0 0 0.60529 0 0 0 0 0 0 0 0 0 0 0 0 0 0 0 0 0 0 0 0 0 0 0 0 0 0 0 0 0 0 0 0.655329 0 0 0 0 0 0 0 0 0 0 0 0 0 0 0 0 0 0 0 0 0 0 0 0 0 0 0 0 0 0 0 0 0 0 0 0 0 0 0 0 0 0.471374 0 0 0 0 0 0 0 0 0 0.567078 0 0 0 0 0 0 0 0 0 0 0 0 0 0 0.370387 0 0 0 0 0 0 0 0 0 0 0.432155 0 0 0 0 0.397845 0 0 0 0 0 0 0 0 0 0 0
0 0 0 0 0 0 0 0 0 0 0 0 0 0 0 0 0 0 0 0 0 0 0 0 0 0 0 0 0 0 0.384726 0 0 0 0 0 0 0 0 0 0 0 0 0 0.500114 0 0 0 0 0 0 0 0 0 0 0 0 0 0 0 0 0 0 0 0 0 0 0 0 0 0 0 0 0 0 0.428438 0 0 0 0 0 0 0 0 0 0 0 0 0 0 0 0 0 0 0 0 0 0 0 0 0 0 0 0 0 0 0 0 0 0 0 0 0 0 0 0 0 0 0 0 0 0 0 0 0 0 0 0 0 0 0 0 0 0 0 0 0 0 0 0 0 0 0 0 0 0 0.50588 0 0 0 0 0 0 0 0 0 0 0.347907 0.351903 0 0 0 0 0.379857 0 0 0 0 0 0 0 0 0 0 0 0 0.43316 0 0 0 0 0 0.567902 0 0 0 0 0 0 0 0 0 0 0 0 0 0 0 0 0
0 0 0 0 0 0 0 0 0 0 0 0 0 0 0 0 0 0 0 0 0 0 0 0 0 0 0 0 0 0 0 0 0 0 0.598651 0 0 0 0 0 0 0 0 0 0 0 0 0 0 0 0 0 0 0 0 0 0 0.510713 0 0 0 0 0 0 0 0 0 0 0 0 0 0 0 0 0 0 0 0 0 0 0 0 0 0 0 0.503105 0 0 0 0 0 0 0 0 0 0 0 0 0 0 0 0 0.649526 0.46608 0 0 0 0 0 0 0 0 0 0.607507 0 0 0 0 0 0 0 0 0 0 0 0 0 0 0 0.605958 0 0 0 0 0 0 0.446474 0 0 0 0 0 0 0 0 0 0 0 0 0 0 0 0 0 0 0 0 0 0 0 0 0 0 0 0 0 0 0 0 0 0 0 0 0 0 0 0 0 0 0 0 0 0 0 0 0 0 0 0 0 0 0 0 0 0 0 0 0 0 0
0 0 0 0 0 0 0 0 0 0 0 0 0 0.639687 0 0 0 0 0 0 0 0 0 0 0 0 0 0 0 0 0 0 0 0 0 0 0 0.430375 0 0 0 0 0 0 0 0 0 0 0 0 0 0 0 0 0 0 0 0 0 0 0 0 0 0 0 0 0 0 0 0 0 0 0 0 0 0 0 0 0 0 0 0 0 0 0 0.567148 0 0 0 0 0 0 0 0 0 0 0 0 0 0 0 0 0 0 0 0 0.364393 0 0 0 0 0.599897 0 0 0.470583 0 0 0 0 0 0 0 0 0 0 0 0 0 0 0 0 0 0 0 0 0.533118 0 0 0 0 0 0 0 0 0.751589 0 0 0 0 0 0 0 0 0 0 0 0 0 0 0 0 0 0 0 0 0 0 0 0 0 0 0 0 0.553002 0 0 0 0.733086 0 0 0 0 0 0 0 0 0 0 0 0 0 0 0 0 0 0 0 0 0 0
0 0 0 0 0 0 0 0 0 0 0 0 0 0 0 0 0 0 0 0 0 0 0.341438 0.572499 0 0 0 0 0 0 0 0 0 0 0 0 0 0 0 0 0 0 0 0 0 0 0 0 0 0 0 0 0 0 0 0 0 0 0 0 0 0 0 0.681583 0 0 0 0 0 0 0 0 0 0 0 0 0.357047 0 0 0 0 0 0 0 0 0 0.643424 0 0 0 0 0 0 0 0 0 0 0 0 0 0 0 0 0 0 0 0 0 0 0 0 0 0 0 0 0 0 0 0 0 0 0 0 0 0 0 0 0 0 0 0 0 0 0 0 0 0.60492 0 0 0 0 0 0 0 0 0 0 0 0.500901 0 0 0 0 0 0 0 0 0 0 0 0 0 0 0 0 0 0 0 0 0 0 0 0 0 0 0 0 0 0 0 0 0 0 0 0 0 0.745307 0.364862 0 0 0 0 0 0.552316 0 0 0 0 0 0
0 0.335136 0.589294 0 0 0 0 0 0 0 0 0.438672 0 0 0 0 0.578175 0 0 0 0 0 0 0 0.506108 0 0 0 0 0 0 0 0 0 0 0.410961 0 0 0 0 0 0.336059 0 0 0 0 0 0 0 0 0 0 0 0.439964 0 0 0 0 0 0 0 0 0 0 0 0 0 0 0 0 0 0 0 0 0.404555 0 0 0 0 0 0 0 0 0 0 0 0 0 0 0 0 0 0 0 0 0 0 0 0 0 0 0 0.401998 0 0 0 0 0 0 0 0.632958 0 0 0 0.395095 0 0 0 0 0 0 0 0 0.488948 0 0.546197 0.38832 0 0 0 0.544738 0 0 0 0 0 0 0 0 0 0 0 0 0 0 0 0 0 0 0 0 0 0 0 0 0 0 0.736473 0 0 0 0 0 0 0 0 0 0 0 0.348823 0 0 0 0 0.5558 0 0 0 0 0 0 0 0 0 0 0 0 0 0 0 0 0 0 0 0.48398 0 0 0 0 0
0 0 0 0 0 0 0 0 0 0 0 0 0 0.677398 0 0 0 0 0 0 0 0 0.661338 0 0 0 0 0 0 0 0 0 0 0 0 0 0 0.401282 0 0 0 0 0 0 0 0 0.508229 0 0 0 0 0 0 0 0 0 0.55911 0 0 0 0 0 0 0 0 0 0 0 0 0 0 0 0 0 0 0 0.508796 0 0 0 0 0 0 0.484393 0 0 0 0 0 0 0 0 0 0 0 0 0 0 0 0 0 0 0.474897 0 0 0 0 0 0.416974 0 0 0 0.326683 0.524652 0 0 0 0 0 0 0 0 0 0 0 0 0 0 0 0.685428 0 0 0 0 0 0 0 0 0 0 0 0.751589 0 0 0 0 0 0 0 0 0 0 0 0 0 0.65558 0 0 0 0.479336 0 0 0 0 0 0 0 0 0 0 0 0 0 0 0 0 0 0 0 0 0 0 0 0 0 0 0 0 0 0.341625 0.410758 0 0 0.478952 0 0 0 0 0 0
0 0 0 0 0 0 0 0 0 0 0.557729 0 0 0 0 0 0 0 0 0 0.524491 0.323201 0 0 0 0 0 0 0 0 0 0 0 0 0 0 0 0 0 0 0 0 0 0 0 0 0 0 0 0 0 0 0 0 0 0 0 0 0 0 0 0 0 0 0 0 0 0 0 0 0 0 0 0 0 0 0 0 0 0.340585 0 0 0 0 0 0 0 0 0 0 0 0 0.47277 0 0 0 0 0 0.555155 0 0 0 0 0 0.368567 0.42097 0 0 0 0 0 0 0 0 0 0 0 0 0 0 0 0 0 0 0 0 0 0 0 0 0 0.56951 0 0 0 0 0 0.323658 0 0 0 0 0 0 0 0 0 0 0 0 0 0 0 0 0 0 0 0 0.362876 0 0 0.384507 0 0 0 0 0 0 0 0 0 0 0 0.381328 0 0 0 0 0 0 0 0 0 0 0 0 0 0 0 0 0 0 0 0 0 0 0 0 0 0
0 0 0 0 0 0 0 0 0 0 0 0 0 0 0 0 0 0 0 0 0 0 0 0 0 0 0 0 0 0 0 0 0 0 0 0 0 0 0 0 0 0 0 0.654843 0 0 0 0 0 0 0 0 0 0 0 0 0 0 0 0 0 0 0 0 0 0 0 0 0.512379 0 0 0.716391 0 0 0 0 0 0 0 0 0 0 0 0 0 0 0 0 0 0 0 0 0 0 0 0 0.640945 0 0 0 0 0 0 0 0 0 0 0 0 0 0 0 0 0.426691 0 0 0.401907 0 0 0 0 0.505316 0 0 0 0 0.487272 0 0.681956 0 0 0 0 0 0 0 0 0.563657 0 0.50588 0 0 0 0 0 0 0 0 0 0 0 0 0 0 0 0 0 0 0 0 0 0 0 0 0 0 0 0 0 0 0 0 0 0 0 0 0 0 0 0 0 0 0 0 0 0 0 0 0.49973 0 0 0 0 0 0 0 0 0 0 0
0.318849 0 0 0 0 0 0 0 0 0 0 0 0 0 0 0 0 0 0 0 0 0 0 0 0 0 0 0 0 0 0 0 0.481775 0 0 0 0.475574 0 0 0 0 0 0 0 0 0 0 0 0 0 0 0 0 0 0.482673 0 0 0 0 0 0 0.533271 0 0 0 0.543974 0.639614 0 0 0 0 0 0 0 0 0 0 0 0 0 0 0 0 0 0 0 0 0 0 0 0 0 0 0 0 0.672567 0 0 0 0 0 0 0 0 0 0 0 0 0.715395 0 0 0 0 0 0 0 0 0 0 0 0 0 0 0 0 0 0 0 0 0 0 0 0 0 0 0 0 0 0.471374 0 0 0 0 0 0 0 0 0 0 0 0 0 0 0 0 0 0 0 0 0 0 0 0.538333 0 0 0 0 0 0 0 0 0 0 0 0 0 0 0 0 0 0 0 0.494335 0 0 0 0 0 0 0 0 0 0 0 0 0.586114 0.599496 0 0 0
0 0 0 0 0 0 0 0 0 0 0 0 0 0.602956 0 0 0 0 0.449552 0 0 0 0.372623 0 0 0.727992 0 0 0 0 0 0 0 0 0 0.598325 0 0 0 0 0 0 0 0 0 0 0 0 0 0 0 0 0 0 0 0 0 0 0 0 0 0 0 0 0 0 0 0 0 0 0.622438 0 0 0 0.446713 0 0.454297 0 0 0 0 0 0 0 0 0 0 0 0 0 0 0 0 0 0 0 0 0 0 0 0 0 0 0 0 0 0 0 0 0 0.355733 0 0 0 0 0 0 0 0 0 0 0 0 0 0 0 0 0 0.411224 0 0 0 0 0 0 0 0 0 0 0 0 0 0.500901 0 0 0 0 0 0 0 0 0 0 0 0 0 0 0 0 0.690681 0 0 0 0 0 0.688665 0 0 0 0 0 0 0 0 0 0 0 0 0 0 0.42307 0 0 0 0 0.567117 0.516609 0 0 0 0 0 0 0 0 0 0 0 0 0
0 0 0 0 0.630529 0 0 0 0 0.360491 0.408409 0 0 0.610524 0.664936 0.37948 0 0 0 0 0 0 0 0.552903 0 0.661619 0 0 0 0 0 0 0 0 0 0 0 0 0 0 0 0 0 0 0 0 0 0 0 0 0 0 0 0 0 0 0 0 0.500335 0.458047 0.30635 0 0 0 0 0 0 0 0 0 0.553798 0 0 0 0 0 0 0 0 0 0 0 0 0 0 0 0 0 0 0 0 0 0 0 0 0 0 0 0 0 0 0 0 0 0.406097 0 0 0 0 0 0 0 0 0 0 0.308391 0 0 0 0 0 0 0 0 0 0 0.638003 0 0 0 0 0 0 0 0 0.606536 0 0 0 0 0 0 0 0 0 0 0 0 0 0 0 0 0 0.462861 0 0.664409 0 0 0 0 0 0 0 0 0 0 0 0 0 0 0 0 0 0 0.521918 0 0 0 0 0 0 0 0 0 0 0 0 0 0 0 0 0.601296 0 0 0 0 0 0 0 0
0 0 0 0 0.479107 0 0 0 0 0 0 0 0 0 0 0 0 0 0 0 0 0 0 0 0 0 0 0 0 0 0 0 0 0 0 0 0 0 0 0.506142 0 0 0 0 0 0 0 0 0 0 0 0 0.618981 0 0 0 0 0 0 0 0 0 0 0 0 0 0 0 0 0.611428 0 0 0 0 0 0 0 0 0.452793 0 0 0 0 0 0 0 0 0 0 0 0 0 0 0 0 0 0 0 0 0 0.491711 0 0 0 0 0 0 0 0 0 0 0 0 0 0 0 0 0 0 0 0 0 0 0 0.653092 0 0 0 0 0 0 0 0 0 0 0 0 0 0 0 0 0 0 0 0 0 0 0 0 0 0 0 0 0 0 0 0 0 0 0 0 0 0 0 0 0 0 0 0 0 0 0 0 0 0 0 0 0 0 0 0 0.685958 0.566573 0 0 0 0 0 0 0 0 0 0 0 0 0 0 0 0 0
0 0 0 0.54495 0.473784 0 0 0 0 0 0 0 0 0 0 0 0 0 0 0 0 0 0 0 0 0 0 0 0 0 0 0 0.300731 0 0 0 0 0 0 0 0 0 0 0 0 0 0 0 0 0 0.528338 0 0 0 0 0 0 0 0 0 0 0 0.500482 0 0 0 0.474005 0 0 0 0 0 0 0 0 0 0 0 0 0.426141 0 0 0 0 0 0 0 0 0 0 0 0 0.647707 0 0 0 0 0 0 0 0.391599 0 0 0 0 0 0 0 0 0 0 0 0 0 0 0 0 0 0 0 0 0 0 0 0 0 0 0 0 0 0 0 0.658543 0 0 0 0 0 0 0 0 0 0 0 0 0 0 0 0 0 0 0 0 0 0 0 0 0 0 0 0 0 0 0 0 0 0 0 0 0 0 0 0 0 0 0 0 0 0 0 0 0 0 0 0 0 0 0 0 0 0 0 0 0 0 0.42758 0 0 0 0
0 0 0 0 0 0 0 0 0 0 0.405183 0 0 0 0 0 0 0 0 0.60887 0 0 0 0 0 0 0 0 0 0 0 0 0.637903 0 0 0 0 0 0 0 0.440492 0 0 0.429326 0 0 0.504776 0 0.441133 0 0 0 0 0 0 0 0 0 0 0 0 0 0 0 0 0 0 0 0 0 0 0 0.325412 0 0 0 0 0 0 0 0 0 0 0 0 0 0 0 0 0 0 0 0 0 0 0 0 0 0.658543 0 0 0 0 0 0 0 0 0 0.56396 0 0 0 0 0 0 0 0 0 0 0.415379 0 0 0 0 0 0 0 0 0 0 0 0 0 0 0 0 0 0 0 0 0 0 0 0 0 0 0 0 0 0 0 0 0 0 0.598727 0 0 0 0 0 0 0 0.641646 0 0.660808 0 0 0 0 0 0 0 0 0 0 0 0 0 0 0 0 0 0 0 0.370349 0 0 0 0 0 0 0 0 0 0 0 0 0 0 0
0 0 0 0 0 0 0.573425 0 0 0 0 0 0 0 0 0 0 0 0.531652 0 0 0 0 0 0 0.474727 0 0 0 0 0 0 0 0 0 0 0 0 0 0 0 0 0 0 0 0 0 0.622349 0 0 0 0.436354 0 0 0 0 0.626787 0 0 0 0.560321 0 0 0 0 0 0 0.402293 0 0.628286 0 0 0 0 0 0 0 0 0 0 0 0 0 0 0 0 0 0 0 0 0 0 0 0 0 0 0.44165 0 0 0 0 0 0 0 0 0 0 0 0 0 0 0 0 0 0 0 0 0 0 0 0 0 0 0 0 0 0 0 0 0 0 0 0 0 0 0 0 0 0 0 0 0 0 0 0 0 0 0 0 0.462861 0 0 0 0 0 0 0 0 0 0 0 0 0 0 0 0 0 0 0 0 0 0 0.495236 0 0 0 0 0 0 0 0 0 0.665301 0 0 0.621172 0 0 0 0 0 0 0 0 0 0 0.578816 0 0.450802 0
0 0.515091 0 0 0 0 0 0.524393 0 0.338361 0 0 0 0 0 0 0.675673 0.522012 0 0 0.637839 0 0 0 0 0 0 0 0 0 0 0 0 0 0 0 0 0 0 0 0 0 0 0 0 0 0 0 0 0 0 0 0 0 0 0 0 0 0 0 0.563482 0 0 0 0 0 0 0 0 0 0 0 0 0 0 0 0 0 0 0 0 0.682952 0 0 0 0 0 0 0 0 0.507762 0.517116 0 0 0 0 0 0 0 0 0 0 0 0 0 0 0 0 0 0 0 0 0 0 0 0 0 0 0 0 0 0 0 0 0 0 0 0 0 0 0 0 0 0 0 0 0 0 0 0 0 0 0 0 0 0 0 0 0 0 0 0 0.598727 0 0 0 0 0 0 0 0 0 0 0 0 0 0 0 0 0 0 0 0 0 0 0 0 0 0 0 0 0 0 0 0 0 0 0 0 0 0 0 0.454963 0 0 0 0 0 0 0.396207
0 0 0 0.551265 0 0 0 0 0 0 0 0 0 0 0 0 0 0 0 0 0 0 0 0 0 0.384344 0 0 0 0.530482 0 0 0 0 0 0 0 0 0 0 0 0 0 0 0 0 0 0 0.499745 0 0 0 0 0 0 0 0 0 0 0 0 0 0 0 0 0 0 0 0 0 0 0 0 0 0 0 0 0.62645 0 0 0 0 0 0 0 0.5632 0 0 0 0 0 0 0 0 0 0 0 0 0 0 0 0 0 0 0 0 0 0 0 0 0 0 0 0 0 0 0 0.640983 0 0 0 0 0.61494 0.543115 0 0 0 0 0 0 0 0.546277 0 0 0 0 0 0 0 0 0 0 0 0 0.65558 0 0 0 0 0.664409 0 0 0 0 0 0 0 0 0 0 0 0 0 0 0 0 0 0 0 0 0 0 0 0 0 0 0.575152 0 0 0 0 0 0.560204 0 0 0 0 0 0 0 0 0 0 0.534282 0 0 0 0 0 0
0 0 0 0 0 0 0 0 0 0 0 0 0 0 0 0 0 0 0 0 0 0 0 0 0 0.49536 0 0 0 0 0 0 0 0 0 0 0 0 0 0 0 0 0 0.544824 0 0 0 0 0 0 0 0 0 0 0 0 0 0 0 0 0 0 0 0 0 0.467584 0 0 0 0 0 0 0 0.497313 0 0 0.373574 0 0 0.458107 0 0 0 0 0 0 0 0 0 0 0 0 0 0 0 0 0 0 0 0 0 0 0 0 0 0 0 0 0 0 0 0 0 0 0 0 0 0 0 0 0 0 0.581932 0 0 0 0.572704 0 0 0 0 0 0 0 0 0 0 0 0 0 0 0 0 0 0 0 0 0 0 0 0 0 0 0 0 0 0 0 0 0 0 0 0 0 0 0 0 0 0 0 0 0 0 0 0 0 0 0 0 0 0 0.660208 0 0 0 0 0 0 0.667125 0 0 0 0 0 0 0 0 0 0 0
0.533178 0 0 0 0 0 0 0 0 0 0 0 0 0 0 0 0 0 0 0 0 0 0.648623 0 0.46209 0 0 0 0.412702 0.402915 0 0 0 0.511827 0 0 0 0 0.381312 0 0 0 0 0 0 0 0 0 0 0 0 0 0.646205 0 0 0 0 0 0 0 0.569002 0 0 0 0 0 0 0 0 0 0 0 0 0 0 0 0 0 0 0 0 0 0 0 0.356142 0 0 0 0 0 0 0 0 0 0 0 0 0 0 0 0 0 0 0.667438 0 0 0 0 0 0 0 0 0 0 0 0 0 0 0 0 0 0 0 0 0 0 0 0 0 0 0.521404 0 0 0 0 0 0 0 0.567078 0.347907 0 0 0 0.736473 0 0 0 0 0 0 0 0 0 0 0 0 0 0 0 0 0 0 0 0 0 0 0 0 0 0 0 0 0 0 0 0 0 0 0 0 0 0 0 0 0 0 0 0.372112 0 0 0 0 0 0 0 0 0.40537 0 0 0
0 0 0 0 0 0 0 0 0 0 0 0 0 0 0 0 0 0 0 0 0 0 0 0 0 0 0.631074 0 0 0 0 0.613592 0 0.512967 0 0 0 0 0 0 0 0 0 0 0 0.392951 0.483886 0 0 0 0.535332 0 0 0 0 0 0 0 0 0 0.404528 0 0 0 0 0 0 0 0 0 0 0 0 0 0.694945 0 0 0 0 0.402133 0 0 0 0 0 0 0 0 0 0 0 0 0 0 0 0 0 0 0 0 0 0 0 0 0 0 0 0 0 0 0 0 0 0 0 0 0 0 0 0 0 0 0 0.592879 0 0 0 0 0 0 0 0 0 0 0 0.41626 0 0 0 0.351903 0 0 0 0 0 0.362876 0 0 0 0 0 0 0 0 0 0 0 0 0 0 0 0 0.561139 0 0 0 0 0 0 0 0 0.362572 0 0 0 0 0 0 0 0 0.535773 0 0 0 0 0 0 0 0 0.561166 0 0 0 0 0 0 0 0 0 0
0 0 0.592238 0 0 0 0 0 0 0.55626 0 0 0 0 0 0 0 0 0 0 0 0 0 0 0.482451 0 0 0 0 0 0 0 0 0 0 0 0 0 0 0 0 0 0 0 0 0 0 0 0 0.431764 0 0 0 0 0 0 0 0 0 0.709814 0 0 0.303525 0 0 0 0 0 0 0 0 0 0 0 0 0 0 0 0 0 0 0 0 0 0 0 0 0 0 0 0 0 0 0 0 0 0 0 0 0 0 0 0 0 0 0 0 0 0 0.551382 0 0.536236 0 0 0 0 0 0 0 0 0 0 0 0 0 0 0 0 0 0 0 0 0 0 0 0 0 0 0 0 0 0 0 0 0.479336 0 0 0 0.690681 0 0 0 0 0 0 0 0 0 0 0 0 0 0 0 0 0 0 0 0 0 0 0 0.531502 0 0 0 0 0 0 0 0 0 0 0 0 0 0.402602 0 0 0 0 0 0 0 0 0 0 0 0 0
0 0 0 0 0 0 0 0 0.502224 0 0 0 0 0 0.531295 0 0 0 0 0 0 0 0 0 0 0 0 0 0 0 0 0 0 0.644743 0 0 0 0 0 0 0 0 0 0 0 0 0 0 0 0 0 0 0 0 0 0 0 0 0 0 0 0 0 0 0 0 0 0 0 0 0 0 0 0 0 0 0 0 0 0.594337 0 0 0.462815 0 0 0 0 0 0 0 0 0 0 0 0.58557 0 0 0 0 0.459884 0 0 0 0 0 0 0 0 0.50563 0 0 0 0 0 0 0 0 0 0 0 0.565929 0 0 0.490588 0 0 0 0 0 0 0 0 0 0 0 0 0 0.59136 0 0 0 0 0 0 0 0 0 0 0 0 0 0 0 0 0 0 0 0 0 0 0 0 0 0 0 0 0 0 0 0.481366 0 0 0 0 0 0.470377 0 0 0 0 0 0 0 0 0 0 0 0 0 0 0 0 0 0 0 0 0 0 0 0
0 0.621559 0 0 0 0 0 0 0 0 0 0 0 0 0 0 0 0 0 0 0 0 0 0 0 0 0 0 0 0 0 0 0 0.487052 0 0 0 0 0 0 0 0 0 0 0 0 0 0 0 0 0 0 0 0 0 0 0 0 0.43822 0 0.686356 0 0 0 0 0 0 0 0 0 0 0 0.387722 0 0 0 0 0 0 0 0 0 0 0 0 0 0 0 0.434036 0 0 0 0 0 0.46054 0 0.626735 0 0 0 0 0 0 0 0 0 0 0 0 0 0 0 0 0 0 0 0 0 0 0 0 0 0 0 0 0 0 0 0 0 0 0 0 0 0 0 0 0 0 0 0 0 0 0 0 0.384507 0 0 0 0 0 0 0 0 0 0 0 0 0 0 0 0 0 0 0.488625 0 0 0.429654 0 0 0 0 0 0 0 0 0 0 0 0 0 0 0 0 0 0 0 0 0 0 0 0.544306 0 0 0 0 0 0 0 0
0 0 0 0 0 0 0 0 0 0 0 0 0 0 0 0 0 0 0 0 0 0 0 0 0 0 0 0 0 0 0 0 0 0 0 0 0 0 0 0 0 0 0 0 0 0 0 0 0 0 0 0 0 0 0 0 0 0 0 0 0 0 0 0 0 0.682842 0 0 0 0 0 0 0 0 0 0 0 0 0 0 0 0 0 0 0 0 0 0 0 0 0 0 0 0 0 0 0 0 0 0 0 0 0 0 0 0 0 0 0 0 0 0 0 0 0 0 0 0 0 0 0 0 0 0 0 0 0 0 0 0 0 0 0 0 0 0.583896 0 0 0 0 0 0 0 0 0 0 0 0.538333 0 0 0 0 0.641646 0 0 0 0 0 0.561139 0 0 0 0 0 0 0 0 0 0 0 0 0 0 0 0 0 0 0 0 0 0 0 0 0 0 0 0 0 0 0 0 0 0 0 0 0 0 0 0 0
0 0 0 0 0 0 0 0 0 0 0.571513 0 0 0 0 0 0 0 0 0.559423 0 0 0 0.697147 0 0 0.437024 0 0.431218 0 0 0 0 0 0 0 0 0 0 0 0.605448 0 0 0 0 0 0 0 0 0 0 0 0 0 0 0 0 0 0 0.651263 0 0 0 0.316414 0 0 0.451862 0 0 0 0 0 0 0 0 0 0 0 0 0 0 0 0 0 0 0 0 0 0 0 0 0 0 0 0 0 0 0 0 0 0 0 0 0 0 0 0 0 0 0 0 0 0 0 0 0 0 0 0 0 0 0 0 0 0 0.564766 0 0 0 0 0 0.552647 0 0 0 0 0 0 0 0.379857 0 0 0 0 0 0 0 0 0 0 0 0 0 0 0 0 0 0 0 0 0 0 0 0 0 0 0 0 0.584588 0 0 0 0 0 0 0 0 0 0 0 0 0 0 0 0 0 0 0 0.52333 0 0.564485 0 0 0 0 0 0.283142 0 0 0
0 0 0 0 0 0 0 0 0 0 0 0 0 0 0.46482 0 0 0 0 0 0 0 0 0 0 0 0 0 0 0 0 0 0 0 0 0 0 0 0 0 0 0 0 0 0 0 0 0 0 0 0 0 0 0 0 0 0 0 0 0 0 0 0 0 0 0 0 0 0 0 0 0.430478 0 0 0 0 0 0 0 0 0 0 0 0 0 0 0 0 0 0 0 0 0 0.644665 0 0 0 0 0 0 0 0 0 0 0.708448 0 0 0 0 0 0 0 0 0 0 0 0 0 0 0 0 0 0 0 0 0 0 0 0 0 0 0 0 0.628712 0 0 0 0 0 0 0 0 0 0 0 0 0 0 0 0 0 0 0.660808 0 0 0 0 0 0 0 0 0.488625 0 0 0 0 0 0 0 0 0 0 0 0 0 0 0 0 0 0 0 0 0.486685 0 0 0.503973 0 0 0 0 0 0 0 0 0.579779 0 0 0 0 0
0.583366 0 0 0 0 0 0 0 0 0 0 0 0 0 0 0 0 0 0 0 0 0 0 0 0 0 0 0 0.49226 0 0 0 0 0 0 0 0 0 0 0 0 0 0 0 0 0 0 0.37069 0 0 0.447385 0.376425 0.345928 0 0 0 0 0 0 0 0 0 0 0 0 0.489147 0 0 0 0 0 0 0 0 0 0 0.527737 0 0 0 0 0.353242 0 0 0 0 0 0 0 0 0 0 0 0 0 0 0 0 0 0 0 0 0 0 0 0 0 0 0 0 0.387916 0 0 0 0 0 0 0.584134 0 0 0 0 0 0 0 0 0 0.624364 0 0.415619 0 0 0 0 0 0 0 0.42326 0 0 0 0 0 0 0 0 0 0 0.688665 0 0 0 0 0 0 0 0 0 0 0 0 0 0 0 0 0 0.617549 0 0 0 0 0 0 0 0 0 0 0 0 0 0 0 0 0 0 0 0.375684 0 0 0 0 0 0 0 0 0 0 0 0 0
0 0 0 0 0.618949 0 0 0 0 0 0 0 0.549354 0 0 0 0 0 0 0 0 0 0 0 0 0 0 0 0 0 0 0 0 0 0 0 0 0 0 0 0.623229 0.434696 0 0 0 0 0.646591 0 0 0 0 0 0.286831 0 0 0 0 0 0 0 0 0 0 0 0 0 0 0 0 0 0 0 0 0 0 0 0 0 0 0 0.462075 0 0 0 0 0 0 0 0 0 0 0 0.688489 0 0 0 0 0 0 0 0.60735 0 0 0 0 0 0 0 0 0 0 0 0 0 0 0 0 0 0 0 0.700245 0 0 0 0 0 0 0 0 0 0 0 0.501652 0.561366 0 0 0 0 0 0 0 0 0 0 0 0 0 0 0 0 0 0 0 0 0 0 0 0 0 0 0 0 0 0 0 0.617549 0 0 0 0 0 0 0.557083 0.488716 0 0 0 0 0 0 0.550342 0 0 0 0 0 0 0 0 0 0 0 0 0 0 0 0 0 0 0
0 0.731303 0 0 0.442418 0 0 0 0 0 0 0 0 0 0 0 0 0 0 0 0 0 0 0.474792 0 0 0 0 0 0 0 0 0 0 0 0 0 0 0 0.485451 0 0 0 0 0 0 0.46428 0 0 0 0 0 0 0 0 0 0 0 0 0 0 0 0 0 0 0 0 0 0 0 0 0 0 0 0 0 0 0 0.638414 0 0 0 0.39831 0 0 0 0 0 0 0 0 0 0 0 0 0 0 0 0 0.348104 0 0 0 0 0 0 0 0 0 0 0.551878 0 0 0 0 0 0 0 0 0 0 0 0 0 0 0 0 0 0 0 0 0 0 0 0 0 0 0 0 0 0 0 0 0 0 0 0 0 0 0 0 0 0 0 0 0 0 0 0 0 0 0.429654 0 0 0 0 0 0 0 0 0 0 0 0 0 0.601338 0 0 0 0 0.388781 0 0 0 0 0 0 0 0 0 0.47884 0 0 0 0 0.455582 0 0 0 0
0 0 0 0 0 0 0 0 0 0 0 0 0.496879 0 0 0.635152 0 0.635211 0 0 0 0 0 0 0 0 0 0 0 0 0 0 0.543331 0.434525 0 0 0 0 0 0 0.403611 0 0 0 0 0 0 0 0 0 0 0.598634 0 0 0 0 0 0 0 0.628391 0 0 0 0 0 0 0 0 0 0 0 0 0 0 0 0 0 0 0 0 0.63603 0 0.594289 0 0 0 0 0 0 0 0 0 0 0 0 0 0 0 0 0 0.337237 0 0 0 0 0 0.568004 0 0 0 0.495272 0 0 0 0 0 0 0.521178 0 0 0 0 0 0.365697 0 0 0 0 0 0 0 0 0 0 0 0 0 0 0 0 0 0 0 0 0 0 0 0 0 0 0 0 0 0 0 0 0 0 0 0 0 0 0 0.584588 0 0 0 0 0 0 0 0 0 0 0 0 0 0 0 0 0 0 0 0 0 0 0 0 0 0 0 0 0 0 0 0 0 0 0.5214 0
0 0 0 0 0 0 0 0 0 0 0 0 0 0 0 0 0 0 0 0 0 0 0 0 0 0 0 0 0 0 0 0 0 0 0 0 0 0 0 0 0 0 0 0.624195 0.478278 0 0.528451 0 0.577532 0 0 0 0 0 0 0 0 0 0 0 0 0 0 0 0 0 0 0 0.373493 0 0 0 0 0 0 0.668225 0 0 0 0 0 0 0 0 0 0 0 0 0 0 0 0 0 0 0 0 0 0 0 0 0 0 0 0 0 0 0.438091 0 0 0 0 0 0 0 0.548829 0.619513 0 0 0 0 0 0 0 0 0 0 0 0 0 0 0 0 0 0 0 0 0 0 0 0 0 0 0 0.348823 0 0 0 0 0 0 0 0 0 0 0 0 0 0 0 0 0.481366 0 0 0 0 0 0 0 0 0 0.526143 0 0 0 0 0 0 0 0 0 0 0 0 0 0 0 0 0 0 0 0 0 0 0 0.415155 0 0 0.286592 0 0
0 0 0 0 0 0 0 0 0 0 0 0 0 0 0 0 0 0 0 0 0 0 0 0 0 0 0 0 0 0 0 0 0.624937 0 0 0 0 0.708823 0 0 0 0 0 0 0 0 0 0 0.633105 0 0 0 0 0 0 0 0 0 0 0.584069 0 0 0 0 0 0 0 0 0 0 0 0 0 0 0 0 0 0 0 0 0 0 0 0 0 0 0 0 0 0 0 0 0 0 0 0 0 0 0 0 0 0 0 0 0 0 0.571746 0 0 0 0 0 0 0 0 0 0 0 0 0 0 0 0.686807 0 0 0 0 0 0 0 0 0 0 0 0 0 0 0 0 0 0 0 0 0 0 0 0 0 0 0 0 0 0 0 0 0 0 0 0 0 0 0 0 0 0 0 0 0 0 0.526143 0 0 0 0 0 0 0 0 0 0 0 0.531692 0 0 0 0 0 0 0.48669 0 0 0 0 0 0 0 0 0 0 0
0 0 0 0 0 0 0 0 0 0 0 0 0 0 0 0 0 0 0 0.524908 0 0 0 0 0 0 0 0 0 0 0 0 0 0 0 0 0 0 0 0 0 0 0 0 0 0 0 0 0 0 0 0 0 0 0 0 0 0 0 0 0.453494 0 0 0 0 0.557942 0 0 0 0 0 0.422273 0 0.589117 0 0 0 0 0 0 0.562317 0 0 0 0 0 0 0 0 0 0 0 0 0.577104 0 0 0 0 0 0 0 0 0.646283 0 0.447049 0 0 0 0 0 0 0 0 0 0 0 0 0 0 0 0 0.518667 0 0 0 0 0 0 0 0 0 0 0 0 0 0 0 0.678379 0 0 0 0 0 0 0 0 0 0 0 0 0 0 0 0 0 0 0 0 0.362572 0 0 0 0 0 0 0 0 0 0 0 0 0 0 0 0 0 0 0 0 0 0 0 0 0 0.531848 0 0 0 0 0 0 0 0 0 0 0 0 0 0 0
0 0 0 0.658633 0 0 0 0 0 0 0 0 0 0 0 0 0 0 0 0 0 0 0 0 0 0.398671 0 0 0 0 0 0 0 0.391805 0 0 0 0 0 0.466874 0 0 0 0 0 0 0 0 0 0 0 0 0 0 0 0 0 0 0.631758 0 0 0.287349 0 0 0 0 0 0 0 0 0 0 0 0 0 0 0 0 0 0 0 0 0 0 0 0 0 0.707541 0 0 0 0 0 0 0 0 0 0 0 0 0 0 0 0 0 0 0 0 0 0 0.484538 0 0 0 0 0 0 0 0.457316 0 0 0.383242 0 0 0 0 0 0 0 0 0 0 0 0 0 0 0 0 0.370387 0 0 0 0 0 0 0 0 0 0 0 0 0 0 0.495236 0 0 0 0 0 0.531502 0 0 0 0 0 0 0.557083 0 0 0 0 0 0 0 0 0 0 0 0 0.369555 0 0 0 0 0 0 0 0 0 0 0 0 0 0.424684 0 0.649542 0 0 0.390999 0
0 0 0 0 0 0 0 0 0 0 0 0.452512 0 0 0 0 0 0 0 0 0 0 0 0 0 0 0 0 0 0 0 0 0 0 0 0 0 0 0 0 0 0.550186 0 0 0 0 0 0 0 0 0 0 0 0 0 0 0 0 0 0 0 0 0 0 0 0 0 0 0 0 0 0 0 0 0 0 0 0 0 0 0 0 0 0 0 0 0 0 0 0 0 0 0 0 0 0 0 0 0 0 0 0.484724 0 0 0 0 0 0 0 0 0 0 0 0 0 0 0 0 0 0 0 0 0 0 0 0.666815 0 0 0 0 0 0 0 0 0 0 0 0 0 0 0 0.553002 0 0 0 0.381328 0 0 0 0 0 0 0 0 0 0 0 0 0 0 0 0 0 0 0 0 0.488716 0 0 0 0 0 0 0 0 0 0 0.609367 0 0 0 0 0 0 0 0 0 0 0 0 0 0 0 0 0 0 0 0 0 0
0 0 0 0 0 0 0 0 0 0 0 0 0 0 0 0 0 0 0 0 0 0 0 0 0 0 0 0 0 0 0 0 0 0 0 0 0 0 0 0 0 0 0 0 0 0 0 0 0 0 0 0 0 0 0 0 0 0 0 0 0 0 0 0 0.599847 0 0 0 0.432511 0 0 0 0 0 0 0.482017 0 0 0 0 0 0 0 0 0 0 0 0 0 0 0 0 0 0 0 0 0 0 0 0.389663 0 0 0 0 0 0 0 0 0 0 0 0 0 0 0 0 0 0 0 0 0.547434 0 0 0 0 0 0 0 0 0 0 0 0 0 0 0 0 0 0 0 0 0 0 0.5558 0 0 0 0 0 0.521918 0 0 0 0 0 0 0 0 0 0 0 0 0 0 0 0 0 0 0 0 0 0 0 0 0 0 0 0 0 0 0 0 0 0 0 0 0 0.551077 0.376102 0 0 0 0.388968 0 0 0 0 0 0 0
0 0 0 0 0 0.682979 0 0 0 0 0 0 0 0 0 0 0 0 0 0 0.452303 0 0 0 0 0 0 0.487905 0 0 0 0 0 0 0 0 0 0 0 0 0 0 0 0 0 0 0 0 0 0 0 0 0.592991 0 0 0 0 0 0 0 0 0 0 0 0 0 0 0 0 0 0 0 0 0 0 0 0 0.641052 0 0 0 0 0 0 0 0 0 0 0.438354 0 0 0 0.482474 0 0 0 0 0.569828 0 0 0 0 0 0 0 0 0 0 0 0 0 0 0 0 0 0 0 0 0 0 0 0 0 0 0 0 0 0 0 0.634662 0 0 0 0 0 0 0 0 0 0 0 0 0 0 0 0 0 0 0 0 0 0 0 0 0 0 0 0 0 0 0.470377 0 0 0 0 0 0 0.601338 0 0 0 0 0 0 0 0 0 0 0.364374 0 0 0 0 0 0 0 0 0 0.492338 0 0.497533 0 0 0 0 0 0 0 0 0
0 0 0 0 0 0 0 0 0 0 0 0 0 0 0 0 0 0.307922 0 0 0.348905 0 0 0 0 0 0 0 0 0 0 0 0 0 0 0 0 0 0 0 0 0 0 0 0 0 0 0 0 0 0 0 0 0 0 0 0 0 0 0 0 0 0.306831 0 0 0 0 0 0 0 0 0 0 0 0 0 0 0 0 0 0 0 0 0 0 0 0 0 0 0 0 0 0 0 0 0 0 0 0 0 0 0 0 0 0 0 0 0 0 0 0 0 0 0 0 0 0 0 0 0 0 0 0.483348 0 0 0 0 0 0 0 0 0 0 0 0 0 0 0 0 0.43316 0 0 0 0 0 0 0 0 0 0 0 0 0 0 0 0.575152 0 0 0 0 0 0 0 0 0 0 0 0 0 0 0 0 0 0 0 0 0 0 0 0 0 0 0 0.642857 0 0 0.385336 0 0 0 0 0 0 0 0 0 0 0 0 0
0 0.557281 0 0 0 0 0 0 0 0 0 0 0 0 0 0 0 0 0 0 0 0 0 0 0 0 0 0 0 0 0 0 0 0 0 0 0 0 0 0 0 0 0 0 0 0 0 0 0 0.549173 0 0 0 0 0 0 0 0 0 0 0 0 0 0 0 0 0 0 0 0 0 0 0 0 0 0 0 0 0 0 0 0 0 0 0 0 0 0 0 0 0 0 0 0 0 0 0 0 0 0 0 0 0 0 0.430573 0 0 0 0 0 0 0 0 0 0 0 0 0 0 0 0 0 0 0 0 0 0 0 0 0.484457 0 0 0 0.517481 0 0 0 0 0 0 0 0.733086 0 0 0 0 0 0 0 0 0 0 0 0 0 0 0 0 0 0 0 0 0 0 0 0 0 0 0 0 0 0 0 0.609367 0 0 0 0 0 0 0 0 0 0 0 0 0 0 0 0 0 0 0 0 0 0 0 0 0 0
0 0 0 0 0 0 0 0 0 0 0 0 0 0 0 0 0 0 0 0 0 0 0 0 0 0 0 0 0 0 0 0 0 0 0 0 0 0 0 0 0 0 0 0 0 0 0 0 0 0 0 0.568918 0 0 0 0 0 0 0 0 0 0 0.555304 0 0 0 0 0 0 0.366296 0 0 0.520344 0 0 0 0 0 0 0 0 0 0 0 0 0 0 0 0 0 0 0 0 0.524545 0 0 0 0 0 0 0 0 0 0 0 0 0 0 0 0 0 0 0 0 0 0 0 0 0 0 0 0 0 0 0 0 0 0 0 0 0 0 0 0 0 0.572964 0 0 0 0 0 0 0 0 0 0 0 0 0 0 0 0 0 0 0 0 0 0 0 0 0 0 0 0 0 0 0 0 0 0 0 0 0 0 0 0.364374 0 0 0 0 0 0.454506 0 0 0.652555 0 0 0 0 0 0 0 0 0 0 0 0 0 0 0
0 0 0 0 0 0 0 0 0 0 0 0 0 0 0 0 0 0 0 0 0 0 0 0 0 0 0 0 0 0 0 0 0 0 0 0 0 0 0 0 0 0 0 0 0 0 0 0 0 0 0 0 0 0 0 0 0 0 0 0 0.402283 0 0 0 0 0 0 0.494057 0 0 0 0 0 0 0 0 0.427586 0 0 0.529668 0 0 0 0 0 0 0 0 0 0 0 0 0 0 0 0 0 0 0.327606 0 0 0 0 0 0 0 0 0 0 0 0 0 0 0 0 0 0 0 0 0 0 0.423923 0 0 0 0 0 0 0 0 0 0 0 0 0 0 0.554477 0 0 0 0 0 0 0 0 0 0 0 0 0 0 0 0 0 0 0 0 0 0 0 0 0 0 0 0 0 0 0 0 0 0 0 0.369555 0 0 0 0 0 0 0 0 0 0 0 0 0 0 0 0 0 0 0 0.426932 0 0.711343 0 0 0 0 0
0 0 0 0 0 0 0 0 0 0 0 0 0 0 0 0 0 0 0 0 0 0 0.617069 0 0 0 0 0 0 0 0 0 0 0 0 0 0 0 0 0 0 0 0 0.70004 0.37183 0 0 0 0 0 0 0 0 0 0 0 0 0 0 0 0 0 0 0 0 0 0 0 0 0 0 0 0 0 0 0 0 0 0 0 0 0 0 0.418991 0 0 0 0 0 0 0 0 0.484321 0 0 0 0 0 0 0 0 0 0.543614 0 0 0 0 0 0 0 0 0 0 0 0 0 0 0.507911 0 0 0 0 0 0 0 0 0 0.563507 0.531865 0 0 0 0 0 0 0 0 0 0 0 0 0 0 0 0 0 0 0 0.42307 0 0 0 0 0 0 0 0 0 0.535773 0 0 0 0 0 0 0 0.550342 0.388781 0 0 0 0 0 0 0 0 0 0 0 0 0 0 0 0 0.626146 0 0 0 0 0.4087 0 0 0 0 0 0 0 0 0 0.543595
0 0 0 0 0 0 0 0 0 0 0 0.686324 0 0 0 0 0 0 0 0 0 0 0 0 0 0 0 0 0 0 0 0 0 0 0 0.493984 0 0 0 0 0.421986 0 0 0 0 0 0 0 0 0 0 0 0 0 0 0 0 0 0 0 0 0 0 0.653856 0 0 0 0 0 0.512634 0 0 0 0 0.628748 0 0 0 0 0 0 0 0 0 0 0 0.461358 0 0 0.653536 0 0 0 0 0 0.663744 0 0 0 0 0 0 0 0 0 0 0 0 0 0 0 0.689364 0.610271 0 0 0 0 0.573262 0 0 0 0 0 0.630765 0 0 0 0 0 0 0 0 0 0 0 0 0 0 0 0 0 0 0 0 0 0 0 0 0 0 0.685958 0 0 0 0 0 0.660208 0 0 0 0 0 0 0 0 0 0 0 0 0 0.531692 0 0 0 0 0 0 0 0.454506 0 0 0 0 0 0 0 0 0 0 0 0 0 0.539268 0 0 0 0.304937 0 0.676716 0
0 0.38675 0 0 0 0 0 0 0 0 0.388269 0 0 0 0 0.323479 0 0 0 0 0 0 0.410675 0 0 0 0 0.48862 0 0 0 0 0 0.646145 0 0 0 0 0 0 0 0 0 0 0 0 0 0 0 0 0 0 0 0.452344 0 0 0 0 0 0 0 0 0.623132 0 0 0 0 0 0 0 0 0 0 0 0 0 0.354991 0.658151 0 0 0 0 0 0 0 0 0 0 0 0 0 0 0 0 0 0.688396 0 0 0 0 0 0 0 0 0 0 0 0 0 0 0.499324 0 0 0 0 0 0 0 0 0 0 0 0 0 0 0 0 0 0 0 0 0 0 0 0 0 0 0 0 0.567902 0 0 0 0 0 0 0 0.494335 0 0 0.566573 0 0 0.665301 0 0.560204 0 0 0 0 0 0 0 0 0.486685 0 0 0 0 0 0 0 0 0 0 0 0 0 0 0 0 0 0 0 0 0 0 0 0 0 0 0 0 0 0.456577 0 0 0 0 0
0 0 0 0 0 0 0 0 0 0 0 0 0 0 0 0 0 0 0 0 0 0.386107 0 0 0 0 0 0 0 0 0 0 0 0 0 0 0.640746 0 0 0.46232 0 0 0 0 0 0 0 0 0 0 0 0 0 0 0 0 0 0 0 0 0 0.351105 0 0 0 0 0 0 0.43842 0 0 0 0.711121 0 0 0 0 0 0 0 0 0 0 0 0 0 0 0 0 0 0 0 0 0 0 0 0 0 0 0 0 0 0 0 0 0 0 0.482797 0 0 0 0 0 0 0 0 0 0.659848 0 0 0 0 0.57459 0 0 0 0 0 0.4931 0 0.443692 0 0 0.519557 0 0.366128 0 0 0.432155 0 0 0 0 0 0 0 0 0 0 0 0 0 0 0 0 0 0 0 0 0 0 0 0 0 0 0 0 0 0 0 0 0 0 0 0 0 0.642857 0 0 0 0 0 0 0 0 0 0 0 0 0 0 0 0 0 0 0 0 0 0 0.409158
0 0 0.6497 0.576309 0 0 0 0 0 0 0 0 0 0 0 0 0 0 0 0 0 0.570571 0 0 0 0 0 0 0.633181 0 0 0 0 0 0 0 0.651467 0 0 0 0 0 0 0 0 0 0 0 0 0 0 0 0 0 0 0.522801 0 0 0 0 0 0 0 0 0 0 0 0 0 0 0 0 0 0 0 0 0 0 0 0 0 0 0 0 0 0 0 0 0 0 0 0 0 0 0 0 0 0.613397 0 0 0.682046 0 0 0 0 0 0 0 0 0 0 0 0 0 0 0 0 0 0 0 0 0 0 0 0 0 0 0 0 0 0 0 0 0 0 0 0 0 0 0 0 0 0 0 0 0 0 0 0 0 0 0 0.370349 0 0 0 0 0 0 0 0 0 0 0 0 0 0 0 0 0 0 0.531848 0 0 0 0 0 0 0.652555 0 0.626146 0 0 0 0 0 0 0 0 0 0 0 0 0 0 0 0 0 0 0
0 0 0 0 0 0 0.51515 0 0.670245 0 0 0 0 0 0 0 0 0 0 0 0 0 0 0 0 0.506859 0 0 0 0 0 0 0 0 0 0 0 0.429748 0 0 0 0 0 0 0 0 0 0 0 0.460736 0 0.54478 0 0 0 0 0 0 0 0 0 0 0 0 0 0 0.445157 0 0 0 0.403446 0 0 0 0 0 0 0 0 0 0 0 0 0 0 0.409752 0 0 0.404986 0.516318 0.36654 0 0 0 0 0 0 0 0 0 0.583097 0 0 0 0 0 0.56546 0 0 0 0 0.606486 0 0 0 0 0 0 0 0 0 0 0 0 0.52286 0 0 0 0 0 0 0 0 0 0.418663 0 0 0.350938 0 0 0 0 0 0 0 0 0 0 0.567117 0 0 0 0 0.621172 0 0 0 0 0 0 0 0 0 0 0.503973 0 0 0 0 0 0 0 0 0 0 0 0 0 0 0 0 0 0 0 0 0 0 0 0 0 0 0 0 0 0 0 0.663599 0 0.656556 0
0 0 0.580035 0 0 0 0 0 0 0 0 0.534027 0 0 0 0 0 0 0 0 0 0 0 0 0 0 0 0 0 0 0 0 0 0 0 0 0 0 0 0 0 0 0 0 0 0 0 0 0 0 0 0 0.555332 0 0 0 0 0 0 0 0 0 0 0 0 0 0 0 0.448304 0 0 0 0 0 0 0 0 0.489935 0 0 0 0 0 0 0 0 0 0.546982 0 0 0 0 0 0 0 0 0 0 0 0 0 0 0 0 0 0 0 0 0 0 0 0 0 0 0 0.514477 0 0 0 0 0 0 0 0 0.493201 0 0.39954 0 0 0 0 0 0 0 0 0.520417 0 0 0 0 0 0 0.745307 0 0 0 0 0 0.516609 0 0 0 0 0 0 0 0 0 0 0.402602 0 0 0 0 0 0.375684 0 0 0 0 0 0 0 0 0 0 0.385336 0 0 0 0 0 0 0 0 0 0 0 0 0 0 0 0 0 0 0 0 0 0 0
0 0 0 0 0 0 0 0 0 0 0 0 0 0 0 0 0 0 0 0 0 0 0 0 0 0 0 0 0 0 0.701788 0 0.619153 0.494985 0 0 0 0 0 0 0 0.443225 0 0 0.389175 0 0 0 0 0 0 0 0 0 0 0.39264 0 0 0 0 0.432155 0 0 0 0 0 0 0 0 0 0 0 0.492675 0 0 0 0 0 0 0 0 0.465652 0 0 0 0 0 0 0 0 0 0 0 0 0 0 0 0 0 0 0.61216 0 0 0 0 0 0 0 0 0 0 0 0 0 0 0 0 0 0 0 0 0 0 0 0 0 0 0 0 0.616324 0 0 0 0 0 0 0 0 0 0 0 0 0.364862 0 0 0 0 0 0 0 0 0 0 0 0 0 0 0.372112 0 0 0 0 0 0 0 0 0 0 0 0 0 0 0 0 0.551077 0 0 0 0 0 0 0 0 0 0 0 0 0 0 0 0 0 0 0 0 0 0 0 0 0
0 0 0.327799 0 0 0 0 0 0 0.356902 0 0 0 0 0 0 0 0 0 0 0.528061 0 0 0 0 0 0 0 0 0 0 0 0 0 0 0 0 0 0 0 0 0 0 0.427548 0.664557 0 0 0 0 0 0 0 0 0 0 0 0 0 0.429991 0 0 0 0 0.512052 0 0 0 0 0 0 0 0 0 0 0 0 0 0 0 0 0 0 0 0 0 0 0 0 0 0 0 0 0 0 0 0 0 0 0 0.323566 0 0 0 0 0 0 0 0 0 0 0 0 0 0 0.388614 0 0 0 0.332992 0 0 0 0 0.627863 0 0 0 0 0 0 0 0 0 0 0 0 0.467839 0 0.397845 0 0 0 0 0 0 0 0.49973 0 0 0 0 0 0 0 0 0 0.667125 0 0 0 0 0 0 0.52333 0 0 0 0 0 0 0.48669 0 0 0 0.376102 0.492338 0 0 0 0 0 0 0 0 0 0 0 0 0 0 0 0 0 0 0 0 0 0 0 0
0 0 0 0 0 0 0 0 0 0 0 0 0 0 0.386549 0 0.610624 0 0 0 0 0.604515 0 0 0 0 0 0 0 0 0 0 0 0 0 0.28525 0 0 0 0 0 0 0 0 0 0 0 0 0 0 0 0 0 0 0 0 0 0 0 0 0 0 0 0 0 0 0 0 0 0 0 0.694814 0 0 0 0 0 0 0 0 0 0 0 0 0 0 0 0 0 0 0 0 0 0 0 0 0.662888 0 0.393108 0 0 0 0 0 0 0 0 0 0 0 0 0 0 0 0 0 0 0 0 0 0.642278 0 0 0 0 0 0.477746 0 0 0.654942 0 0 0 0 0 0.479438 0 0 0 0 0 0 0 0 0.341625 0 0 0 0 0 0 0 0 0 0 0 0 0 0.561166 0 0 0 0 0 0 0 0 0 0 0 0 0 0 0 0 0 0 0 0 0 0.4087 0 0 0 0 0 0 0 0 0 0 0 0 0 0 0 0 0 0 0
0 0 0.626763 0 0.414281 0 0 0.528858 0 0 0 0 0.658065 0 0 0 0 0 0 0 0 0 0 0 0 0 0 0 0 0 0 0 0 0 0 0 0.736994 0.634617 0 0 0 0 0 0 0 0 0 0 0 0 0 0 0 0 0 0 0 0 0 0 0 0 0 0 0 0 0 0 0 0 0 0 0 0 0 0 0 0 0 0.662696 0 0 0 0.341824 0 0 0 0 0 0 0 0 0 0.356962 0 0 0.557645 0 0 0 0 0 0 0 0 0 0 0 0 0 0 0 0 0 0 0 0 0 0 0 0 0 0 0 0 0 0 0 0 0 0 0 0 0 0 0 0 0 0 0 0 0 0 0 0.410758 0 0 0 0 0 0 0 0 0 0 0 0 0 0 0 0 0 0 0.564485 0 0 0 0.47884 0 0 0 0 0 0 0 0.497533 0 0 0 0 0 0 0 0 0 0 0 0 0 0 0 0 0 0 0 0 0 0 0 0
0 0.604731 0 0 0 0 0 0 0 0 0 0.653079 0 0 0 0 0 0 0 0 0 0 0 0 0 0 0 0 0 0 0 0 0 0 0.540361 0 0 0 0 0 0 0 0 0 0 0 0 0 0 0 0 0 0.452895 0 0 0 0 0 0 0 0 0 0 0 0 0 0 0 0.539099 0 0 0 0 0 0 0 0 0 0 0 0 0 0 0 0 0 0 0 0 0 0.552897 0 0 0 0 0 0.56729 0 0.504807 0 0 0 0 0 0.610817 0 0 0 0 0 0 0 0 0 0 0 0 0 0 0 0 0 0 0 0 0 0 0 0 0 0 0 0 0 0 0 0 0.661035 0 0 0 0 0 0 0 0 0 0 0 0.601296 0 0 0 0 0 0 0 0 0 0 0 0.544306 0 0 0 0 0 0 0 0 0 0 0 0 0 0 0 0 0 0 0 0 0 0 0 0 0 0 0 0 0 0 0 0 0 0 0 0 0 0
0 0 0 0 0.441864 0 0 0 0 0 0 0 0 0 0 0 0 0 0.486821 0 0 0 0 0 0.360964 0 0 0 0 0 0 0 0 0 0 0.594064 0 0 0 0.405776 0 0 0 0 0 0 0 0 0 0 0 0 0 0 0 0 0 0 0 0 0 0 0 0 0 0 0 0 0 0 0 0 0 0 0 0 0 0 0 0 0 0 0.412664 0 0 0 0 0 0 0 0 0 0 0 0 0 0 0 0 0 0 0 0 0 0 0 0 0 0 0 0 0 0 0 0 0 0 0 0 0 0 0 0 0 0 0.590184 0 0.374287 0 0 0 0 0 0 0 0 0 0 0 0 0 0 0 0 0 0 0 0 0 0 0 0 0 0 0.454963 0 0 0 0 0 0 0 0 0 0 0 0 0 0 0 0 0 0 0 0.388968 0 0 0 0 0.426932 0 0.539268 0 0 0 0 0 0 0 0 0 0 0 0.589325 0 0 0 0 0 0
0 0 0 0 0 0 0 0 0 0 0 0 0 0 0 0 0 0 0 0 0 0 0 0 0 0 0 0 0.332613 0 0 0 0.561829 0 0 0 0 0 0 0 0 0.580327 0 0 0 0 0 0 0 0 0 0 0 0 0 0 0 0 0 0 0 0 0 0 0.614037 0 0 0 0 0 0 0 0 0 0 0 0 0 0 0 0 0 0 0 0 0 0 0 0 0 0 0 0 0 0 0 0 0 0 0 0.687225 0 0 0 0 0 0 0 0 0 0 0 0 0 0 0 0 0 0 0 0 0 0 0 0 0 0.462712 0 0 0 0 0 0 0 0 0.442994 0 0 0 0 0 0 0.552316 0 0.478952 0 0 0 0 0 0 0 0 0 0 0.534282 0 0 0 0 0 0 0 0 0 0 0 0 0 0 0 0 0.424684 0 0 0 0 0 0 0 0 0 0 0 0 0 0 0 0 0 0 0 0.589325 0 0 0 0 0 0 0
0 0 0 0 0 0 0 0 0 0 0 0.506822 0 0 0 0 0 0 0 0 0 0 0 0 0 0 0 0 0 0 0 0 0 0 0 0 0 0 0 0 0 0 0 0 0 0 0 0 0 0 0 0 0 0 0 0 0 0 0 0 0 0 0 0 0 0 0 0 0 0 0 0 0 0 0 0 0 0 0 0 0 0 0 0 0 0 0 0 0 0 0 0 0 0 0 0 0 0 0 0 0 0 0 0 0 0 0 0.3851 0 0 0 0 0 0 0 0 0 0 0 0 0 0 0 0 0 0 0 0 0 0 0 0 0 0 0 0 0 0 0 0 0 0 0 0.48398 0 0 0 0 0 0 0 0 0 0 0 0 0 0 0 0 0 0 0 0 0.579779 0 0 0 0 0.415155 0 0 0 0 0 0 0 0 0 0.711343 0 0 0.456577 0 0 0 0 0 0 0 0 0 0 0 0 0 0 0 0 0.365371
0.487277 0 0 0 0 0 0 0 0.618568 0 0 0 0.504193 0 0 0 0 0 0 0 0 0 0 0 0 0 0 0 0 0 0 0 0 0 0 0 0.500605 0 0 0 0 0 0 0 0.503588 0 0 0 0 0 0 0 0 0 0.515853 0 0 0 0 0 0 0 0 0 0 0 0 0.398189 0.481845 0 0 0 0 0 0 0 0 0 0 0 0.405255 0 0 0 0 0 0 0 0 0 0 0 0 0 0 0 0 0 0 0 0 0 0.658383 0 0 0 0 0.700517 0 0 0 0 0 0 0 0 0 0 0 0 0 0 0 0 0 0 0 0 0 0 0 0 0 0 0 0 0 0 0 0 0 0 0 0 0 0 0 0.586114 0 0 0 0.42758 0 0 0 0 0 0 0 0 0 0 0 0 0 0 0 0.455582 0 0 0 0 0.649542 0 0 0 0 0 0 0 0 0 0 0 0 0 0 0 0 0 0 0 0 0 0 0 0 0 0 0
0 0 0 0 0 0 0 0 0 0 0 0 0 0 0 0 0 0 0 0 0 0 0 0 0 0 0 0 0 0 0 0 0 0 0 0 0 0 0 0 0 0 0 0 0 0 0 0 0 0 0 0 0 0 0 0 0 0 0 0 0 0 0 0 0 0 0 0 0 0 0.631993 0 0 0 0 0 0 0 0 0 0 0 0 0 0 0 0 0 0 0 0 0 0 0 0 0 0 0 0 0 0 0 0 0 0 0.496934 0 0 0 0 0 0 0 0 0 0 0 0 0 0 0 0 0 0 0 0 0 0 0 0 0 0 0 0 0 0 0 0 0 0 0 0 0 0 0 0 0 0.599496 0 0 0 0 0 0.578816 0 0 0 0.40537 0 0 0 0 0 0.283142 0 0 0 0 0 0 0 0 0 0 0 0 0 0 0 0 0 0.304937 0 0 0 0.663599 0 0 0 0 0 0 0 0 0 0 0 0.335018 0.378876 0.38539
0 0 0 0 0 0 0 0 0 0 0 0 0 0 0 0 0 0 0 0 0 0.421957 0 0 0 0 0 0 0 0 0 0 0 0 0 0 0 0 0 0 0 0 0 0 0 0 0 0 0 0 0 0 0 0 0 0 0 0 0 0 0 0 0 0 0 0 0 0 0 0 0 0 0 0 0 0 0 0 0 0.587612 0 0 0 0 0 0 0 0 0 0 0 0 0 0 0 0 0 0 0 0 0 0 0 0 0 0 0 0 0 0 0 0 0 0 0 0 0 0 0 0 0 0 0 0 0 0 0 0 0.437759 0 0 0 0 0 0 0 0 0 0 0 0 0 0 0 0 0 0 0 0 0 0 0 0 0 0 0 0 0 0 0 0 0 0 0 0 0 0 0 0 0.286592 0 0 0 0 0 0 0 0 0 0 0 0 0 0 0 0 0 0 0 0 0 0 0 0 0 0 0.335018 0 0 0
0 0 0 0 0 0 0 0 0 0 0 0 0 0 0 0 0 0 0 0 0 0 0.394384 0 0 0 0 0.58368 0 0 0 0 0 0 0 0 0 0 0 0 0 0 0 0 0 0 0 0 0 0 0 0 0 0 0 0 0 0 0 0 0 0 0 0 0 0 0 0 0 0 0 0 0 0 0 0 0 0 0 0 0 0 0 0 0 0 0 0.577942 0 0 0 0 0 0 0 0 0 0 0 0 0.31313 0 0 0 0 0 0 0 0 0 0 0 0 0 0 0 0 0 0 0 0 0 0 0 0 0 0 0 0 0 0 0 0 0 0 0 0 0 0 0 0 0 0 0 0 0 0 0 0 0 0 0 0 0.450802 0 0 0 0 0 0 0 0 0 0 0 0 0 0 0.5214 0 0 0 0.390999 0 0 0 0 0 0 0 0 0.676716 0 0 0 0.656556 0 0 0 0 0 0 0 0 0 0 0.378876 0 0 0
0.594877 0 0 0 0 0 0.565993 0 0 0 0 0 0 0 0 0 0 0 0 0 0 0 0 0 0 0 0 0 0 0 0 0 0 0 0 0.491354 0 0 0 0 0 0 0 0 0 0 0 0 0 0 0 0 0 0 0 0 0.709064 0 0 0.568984 0 0 0 0 0 0 0 0 0 0 0 0 0 0 0 0 0 0 0 0 0.447138 0 0 0 0 0 0 0 0 0 0 0 0 0 0 0 0 0 0 0 0 0 0 0 0 0 0 0 0 0 0 0 0.649894 0 0 0 0 0 0 0 0 0 0 0 0 0 0 0 0.550349 0 0.418614 0 0 0 0 0 0 0 0 0 0 0 0 0 0 0 0 0 0 0 0 0 0 0 0.396207 0 0 0 0 0 0 0 0 0 0 0 0 0 0 0 0 0 0 0 0 0 0 0 0 0 0.543595 0 0 0.409158 0 0 0 0 0 0 0 0 0 0 0.365371 0 0.38539 0 0 0
