200
0 0.423451 0 0 0.342249 0 0 0 0 0 0 0.609437 0.644367 0 0 0 0 0 0.321268 0 0 0 0 0 0 0 0 0 0 0 0 0 0 0 0 0 0 0 0 0 0 0 0 0.366743 0 0 0 0 0.430163 0 0 0 0 0 0 0 0 0 0 0 0 0 0 0 0 0 0 0 0 0 0 0 0 0 0 0 0 0 0 0 0 0 0 0 0 0 0 0 0 0 0 0 0 0 0 0 0 0 0 0 0 0 0 0.475566 0 0 0.491845 0 0 0 0 0 0 0 0 0 0 0 0 0 0 0 0 0 0 0 0 0 0.462153 0 0 0 0 0 0 0 0 0 0 0 0 0 0 0 0 0 0 0.336842 0 0 0 0 0 0 0 0 0 0.542639 0 0 0 0 0 0 0 0.653948 0 0 0 0 0 0 0 0 0 0 0 0 0 0 0 0 0 0 0 0 0 0 0 0 0 0 0 0 0 0.433499 0 0 0 0.489435
0.423451 0 0 0 0 0 0.497273 0 0 0 0 0 0 0.452254 0 0 0 0 0 0 0 0 0 0 0.333325 0 0 0 0 0 0 0 0 0 0 0 0 0 0 0 0 0 0 0 0 0 0 0 0 0 0 0 0 0 0 0 0 0 0 0.70593 0 0 0 0 0 0 0 0 0 0 0 0 0 0 0 0 0 0 0 0 0 0 0 0 0 0 0 0 0 0 0 0 0 0 0 0 0 0 0 0 0 0 0 0 0 0 0 0 0 0 0 0 0 0 0 0 0 0 0 0.418063 0.440146 0 0 0.652199 0 0 0.405207 0 0 0 0 0 0 0 0 0 0 0 0 0 0 0 0 0.311776 0 0 0 0 0 0 0 0 0 0 0.445231 0 0 0 0 0 0 0.579655 0 0 0 0 0 0.650791 0 0 0 0 0 0 0 0 0 0.481454 0 0 0 0 0.357841 0 0 0 0 0 0 0 0 0.583976 0 0 0 0 0 0 0 0
0 0 0 0 0 0 0 0 0 0 0.735541 0 0 0 0 0 0 0 0 0 0 0 0 0 0 0 0 0 0 0 0 0 0 0 0 0 0 0 0 0 0 0 0 0 0 0 0 0 0 0 0 0 0 0 0 0 0 0 0 0 0 0 0 0 0 0.438747 0 0 0 0 0 0 0 0.37224 0 0 0 0 0 0 0 0 0 0 0 0 0 0 0 0 0 0 0 0 0 0 0 0 0 0 0 0 0 0 0 0 0 0 0 0 0 0.471794 0 0 0 0 0 0 0 0 0 0 0 0 0 0 0 0 0 0 0 0 0 0 0 0 0 0 0 0 0 0 0 0.556396 0 0 0 0 0 0 0 0 0 0 0 0 0 0 0 0.612685 0 0 0 0 0 0 0 0 0 0 0 0 0 0 0 0 0 0 0 0 0 0 0 0 0.717329 0 0.717363 0 0.374364 0 0.587913 0 0 0 0 0 0 0 0 0
0 0 0 0 0 0 0 0 0 0.625324 0.563359 0 0 0 0 0 0 0 0 0 0 0 0 0 0 0 0 0 0 0 0 0 0 0 0 0 0 0 0 0 0 0 0 0 0 0 0 0 0 0 0 0 0 0 0 0 0 0 0 0 0 0 0 0.465943 0 0 0 0 0 0 0 0 0 0 0 0 0 0 0 0 0 0 0 0 0 0 0 0 0 0 0 0.495211 0 0 0 0 0 0 0 0 0 0 0 0 0 0 0 0 0 0 0 0 0 0 0 0.465498 0.252195 0 0 0 0 0 0 0 0 0 0 0 0 0 0 0 0 0 0 0 0 0 0 0 0 0 0 0 0 0 0 0 0 0 0 0.576392 0 0 0 0.603167 0 0 0 0 0 0 0 0 0 0 0 0 0 0 0 0 0.586418 0 0 0 0 0 0 0 0 0 0 0 0.458705 0 0 0 0 0 0 0 0 0 0 0 0 0 0 0
0.342249 0 0 0 0 0 0 0 0 0 0 0 0 0 0 0 0 0 0 0 0.574402 0 0 0 0 0 0 0 0 0 0 0.479143 0 0 0 0.607048 0 0 0 0 0 0 0 0 0 0 0 0.398038 0 0 0 0 0 0 0 0 0 0 0 0 0 0 0 0 0 0 0.540791 0 0.648542 0 0 0 0 0 0 0 0 0.435616 0 0 0 0 0 0 0 0 0 0 0 0 0 0 0 0 0 0 0 0 0 0 0.273784 0 0 0 0 0 0 0 0.565204 0 0 0 0 0.595362 0 0 0 0 0 0 0 0 0 0.639284 0 0 0 0 0 0 0 0 0 0 0.641291 0 0 0 0 0 0 0 0 0 0 0 0 0 0 0.558306 0.524952 0.43586 0 0 0 0 0 0 0 0 0 0 0 0 0 0 0.686817 0.549439 0 0 0 0 0 0 0 0 0 0 0 0 0 0 0 0 0 0 0 0 0 0 0.47025 0 0.441951 0 0 0 0 0 0 0
0 0 0 0 0 0 0 0 0 0 0 0 0 0 0 0 0 0 0 0 0.468931 0 0 0 0 0 0 0 0 0 0 0 0 0 0 0 0.684185 0 0 0 0 0 0 0 0.474078 0 0 0 0 0 0 0 0 0 0 0 0 0 0 0.631491 0 0 0 0 0 0 0 0.449346 0 0 0 0 0 0 0 0 0 0 0 0 0.550203 0 0 0 0 0 0 0 0 0 0 0 0 0 0 0 0.399234 0 0 0 0 0 0 0 0 0.570385 0 0.43322 0 0 0 0 0 0 0 0 0 0 0 0 0 0 0 0 0 0 0 0 0.441718 0 0 0.596302 0 0 0 0 0 0 0 0 0 0 0 0 0 0 0 0 0 0 0 0 0 0 0 0 0 0 0 0 0 0 0 0 0 0 0 0 0 0 0 0 0 0 0 0.635296 0 0 0 0 0 0 0 0 0 0 0 0 0 0 0 0 0 0 0 0 0 0 0 0
0 0.497273 0 0 0 0 0 0.466751 0 0 0 0 0 0 0 0 0 0 0.62911 0 0 0 0 0 0 0 0 0 0 0 0 0 0.401083 0 0 0 0 0 0 0 0.46268 0.448014 0 0 0 0 0.494673 0 0 0 0 0 0 0 0 0 0 0 0 0 0 0 0 0 0 0 0 0 0 0 0 0 0 0 0 0 0.575721 0 0 0 0 0 0 0 0 0 0 0 0.494794 0 0 0.358622 0 0 0 0 0 0 0 0 0 0 0 0 0 0 0 0 0 0 0 0 0 0 0 0 0 0 0 0 0.715803 0 0.366838 0 0 0 0.479601 0 0 0 0 0 0 0 0.494179 0 0 0 0 0 0 0 0 0 0 0 0 0 0 0 0 0 0 0.544037 0 0 0 0 0 0 0 0 0 0 0 0 0 0 0 0 0 0 0 0 0 0 0 0 0 0 0 0 0 0 0 0.527618 0 0 0 0 0 0 0 0 0 0 0 0 0 0.575073
0 0 0 0 0 0 0.466751 0 0 0 0 0 0 0 0 0 0 0 0 0 0 0 0 0 0 0 0 0 0 0 0 0 0 0 0 0.545186 0 0 0 0 0 0 0 0 0 0 0 0 0 0 0 0 0 0 0 0 0 0 0.354553 0 0.536717 0 0 0 0 0 0 0 0 0 0 0 0 0 0 0 0 0 0 0 0.379761 0 0 0 0 0 0 0 0 0 0 0 0 0 0.504677 0 0 0 0 0 0 0 0 0 0 0 0 0 0 0 0 0 0 0 0 0 0 0 0 0 0 0 0 0 0 0 0 0 0 0.492314 0 0 0 0 0 0 0 0 0.703186 0 0 0 0 0 0 0 0 0 0 0 0 0 0 0 0.516221 0 0 0 0 0 0 0 0 0 0 0 0 0 0 0 0 0 0 0 0 0 0 0 0 0 0 0 0 0 0 0 0 0 0 0 0.539184 0 0 0 0 0 0 0 0 0
0 0 0 0 0 0 0 0 0 0 0 0 0.436126 0 0.673033 0 0 0 0 0 0 0 0 0 0 0 0 0 0 0 0 0 0.519442 0 0 0 0 0 0 0 0 0 0 0 0 0 0 0 0 0 0 0 0 0 0 0 0 0 0 0 0 0 0 0 0 0 0 0.411875 0.550988 0 0 0 0 0 0 0 0.597242 0 0 0 0 0 0 0 0 0 0 0 0 0.58367 0 0 0 0 0 0 0 0 0.448794 0 0 0 0 0 0 0 0 0 0 0 0 0 0 0 0 0 0 0 0 0 0 0 0 0 0 0 0 0 0 0 0 0 0 0 0 0 0 0 0 0 0 0 0 0 0 0 0 0 0 0 0 0 0 0 0 0 0 0 0 0 0.474033 0 0 0 0 0 0 0 0 0 0 0 0 0 0 0 0 0 0 0 0 0 0 0 0 0.695562 0 0 0 0 0 0 0 0 0 0.632699 0 0 0 0
0 0 0 0.625324 0 0 0 0 0 0 0 0 0 0 0 0 0 0 0 0 0 0 0 0 0 0 0.547675 0 0 0 0 0 0 0 0 0 0 0 0 0 0 0 0 0 0 0 0 0 0 0 0 0 0 0 0 0 0 0 0 0 0 0 0 0 0 0 0 0 0 0 0 0 0 0 0 0 0 0 0 0 0 0 0 0 0 0 0 0 0 0 0.578772 0 0 0 0 0 0 0 0 0 0 0 0 0 0 0 0 0.615199 0 0 0 0 0 0 0 0.58773 0 0 0 0 0 0 0 0 0.572588 0 0 0 0 0 0 0 0 0 0 0.628674 0 0 0 0 0 0 0 0 0 0 0 0 0 0.387819 0 0 0 0 0.390287 0 0 0 0 0.597612 0 0 0 0 0 0 0 0 0 0 0 0 0 0 0 0 0 0 0 0 0 0 0 0 0 0 0 0 0.376014 0 0 0 0 0 0 0 0 0 0 0
0 0 0.735541 0.563359 0 0 0 0 0 0 0 0 0 0 0 0 0 0 0 0 0 0 0 0 0 0 0 0 0 0 0 0 0 0 0.58243 0.396794 0 0 0.640925 0.502164 0 0 0.481418 0.626063 0 0 0 0 0 0 0.608826 0 0 0 0 0 0.682636 0 0 0 0.657018 0.582442 0 0 0 0 0 0 0 0 0 0 0 0 0 0 0 0 0 0 0 0 0 0 0.682966 0 0 0 0 0.363257 0 0 0 0 0 0 0 0 0.632403 0 0 0 0 0 0 0 0 0 0 0 0 0 0 0 0 0 0 0 0.464416 0 0 0 0 0 0 0 0 0 0 0.605265 0 0 0 0 0 0 0 0 0 0 0 0 0 0 0 0.55832 0 0 0 0.406561 0 0 0.31345 0 0 0 0 0 0 0 0 0 0 0.584941 0 0 0 0 0 0 0 0 0 0 0 0 0 0 0 0 0 0 0.387681 0 0 0 0 0 0 0 0 0 0 0 0 0 0 0 0 0
0.609437 0 0 0 0 0 0 0 0 0 0 0 0 0 0 0 0 0 0 0 0 0 0 0 0 0 0 0 0 0 0 0 0 0 0 0 0 0.588809 0 0 0 0 0 0.672725 0 0 0 0 0 0 0 0 0 0 0 0 0 0 0 0 0.708259 0 0 0 0.671636 0 0 0 0 0 0 0 0 0 0 0 0 0 0 0.705869 0 0 0 0 0 0 0 0 0 0 0 0 0 0 0.582507 0 0 0 0 0 0 0 0 0.39203 0 0 0 0 0 0 0 0 0 0 0.493459 0 0 0 0 0 0 0 0.295302 0 0 0 0 0.516713 0 0 0 0 0 0 0 0 0 0 0 0 0 0 0 0.456738 0 0 0 0 0 0 0 0 0 0 0 0 0 0 0 0 0 0 0 0 0 0 0 0 0 0 0 0 0 0.442211 0 0 0 0 0 0 0 0.647018 0 0 0 0 0.523524 0 0 0 0 0.626226 0 0 0.512097 0 0 0 0 0
0.644367 0 0 0 0 0 0 0 0.436126 0 0 0 0 0 0 0 0 0 0 0 0 0 0 0 0 0 0 0 0 0 0 0 0 0 0 0 0 0 0 0 0 0 0 0 0 0 0 0 0.382365 0 0 0 0.393431 0 0 0 0 0 0 0 0 0 0 0 0 0 0 0 0 0 0 0 0 0 0 0 0 0.639916 0 0 0 0 0 0 0 0 0 0 0 0 0 0 0 0 0 0 0 0 0 0 0 0 0 0 0 0 0 0 0 0 0.577522 0.588567 0 0 0 0 0 0 0 0 0 0.357043 0 0 0 0 0.464705 0 0 0 0 0 0 0 0 0 0 0 0 0 0 0 0 0 0 0 0 0 0 0 0 0 0 0 0 0 0 0 0 0 0 0 0 0 0 0 0.508581 0 0.432156 0 0 0 0 0 0 0 0 0 0 0 0 0 0 0 0 0 0 0 0 0 0.622662 0 0 0 0 0.489477 0 0 0 0
0 0.452254 0 0 0 0 0 0 0 0 0 0 0 0 0 0 0 0 0 0 0.398144 0 0.478049 0 0 0 0 0 0 0 0 0 0 0 0 0 0 0 0 0 0 0.511237 0 0 0 0 0 0 0 0.469331 0 0 0 0 0 0 0 0 0 0 0 0 0 0 0.683347 0 0.560495 0 0 0 0 0 0.382804 0 0 0 0 0 0 0 0 0 0 0 0 0 0 0 0 0 0 0 0 0 0 0 0 0 0.47923 0 0 0 0 0 0 0 0 0 0 0 0.515949 0 0 0 0 0 0 0 0 0 0 0 0 0 0 0 0 0 0 0 0 0 0 0 0 0 0 0 0 0 0 0.643014 0 0 0.730192 0 0 0 0.576648 0.682324 0 0 0 0 0 0 0 0 0 0 0 0 0 0 0 0 0 0 0 0 0 0 0 0 0 0 0 0 0 0 0 0 0 0 0 0 0 0 0 0 0 0 0 0 0 0 0 0 0 0
0 0 0 0 0 0 0 0 0.673033 0 0 0 0 0 0 0 0 0.4497 0 0 0 0 0 0 0 0 0 0 0 0 0 0 0 0 0 0 0 0 0 0.42696 0 0 0 0 0 0.383148 0 0 0 0 0 0 0 0 0 0 0 0 0 0 0 0 0 0.41004 0 0 0 0 0 0 0 0 0.387846 0 0 0 0 0 0 0 0.582529 0 0 0 0 0 0 0 0 0 0 0 0 0 0 0 0 0 0 0 0 0 0.574741 0 0 0 0 0 0 0 0 0 0 0 0 0 0 0.2899 0 0 0 0 0 0 0 0.573479 0.571035 0 0 0 0 0 0 0 0 0 0 0 0 0 0 0 0 0 0 0 0 0 0 0.652865 0 0 0 0 0 0 0 0 0 0 0.503842 0 0 0 0.413533 0 0 0 0 0 0 0 0 0 0 0 0 0 0 0 0 0 0 0 0 0 0 0 0 0.393766 0 0 0 0 0 0 0 0 0 0
0 0 0 0 0 0 0 0 0 0 0 0 0 0 0 0 0 0 0 0 0 0 0 0 0 0 0 0 0 0 0 0 0 0 0 0 0 0 0.434337 0 0 0 0.677459 0 0 0 0 0 0 0 0 0 0 0 0 0 0 0 0 0 0 0 0 0 0 0 0 0 0.570434 0 0 0 0 0 0 0 0.556333 0 0 0 0 0 0 0 0.56588 0 0 0 0 0 0 0 0.607345 0 0 0 0 0.783419 0 0 0 0 0 0 0 0 0 0 0 0 0 0 0 0 0 0 0.410297 0 0 0 0 0 0 0 0 0 0 0 0 0 0 0 0 0 0 0 0 0 0.382587 0 0 0 0 0 0 0 0 0 0 0.405311 0 0 0 0 0 0 0 0 0 0 0 0 0 0 0 0 0 0 0.548066 0 0 0 0 0 0 0 0 0 0 0 0 0 0.332923 0 0 0 0 0 0 0 0 0 0 0 0 0 0 0 0 0
0 0 0 0 0 0 0 0 0 0 0 0 0 0 0 0 0 0 0 0 0 0 0 0 0 0 0 0 0.599237 0 0 0 0.476363 0 0.365626 0 0 0 0 0 0 0 0.354379 0 0 0 0 0 0 0 0 0 0 0 0 0 0.690598 0 0 0 0 0 0 0.635151 0 0 0 0 0 0 0 0 0 0.462297 0.682575 0 0 0 0 0 0 0 0 0 0 0 0 0 0 0 0 0.344454 0 0 0 0 0 0 0 0 0 0 0 0 0 0 0 0 0.674761 0 0 0 0 0 0 0 0 0 0 0 0 0 0 0 0 0 0 0 0 0 0 0 0 0 0 0 0 0 0 0 0 0 0 0.546871 0 0 0 0 0 0 0 0 0 0 0.699701 0 0 0 0 0 0 0 0 0 0 0 0 0 0 0 0 0 0 0 0 0 0 0 0 0 0 0 0 0 0 0 0 0 0 0.538008 0 0 0 0 0 0 0 0 0 0
0 0 0 0 0 0 0 0 0 0 0 0 0 0 0.4497 0 0 0 0 0 0 0 0.590404 0 0.333396 0 0 0 0 0.627018 0 0 0 0 0 0 0 0 0 0 0 0 0 0 0 0 0.480412 0 0 0 0 0 0.549518 0 0 0 0 0 0 0 0.426319 0.392359 0 0.507096 0.447577 0 0 0 0 0 0 0 0 0 0 0 0 0 0 0 0 0 0 0 0 0 0 0 0.418932 0.333342 0 0 0 0 0 0 0 0 0 0 0 0 0 0.746328 0 0 0 0 0 0 0 0.342609 0 0 0 0 0 0 0 0 0 0 0 0 0 0 0 0 0 0 0 0 0 0 0 0 0 0 0 0 0 0 0 0 0 0 0 0 0 0 0 0 0 0 0.640725 0 0 0 0 0 0 0 0 0 0 0 0 0 0.517858 0 0 0 0 0 0 0 0.314476 0 0 0 0 0 0 0 0 0 0 0 0 0 0 0 0 0 0 0 0 0 0 0
0.321268 0 0 0 0 0 0.62911 0 0 0 0 0 0 0 0 0 0 0 0 0 0 0 0 0 0 0 0 0 0 0 0 0 0 0 0 0 0 0 0 0 0 0 0 0 0 0 0 0.380447 0 0 0 0 0 0 0 0 0 0 0 0 0 0 0 0 0 0 0 0 0 0 0 0 0 0 0 0 0 0 0 0 0 0 0.587638 0 0 0 0 0 0 0 0 0 0 0 0 0 0 0 0 0 0 0.31376 0 0.44145 0 0 0 0 0 0.439847 0 0 0 0 0 0 0 0.371625 0 0.484323 0 0 0 0 0 0 0 0 0 0 0 0 0 0 0 0 0 0 0 0 0 0 0 0 0 0 0 0 0.393371 0 0 0 0 0.542161 0 0 0 0 0 0 0 0 0 0 0 0 0 0 0 0 0 0 0 0 0 0 0 0 0 0 0 0 0 0 0 0 0 0 0 0 0 0 0.46226 0 0 0 0 0 0 0
0 0 0 0 0 0 0 0 0 0 0 0 0 0 0 0 0 0 0 0 0 0 0 0 0 0 0 0 0 0 0 0 0 0 0 0 0 0 0 0 0.350564 0 0 0 0 0.617416 0 0 0 0 0 0 0 0 0 0 0 0 0 0 0 0 0 0 0 0 0 0 0 0 0 0 0 0.641641 0 0 0 0 0 0 0 0 0 0 0.371639 0 0 0 0 0 0 0 0.642115 0 0 0 0 0 0 0 0.647746 0 0 0 0 0 0 0 0 0 0 0 0 0 0 0.548022 0 0.556577 0 0 0 0 0 0 0 0 0 0 0 0 0 0 0 0 0 0 0 0 0 0 0 0 0 0 0 0 0 0 0 0 0 0 0.617873 0 0 0 0 0 0 0 0 0 0 0.540186 0 0 0 0 0 0 0 0.608134 0 0 0 0 0 0 0 0 0 0 0 0 0 0 0 0 0 0 0 0 0 0 0 0 0 0 0 0
0 0 0 0 0.574402 0.468931 0 0 0 0 0 0 0 0.398144 0 0 0 0 0 0 0 0 0 0 0 0 0 0 0 0 0 0 0 0 0 0 0 0 0 0 0 0 0 0 0 0 0 0 0 0 0 0 0 0 0 0.508173 0 0 0 0 0 0 0 0 0 0 0 0 0 0 0.52405 0 0.477873 0 0 0 0 0 0 0 0 0 0 0 0 0 0 0 0 0 0 0 0 0 0 0 0 0 0 0 0 0 0 0 0 0 0 0 0 0 0 0 0 0 0 0 0 0.612585 0 0 0 0.348046 0 0 0 0 0 0 0 0 0 0 0 0 0 0 0 0 0 0 0 0 0 0 0 0.435731 0 0 0 0 0 0 0 0 0.672925 0 0 0 0 0 0 0 0 0 0 0 0 0 0 0 0 0 0 0 0 0.509363 0.299407 0 0 0 0 0 0 0 0 0 0 0 0.478145 0 0 0 0 0 0 0 0 0 0 0
0 0 0 0 0 0 0 0 0 0 0 0 0 0 0 0 0 0 0 0 0 0 0 0 0 0 0 0 0 0 0 0 0 0 0 0 0 0 0 0 0 0 0 0 0 0 0.525592 0 0 0 0 0 0 0 0 0 0 0 0 0 0 0 0 0 0 0 0 0.63784 0 0 0 0 0 0 0 0 0 0 0 0 0 0 0 0 0 0 0 0 0 0 0 0 0 0 0 0 0 0 0 0 0 0 0 0 0 0 0 0 0 0 0 0 0 0 0 0 0.46158 0 0 0.432167 0 0 0 0 0 0 0 0 0 0 0 0 0 0 0 0 0 0 0 0 0 0 0 0 0 0.417962 0 0 0 0 0 0 0 0 0 0 0 0 0 0 0 0 0 0 0 0 0 0 0 0 0 0 0 0 0 0 0 0 0 0 0 0 0 0.401503 0.589689 0 0 0 0 0.586357 0 0 0 0 0 0 0 0.499285 0 0
0 0 0 0 0 0 0 0 0 0 0 0 0 0.478049 0 0 0 0.590404 0 0 0 0 0 0 0 0 0 0 0 0 0 0 0 0 0 0.57489 0 0 0 0 0 0 0 0 0.568073 0.537394 0 0 0 0 0 0 0 0 0 0 0 0 0 0 0 0 0.401536 0 0 0 0 0 0 0 0 0 0 0 0 0 0 0 0 0 0 0 0 0 0 0 0 0 0 0 0 0 0.408708 0 0 0 0 0 0 0 0 0 0 0 0 0 0 0 0 0 0 0 0 0 0 0 0 0 0 0 0 0 0.624154 0 0 0 0 0 0 0 0 0 0 0 0 0 0 0 0 0 0 0 0.340017 0 0.601145 0 0 0 0.428163 0 0 0 0 0 0 0 0 0.684036 0 0 0 0 0 0 0 0 0 0 0 0 0 0 0 0 0 0 0 0 0 0 0.598683 0 0.45506 0 0 0 0 0 0 0 0 0 0 0 0 0 0 0 0.391247 0
0 0 0 0 0 0 0 0 0 0 0 0 0 0 0 0 0 0 0 0 0 0 0 0 0.415359 0 0 0 0 0 0 0 0 0 0 0 0 0.533619 0 0 0 0 0 0 0 0 0 0 0 0 0 0.556921 0 0 0 0 0 0 0 0 0.61424 0.322147 0 0.384326 0 0 0 0 0 0 0 0 0 0 0 0 0 0 0 0 0 0 0 0 0 0 0 0 0 0 0 0 0 0 0 0 0 0 0 0 0 0 0 0 0 0 0 0 0 0 0 0 0 0 0 0 0 0 0.645943 0 0 0 0 0 0 0.66609 0.420947 0 0 0 0 0 0 0 0 0 0.405875 0 0 0 0 0 0.503222 0 0 0 0 0 0 0.566339 0 0 0 0 0 0 0 0 0 0 0 0 0 0.633259 0 0 0 0.542072 0 0 0 0 0 0 0 0 0 0 0 0 0 0 0 0 0 0 0 0 0 0 0 0 0 0 0 0 0 0 0 0
0 0.333325 0 0 0 0 0 0 0 0 0 0 0 0 0 0 0 0.333396 0 0 0 0 0 0.415359 0 0.483094 0 0 0 0 0 0.493176 0 0 0.544387 0 0 0 0 0 0 0.489523 0 0 0 0 0 0 0 0 0 0 0 0 0 0 0 0 0 0.596563 0 0 0 0 0 0.586117 0 0 0 0.408435 0 0 0 0 0 0 0 0 0 0 0 0 0.478757 0 0 0 0 0 0 0 0 0 0 0 0 0 0 0 0 0 0 0 0.604386 0 0 0 0 0 0 0 0 0.665383 0 0 0 0 0 0 0 0 0 0 0 0 0 0 0 0 0 0 0 0 0 0 0 0.541374 0 0 0 0 0 0 0 0.592051 0 0 0 0 0 0 0 0 0 0 0 0 0 0.484627 0 0.5699 0 0 0 0 0 0 0 0 0 0 0 0 0 0 0 0 0 0 0 0 0 0 0 0 0 0 0 0 0 0 0 0 0.459996 0 0 0 0 0 0 0
0 0 0 0 0 0 0 0 0 0 0 0 0 0 0 0 0 0 0 0 0 0 0 0 0.483094 0 0 0 0 0 0 0.440537 0 0 0 0 0 0 0 0 0 0 0 0 0 0.661885 0.589426 0 0 0 0 0 0 0 0 0.385065 0.699815 0 0 0.415823 0 0 0 0 0 0 0 0 0 0 0.633275 0 0 0 0 0 0 0 0 0 0 0 0 0 0 0 0 0 0 0 0.580124 0 0 0 0 0 0 0 0 0 0 0 0 0.628229 0 0 0 0.500254 0 0 0 0 0 0 0 0 0.742195 0 0 0 0 0 0 0 0 0 0 0 0 0 0 0 0 0 0 0 0 0 0.540159 0 0 0 0 0 0 0 0 0 0.740617 0.656643 0 0 0 0.515443 0 0.344312 0.451063 0 0 0 0 0 0 0 0 0 0 0 0 0 0 0 0.372362 0 0 0 0 0 0 0 0 0 0 0 0 0.588779 0 0 0 0 0 0 0 0 0 0 0 0 0 0
0 0 0 0 0 0 0 0 0 0.547675 0 0 0 0 0 0 0 0 0 0 0 0 0 0 0 0 0 0 0 0 0 0 0 0 0 0 0 0 0 0 0 0 0 0 0 0 0.628991 0 0 0 0 0 0 0 0 0 0 0.68232 0 0 0 0 0 0 0 0 0 0 0 0 0 0 0 0 0 0 0 0 0 0 0 0 0 0 0 0 0 0 0 0 0 0 0 0 0 0 0 0 0 0 0 0 0 0 0 0 0 0 0 0 0.505197 0 0 0 0 0 0 0 0 0 0 0.345854 0 0 0 0 0 0 0.351057 0 0 0 0 0 0 0 0 0 0.730395 0 0 0 0 0 0 0 0 0 0 0 0 0 0 0 0 0 0 0 0.629381 0 0 0 0 0.504758 0 0 0 0 0 0 0 0 0 0 0 0 0 0 0 0 0 0 0 0 0 0 0 0 0 0 0 0 0 0 0 0 0 0 0 0
0 0 0 0 0 0 0 0 0 0 0 0 0 0 0 0 0 0 0 0 0 0 0 0 0 0 0 0 0 0.395964 0 0 0 0 0 0 0 0.507817 0 0 0 0 0 0 0 0 0 0.49734 0 0 0 0 0 0 0 0 0 0 0 0 0 0 0 0 0.389873 0 0 0 0 0 0 0 0 0 0 0 0 0 0 0 0 0 0 0 0 0 0 0 0 0 0 0 0 0 0 0.573504 0 0 0 0 0 0 0 0 0 0 0 0 0 0 0.309233 0 0 0 0.715164 0 0 0 0 0 0 0 0 0.56162 0 0 0 0 0 0 0 0 0 0 0 0 0 0 0 0 0 0 0 0 0 0 0 0 0 0 0 0 0 0 0 0 0 0 0 0 0 0 0 0 0 0 0 0 0 0 0 0 0 0 0 0.471755 0 0 0 0 0 0 0.576326 0 0 0 0 0 0 0 0 0 0 0 0 0 0 0 0.591225 0
0 0 0 0 0 0 0 0 0 0 0 0 0 0 0 0 0.599237 0 0 0 0 0 0 0 0 0 0 0 0 0 0 0 0 0 0 0 0 0 0 0 0 0 0 0 0 0 0 0 0 0 0 0 0 0 0 0 0 0 0 0 0 0 0 0 0 0 0.327723 0 0 0 0 0 0 0 0 0 0 0 0.376538 0 0 0 0 0 0 0 0 0 0 0 0 0 0 0 0 0 0 0.554558 0 0.403883 0 0 0 0 0 0 0.506727 0 0 0 0 0 0 0 0 0 0 0 0 0 0 0 0 0 0 0 0 0 0 0 0 0 0 0 0 0.393279 0 0 0 0 0 0 0 0 0 0 0 0 0 0 0 0 0 0 0 0 0 0.445535 0 0 0 0 0 0.444994 0 0.529005 0 0 0 0 0 0 0 0 0 0 0 0 0 0 0 0 0 0 0.594591 0 0 0 0 0 0 0 0 0.386374 0 0 0 0 0 0
0 0 0 0 0 0 0 0 0 0 0 0 0 0 0 0 0 0.627018 0 0 0 0 0 0 0 0 0 0.395964 0 0 0.34667 0 0 0 0 0 0 0 0 0 0 0 0 0 0 0 0 0 0 0 0 0 0 0 0 0 0 0 0.623465 0 0 0 0 0 0 0 0 0 0 0 0 0 0 0 0 0 0 0 0 0 0 0 0 0 0 0 0 0 0 0 0 0 0 0 0 0 0 0 0 0 0 0.661505 0 0 0.395049 0 0 0 0.441196 0 0 0 0 0 0 0 0 0 0 0 0 0 0 0 0 0 0 0 0 0 0 0 0 0 0 0 0 0 0 0 0 0 0 0 0 0 0 0 0 0 0 0 0 0 0 0.631618 0 0.458469 0 0 0 0 0 0 0 0 0 0 0 0 0 0 0 0 0 0 0 0 0 0 0 0 0 0 0 0 0 0 0 0 0 0 0 0 0 0 0 0 0 0
0 0 0 0 0 0 0 0 0 0 0 0 0 0 0 0 0 0 0 0 0 0 0 0 0 0 0 0 0 0.34667 0 0 0 0 0 0 0 0 0 0 0 0 0 0 0 0 0 0 0 0 0 0 0 0 0 0 0.374918 0 0 0 0 0 0 0 0 0 0 0 0 0 0 0 0 0 0 0 0 0 0 0 0 0 0 0 0 0 0 0 0 0 0 0.450579 0 0 0 0 0 0 0 0 0 0 0 0 0 0 0 0 0 0 0 0 0 0 0 0 0 0 0 0 0 0 0 0 0 0 0 0 0 0 0 0 0 0 0 0 0.660261 0 0 0.37778 0 0 0 0 0 0 0 0 0 0 0 0 0 0 0 0 0 0 0 0 0 0 0 0 0 0 0 0 0 0 0 0 0 0 0 0 0 0 0 0 0 0 0 0 0 0 0 0.643574 0 0 0 0 0 0 0 0 0 0 0 0
0 0 0 0 0.479143 0 0 0 0 0 0 0 0 0 0 0 0 0 0 0 0 0 0 0 0.493176 0.440537 0 0 0 0 0 0 0 0 0 0 0 0 0 0 0 0 0 0 0 0 0 0 0 0 0 0 0 0 0 0 0 0 0 0 0 0 0 0 0 0 0 0 0 0 0 0 0 0 0 0 0 0 0 0 0 0 0 0 0 0 0.661072 0 0 0 0 0 0 0 0 0 0 0 0 0 0 0 0 0 0 0 0 0 0 0 0 0.43276 0 0 0 0 0 0 0 0 0.448348 0 0 0 0 0 0 0 0 0 0 0.676729 0 0 0 0 0 0 0 0 0 0 0 0 0 0 0 0 0 0 0 0 0 0 0 0 0 0 0.640171 0 0 0 0 0 0 0 0 0 0 0 0 0 0 0 0 0 0 0 0 0 0 0 0 0 0 0 0 0 0 0 0 0 0 0 0 0 0 0 0 0
0 0 0 0 0 0 0.401083 0 0.519442 0 0 0 0 0 0 0 0.476363 0 0 0 0 0 0 0 0 0 0 0 0 0 0 0 0 0 0 0 0 0 0 0 0 0 0 0 0 0 0 0 0 0 0 0 0 0 0 0 0 0 0 0 0 0 0 0 0 0 0 0.51445 0 0 0 0 0 0 0 0 0 0 0 0 0.435881 0 0 0 0 0 0 0 0 0 0.306847 0 0 0 0 0 0 0 0 0 0 0 0 0 0 0 0 0 0 0 0 0 0 0 0 0.499757 0 0 0 0 0.37168 0 0 0 0 0 0 0 0 0 0 0.702216 0 0 0 0 0 0 0 0 0 0 0 0 0 0 0 0.433955 0 0 0 0.247922 0.610276 0 0 0 0 0 0 0 0 0 0 0 0 0 0 0 0.485586 0 0.707234 0 0 0 0 0 0 0 0 0 0 0 0 0 0 0 0 0.675265 0 0 0 0 0 0.537511 0 0 0 0 0 0
0 0 0 0 0 0 0 0 0 0 0 0 0 0 0 0 0 0 0 0 0 0 0 0 0 0 0 0 0 0 0 0 0 0 0.444614 0 0 0 0 0 0 0 0 0 0 0 0.491914 0 0 0 0 0 0 0 0 0 0 0 0 0 0 0 0 0 0 0.437715 0.589365 0 0 0 0 0 0 0.476526 0 0 0 0 0 0 0 0 0.510027 0 0 0 0 0 0 0 0 0 0 0.523446 0 0 0 0 0 0 0 0 0 0 0 0 0 0 0 0 0 0 0 0 0 0 0 0 0 0.633294 0 0 0 0 0 0 0 0 0 0 0 0 0.313132 0 0 0 0 0 0 0 0 0 0 0 0 0 0 0 0 0 0 0 0 0 0 0 0 0.549885 0.565763 0 0.629065 0.462119 0 0 0 0 0 0 0.416345 0 0 0 0.412851 0 0 0 0 0 0 0 0 0 0.698251 0 0 0 0 0.53853 0 0 0 0 0 0 0 0 0 0 0 0
0 0 0 0 0 0 0 0 0 0 0.58243 0 0 0 0 0 0.365626 0 0 0 0 0 0 0 0.544387 0 0 0 0 0 0 0 0 0.444614 0 0 0 0.669792 0 0 0 0 0 0 0 0 0 0 0 0 0 0 0 0 0 0.469511 0 0 0 0 0 0 0 0 0 0 0 0 0 0 0 0 0 0.31436 0 0 0 0.427989 0 0 0 0 0 0 0 0 0 0 0 0 0 0 0 0 0 0 0 0 0 0 0 0 0 0 0 0 0 0 0 0 0 0 0 0 0 0 0 0 0 0 0 0 0 0 0 0 0 0 0 0 0 0 0 0 0 0 0 0 0 0 0.555967 0 0 0 0 0 0 0 0 0 0 0 0 0 0 0 0 0 0 0 0 0 0 0 0 0 0 0 0 0 0 0 0 0 0 0 0 0 0 0 0 0 0 0 0 0 0 0 0 0 0 0.620877 0 0 0 0 0 0 0 0
0 0 0 0 0.607048 0 0 0.545186 0 0 0.396794 0 0 0 0 0 0 0 0 0 0 0 0.57489 0 0 0 0 0 0 0 0 0 0 0 0 0 0 0 0 0 0 0 0 0 0 0 0 0 0 0 0.380103 0 0 0 0 0 0 0 0 0 0 0 0 0 0 0 0 0 0.567142 0 0 0 0 0 0 0 0 0 0 0 0 0.363416 0 0 0 0 0 0 0 0 0 0 0 0 0 0 0 0 0 0 0 0 0 0 0 0 0 0 0.697019 0 0 0 0 0 0 0 0 0 0 0 0 0.353897 0 0.61631 0 0 0 0 0 0 0 0 0 0 0 0 0 0 0 0 0 0 0 0.468807 0 0 0 0 0.574199 0 0 0 0 0 0 0 0 0 0 0 0 0 0 0 0 0 0 0 0 0 0 0 0 0 0 0 0 0 0 0 0 0.548809 0 0 0 0 0 0 0 0.305867 0 0 0.602552 0 0 0 0 0 0 0.470834
0 0 0 0 0 0.684185 0 0 0 0 0 0 0 0 0 0 0 0 0 0 0 0 0 0 0 0 0 0 0 0 0 0 0 0 0 0 0 0 0 0 0 0 0 0 0 0 0 0 0 0 0 0 0 0 0 0 0 0 0 0 0 0 0 0 0 0 0 0 0 0 0 0 0.556971 0 0 0 0 0 0 0 0 0 0.338197 0 0 0 0 0 0 0 0 0 0 0 0 0 0 0 0 0 0 0 0 0 0 0 0 0 0 0 0 0 0 0 0 0 0 0 0 0 0 0 0 0 0 0.480478 0 0 0 0 0 0.676185 0 0 0 0 0 0 0 0 0 0 0 0 0 0 0 0.498599 0 0 0 0 0 0 0 0 0 0 0 0 0 0 0 0 0 0 0 0 0 0 0 0 0 0 0 0 0 0 0 0 0 0 0 0.692566 0.63961 0 0 0 0 0 0.639472 0 0 0 0 0.542143 0 0 0 0
0 0 0 0 0 0 0 0 0 0 0 0.588809 0 0 0 0 0 0 0 0 0 0 0 0.533619 0 0 0 0.507817 0 0 0 0 0 0 0.669792 0 0 0 0.63195 0 0.423651 0 0 0 0 0.584578 0 0 0 0 0 0 0 0 0.547538 0 0 0 0 0.541504 0 0 0 0.640986 0 0 0 0.490974 0 0 0 0 0 0 0 0 0.662133 0 0 0 0 0 0.322618 0.51994 0 0 0 0 0 0 0 0 0 0 0 0 0 0 0 0 0.634349 0 0 0.506462 0 0 0 0 0 0 0 0 0 0 0 0 0 0 0 0 0 0 0 0 0.445697 0 0 0.473136 0 0 0 0 0 0 0 0 0 0 0 0 0 0.467613 0 0 0.385837 0 0 0 0 0 0 0 0 0 0 0 0 0 0 0 0 0 0 0 0 0 0 0 0 0 0.674304 0 0 0 0 0 0 0 0 0 0 0 0 0 0 0.471626 0 0 0 0 0.636207 0 0 0 0 0 0 0 0 0
0 0 0 0 0 0 0 0 0 0 0.640925 0 0 0 0 0.434337 0 0 0 0 0 0 0 0 0 0 0 0 0 0 0 0 0 0 0 0 0 0.63195 0 0 0 0 0 0 0 0 0.311791 0 0 0 0 0 0 0 0 0 0 0 0 0 0 0 0 0 0 0 0 0 0.36041 0.406485 0 0 0 0 0 0 0 0 0 0 0.424963 0 0 0 0 0 0 0 0 0 0 0 0 0 0 0 0 0.496421 0 0 0 0 0 0 0 0 0 0 0 0 0 0 0 0 0 0 0 0 0 0 0 0 0 0 0 0 0 0 0 0 0 0 0 0 0 0 0 0 0 0 0 0 0 0 0 0 0 0 0 0 0 0 0 0 0 0 0 0.357874 0 0 0 0 0 0 0 0 0 0 0 0 0 0 0 0 0 0 0 0 0 0 0 0 0 0 0 0 0 0 0 0 0 0 0 0 0 0 0 0 0 0
0 0 0 0 0 0 0 0 0 0 0.502164 0 0 0 0.42696 0 0 0 0 0 0 0 0 0 0 0 0 0 0 0 0 0 0 0 0 0 0 0 0 0 0 0 0 0 0 0 0 0 0 0 0 0 0 0 0 0 0 0 0 0 0 0 0 0 0 0 0 0 0 0 0 0 0 0 0 0 0 0 0 0 0 0 0 0 0 0 0 0 0 0 0 0 0 0.438493 0 0 0 0 0 0 0 0 0 0 0 0 0 0 0 0 0 0.446235 0 0 0 0 0 0 0 0 0.623655 0 0 0 0 0 0 0 0 0 0 0 0 0 0 0 0 0 0 0 0 0 0 0 0 0 0 0 0 0 0.561125 0 0 0 0 0 0 0 0 0 0 0 0 0 0 0 0 0.478707 0 0 0 0 0.40612 0 0 0 0 0 0 0 0 0 0 0.437106 0 0 0 0 0 0 0 0 0.365764 0 0 0 0 0 0 0
0 0 0 0 0 0 0.46268 0 0 0 0 0 0 0 0 0 0 0 0 0.350564 0 0 0 0 0 0 0 0 0 0 0 0 0 0 0 0 0 0.423651 0 0 0 0 0 0 0 0 0 0 0 0 0 0.480642 0 0 0 0 0.461473 0 0 0 0 0 0 0 0 0 0 0 0 0 0 0 0 0 0 0 0 0 0 0 0 0.549444 0 0 0 0 0.629989 0.515448 0 0 0 0 0 0 0 0 0 0.697289 0 0 0 0 0 0 0 0 0 0 0 0 0 0.358736 0 0 0 0 0.490186 0 0 0 0 0 0 0 0 0 0 0 0 0 0 0 0 0 0 0 0 0 0 0 0 0 0 0 0 0 0 0 0 0 0 0 0.535099 0 0 0 0 0 0 0 0 0 0 0.55376 0 0 0.575392 0 0.410754 0 0 0 0 0 0 0 0 0 0 0 0 0.322977 0 0 0 0 0 0 0 0 0 0 0 0 0 0 0 0 0 0
0 0 0 0 0 0 0.448014 0 0 0 0 0 0 0.511237 0 0 0 0 0 0 0 0 0 0 0.489523 0 0 0 0 0 0 0 0 0 0 0 0 0 0 0 0 0 0 0 0 0 0 0 0 0 0 0 0 0 0 0 0 0 0 0 0 0 0 0 0 0 0.612453 0 0 0 0 0 0 0 0 0 0 0 0 0 0 0 0 0 0.649966 0 0 0 0 0 0 0 0 0 0 0 0 0.403096 0 0 0 0.559854 0 0 0 0 0 0 0 0 0 0 0 0 0 0 0 0 0 0 0 0.629178 0 0 0 0 0 0 0 0 0 0 0 0 0 0 0 0.523724 0 0 0 0 0 0.299162 0 0 0 0 0 0 0 0 0 0 0 0 0 0 0 0 0 0 0 0 0 0 0.340128 0 0 0 0 0 0 0.632555 0 0 0 0 0 0 0 0 0 0 0 0 0 0.486531 0 0 0 0 0 0.591156 0 0 0 0 0 0
0 0 0 0 0 0 0 0 0 0 0.481418 0 0 0 0 0.677459 0.354379 0 0 0 0 0 0 0 0 0 0 0 0 0 0 0 0 0 0 0 0 0 0 0 0 0 0 0 0 0 0 0 0 0 0 0 0 0 0 0 0 0 0 0 0 0 0 0 0.667153 0 0 0.528034 0 0 0 0 0 0 0 0 0 0 0 0 0.564953 0 0 0 0 0 0 0.594076 0 0 0 0 0 0 0 0 0 0 0 0 0 0.427439 0 0 0 0 0 0 0 0 0 0 0 0 0 0 0 0 0 0 0 0 0 0 0 0 0 0 0 0 0 0 0 0 0 0 0 0 0 0 0 0 0 0 0 0 0 0 0 0 0 0 0 0 0 0 0 0 0 0 0 0 0 0 0 0 0 0 0 0 0 0 0 0 0 0 0 0 0 0 0 0 0 0 0 0 0 0 0 0 0 0 0 0 0 0 0 0 0 0
0.366743 0 0 0 0 0 0 0 0 0 0.626063 0.672725 0 0 0 0 0 0 0 0 0 0 0 0 0 0 0 0 0 0 0 0 0 0 0 0 0 0 0 0 0 0 0 0 0 0 0 0 0 0 0 0 0 0 0 0.440757 0 0 0 0 0 0 0.493838 0 0 0 0 0 0 0 0 0 0 0 0 0 0 0 0 0 0 0 0 0 0.32609 0 0 0 0 0 0 0 0.605584 0 0 0 0 0 0 0 0 0 0 0 0 0 0 0 0 0 0 0 0 0 0 0 0 0 0 0 0 0 0 0 0 0 0 0 0 0 0 0 0 0 0 0 0 0 0 0 0 0 0 0 0 0 0.649484 0 0 0 0 0 0.379138 0 0 0 0.663281 0 0 0 0 0 0 0 0 0 0 0 0 0.615167 0 0 0 0 0 0 0 0 0 0 0.648761 0 0 0 0 0 0 0 0.412667 0 0 0 0 0 0 0 0 0 0 0
0 0 0 0 0 0.474078 0 0 0 0 0 0 0 0 0 0 0 0 0 0 0 0 0.568073 0 0 0 0 0 0 0 0 0 0 0 0 0 0 0 0 0 0 0 0 0 0 0 0 0 0 0 0 0 0 0.337789 0 0 0 0 0 0 0 0 0 0 0 0 0 0 0 0 0 0 0 0 0 0 0 0.497507 0 0 0 0 0 0 0 0 0 0 0 0 0 0 0 0 0 0 0 0 0 0 0 0 0.527637 0.571889 0 0 0 0 0 0.497471 0 0 0 0 0 0 0 0 0 0 0.424823 0 0 0 0 0 0 0 0 0 0 0 0 0 0 0 0.515455 0 0.533846 0.534331 0 0 0 0 0 0 0 0 0 0 0 0 0 0 0 0 0 0 0 0 0 0 0 0 0 0 0 0 0 0.427654 0 0 0 0 0 0 0 0 0 0 0.453933 0 0 0 0 0 0 0.347179 0.720583 0 0 0 0 0 0 0.530573 0 0 0 0
0 0 0 0 0 0 0 0 0 0 0 0 0 0 0.383148 0 0 0 0 0.617416 0 0 0.537394 0 0 0.661885 0 0 0 0 0 0 0 0 0 0 0 0.584578 0 0 0 0 0 0 0 0 0 0 0 0 0 0 0 0 0 0 0 0 0 0 0 0 0 0 0 0 0 0 0 0 0 0 0 0 0 0 0 0 0 0 0 0 0 0 0 0 0 0 0.488975 0 0 0 0 0 0 0.561438 0 0 0 0 0 0.336417 0 0 0 0 0 0.418121 0 0 0 0 0 0 0 0 0 0 0 0.513028 0 0 0 0 0 0 0.705059 0 0 0 0 0 0 0 0 0.635556 0.506365 0 0 0 0 0 0 0 0 0 0 0 0 0 0 0 0 0 0 0 0 0 0.422363 0 0 0 0 0 0 0 0 0 0 0 0 0 0 0 0 0 0 0 0 0 0 0 0 0 0 0 0 0 0 0 0 0 0 0 0 0 0 0 0 0
0 0 0 0 0 0 0.494673 0 0 0 0 0 0 0 0 0 0 0.480412 0 0 0 0.525592 0 0 0 0.589426 0.628991 0 0 0 0 0 0 0.491914 0 0 0 0 0.311791 0 0 0 0 0 0 0 0 0 0 0 0 0 0.468049 0 0 0 0 0 0 0 0 0 0 0 0 0 0 0 0.515159 0 0 0 0 0 0 0 0 0 0 0 0 0 0 0 0 0 0 0 0 0 0 0 0 0 0.439142 0 0 0 0 0 0 0 0 0 0 0 0 0 0 0 0.539783 0 0 0 0 0 0 0 0 0 0 0 0 0 0 0 0 0 0.423192 0 0 0 0 0.463165 0 0 0 0 0 0 0 0 0 0 0.505339 0 0 0 0 0 0 0 0.396281 0 0 0 0 0 0.521588 0 0 0 0 0 0 0 0.594263 0.480006 0 0.465207 0 0 0 0 0 0 0 0 0 0 0 0 0 0 0 0 0 0 0 0 0 0 0 0 0 0 0 0 0 0
0 0 0 0 0.398038 0 0 0 0 0 0 0 0 0 0 0 0 0 0.380447 0 0 0 0 0 0 0 0 0.49734 0 0 0 0 0 0 0 0 0 0 0 0 0 0 0 0 0 0 0 0 0 0 0 0 0.508355 0 0.694955 0 0 0.500716 0 0 0 0 0 0 0 0 0 0 0 0 0 0.540839 0 0 0 0 0 0 0 0 0 0 0 0 0 0 0 0 0 0 0 0 0 0 0 0 0 0 0 0 0 0 0 0 0 0 0 0 0 0 0 0 0 0.373743 0 0.289149 0 0 0 0 0 0 0 0 0 0 0 0 0 0 0 0 0 0 0 0 0 0 0 0 0 0 0 0 0 0 0 0 0 0 0 0 0 0.631115 0 0 0 0 0 0 0 0 0 0 0 0.382082 0 0 0 0 0 0 0 0 0 0 0 0 0 0 0 0 0 0 0 0 0 0 0 0 0 0 0 0 0 0 0 0 0 0
0.430163 0 0 0 0 0 0 0 0 0 0 0 0.382365 0 0 0 0 0 0 0 0 0 0 0 0 0 0 0 0 0 0 0 0 0 0 0 0 0 0 0 0 0 0 0 0 0 0 0 0 0 0 0 0 0 0 0 0 0 0 0 0 0 0 0 0 0 0 0.66879 0 0 0 0 0 0 0 0 0 0 0 0 0 0 0 0 0 0 0 0 0 0 0 0 0 0 0 0 0 0 0 0 0 0 0.625736 0 0 0 0 0 0.582075 0 0 0.480288 0 0 0 0 0 0 0 0 0 0 0 0 0 0.577655 0 0 0 0 0.547403 0 0 0 0 0 0 0 0 0 0 0 0 0 0 0 0 0 0 0 0 0 0.397131 0 0 0.47645 0 0 0 0 0 0 0 0 0 0 0 0 0 0.545872 0.557697 0 0 0 0 0 0 0 0 0 0 0 0 0 0 0 0 0 0 0 0 0 0 0 0 0 0 0 0 0
0 0 0 0 0 0 0 0 0 0 0 0 0 0.469331 0 0 0 0 0 0 0 0 0 0 0 0 0 0 0 0 0 0 0 0 0 0 0 0 0 0 0 0 0 0 0 0 0 0 0 0 0 0 0 0 0 0 0.499954 0 0 0 0 0 0 0 0 0 0 0 0 0 0 0 0 0 0 0 0.498606 0 0 0 0 0 0 0 0 0 0 0 0 0 0 0 0 0 0 0 0 0 0 0 0 0.47535 0 0 0 0 0 0 0 0 0 0 0.369414 0 0 0 0 0 0 0 0 0 0 0 0 0 0 0 0 0 0 0 0 0 0 0 0 0 0 0 0 0 0 0 0 0 0 0 0 0 0 0 0 0 0 0 0 0 0 0.377484 0 0 0 0 0 0 0 0 0 0 0 0 0 0 0 0 0 0.52542 0 0 0 0 0 0 0 0.544257 0 0 0 0 0 0 0 0 0 0 0 0 0 0
0 0 0 0 0 0 0 0 0 0 0.608826 0 0 0 0 0 0 0 0 0 0 0 0 0 0 0 0 0 0 0 0 0 0 0 0 0.380103 0 0 0 0 0 0 0 0 0 0 0 0 0 0 0 0 0 0 0 0 0 0 0 0 0 0 0 0 0 0 0 0 0 0 0.499 0 0 0 0 0 0 0.429997 0 0 0 0 0 0 0 0 0 0 0 0 0 0 0 0 0 0 0 0.560632 0 0 0 0 0 0 0 0 0.383035 0 0 0 0 0 0 0 0 0 0 0 0 0 0 0 0 0 0 0.524622 0 0 0 0 0 0 0 0 0 0 0 0 0 0 0 0 0 0 0 0 0 0 0 0 0 0.470145 0 0 0 0 0 0 0.535449 0 0 0 0 0 0 0.520088 0 0 0 0 0 0 0 0 0 0 0 0 0 0 0 0 0 0 0 0 0 0 0 0 0 0 0 0 0 0 0 0 0 0
0 0 0 0 0 0 0 0 0 0 0 0 0 0 0 0 0 0 0 0 0 0 0 0.556921 0 0 0 0 0 0 0 0 0 0 0 0 0 0 0 0 0.480642 0 0 0 0 0 0 0 0 0 0 0 0 0 0 0 0 0 0 0 0.364356 0 0 0.486714 0 0 0 0 0.302926 0 0 0 0 0 0 0 0 0 0 0 0 0.503251 0 0 0 0 0 0 0 0 0 0 0 0 0 0 0 0 0 0 0 0 0 0 0 0 0 0 0 0 0 0 0 0 0 0 0 0 0 0 0 0 0 0 0 0 0 0 0 0 0 0 0 0 0 0 0 0 0 0 0 0 0 0 0 0 0 0 0 0 0 0 0 0.431088 0 0 0 0 0 0 0 0 0 0 0 0.36129 0 0 0.625907 0 0 0 0 0 0 0 0 0 0.56092 0 0 0 0 0 0 0.56481 0 0 0 0 0 0 0 0 0 0 0 0 0 0
0 0 0 0 0 0 0 0 0 0 0 0 0.393431 0 0 0 0 0.549518 0 0 0 0 0 0 0 0 0 0 0 0 0 0 0 0 0 0 0 0 0 0 0 0 0 0 0 0 0.468049 0.508355 0 0 0 0 0 0 0 0 0 0 0 0 0 0 0 0 0.450132 0 0 0 0 0 0 0 0 0 0 0 0 0 0 0 0 0 0 0 0 0 0 0 0 0 0 0 0 0 0 0 0 0 0.379526 0 0 0 0 0 0 0 0 0 0 0 0 0 0 0 0 0 0 0 0 0 0 0 0 0 0.63311 0 0 0 0 0 0 0 0 0 0 0 0 0 0 0 0 0 0 0 0 0 0 0 0 0 0.585994 0 0 0 0 0 0 0.582872 0 0 0 0 0 0 0 0.350434 0.290362 0 0 0 0 0 0 0 0 0.553291 0 0 0 0 0 0 0 0 0 0 0.632298 0 0 0 0 0.478876 0 0 0 0 0 0 0 0
0 0 0 0 0 0 0 0 0 0 0 0 0 0 0 0 0 0 0 0 0 0 0 0 0 0 0 0 0 0 0 0 0 0 0 0 0 0 0 0 0 0 0 0 0.337789 0 0 0 0 0 0 0 0 0 0 0 0 0 0.342107 0 0 0 0 0 0.474322 0 0 0 0 0 0 0 0 0 0 0 0 0 0 0 0 0 0 0 0 0 0 0.671393 0 0 0 0 0 0 0 0 0 0 0 0 0 0 0.352748 0.456314 0 0 0.421548 0 0 0.402672 0 0 0 0 0.419704 0 0 0 0 0.596695 0 0 0.472641 0 0 0 0 0 0 0 0 0 0 0 0 0 0.585195 0 0 0 0 0 0 0.509315 0 0 0 0 0 0 0 0 0 0 0 0 0 0 0 0 0 0 0 0 0 0 0 0 0 0 0 0 0 0 0 0 0 0 0 0 0 0 0.439942 0 0 0 0 0 0 0 0 0 0 0 0 0 0 0 0 0
0 0 0 0 0 0 0 0 0 0 0 0 0 0 0 0 0 0 0 0 0 0 0 0 0 0 0 0 0 0 0 0 0 0 0 0 0 0.547538 0 0 0 0 0 0 0 0 0 0.694955 0 0 0 0 0 0 0 0 0.459831 0 0 0 0 0 0 0 0 0 0 0 0 0 0 0 0 0 0 0 0 0 0 0 0 0 0 0 0 0 0 0 0 0 0 0 0 0 0 0 0 0 0 0 0 0 0 0 0 0 0 0 0 0 0 0 0 0 0 0 0 0 0 0 0 0 0 0 0 0 0 0 0 0 0 0 0 0 0 0 0 0 0 0 0 0 0 0 0 0 0 0.530859 0 0 0 0 0 0 0 0 0 0 0 0 0 0 0 0 0 0 0 0 0 0 0 0 0 0 0 0 0 0 0 0 0 0 0 0 0 0 0 0 0 0 0 0 0 0 0 0.515578 0 0 0 0
0 0 0 0 0 0 0 0 0 0 0 0 0 0 0 0 0 0 0 0 0.508173 0 0 0 0 0.385065 0 0 0 0 0 0 0 0 0.469511 0 0 0 0 0 0 0 0 0.440757 0 0 0 0 0 0 0 0 0 0 0 0 0 0 0 0 0 0 0 0 0 0 0 0 0 0 0 0 0 0 0 0 0 0 0 0 0 0 0 0 0 0 0 0 0 0 0 0 0 0 0 0.356344 0 0 0 0 0 0 0 0 0 0 0 0 0 0 0 0 0 0 0 0 0 0 0 0 0 0 0 0 0 0 0 0 0 0 0 0 0 0 0 0 0 0.55863 0 0 0 0 0 0 0 0 0 0 0 0 0 0 0 0 0 0 0 0 0 0 0 0 0 0 0 0 0 0 0 0 0 0 0 0 0 0 0 0 0 0 0 0 0 0 0.528491 0 0 0.302422 0 0 0 0 0 0 0 0 0 0 0 0
0 0 0 0 0 0 0 0 0 0 0.682636 0 0 0 0 0 0.690598 0 0 0 0 0 0 0 0 0.699815 0 0 0 0 0.374918 0 0 0 0 0 0 0 0 0 0.461473 0 0 0 0 0 0 0 0 0.499954 0 0 0 0 0.459831 0 0 0 0.379361 0 0.57544 0 0.531616 0 0 0 0 0 0 0 0 0 0 0 0 0 0 0 0 0 0 0 0 0 0 0 0 0 0 0 0 0 0 0 0 0 0 0 0 0 0 0 0 0 0 0 0 0 0 0 0 0 0 0 0 0 0 0 0 0 0 0 0 0 0 0 0 0 0 0 0 0.424971 0 0 0 0 0 0 0 0 0 0 0 0 0.579057 0 0 0 0 0 0 0 0 0.594183 0 0 0 0 0 0 0 0 0 0 0 0 0 0 0 0 0 0 0 0 0 0 0 0 0 0 0 0 0 0 0 0 0 0 0 0 0 0 0 0 0 0 0 0 0 0.699323
0 0 0 0 0 0 0 0 0 0 0 0 0 0 0 0 0 0 0 0 0 0 0 0 0 0 0.68232 0 0 0 0 0 0 0 0 0 0 0 0 0 0 0 0 0 0 0 0 0.500716 0 0 0 0 0 0 0 0 0 0 0 0 0 0 0 0 0 0 0 0 0 0 0 0 0 0 0 0 0 0 0 0 0 0 0 0 0 0 0 0 0 0 0 0 0 0 0 0 0 0 0 0 0 0 0 0 0 0 0 0 0 0 0 0.480704 0 0 0 0 0 0 0 0 0 0 0 0 0 0 0 0 0.618498 0 0 0 0 0 0 0 0 0 0 0 0.533262 0 0 0 0 0 0 0 0 0 0 0 0 0 0 0 0 0 0 0 0 0 0 0 0 0 0 0 0 0 0 0 0 0 0 0 0 0 0 0 0 0 0 0 0 0 0 0 0 0 0 0 0 0 0 0 0 0 0 0
0 0 0 0 0 0 0 0.354553 0 0 0 0 0 0 0 0 0 0 0 0 0 0 0 0 0 0 0 0 0 0.623465 0 0 0 0 0 0 0 0 0 0 0 0 0 0 0 0 0 0 0 0 0 0 0 0.342107 0 0 0.379361 0 0 0.647536 0 0 0.531192 0 0 0.321797 0 0 0 0 0 0 0 0 0 0 0 0 0 0 0 0 0 0 0 0 0 0 0 0 0 0 0 0 0 0 0 0 0 0 0 0 0.511082 0 0 0 0.452138 0 0 0.643954 0 0 0 0 0 0 0 0 0.423174 0 0 0 0 0 0 0 0 0 0 0 0 0 0 0 0 0 0 0 0 0 0 0 0 0 0 0 0 0 0 0.51858 0 0 0 0 0 0 0 0 0 0 0 0.412212 0 0 0 0 0 0 0 0 0 0 0.587003 0 0 0 0 0 0 0 0 0 0 0 0 0 0 0 0.480529 0 0 0 0 0 0 0 0 0 0 0
0 0.70593 0 0 0 0.631491 0 0 0 0 0 0 0 0 0 0 0 0 0 0 0 0 0 0 0.596563 0.415823 0 0 0 0 0 0 0 0 0 0 0 0.541504 0 0 0 0 0 0 0 0 0 0 0 0 0 0 0 0 0 0 0 0 0.647536 0 0 0 0 0 0 0 0 0.699729 0 0 0 0 0 0 0 0 0 0 0 0 0 0 0.491134 0.622342 0 0 0 0 0 0 0 0 0 0 0 0 0 0 0 0 0 0 0 0 0 0 0 0 0 0 0.541031 0 0 0 0 0 0 0 0 0 0 0 0 0 0 0 0 0 0 0 0 0 0 0 0 0 0 0 0 0 0 0 0 0 0 0 0 0 0 0.513877 0 0 0 0 0 0 0 0 0 0.636938 0 0 0 0.587183 0 0 0 0 0.67164 0 0.500792 0 0 0 0 0 0 0 0 0 0 0 0 0 0 0 0 0 0 0 0 0 0 0 0 0 0 0 0 0.534801
0 0 0 0 0 0 0 0.536717 0 0 0.657018 0.708259 0 0 0 0 0 0.426319 0 0 0 0 0 0.61424 0 0 0 0 0 0 0 0 0 0 0 0 0 0 0 0 0 0 0 0 0 0 0 0 0 0 0 0.364356 0 0 0 0 0.57544 0 0 0 0 0 0 0 0 0 0.372649 0 0 0 0 0 0 0 0 0 0 0 0 0 0 0 0 0 0 0 0.455443 0 0 0 0 0 0 0 0 0 0 0 0 0 0 0 0 0 0 0 0 0 0 0 0 0 0 0 0 0 0 0 0 0 0 0 0 0 0 0 0 0 0 0 0 0 0.344938 0.342298 0 0 0 0 0 0 0 0 0 0 0 0 0 0 0 0.389311 0 0 0 0.522596 0.541569 0 0 0.539046 0.438329 0 0 0.734631 0 0 0 0 0 0 0 0 0 0.389136 0 0 0 0 0 0 0 0.432587 0 0 0 0 0 0 0 0.492158 0 0 0 0 0 0 0 0 0 0 0 0
0 0 0 0 0 0 0 0 0 0 0.582442 0 0 0 0 0 0 0.392359 0 0 0 0 0 0.322147 0 0 0 0 0 0 0 0 0 0 0 0 0 0 0 0 0 0 0 0 0 0 0 0 0 0 0 0 0 0 0 0 0 0 0 0 0 0 0 0 0 0 0 0 0 0.424423 0 0 0 0 0 0 0 0 0 0 0 0 0 0.570421 0 0 0 0 0 0 0 0 0 0 0 0 0 0 0 0.316363 0 0 0 0 0 0 0 0 0 0.549337 0 0.362871 0 0 0 0 0 0 0 0 0 0 0 0.539354 0 0 0 0 0 0 0 0 0 0 0 0 0 0 0 0 0 0 0 0 0 0 0 0.590672 0 0 0 0 0 0 0 0 0 0 0 0 0 0 0 0 0 0 0 0 0 0 0 0 0.323058 0 0 0 0 0 0 0 0 0 0 0.401478 0 0 0 0 0 0 0 0 0 0 0 0 0 0 0 0
0 0 0 0 0 0 0 0 0 0 0 0 0 0 0 0 0 0 0 0 0 0 0.401536 0 0 0 0 0 0 0 0 0 0 0 0 0 0 0 0 0 0 0 0 0.493838 0 0 0 0 0 0 0 0 0 0 0 0 0.531616 0 0.531192 0 0 0 0 0 0 0 0 0 0 0 0 0 0.653246 0.462392 0 0 0 0.64664 0 0 0 0 0 0 0 0 0 0.559382 0 0 0 0 0 0 0 0 0 0 0 0 0 0 0 0 0 0 0 0 0 0.429996 0 0 0 0 0 0 0 0 0 0 0 0 0 0.516695 0 0 0 0 0 0 0 0 0 0 0 0 0 0 0 0 0 0 0 0 0 0 0 0 0 0 0 0.50934 0 0 0 0 0 0 0 0.340014 0 0 0 0 0 0 0 0 0 0 0 0 0 0 0 0 0.325624 0 0.637113 0 0 0 0.63403 0 0 0 0 0 0 0 0 0 0 0 0 0 0 0 0 0
0 0 0 0.465943 0 0 0 0 0 0 0 0 0 0 0.41004 0 0.635151 0.507096 0 0 0 0 0 0.384326 0 0 0 0 0 0 0 0 0 0 0 0 0 0.640986 0 0 0 0 0 0 0 0 0 0 0 0 0 0.486714 0 0 0 0 0 0 0 0 0 0 0 0 0 0 0 0 0 0 0 0 0 0 0 0 0 0 0 0 0 0.483698 0 0 0 0 0 0 0 0 0 0 0 0 0 0 0 0 0 0 0 0 0 0 0 0 0 0.532375 0 0 0 0 0 0 0 0 0 0 0 0 0 0 0 0 0 0 0 0 0 0 0 0 0 0 0 0 0 0.464781 0 0 0 0 0.728109 0 0 0 0 0 0 0 0 0 0 0 0 0 0 0 0 0 0 0 0 0.360226 0 0 0 0 0 0 0 0 0 0 0 0 0 0 0 0 0 0.657187 0 0 0 0 0 0 0.552565 0 0 0 0 0 0 0 0 0 0 0
0 0 0 0 0 0 0 0 0 0 0 0.671636 0 0.683347 0 0 0 0.447577 0 0 0 0 0 0 0 0 0 0.389873 0 0 0 0 0 0 0 0 0 0 0 0 0 0 0.667153 0 0 0 0 0 0 0 0 0 0.450132 0.474322 0 0 0 0 0 0 0 0 0 0 0 0 0 0 0 0 0 0 0 0 0 0 0 0 0 0 0 0 0 0 0 0 0 0 0 0 0 0 0 0 0.557473 0 0 0 0 0 0 0 0 0 0 0 0 0 0 0 0 0 0 0.569334 0 0 0 0 0 0 0 0 0 0 0 0 0 0 0 0 0 0 0 0 0 0.693168 0 0 0 0 0 0 0 0 0 0 0 0 0 0 0 0 0 0 0 0 0 0 0 0 0 0 0 0 0 0 0 0 0 0 0 0 0 0 0.548986 0 0 0 0 0 0 0 0 0 0 0 0 0 0 0 0 0 0 0.648799 0 0 0 0 0 0
0 0 0.438747 0 0 0 0 0 0 0 0 0 0 0 0 0 0 0 0 0 0 0 0 0 0.586117 0 0 0 0 0 0 0 0 0.437715 0 0 0 0 0 0 0 0 0 0 0 0 0 0 0 0 0 0 0 0 0 0 0 0 0.321797 0 0 0 0 0 0 0 0 0 0 0 0 0 0.707166 0 0 0 0 0 0 0 0 0 0 0 0 0 0 0 0 0 0 0 0 0 0 0 0.636206 0.396271 0 0 0 0 0 0 0 0 0 0 0 0 0 0 0 0 0 0 0 0 0 0 0.2844 0 0 0.508345 0 0 0 0 0 0 0 0.481028 0 0 0 0 0 0 0 0 0 0 0 0 0 0 0 0.537065 0 0 0 0 0 0 0 0 0.491231 0 0 0 0 0 0.574747 0 0 0.41762 0 0 0 0 0 0.624998 0 0 0 0 0 0 0 0 0 0 0 0 0 0 0 0 0 0 0 0 0 0 0 0 0 0 0 0
0 0 0 0 0.540791 0 0 0 0 0 0 0 0 0.560495 0 0 0 0 0 0 0 0 0 0 0 0 0 0 0.327723 0 0 0 0 0.589365 0 0 0 0 0 0 0 0.612453 0 0 0 0 0 0 0 0 0 0 0 0 0 0 0 0 0 0 0.372649 0 0 0 0 0 0 0 0 0 0 0 0 0 0.507502 0 0 0 0 0 0 0 0 0 0 0 0 0 0 0 0 0 0 0 0 0 0 0 0 0 0 0 0 0 0 0 0 0 0 0 0 0 0 0 0 0 0 0 0 0 0.467089 0 0 0 0 0 0 0 0.614706 0 0.456832 0 0 0 0 0 0 0 0 0 0 0 0 0 0 0 0 0.708562 0 0 0 0.509973 0 0 0 0 0 0 0 0 0 0 0 0.458296 0 0 0 0 0 0 0 0 0 0 0 0 0 0 0 0 0 0 0 0 0 0.4743 0 0 0 0 0 0 0 0 0 0 0 0 0 0
0 0 0 0 0 0.449346 0 0 0.411875 0 0 0 0 0 0 0 0 0 0 0 0 0.63784 0 0 0 0 0 0 0 0 0 0 0.51445 0 0 0 0 0.490974 0 0 0 0 0.528034 0 0 0 0 0 0.66879 0 0 0 0 0 0 0 0 0 0 0.699729 0 0 0 0 0 0 0 0 0 0 0 0 0 0 0 0 0 0 0 0 0 0 0 0 0 0 0 0 0 0 0 0 0 0 0 0 0 0 0 0 0 0 0 0 0 0 0 0 0 0 0 0 0 0 0 0 0 0 0 0 0 0 0 0 0 0.408927 0 0 0 0 0 0 0 0 0 0 0 0 0 0 0 0 0 0 0 0 0 0 0 0 0 0 0 0.326865 0 0 0 0 0 0 0 0 0 0 0 0 0 0 0 0 0 0 0 0 0 0 0 0 0 0.638661 0 0 0 0 0 0 0 0 0 0 0 0 0 0 0 0.487609 0 0 0 0
0 0 0 0 0.648542 0 0 0 0.550988 0 0 0 0 0 0 0.570434 0 0 0 0 0 0 0 0 0 0 0 0 0 0 0 0 0 0 0 0.567142 0 0 0.36041 0 0 0 0 0 0 0 0.515159 0 0 0 0 0.302926 0 0 0 0 0 0 0 0 0 0 0 0 0 0 0 0 0 0 0 0 0 0 0 0 0 0 0 0 0 0 0 0 0 0 0 0 0 0 0 0 0 0 0 0 0 0.492618 0.418501 0 0 0.309442 0 0 0 0 0 0 0 0 0 0.488172 0 0 0.358448 0 0 0 0 0 0 0 0 0 0 0 0 0 0 0 0 0 0 0 0 0 0 0 0 0 0 0 0 0 0 0 0.461143 0 0 0 0 0 0 0 0 0 0 0 0 0 0 0 0 0 0 0 0 0 0 0.406104 0 0 0 0 0.39316 0 0 0 0 0 0 0 0 0.343864 0 0 0.428349 0 0 0 0 0.557121 0 0 0 0.560767 0 0 0 0
0 0 0 0 0 0 0 0 0 0 0 0 0 0 0 0 0 0 0 0 0 0 0 0 0.408435 0 0 0 0 0 0 0 0 0 0 0 0 0 0.406485 0 0 0 0 0 0 0 0 0 0 0 0 0 0 0 0 0 0 0 0 0 0 0.424423 0 0 0 0 0 0 0 0 0 0 0 0 0 0 0 0 0 0 0 0 0 0 0 0 0 0 0 0 0 0 0 0 0 0 0.662596 0 0 0 0 0 0 0 0 0 0 0 0 0 0 0 0 0 0 0 0 0 0 0 0 0 0.548464 0 0 0 0 0 0 0 0 0.394188 0 0.595125 0 0.418686 0 0 0 0 0 0 0 0 0 0 0 0 0 0 0.549003 0 0 0.687458 0 0 0 0 0 0 0 0 0 0 0 0 0 0 0 0 0 0 0 0 0 0 0 0 0.430502 0 0 0.565843 0 0 0 0 0 0 0 0 0 0 0 0 0 0 0 0 0 0
0 0 0 0 0 0 0 0 0 0 0 0 0 0 0 0 0 0 0 0 0.52405 0 0 0 0 0.633275 0 0 0 0 0 0 0 0 0 0 0 0 0 0 0 0 0 0 0 0 0 0 0 0 0.499 0 0 0 0 0 0 0 0 0 0 0 0 0 0 0 0 0 0 0 0 0.394623 0 0 0 0 0 0 0 0 0 0 0 0 0 0 0 0 0 0 0 0 0 0 0 0 0.676636 0 0 0 0 0 0 0 0 0 0 0 0.61188 0 0 0 0 0 0 0 0 0 0 0 0 0 0 0 0 0 0 0 0 0 0 0 0 0 0 0 0 0 0 0 0 0 0 0 0 0 0 0 0.66367 0.649931 0 0 0 0 0 0 0 0 0 0 0 0 0 0 0 0 0 0 0 0 0 0 0 0 0 0 0 0 0 0 0 0 0 0 0 0.404007 0 0 0 0 0 0 0 0 0 0 0.694768 0 0 0
0 0 0 0 0 0 0 0 0 0 0 0 0 0 0 0 0 0 0 0 0 0 0 0 0 0 0 0 0 0 0 0 0 0 0 0 0 0 0 0 0 0 0 0 0 0 0 0.540839 0 0 0 0 0 0 0 0 0 0 0 0 0 0 0 0 0 0 0 0 0 0 0.394623 0 0 0 0 0 0 0 0 0 0 0 0 0 0 0 0 0 0 0 0 0 0 0 0 0 0 0 0 0 0 0 0.415716 0 0.596372 0 0 0 0 0 0 0 0 0 0 0 0 0 0 0 0 0 0.433268 0 0 0 0 0 0 0 0 0 0 0 0 0 0 0 0 0 0 0 0 0 0 0 0.678005 0 0 0 0 0 0 0 0 0 0 0 0 0 0 0 0 0 0.424855 0 0 0 0 0 0 0.416555 0 0 0 0 0 0 0 0 0 0 0 0 0 0 0 0 0 0.644852 0 0 0 0 0 0 0 0 0 0
0 0 0 0 0 0 0 0 0 0 0 0 0 0.382804 0.387846 0 0 0 0 0 0.477873 0 0 0 0 0 0 0 0 0 0 0 0 0 0 0 0.556971 0 0 0 0 0 0 0 0 0 0 0 0 0 0 0 0 0 0 0 0 0 0 0 0 0 0.653246 0 0 0.707166 0 0 0 0 0 0 0 0 0 0 0 0 0 0 0 0 0 0 0 0 0 0 0 0 0 0 0 0 0 0 0 0 0 0 0 0 0 0 0 0 0 0 0 0 0 0 0 0 0 0 0 0 0.545692 0 0 0 0 0 0 0 0 0 0 0 0 0.708663 0 0 0.380383 0 0 0 0 0 0 0 0 0 0 0 0 0 0 0 0 0 0.373872 0 0 0 0 0 0 0 0 0.30783 0 0 0 0 0 0 0 0 0 0 0 0 0 0 0 0 0.434387 0 0 0 0 0.664592 0 0 0 0.505687 0 0 0 0 0 0 0 0 0 0 0 0
0 0 0.37224 0 0 0 0 0 0 0 0 0 0 0 0 0 0.462297 0 0 0.641641 0 0 0 0 0 0 0 0 0 0 0 0 0 0.476526 0.31436 0 0 0 0 0 0 0 0 0 0 0 0 0 0 0 0 0 0 0 0 0 0 0 0 0 0 0 0.462392 0 0 0 0 0 0 0 0 0 0 0 0 0 0 0 0 0.485804 0 0 0 0 0 0 0 0 0 0 0 0 0 0 0 0 0 0 0 0 0 0 0 0 0 0 0 0 0.351384 0 0 0 0 0.46621 0 0 0 0 0 0 0 0 0 0 0 0 0 0 0 0 0 0 0 0 0 0 0 0 0.693505 0 0 0 0 0 0 0 0 0 0 0 0 0 0 0 0 0 0.521992 0 0 0 0 0 0 0 0 0 0 0 0 0 0 0.553963 0 0 0 0 0 0 0 0 0 0 0 0 0 0 0 0 0 0 0 0 0 0 0 0 0 0 0 0
0 0 0 0 0 0 0 0 0 0 0 0 0 0 0 0 0.682575 0 0 0 0 0 0 0 0 0 0 0 0 0 0 0 0 0 0 0 0 0 0 0 0 0 0 0 0 0 0 0 0 0 0 0 0 0 0 0 0 0 0 0 0 0 0 0 0 0 0.507502 0 0 0 0 0 0 0 0 0 0 0 0 0 0 0 0 0 0 0 0 0 0 0 0 0 0 0 0 0 0 0 0 0 0 0 0 0 0 0 0 0 0.517186 0 0 0.431821 0 0 0 0 0 0 0 0 0 0 0 0 0 0 0 0 0 0 0 0 0 0 0 0 0 0 0 0 0 0 0 0.363751 0 0 0 0 0.452919 0 0 0 0 0 0 0 0 0 0.679721 0 0 0 0 0 0 0 0 0 0 0 0 0 0 0 0 0 0 0 0 0 0 0.606725 0 0 0 0 0 0 0 0 0 0 0 0 0 0 0 0 0 0
0 0 0 0 0 0 0 0 0 0 0 0 0 0 0 0 0 0 0 0 0 0 0 0 0 0 0 0 0 0 0 0 0 0 0 0 0 0 0 0 0 0 0 0 0 0 0 0 0 0 0 0 0 0 0 0 0 0 0 0 0 0 0 0 0 0 0 0 0 0 0 0 0 0 0 0 0 0 0 0 0 0 0 0 0 0 0.41279 0 0 0.541482 0 0 0 0 0 0 0.36298 0 0.592473 0 0 0 0 0 0 0 0 0 0 0 0 0 0 0 0 0 0 0 0 0 0 0 0 0 0 0.562223 0 0 0 0 0 0 0 0 0 0 0 0 0 0.348719 0 0 0 0 0 0 0 0 0 0 0 0 0 0 0 0 0 0 0 0 0 0 0 0 0 0 0 0 0 0.605095 0 0 0 0 0.443443 0 0 0 0 0 0 0 0 0 0 0 0 0 0 0 0 0 0 0 0 0 0 0 0 0
0 0 0 0 0 0 0.575721 0 0.597242 0 0 0 0 0 0 0.556333 0 0 0 0 0 0 0 0 0 0 0 0 0 0 0 0 0 0 0 0 0 0.662133 0 0 0 0 0 0 0 0 0 0 0 0.498606 0 0 0 0 0 0 0 0 0 0 0 0 0 0 0 0 0 0 0 0 0 0 0 0 0 0 0 0.562184 0 0 0 0 0 0 0 0 0 0 0 0 0 0 0 0.729125 0 0 0 0 0 0 0 0 0 0 0 0 0 0 0 0 0 0 0 0 0 0 0 0 0 0 0 0 0 0 0 0 0 0 0 0 0 0 0 0 0 0 0 0.572377 0 0 0 0 0.394348 0 0.534523 0 0 0 0.410645 0 0 0 0 0 0 0 0.438939 0 0 0 0 0 0 0 0 0.585859 0 0 0 0 0 0 0 0 0 0 0 0 0 0.438306 0 0 0.386931 0 0 0 0 0 0 0 0 0 0 0 0 0 0 0 0 0
0 0 0 0 0.435616 0 0 0 0 0 0 0 0.639916 0 0 0 0 0 0 0 0 0 0 0 0 0 0 0 0 0 0 0 0 0 0.427989 0 0 0 0 0 0 0 0 0 0.497507 0 0 0 0 0 0.429997 0 0 0 0 0 0 0 0 0 0 0 0.64664 0 0 0 0 0 0 0 0 0 0 0 0 0 0.562184 0 0 0 0 0 0 0 0 0.413763 0 0 0 0 0 0 0 0 0 0 0.374959 0 0 0 0 0 0 0 0 0 0 0 0.707002 0 0 0 0 0.681593 0 0 0 0 0 0 0 0 0 0.508766 0 0 0.575091 0 0.630067 0 0 0 0 0 0 0 0 0 0 0 0 0 0 0 0 0 0 0 0 0 0 0 0 0 0 0.583875 0 0 0 0 0 0 0 0 0 0 0 0 0 0 0 0 0 0 0 0.601812 0 0 0 0 0 0 0.663665 0 0 0 0.479459 0 0 0 0 0 0 0 0 0 0 0 0 0
0 0 0 0 0 0 0 0 0 0 0 0 0 0 0 0 0 0 0 0 0 0 0 0 0 0 0 0 0.376538 0 0 0 0 0 0 0 0 0 0 0 0 0 0 0 0 0 0 0 0 0 0 0 0 0 0 0 0 0 0 0 0 0 0 0 0 0 0 0 0 0 0 0 0 0 0 0 0 0 0 0 0 0 0.548957 0 0 0 0 0 0 0 0.43449 0 0 0 0 0 0 0 0 0 0 0 0 0 0 0 0.430804 0 0 0 0 0 0 0 0 0 0 0 0 0 0 0 0.369591 0 0 0 0 0 0 0 0 0 0 0 0 0 0 0 0 0 0 0 0 0 0 0 0 0 0 0 0.459572 0 0 0 0 0 0 0 0 0 0 0 0 0 0 0 0 0.692568 0 0 0 0 0 0 0 0 0 0 0 0 0 0 0 0 0 0 0 0 0 0 0 0 0 0 0 0 0 0 0 0
0 0 0 0 0 0 0 0 0 0 0 0.705869 0 0 0 0 0 0 0 0 0 0 0 0 0 0 0 0 0 0 0 0 0 0 0 0 0 0 0 0 0 0 0 0 0 0 0 0 0 0 0 0 0 0 0 0 0 0 0 0 0 0 0 0 0 0 0 0 0 0 0 0 0 0.485804 0 0 0 0 0 0 0.558627 0 0 0 0 0 0 0 0 0 0 0 0 0 0 0 0 0 0 0 0 0 0 0 0 0 0 0 0 0 0 0 0 0 0 0 0 0 0 0 0 0 0 0 0 0 0 0 0 0 0 0 0 0 0 0 0 0 0 0 0 0 0 0 0 0.37481 0 0 0 0 0 0.350851 0 0 0 0 0.505043 0 0.449644 0 0.624646 0 0 0 0 0 0 0 0 0 0 0 0 0 0 0 0 0 0 0.53598 0 0 0 0 0 0 0 0 0 0 0.612124 0 0 0 0 0 0 0.597433 0 0
0 0 0 0 0 0.550203 0 0.379761 0 0 0 0 0 0 0.582529 0 0 0 0 0 0 0 0 0 0 0 0 0 0 0 0 0 0.435881 0 0 0 0 0 0.424963 0 0 0 0.564953 0 0 0 0 0 0 0 0 0 0 0 0 0 0 0 0 0 0 0 0 0 0 0 0 0 0 0 0 0 0 0 0 0 0 0 0 0.558627 0 0 0.345752 0 0 0 0 0 0 0 0 0 0 0 0 0.449033 0 0 0 0 0 0 0 0 0 0 0 0 0 0 0 0 0.574007 0 0 0 0 0 0 0 0 0 0 0 0 0 0 0 0 0 0 0 0 0 0 0 0 0 0 0 0 0 0 0 0 0 0 0 0 0 0 0 0 0 0 0 0 0 0 0 0 0 0 0 0 0 0.465372 0 0.649832 0 0 0.540772 0 0 0 0 0 0 0 0 0 0 0 0 0 0 0 0 0 0 0 0 0 0 0 0.387878 0 0 0 0.500157
0 0 0 0 0 0 0 0 0 0 0 0 0 0 0 0 0 0 0 0 0 0 0 0 0 0 0 0 0 0 0 0 0 0 0 0.363416 0 0 0 0 0.549444 0 0 0 0 0 0 0 0 0 0 0.503251 0 0 0 0 0 0 0 0 0 0 0 0.483698 0 0 0 0 0 0 0 0 0 0 0 0 0 0 0 0 0 0 0 0 0 0 0 0 0 0 0 0 0 0 0 0 0 0 0 0 0.487606 0 0 0 0 0 0 0 0 0 0 0 0 0.5876 0 0.627955 0 0.629652 0 0 0 0 0 0 0 0 0 0 0 0 0 0 0 0 0 0 0 0 0 0 0 0 0 0 0 0 0 0 0 0 0 0 0 0 0.687165 0 0 0 0 0 0 0 0 0 0 0.375909 0 0 0 0 0 0 0 0 0 0 0 0 0 0 0 0 0 0 0 0 0 0.487865 0 0 0 0 0 0 0 0 0 0 0 0
0 0 0 0 0 0 0 0 0 0 0 0 0 0 0 0 0 0 0.587638 0 0 0 0 0 0.478757 0 0 0 0 0 0 0 0 0.510027 0 0 0.338197 0.322618 0 0 0 0 0 0 0 0 0 0 0 0 0 0 0 0 0 0 0 0 0 0.491134 0 0 0 0 0 0 0 0 0 0 0 0 0 0 0 0 0 0 0.548957 0 0.345752 0 0 0 0 0 0 0 0 0 0.612514 0 0.54284 0 0 0 0 0 0 0 0 0 0 0 0 0 0 0 0.390008 0 0.502839 0 0 0.383585 0 0 0 0 0 0 0 0.713954 0 0 0 0 0 0 0 0.477842 0 0 0 0 0 0 0 0 0 0 0 0 0 0 0 0 0 0 0 0 0 0 0 0 0 0 0 0 0 0 0.425341 0 0 0 0 0 0 0.34823 0.543073 0 0 0 0 0 0 0 0 0 0 0 0 0 0 0 0 0 0 0 0 0 0 0 0.360423 0 0 0 0 0 0 0
0 0 0 0 0 0 0 0 0 0 0 0 0 0 0 0 0 0 0 0 0 0 0 0 0 0 0 0 0 0 0 0 0 0 0 0 0 0.51994 0 0 0 0 0 0 0 0 0 0 0 0 0 0 0 0 0 0 0 0 0 0.622342 0 0.570421 0 0 0 0 0 0 0 0 0 0 0 0 0 0 0 0 0 0 0 0 0 0 0 0 0 0 0 0 0 0 0 0 0 0 0 0 0 0 0 0 0 0 0 0 0 0 0 0 0 0 0.345677 0 0 0 0 0 0 0 0 0 0 0 0 0 0 0 0 0 0 0 0 0 0 0 0 0 0 0 0 0 0 0 0.530115 0 0 0 0 0 0 0 0 0 0 0 0 0 0 0 0 0 0 0 0 0 0 0 0 0 0 0 0 0 0 0 0 0 0 0 0.300813 0 0 0 0 0 0 0 0 0 0.393875 0 0 0 0 0 0 0 0 0
0 0 0 0 0 0 0 0 0 0 0.682966 0 0 0 0 0.56588 0 0 0 0.371639 0 0 0 0 0 0 0 0 0 0 0 0 0 0 0 0 0 0 0 0 0 0.649966 0 0.32609 0 0 0 0 0 0 0 0 0 0 0 0 0 0 0 0 0 0 0 0 0 0 0 0 0 0 0 0 0 0 0 0 0 0 0 0 0 0 0 0 0 0 0 0 0 0 0.611254 0 0 0 0 0 0 0 0 0 0 0 0 0 0 0 0 0 0 0 0 0 0 0 0 0 0 0 0 0 0 0.5432 0 0 0 0 0 0 0 0 0.583261 0 0 0 0 0 0 0 0 0 0 0 0 0 0 0 0 0 0 0 0 0 0 0 0 0 0 0.427764 0 0 0 0 0 0 0 0 0 0 0 0 0 0 0 0 0 0 0 0 0 0 0 0 0 0 0 0 0 0 0 0 0 0 0 0 0 0 0 0 0 0
0 0 0 0 0 0 0 0 0 0 0 0 0 0 0 0 0 0 0 0 0 0 0 0 0 0 0 0 0 0 0 0 0 0 0 0 0 0 0 0 0 0 0 0 0 0 0 0 0 0 0 0 0 0 0 0 0 0 0 0 0 0 0 0 0 0 0 0 0 0 0 0 0 0 0 0 0 0.413763 0 0 0 0 0 0 0 0 0 0.683167 0 0 0 0 0 0 0 0 0 0 0 0 0 0 0 0 0 0 0 0 0 0 0 0 0 0 0 0 0 0 0 0 0 0 0 0 0 0 0 0 0 0 0 0 0 0 0 0 0 0 0 0 0.589891 0.57807 0 0 0 0 0 0 0 0 0 0 0 0 0 0.575168 0 0 0 0 0 0 0 0 0 0 0 0 0 0 0 0 0 0 0 0 0 0 0 0 0 0 0 0 0 0.42272 0 0 0 0 0 0 0 0 0 0 0 0 0 0
0 0 0 0 0 0 0 0 0 0 0 0 0 0 0 0 0 0 0 0 0 0 0 0 0 0 0 0 0 0 0 0.661072 0 0 0 0 0 0 0 0 0.629989 0 0 0 0 0 0 0 0 0 0 0 0 0 0 0 0 0 0 0 0.455443 0 0 0 0 0 0 0 0 0 0 0 0 0 0 0.41279 0 0 0 0 0 0 0 0 0 0 0 0 0 0 0 0 0 0 0 0 0 0 0 0 0 0 0 0 0 0 0 0 0 0 0 0 0 0 0 0 0 0 0 0 0 0 0 0 0 0 0 0 0 0 0 0 0 0 0 0 0 0 0 0 0 0 0.517595 0 0 0 0 0 0 0 0 0 0 0 0 0 0 0 0 0 0 0 0 0 0 0 0 0 0 0 0 0 0 0 0 0 0 0 0 0 0 0.557541 0 0 0 0 0 0 0 0 0 0 0 0 0 0 0 0 0 0
0 0 0 0 0 0 0 0 0 0 0 0 0 0 0 0 0 0 0 0 0 0 0 0 0 0 0 0 0 0 0 0 0 0 0 0 0 0 0 0 0.515448 0 0.594076 0 0 0 0 0 0 0 0 0 0 0.671393 0 0 0 0 0 0 0 0 0.559382 0 0 0 0 0 0 0 0 0 0 0 0 0 0 0 0 0 0 0 0 0 0 0.683167 0 0 0 0 0 0 0 0 0 0 0 0 0 0 0 0 0 0 0 0 0 0 0 0 0 0 0 0 0 0.517192 0 0 0 0 0 0 0 0 0 0 0 0 0 0.572763 0 0 0 0 0 0 0 0 0 0 0 0 0 0 0 0 0 0 0 0 0 0 0 0 0 0 0 0 0 0 0 0 0 0 0 0 0 0 0 0 0 0 0.734325 0 0 0 0 0 0 0 0 0 0 0 0 0 0.49908 0 0 0 0 0 0 0 0 0 0 0 0.546921 0
0 0 0 0 0 0 0.494794 0 0 0 0 0 0 0 0 0 0 0.418932 0 0 0 0 0 0 0 0 0 0 0 0 0 0 0 0 0 0 0 0 0 0 0 0 0 0 0 0.488975 0 0 0 0 0 0 0 0 0 0 0 0 0 0 0 0 0 0 0 0 0 0 0 0 0 0 0 0 0 0 0 0 0 0 0 0 0 0 0 0 0 0 0 0 0 0 0 0 0 0 0 0 0 0 0 0 0 0 0 0 0 0 0 0 0 0 0 0 0 0 0.369178 0 0 0 0 0 0 0 0 0 0 0 0 0 0.399947 0 0 0 0 0 0.497858 0 0 0 0 0 0 0 0 0 0 0 0 0 0 0 0 0 0 0 0 0 0 0 0 0.336325 0 0 0 0 0 0 0 0 0 0 0 0 0 0.492507 0 0 0 0 0 0 0 0 0 0.298244 0 0 0 0 0 0 0 0 0 0 0 0 0 0
0 0 0 0 0 0 0 0 0.58367 0 0.363257 0 0 0 0 0 0 0.333342 0 0 0 0 0 0 0 0 0 0 0 0 0 0 0 0 0 0 0 0 0 0 0 0 0 0 0 0 0 0 0 0 0 0 0 0 0 0 0 0 0 0 0 0 0 0 0 0 0 0 0 0 0 0 0 0 0 0.541482 0 0 0 0 0 0 0 0 0 0 0 0 0 0 0 0 0 0 0 0 0 0 0 0 0 0 0 0 0 0 0 0 0 0 0 0 0 0 0 0 0 0 0 0 0 0 0 0 0 0 0 0 0 0.396615 0 0 0 0 0 0 0 0 0 0 0 0 0 0 0 0 0 0 0 0 0 0 0 0 0 0 0 0 0 0 0 0 0 0 0 0 0 0 0 0 0 0 0 0 0 0 0 0 0 0 0 0.706622 0 0 0 0.560422 0 0 0 0 0 0 0 0 0 0 0 0 0 0
0 0 0 0 0 0 0 0 0 0.578772 0 0 0 0 0 0 0 0 0 0 0 0 0 0 0 0.580124 0 0 0 0 0 0 0.306847 0 0 0 0 0 0 0 0 0 0 0 0 0 0 0 0 0 0 0 0 0 0 0 0 0 0 0 0 0 0 0 0 0 0 0 0 0 0 0 0 0 0 0 0 0 0.43449 0 0 0 0.612514 0 0.611254 0 0 0 0 0 0 0.398904 0 0 0 0 0 0 0 0 0 0 0 0 0 0 0 0 0 0 0 0.476547 0 0 0 0 0 0 0 0 0 0 0 0 0.329729 0.588272 0.565822 0 0 0 0 0 0 0 0 0.642605 0 0 0 0 0 0 0 0 0 0 0 0 0 0 0 0 0 0 0.541947 0 0 0 0 0 0 0 0 0 0 0 0 0 0 0 0 0 0 0 0 0 0 0 0 0 0 0 0 0 0 0.416616 0 0 0 0 0 0.549206 0 0 0 0 0 0 0 0
0 0 0 0.495211 0 0 0.358622 0 0 0 0 0 0 0 0 0 0.344454 0 0 0 0 0 0 0 0 0 0 0 0 0 0.450579 0 0 0 0 0 0 0 0 0 0 0 0 0 0 0 0 0 0 0 0 0 0 0 0 0 0 0 0 0 0 0 0 0 0 0 0 0 0 0 0 0 0 0 0 0 0 0 0 0 0 0 0 0 0 0 0 0 0 0 0.398904 0 0 0 0 0 0.420076 0 0 0 0 0 0 0 0 0 0 0 0 0 0 0 0 0 0 0 0 0 0 0 0 0 0 0 0 0 0 0 0.511087 0 0 0 0 0 0 0 0 0 0 0 0 0 0 0 0 0 0 0 0 0 0 0 0 0 0.465331 0 0 0 0 0 0 0 0 0 0 0 0 0 0 0 0 0 0 0 0 0 0 0 0 0 0 0 0 0 0 0 0 0 0 0 0 0 0 0 0 0 0 0 0 0
0 0 0 0 0 0 0 0 0 0 0 0 0 0 0 0.607345 0 0 0 0.642115 0 0 0.408708 0 0 0 0 0 0 0 0 0 0 0 0 0 0 0 0 0 0 0 0 0.605584 0 0 0 0 0 0 0 0 0 0 0 0 0 0 0 0 0 0 0 0 0 0 0 0 0 0 0 0 0 0 0 0 0 0 0 0 0 0 0.54284 0 0 0 0 0 0 0 0 0 0 0 0 0 0 0 0 0 0 0 0 0 0 0 0 0 0 0 0 0 0 0 0 0 0 0 0 0 0 0 0 0 0 0 0 0 0 0 0 0 0 0 0 0 0 0 0 0 0 0 0 0 0 0.504275 0 0 0 0 0 0.522176 0 0 0 0 0 0 0 0 0 0 0 0 0 0 0.73678 0 0 0 0 0 0 0 0 0.534118 0 0 0 0 0.411637 0 0 0 0 0 0 0 0 0 0 0 0 0 0 0 0 0 0 0
0 0 0 0 0 0 0 0 0 0 0 0 0 0 0 0 0 0 0 0 0 0 0 0 0 0 0 0 0 0 0 0 0 0.523446 0 0 0 0 0 0.438493 0 0 0 0 0 0 0 0 0 0 0 0 0 0 0 0 0 0 0 0 0 0 0 0 0 0 0 0 0 0 0 0 0 0 0 0 0.729125 0 0 0 0 0 0 0 0 0 0 0 0 0 0 0 0 0 0 0.707154 0 0 0.393607 0 0 0 0.500126 0 0 0 0 0 0 0 0 0 0 0 0 0 0 0 0 0 0 0 0 0 0 0 0 0 0 0 0 0 0 0 0.400978 0 0 0 0 0 0 0 0 0 0 0 0 0 0 0 0 0 0 0 0 0 0 0 0 0 0 0 0 0 0.566638 0 0 0 0 0 0 0.568242 0 0 0 0 0 0 0.425176 0 0 0 0 0 0 0 0 0 0 0 0.454399 0 0 0 0 0 0 0 0 0
0 0 0 0 0 0 0 0.504677 0 0 0 0.582507 0 0 0 0 0 0 0 0 0 0 0 0 0 0 0 0 0 0 0 0 0 0 0 0 0 0 0 0 0 0 0 0 0 0 0.439142 0 0 0 0 0 0 0 0 0 0 0 0 0 0 0 0 0 0.557473 0 0 0 0 0 0 0 0 0 0 0 0 0 0 0 0 0 0 0 0 0 0 0 0 0 0 0 0 0 0 0 0 0 0 0 0.553453 0 0 0 0 0 0 0 0 0 0 0 0 0 0 0 0 0 0 0 0 0 0 0 0 0 0 0.430611 0 0 0 0 0 0.358378 0.548592 0 0 0 0 0 0 0 0 0 0 0 0 0 0 0 0 0 0 0 0 0 0 0 0 0 0.550174 0.484939 0 0 0 0 0 0 0 0 0 0 0 0 0 0 0 0 0 0 0 0 0 0 0 0 0 0 0 0 0 0 0 0 0 0 0 0 0 0
0 0 0 0 0 0 0 0 0 0 0 0 0 0 0 0 0 0 0 0 0 0 0 0 0 0 0 0.573504 0 0 0 0 0 0 0 0 0 0 0 0 0 0 0 0 0 0.561438 0 0 0 0 0 0 0 0 0 0.356344 0 0 0 0 0 0 0 0 0 0 0 0 0 0 0 0 0 0 0 0 0 0 0 0 0.449033 0 0 0 0 0 0 0 0 0 0 0 0 0.707154 0 0 0 0 0 0 0 0 0 0 0.466717 0 0 0 0 0 0 0 0 0 0 0 0 0 0 0 0 0.367836 0 0 0 0 0 0 0 0 0 0 0 0 0 0 0 0.640895 0 0 0 0 0 0 0 0 0 0.628142 0 0 0 0 0 0 0 0 0 0 0 0 0 0 0 0 0 0 0 0 0 0 0 0 0 0 0 0 0 0 0 0 0 0.630187 0.632316 0 0 0 0 0 0 0 0 0 0 0 0 0 0 0 0 0
0 0 0 0 0 0.399234 0 0 0 0 0 0 0 0 0 0 0 0 0 0 0 0 0 0 0 0 0 0 0 0 0 0 0 0 0 0 0 0 0 0 0 0 0 0 0 0 0 0 0 0 0 0 0 0 0 0 0 0 0 0 0 0 0 0 0 0.636206 0 0 0 0.662596 0.676636 0 0 0 0 0.36298 0 0.374959 0 0 0 0 0 0 0 0 0 0 0 0 0 0.420076 0 0 0 0 0 0 0 0 0 0 0 0 0 0 0 0 0 0 0 0 0 0 0 0 0 0 0 0 0 0 0 0 0 0 0 0 0 0 0 0 0 0 0 0 0 0 0 0 0 0 0 0 0 0 0.65223 0 0 0 0 0 0 0.454532 0 0 0 0 0 0 0 0.668065 0 0 0 0 0 0 0 0 0 0 0 0 0 0 0 0 0 0 0 0 0 0 0 0 0 0 0 0.720041 0.616781 0.516473 0 0 0 0 0 0 0 0
0 0 0 0 0 0 0 0 0 0 0 0 0 0 0 0.783419 0 0 0 0 0 0 0 0 0 0 0 0 0.554558 0 0 0 0 0 0 0 0 0 0.496421 0 0.697289 0.403096 0 0 0 0 0 0 0 0 0.560632 0 0 0 0 0 0 0 0 0 0 0 0 0 0 0.396271 0 0 0.492618 0 0 0 0 0 0 0 0 0 0 0 0 0 0 0 0 0 0 0 0 0 0 0 0 0 0 0 0 0 0 0 0 0 0 0 0 0 0 0 0 0 0 0 0 0 0 0 0 0 0 0.594149 0 0 0 0 0 0 0 0 0 0 0 0 0 0.587341 0 0 0.576513 0 0 0 0 0 0 0 0 0 0 0 0 0 0 0 0 0 0 0 0 0 0 0 0 0 0 0 0 0 0 0 0 0 0 0 0 0 0 0.533492 0 0 0 0 0 0 0 0 0.620232 0 0 0 0 0 0 0 0 0 0 0 0 0 0 0
0 0 0 0 0 0 0 0 0.448794 0 0.632403 0 0 0.47923 0 0 0 0 0 0 0 0 0 0 0 0 0 0 0 0 0 0 0 0 0 0 0 0 0 0 0 0 0 0 0 0 0 0 0 0 0 0 0.379526 0 0 0 0 0 0 0 0 0 0 0 0 0 0 0 0.418501 0 0 0 0 0 0 0.592473 0 0 0 0 0 0 0 0 0 0 0 0 0 0 0 0 0 0.393607 0 0 0 0 0 0 0.599641 0 0 0 0 0 0.409521 0 0 0 0 0 0 0 0 0 0 0 0 0 0 0 0 0 0 0 0 0 0 0 0 0 0 0 0 0.457791 0 0 0 0 0 0 0 0 0 0.678265 0 0 0 0 0 0 0.631087 0 0 0 0 0 0 0 0 0 0 0 0 0 0 0 0 0 0 0 0 0 0 0 0 0 0 0.40433 0 0 0 0 0 0 0 0 0 0.465578 0 0.472317 0 0 0 0 0 0 0 0
0 0 0 0 0 0 0 0 0 0 0 0 0 0 0 0 0 0 0 0 0 0 0 0 0 0 0 0 0.403883 0 0 0 0 0 0 0 0 0 0 0 0 0 0 0 0 0 0 0 0 0 0 0 0 0 0 0 0 0 0 0 0 0.316363 0 0 0 0 0 0 0 0 0 0 0 0 0 0 0 0 0 0 0 0 0 0 0 0 0 0 0 0 0 0 0 0 0 0 0 0 0 0 0 0 0 0 0 0 0 0 0 0 0 0 0 0 0.549684 0 0 0 0 0 0 0 0 0 0 0 0 0 0 0 0 0 0 0 0 0 0 0 0 0 0 0 0 0 0 0 0 0 0 0 0 0 0 0 0 0 0 0 0 0 0.585105 0 0 0 0 0 0 0.321662 0 0 0 0 0 0 0.355872 0 0 0 0 0 0 0 0 0 0 0 0 0 0.312251 0 0 0 0 0 0 0 0 0 0 0
0 0 0 0 0.273784 0 0 0 0 0 0 0 0 0 0 0 0 0 0 0.647746 0 0 0 0 0 0 0 0 0 0 0 0 0 0 0 0 0 0.634349 0 0 0 0 0 0 0 0 0 0 0 0 0 0 0 0 0 0 0 0 0 0 0 0 0 0 0 0 0 0 0 0 0 0 0 0 0 0 0 0 0 0 0 0.487606 0 0 0 0 0 0 0 0 0 0 0 0 0.553453 0 0 0 0.599641 0 0 0 0 0 0 0 0 0 0 0 0 0 0 0 0 0 0 0 0 0.535979 0 0 0 0 0 0 0 0 0 0 0 0 0 0 0 0 0 0 0 0 0 0 0 0 0 0 0 0 0 0 0.524021 0.401268 0 0 0 0 0 0 0 0 0 0 0 0 0 0 0.580524 0 0.384303 0 0 0 0 0 0 0 0 0 0 0 0 0 0 0 0.600434 0.503168 0 0.740768 0 0 0 0 0 0.706403 0 0 0 0 0.37526 0
0 0 0 0 0 0 0 0 0 0 0 0 0 0 0 0 0 0 0.31376 0 0 0 0 0 0 0 0 0 0 0.661505 0 0 0 0 0 0 0 0 0 0 0 0.559854 0.427439 0 0 0.336417 0 0 0 0.47535 0 0 0 0 0 0 0 0 0 0 0 0 0 0 0 0 0 0 0.309442 0 0 0 0 0 0 0 0 0 0 0 0 0 0 0 0 0 0 0 0 0 0 0 0 0 0 0 0 0 0 0 0 0 0.617301 0 0 0 0 0 0 0.465346 0 0 0 0 0 0 0 0 0 0 0 0 0 0 0 0 0 0 0 0.408581 0 0 0 0 0 0 0 0 0 0 0 0 0 0 0 0 0 0 0 0 0 0 0 0 0 0 0 0 0 0 0 0 0 0 0 0 0 0 0 0 0 0 0 0.415648 0 0 0 0 0 0 0 0 0 0 0 0 0 0 0 0 0 0 0 0 0 0 0 0 0 0
0 0 0 0 0 0 0 0 0 0 0 0 0 0 0.574741 0 0 0 0 0 0 0 0 0 0.604386 0 0 0 0 0 0 0 0 0 0 0 0 0 0 0 0 0 0 0 0.527637 0 0 0 0.625736 0 0 0 0 0.352748 0 0 0 0 0.511082 0 0 0 0 0 0 0 0 0 0 0 0 0.415716 0 0 0 0 0 0 0 0 0 0 0 0 0 0 0 0 0 0 0 0 0 0.500126 0 0 0 0 0 0 0 0.617301 0 0 0 0 0 0 0 0 0 0 0 0 0 0 0 0 0 0.655085 0 0 0 0 0 0 0 0.582382 0 0 0 0 0 0.623453 0 0 0 0 0 0 0.564014 0 0 0.433493 0.458022 0 0 0 0 0 0 0 0 0 0 0 0 0 0 0 0 0 0 0 0 0 0 0 0 0 0 0.630399 0 0 0 0 0 0 0 0 0.482928 0 0 0 0 0 0 0 0 0 0 0 0 0 0 0.753047 0 0 0 0
0.475566 0 0 0 0 0 0 0 0 0 0 0.39203 0 0 0 0 0 0.746328 0.44145 0 0 0 0 0 0 0.628229 0 0 0 0 0 0 0 0 0 0 0 0.506462 0 0 0 0 0 0 0.571889 0 0 0 0 0 0 0 0 0.456314 0 0 0 0 0 0 0 0 0 0 0 0 0 0 0 0 0 0 0 0 0 0 0 0 0 0 0 0 0 0 0 0 0 0 0 0 0 0 0 0 0 0 0 0 0 0 0 0 0 0 0 0 0 0 0 0 0 0 0 0 0 0 0 0 0 0 0.452807 0 0 0 0 0 0 0 0 0 0 0 0 0 0 0 0 0 0 0 0.482873 0 0 0 0 0 0 0 0 0 0 0 0 0 0 0 0 0.742289 0 0 0 0 0 0 0 0 0 0 0 0 0 0 0 0 0 0 0 0 0 0 0 0 0 0 0 0 0 0 0 0 0 0 0 0 0 0 0 0 0 0
0 0 0 0 0 0 0 0 0 0 0 0 0 0 0 0 0 0 0 0 0 0 0 0 0 0 0 0 0 0.395049 0 0 0 0 0 0 0 0 0 0 0 0 0 0 0 0 0 0 0 0 0 0 0 0 0 0 0 0 0 0 0 0 0 0 0 0 0 0 0 0 0 0.596372 0 0 0 0 0 0 0 0 0 0 0 0 0 0 0 0 0 0 0 0 0 0 0 0.466717 0 0 0 0 0 0 0 0 0 0.514671 0 0 0 0 0.649619 0 0 0 0 0 0 0.426239 0 0 0 0 0 0 0 0 0.439496 0 0 0 0 0 0 0 0 0 0 0 0 0 0 0 0 0 0 0.357688 0 0 0 0.340287 0 0 0 0 0 0 0 0 0 0 0 0 0 0 0.647106 0 0 0 0 0 0 0.555033 0 0 0 0 0 0.438519 0 0 0 0 0 0 0 0 0 0 0 0 0 0.619499 0 0 0 0 0 0 0 0
0 0 0 0 0 0.570385 0 0 0 0 0 0 0 0 0 0 0 0 0 0 0 0 0 0 0 0 0 0 0 0 0 0 0 0 0 0 0 0 0 0 0 0 0 0 0 0 0 0 0 0 0 0 0 0 0 0 0 0 0 0 0 0 0 0 0 0 0 0 0 0 0 0 0 0 0 0 0 0 0 0 0 0 0 0 0 0 0 0 0 0 0 0 0 0 0 0 0 0 0 0 0 0 0 0 0.514671 0 0 0 0 0 0 0 0 0 0 0 0 0 0 0 0.643226 0 0 0 0 0 0 0 0 0 0 0 0 0 0 0 0 0 0.600165 0 0 0 0 0 0 0.437276 0 0 0 0 0 0 0 0 0 0 0 0 0 0 0 0 0 0 0 0 0 0 0 0 0 0 0 0 0 0 0 0 0 0 0 0 0 0 0 0 0 0 0 0 0 0 0 0 0 0 0.440058 0 0 0
0.491845 0 0 0 0 0 0 0 0 0 0 0 0 0 0 0 0 0 0 0 0 0 0 0 0 0 0 0 0.506727 0 0 0 0 0 0 0 0 0 0 0 0 0 0 0 0 0 0 0 0 0 0.383035 0 0 0.421548 0 0 0 0 0.452138 0 0 0 0 0 0 0 0 0 0 0 0 0 0 0 0 0 0 0 0.430804 0 0 0 0 0 0 0 0 0 0 0 0 0 0 0 0 0 0 0 0.409521 0 0 0 0 0 0 0 0 0 0 0 0 0 0 0 0 0 0 0 0 0 0 0 0 0 0 0 0 0.409666 0 0 0 0.475902 0 0 0 0 0 0 0 0 0 0.384083 0 0 0 0 0 0 0 0 0 0 0 0 0 0 0 0 0 0 0 0 0 0 0 0 0 0 0.596456 0.434946 0.55612 0 0 0 0 0 0 0 0 0 0 0 0 0 0 0.571991 0 0 0 0 0 0 0 0 0 0 0 0 0 0
0 0 0 0 0 0.43322 0 0 0 0.615199 0 0 0 0 0 0 0 0 0 0 0 0 0 0 0 0.500254 0 0 0 0 0 0 0 0 0 0 0 0 0 0 0 0 0 0 0 0.418121 0 0 0 0 0 0 0 0 0 0 0 0 0 0 0 0 0 0.532375 0 0 0 0 0 0 0 0 0 0 0 0 0 0 0 0 0 0 0 0 0 0 0 0 0 0 0 0 0 0 0 0 0 0 0 0 0 0 0 0 0 0 0 0 0 0 0.588172 0 0 0 0 0 0 0 0 0 0 0 0 0 0 0 0 0 0 0 0 0 0 0 0 0 0 0 0 0 0 0 0 0 0 0 0 0 0 0 0 0 0 0 0 0 0 0 0 0 0 0 0 0 0 0 0 0 0 0 0 0 0 0 0 0 0 0 0 0 0 0 0 0.429113 0 0 0 0 0 0 0 0 0 0 0.281808 0.693795 0 0 0 0
0 0 0 0 0.565204 0 0 0 0 0 0 0 0 0 0 0 0.674761 0 0 0 0 0 0 0 0 0 0 0 0 0.441196 0 0 0 0 0 0.697019 0 0 0 0 0 0 0 0 0 0 0 0 0.582075 0 0 0 0 0 0 0 0 0 0 0 0 0 0 0 0 0 0 0 0 0 0.61188 0 0 0.351384 0.517186 0 0 0.707002 0 0 0 0 0.390008 0 0 0 0 0 0 0 0 0 0 0 0 0 0 0 0 0 0 0 0 0 0 0 0 0 0 0 0 0 0 0 0 0 0 0 0 0 0 0 0 0.607624 0 0 0.567633 0 0 0 0 0 0 0 0.470401 0 0 0 0 0 0 0 0 0 0.329405 0 0 0.699647 0 0 0 0 0.511511 0 0 0 0 0 0 0 0.574549 0 0 0 0 0 0 0 0 0 0 0 0 0 0 0 0 0 0 0 0 0 0 0 0 0 0 0 0 0 0 0 0 0 0 0 0 0 0 0
0 0 0 0 0 0 0 0 0 0 0 0 0 0 0 0 0 0 0.439847 0 0 0 0 0 0 0 0 0 0 0 0 0 0 0 0 0 0 0 0 0 0 0 0 0 0.497471 0 0 0 0 0 0 0 0 0.402672 0 0 0 0 0.643954 0 0 0.549337 0.429996 0 0 0 0 0 0 0 0 0 0 0 0 0 0 0 0 0 0 0 0 0 0 0 0 0 0 0 0 0 0 0 0 0 0 0 0 0 0 0.465346 0 0 0 0 0 0 0 0 0 0 0 0 0 0 0 0 0 0 0 0 0.531524 0.39841 0 0 0 0 0 0 0 0 0 0 0 0 0 0 0 0 0 0 0 0 0 0 0 0 0 0 0 0 0 0 0 0 0 0 0 0.593967 0 0 0 0 0 0 0 0 0 0 0 0 0 0 0 0 0 0 0 0 0 0 0 0 0 0 0 0 0 0 0 0 0 0 0 0 0 0 0 0
0 0 0 0 0 0 0 0 0 0 0 0 0.577522 0.515949 0 0 0 0 0 0 0 0 0 0 0 0 0.505197 0.309233 0 0 0 0 0 0 0 0 0 0 0 0 0 0 0 0 0 0 0.539783 0 0 0 0 0 0 0 0 0 0 0 0 0.541031 0 0 0 0 0 0 0 0 0 0 0 0 0 0 0 0 0 0 0 0 0 0 0.502839 0 0 0 0 0 0 0 0 0 0 0 0 0 0 0 0 0 0 0 0 0 0.649619 0 0 0.588172 0 0 0 0 0 0 0 0.563447 0 0 0 0 0 0 0 0 0 0 0 0 0 0 0 0 0 0 0 0 0 0.589919 0 0 0 0 0 0.527829 0 0 0 0 0.410975 0 0 0 0 0 0 0 0 0 0 0 0 0 0 0 0 0.417442 0 0.600892 0.528188 0 0 0 0.514645 0 0 0 0 0 0 0 0 0 0.515836 0 0 0 0 0 0 0 0 0 0 0 0 0 0 0 0 0
0 0 0.471794 0 0 0 0 0 0 0 0 0 0.588567 0 0 0 0 0.342609 0 0 0 0 0 0 0.665383 0 0 0 0 0 0 0.43276 0 0 0 0 0 0 0 0.446235 0.358736 0 0 0 0 0 0 0 0.480288 0 0 0 0 0 0 0 0 0.480704 0 0 0 0.362871 0 0 0 0 0 0 0.488172 0 0 0 0 0 0.431821 0 0 0 0 0 0 0 0 0 0 0 0 0 0 0 0.476547 0 0 0 0 0 0 0 0 0 0 0 0 0 0 0 0 0 0 0 0 0 0 0 0 0 0.51893 0 0 0 0 0 0 0 0 0 0 0 0 0 0 0 0 0 0 0 0 0 0 0 0 0.582669 0 0 0 0 0 0 0 0 0 0 0 0 0 0 0 0 0 0.549735 0 0 0 0 0 0 0 0 0 0 0 0 0 0 0 0 0 0 0 0 0 0.627059 0 0 0 0.549273 0 0 0 0 0 0 0 0 0 0 0 0 0 0
0 0 0 0 0 0 0 0 0 0 0 0 0 0 0 0 0 0 0 0 0 0 0 0 0 0 0 0 0 0 0 0 0 0 0 0 0 0 0 0 0 0 0 0 0 0 0 0 0 0.369414 0 0 0 0 0 0 0 0 0 0 0 0 0 0 0 0 0 0 0 0 0 0 0 0 0 0 0 0 0 0 0.574007 0 0 0.345677 0 0 0 0 0 0 0 0 0 0 0 0 0 0 0 0 0 0 0 0 0 0 0 0 0 0 0 0 0 0 0 0 0 0 0 0 0 0.568471 0 0.409789 0 0 0 0 0 0 0 0 0 0 0 0 0 0 0 0 0 0 0 0 0.429283 0 0 0 0 0 0 0 0 0 0 0 0 0 0 0 0 0 0 0 0 0 0 0 0 0 0 0 0 0 0 0 0 0 0 0 0 0.677181 0 0 0 0 0 0 0 0 0 0 0 0 0 0 0 0 0 0.736637
0 0 0 0 0.595362 0 0 0 0 0 0 0 0 0 0 0 0 0 0 0 0 0 0 0 0 0 0 0 0 0 0 0 0 0 0 0 0 0 0 0 0 0 0 0 0 0 0 0.373743 0 0 0 0 0 0 0 0 0 0 0 0 0 0 0 0 0.569334 0 0 0 0 0 0 0 0 0.46621 0 0 0 0.681593 0 0 0 0.5876 0.383585 0 0 0 0 0 0 0 0 0 0 0 0 0 0 0 0 0 0 0 0 0 0 0 0 0 0 0 0 0 0 0 0 0 0 0 0 0 0 0 0 0 0 0.469141 0 0 0 0 0 0 0 0 0 0 0 0 0 0 0.633207 0 0 0 0.601344 0 0.398453 0 0 0 0 0 0 0 0 0 0 0 0 0 0 0 0 0 0 0 0 0 0 0 0 0 0 0 0 0 0 0 0 0 0 0 0 0 0 0 0 0 0 0 0 0 0 0 0 0 0 0 0 0
0 0 0 0 0 0 0 0 0 0 0 0.493459 0 0 0 0 0 0 0 0 0 0 0 0 0 0 0 0.715164 0 0 0 0 0 0 0 0 0 0 0 0 0 0 0 0 0 0 0 0 0 0 0 0 0 0.419704 0 0 0 0 0 0 0 0 0 0 0 0 0 0 0.358448 0 0 0 0 0 0 0 0 0 0 0 0 0 0 0 0 0 0 0 0 0 0 0 0 0 0 0 0 0 0 0.549684 0 0 0 0 0 0 0 0 0 0 0 0 0 0 0 0 0 0 0 0 0 0 0 0 0 0 0 0 0 0 0 0 0 0 0 0 0 0 0 0 0 0.492451 0 0.473098 0 0 0 0 0 0 0 0 0 0 0 0 0 0 0 0 0 0 0 0 0 0 0 0 0 0.561219 0 0 0 0 0 0 0 0 0 0 0 0 0 0 0 0 0 0 0.31582 0 0 0 0 0 0 0 0 0 0 0
0 0 0 0.465498 0 0 0 0 0 0.58773 0 0 0 0 0 0 0 0 0 0.548022 0 0 0 0 0 0 0 0 0 0 0 0 0.499757 0 0 0 0 0 0 0 0 0 0 0 0 0 0 0.289149 0 0 0 0 0 0 0 0 0 0 0 0 0 0 0 0 0 0 0 0 0 0 0 0 0 0 0 0 0 0 0 0 0 0.627955 0 0 0 0 0 0.517192 0 0 0 0 0 0 0 0 0 0 0 0 0 0 0 0 0 0 0 0 0 0 0.563447 0 0 0 0 0 0 0 0.573735 0 0 0 0 0.379316 0 0 0 0 0 0 0 0 0 0 0 0 0 0 0 0 0 0 0 0 0 0 0 0 0 0.321474 0 0 0 0 0 0 0 0 0 0 0 0 0 0 0 0 0 0 0 0.567099 0 0 0 0 0 0 0 0 0 0 0 0 0 0 0 0 0.40494 0 0 0 0 0 0 0 0 0 0 0 0 0
0 0 0 0.252195 0 0 0 0 0 0 0 0 0 0 0 0.410297 0 0 0 0 0 0.46158 0 0 0 0.742195 0 0 0 0 0 0 0 0 0 0 0 0 0 0 0.490186 0 0 0 0 0 0 0 0 0 0 0 0 0 0 0 0 0 0 0 0 0 0 0 0 0 0 0 0 0 0 0 0 0 0 0 0 0 0 0 0 0 0 0 0 0 0 0 0.369178 0 0 0 0 0 0 0 0 0 0 0 0 0 0 0 0 0 0 0 0 0 0 0.51893 0 0 0 0 0 0 0 0 0 0 0.46708 0 0 0 0.506557 0 0.543241 0 0 0 0 0 0 0 0 0 0 0 0 0 0 0 0 0 0.367776 0 0 0 0 0 0 0 0 0 0 0 0 0 0 0 0 0 0 0 0 0 0 0 0 0 0 0 0 0 0 0 0 0 0 0 0 0 0 0 0 0 0 0 0 0 0 0 0 0 0 0 0 0
0 0 0 0 0 0 0 0 0 0 0 0 0 0 0.2899 0 0 0 0.371625 0.556577 0.612585 0 0 0 0 0 0 0 0 0 0 0 0 0 0 0 0 0 0 0 0 0 0 0 0 0 0 0 0 0 0 0 0 0 0 0 0 0 0 0 0 0 0 0 0 0 0 0 0 0 0 0 0 0 0 0 0 0 0 0 0 0.629652 0 0 0 0 0 0 0 0 0 0 0 0 0 0 0 0 0 0 0 0 0 0 0.426239 0 0 0 0 0 0 0 0 0 0 0 0 0 0 0 0.376735 0 0 0 0 0 0 0 0 0 0 0 0.537118 0 0 0 0 0 0 0 0 0 0 0 0 0 0 0 0 0 0 0 0 0 0 0.619279 0 0 0 0 0 0 0 0 0 0.680307 0 0 0.458843 0 0 0 0 0 0 0 0 0 0 0 0.587251 0.497011 0 0.704598 0 0 0 0 0 0 0 0 0 0 0 0 0 0 0 0
0 0 0 0 0 0 0 0 0 0 0.464416 0 0 0 0 0 0 0 0 0 0 0 0 0.645943 0 0 0 0 0 0 0 0 0 0 0 0 0 0 0 0 0 0 0 0 0 0 0 0 0 0 0 0 0 0 0 0 0 0 0.423174 0 0 0 0 0 0 0 0 0 0 0 0 0 0.545692 0 0 0 0 0 0 0 0 0 0 0 0 0 0 0 0 0 0 0 0 0 0 0 0 0 0 0 0 0 0 0 0 0 0 0 0 0 0 0 0 0 0 0.573735 0 0 0 0 0 0 0 0 0 0 0 0 0 0 0 0 0 0 0 0 0 0 0 0 0 0 0 0 0 0 0 0 0 0 0 0 0 0 0 0 0 0 0 0 0 0 0 0 0 0 0 0 0 0 0 0 0.500283 0 0 0 0 0 0 0 0 0 0 0 0 0 0 0 0.38615 0 0 0 0 0 0 0 0 0 0 0
0 0.418063 0 0 0 0 0 0 0 0 0 0 0 0 0 0 0 0 0.484323 0 0 0.432167 0 0 0 0 0 0 0 0 0 0 0 0.633294 0 0 0 0 0 0 0 0 0 0 0 0.513028 0 0 0 0 0 0 0 0.596695 0 0 0 0 0 0 0 0 0 0 0 0 0 0 0 0 0 0 0 0 0 0 0 0 0 0 0 0 0 0 0 0 0 0 0 0 0 0 0 0 0 0 0 0.594149 0 0 0.535979 0 0.655085 0 0 0 0 0 0 0 0 0 0 0 0 0 0 0 0 0 0 0 0 0 0 0.661637 0 0 0 0.523672 0 0 0 0 0 0 0 0 0 0 0 0 0 0 0 0 0 0 0 0 0 0 0.345206 0 0 0 0 0 0 0 0 0 0 0 0 0 0 0 0 0 0 0 0 0 0 0 0 0 0 0 0 0 0 0 0 0 0 0 0 0 0 0 0 0 0 0 0 0 0 0
0 0.440146 0 0 0 0 0.715803 0 0 0 0 0 0 0 0 0 0 0 0 0 0 0 0 0 0 0 0 0 0 0 0 0.448348 0.37168 0 0 0 0 0 0 0.623655 0 0 0 0 0.424823 0 0 0 0 0 0 0 0 0 0 0 0 0 0 0 0 0 0 0 0 0.2844 0.467089 0 0 0 0 0 0 0 0 0 0 0 0 0 0 0 0 0 0 0 0 0 0 0 0 0 0 0 0 0 0 0 0 0 0 0 0 0.452807 0 0.643226 0 0 0 0 0 0 0 0 0 0 0 0.376735 0 0 0 0.695855 0 0 0 0 0.7082 0 0 0 0 0 0 0 0 0 0 0 0 0 0 0 0 0 0 0 0 0 0 0 0 0 0 0 0 0 0 0 0 0 0.575063 0 0 0 0 0 0.613409 0 0 0 0 0 0 0 0.517781 0 0 0 0 0 0 0 0 0 0 0 0 0 0 0.673756 0 0 0 0 0 0 0 0 0 0
0 0 0 0 0 0 0 0 0 0 0 0 0.357043 0 0 0 0 0 0 0 0.348046 0 0 0 0 0 0.345854 0 0 0 0 0 0 0 0 0.353897 0 0 0 0 0 0.629178 0 0 0 0 0 0 0 0 0 0 0 0 0 0 0 0 0 0 0 0 0 0 0 0 0 0 0 0 0 0 0 0 0 0 0 0 0 0 0 0 0.713954 0 0.5432 0 0 0 0 0 0 0 0 0 0 0.367836 0 0 0 0 0 0 0 0 0 0 0 0 0 0 0 0 0.568471 0 0 0 0 0 0 0 0.695855 0 0 0 0 0 0 0 0 0 0 0 0 0 0 0 0 0.570036 0 0 0 0 0 0 0 0 0.510387 0 0 0 0 0 0 0 0 0 0 0 0 0 0 0 0 0 0 0 0 0 0 0 0 0.500956 0.366622 0 0 0 0 0 0 0.391746 0 0 0 0 0 0 0 0 0 0 0 0 0 0 0 0 0 0 0 0
0 0 0 0 0 0 0.366838 0 0 0 0 0.295302 0 0 0 0 0 0 0 0 0 0 0.624154 0 0 0 0 0 0 0 0 0 0 0 0 0 0 0 0 0 0 0 0 0 0 0 0 0 0 0 0 0 0 0.472641 0 0 0 0 0 0 0 0 0 0 0 0 0 0 0 0.548464 0 0.433268 0 0 0 0 0 0 0.369591 0 0 0 0 0 0 0 0 0 0 0 0 0 0 0 0 0 0 0 0 0 0 0 0 0 0 0 0 0 0 0.531524 0 0 0 0 0 0 0.46708 0 0 0 0 0 0 0 0 0.649 0 0 0 0 0 0 0 0 0 0 0 0 0 0 0 0 0 0 0 0 0 0 0 0 0 0 0 0 0 0.52299 0.615235 0 0 0 0 0 0 0 0 0 0 0 0 0 0.666794 0 0 0 0 0 0.521653 0 0 0 0 0 0 0.66813 0 0 0 0 0 0 0 0 0 0 0 0 0 0 0 0
0 0.652199 0 0 0.639284 0 0 0 0 0 0 0 0 0 0 0 0 0 0 0 0 0 0 0 0 0 0 0.56162 0 0 0 0 0 0 0 0.61631 0 0 0 0 0 0 0 0 0 0 0 0 0 0 0 0 0 0 0 0 0 0 0 0 0 0.539354 0.516695 0 0 0.508345 0 0 0 0 0 0 0 0 0 0 0 0.508766 0 0 0 0 0 0 0 0 0 0 0 0 0 0 0 0 0 0 0 0 0 0 0 0 0 0 0 0 0 0 0.607624 0.39841 0 0 0.409789 0 0 0.379316 0 0 0 0 0 0 0 0 0 0 0 0.407672 0 0 0 0 0.329723 0.665522 0 0 0 0 0 0 0 0 0 0.559523 0 0 0 0 0 0 0 0 0 0 0 0.555108 0 0 0.54188 0 0.5249 0 0 0 0 0 0 0 0.422989 0 0 0 0 0 0 0 0 0 0 0 0 0.530824 0 0 0 0 0 0 0.622437 0 0 0 0 0 0 0 0 0 0 0
0 0 0 0 0 0 0 0 0 0.572588 0 0 0 0 0 0 0 0 0 0 0 0 0 0 0 0 0 0 0 0 0 0 0 0 0 0 0 0.445697 0 0 0 0 0 0 0 0 0 0 0 0 0 0 0.63311 0 0 0 0 0 0 0 0 0 0 0 0 0 0 0 0 0 0 0 0 0 0 0 0 0 0 0 0 0 0 0 0 0 0 0 0 0 0.329729 0 0 0 0 0 0 0 0 0 0 0 0 0 0 0 0 0 0 0 0 0 0 0 0 0 0 0 0 0 0 0 0 0 0 0 0 0 0 0 0 0 0 0 0 0 0 0 0 0 0 0 0 0 0 0 0 0 0 0 0.637177 0 0 0 0 0 0 0 0 0 0 0 0 0 0 0 0 0 0 0 0 0 0 0 0 0 0 0 0 0 0 0 0 0 0 0.519297 0.535635 0 0 0 0 0 0 0 0 0 0 0 0 0
0 0 0 0 0 0 0 0 0 0 0 0 0 0 0.573479 0 0 0 0 0 0 0 0 0.66609 0 0 0 0 0 0 0 0 0 0 0 0 0.480478 0 0 0 0 0 0 0 0 0 0 0 0.577655 0 0.524622 0 0 0 0 0 0 0 0 0 0 0 0 0 0 0 0 0.408927 0 0 0 0 0 0 0 0.562223 0 0 0 0 0 0 0 0 0 0 0 0 0 0 0.588272 0 0 0 0 0 0 0 0 0 0 0 0 0 0 0 0 0 0 0 0 0 0 0.469141 0 0 0 0 0 0.661637 0 0 0.649 0 0 0 0 0 0 0 0 0 0 0.68894 0 0 0 0 0 0 0 0 0 0.575905 0 0 0 0 0 0 0 0 0 0 0 0 0 0 0 0 0 0 0 0.477785 0 0 0 0 0 0 0 0 0 0.681615 0 0 0 0 0 0 0 0 0 0 0 0 0 0 0 0 0 0 0.573262 0 0 0 0 0 0 0
0 0.405207 0 0 0 0 0.479601 0 0 0 0 0 0.464705 0 0.571035 0 0 0 0 0 0 0 0 0.420947 0 0 0 0 0 0 0 0 0 0 0 0 0 0 0 0 0 0 0 0 0 0.705059 0 0 0 0 0 0 0 0 0 0 0 0 0 0 0 0 0 0 0 0 0 0 0 0 0 0 0 0 0 0 0 0.575091 0 0 0 0 0 0 0 0 0 0 0 0 0.565822 0 0 0 0 0 0 0 0 0 0 0 0 0 0.439496 0 0 0 0.567633 0 0 0 0 0 0 0 0.506557 0 0 0 0.7082 0 0 0 0 0 0 0 0 0 0 0 0 0 0 0.407586 0 0 0 0 0 0 0 0.401247 0 0 0.609703 0 0 0.722976 0 0 0 0 0 0 0.546722 0 0 0 0 0 0 0 0 0 0 0 0 0 0 0 0 0 0 0 0 0 0 0 0 0 0 0 0 0 0.426875 0 0 0.532686 0 0 0 0.543859 0 0 0 0 0 0
0 0 0 0 0 0 0 0 0 0 0 0.516713 0 0 0 0 0 0 0 0 0 0 0 0 0 0 0 0 0 0 0 0 0 0 0 0 0 0.473136 0 0 0 0 0 0 0 0 0 0 0 0 0 0 0 0 0 0 0 0 0 0 0 0 0 0 0 0 0 0 0 0 0 0 0 0 0 0 0 0 0 0 0 0 0 0 0 0 0 0 0 0 0 0 0 0 0.430611 0 0 0 0 0 0 0 0.582382 0 0 0 0.409666 0 0 0 0 0 0 0 0 0 0 0 0 0 0 0 0 0.407672 0 0 0 0 0 0 0 0.547609 0 0 0 0 0 0 0 0 0 0 0 0 0 0 0 0 0 0 0 0 0 0 0 0 0 0 0 0 0 0 0 0 0 0.661587 0 0 0 0 0 0 0 0 0 0 0 0 0 0 0.596899 0 0 0 0 0 0 0 0 0 0 0 0.333735 0 0 0 0 0 0 0
0.462153 0 0 0 0 0.441718 0 0 0 0 0 0 0 0 0 0 0 0 0 0 0 0 0 0 0 0 0.351057 0 0 0 0 0 0 0 0 0 0 0 0 0 0 0 0 0 0 0 0.423192 0 0 0 0 0 0 0 0 0 0 0.618498 0 0 0 0 0 0 0 0 0.614706 0 0 0 0 0 0 0 0 0 0 0.630067 0 0 0 0 0 0 0 0 0 0 0 0 0 0.511087 0 0 0 0 0 0 0 0 0 0 0 0 0 0 0 0 0 0 0 0 0 0 0 0 0.543241 0 0 0 0 0 0 0 0 0 0 0 0 0 0 0 0 0 0 0 0 0 0 0 0 0 0 0 0 0 0.587565 0 0.41177 0 0 0 0 0 0 0 0 0 0 0 0 0 0 0 0 0 0 0 0 0 0 0 0 0 0 0 0 0 0 0 0.590786 0 0 0.458344 0 0 0 0 0 0 0 0 0 0 0 0 0 0.335146 0 0.584668
0 0 0 0 0 0 0 0.492314 0 0 0.605265 0 0 0 0 0 0 0 0 0 0 0 0 0 0 0 0 0 0 0 0 0 0 0 0 0 0 0 0 0 0 0 0 0 0 0 0 0 0 0 0 0 0 0 0 0 0 0 0 0 0 0 0 0 0 0 0 0 0 0 0 0 0 0 0 0 0 0 0 0 0 0 0.477842 0 0 0 0 0.572763 0 0.396615 0 0 0 0 0 0 0 0 0 0 0 0.408581 0 0 0 0 0 0 0 0 0 0 0 0 0 0 0 0 0 0.523672 0 0 0 0 0 0 0 0 0 0 0 0 0 0 0 0 0 0.355453 0 0 0.574551 0 0 0 0.714951 0 0 0 0 0 0 0 0 0 0 0 0 0 0 0 0 0 0 0 0 0.459596 0 0 0 0 0 0 0 0 0 0.658666 0 0.489882 0 0 0 0 0 0 0 0 0 0.63954 0 0.683961 0 0 0 0 0 0 0 0 0 0
0 0 0 0 0 0 0 0 0 0 0 0 0 0 0 0 0 0 0 0 0 0 0 0 0 0 0 0 0 0 0 0 0 0 0 0 0 0 0 0 0 0 0 0 0 0 0 0 0.547403 0 0 0 0 0 0 0 0 0 0 0 0 0 0 0 0 0 0.456832 0 0 0 0 0 0 0 0 0 0 0 0 0 0 0 0 0 0.583261 0 0 0 0.399947 0 0 0 0 0 0 0 0 0 0 0 0 0 0 0 0 0 0 0 0 0 0 0 0 0 0 0 0 0 0 0 0 0 0 0 0 0 0 0 0 0 0 0 0 0.448452 0 0 0 0 0 0 0 0 0 0.569521 0 0 0 0 0 0 0 0 0 0 0 0 0 0.520038 0 0 0 0 0 0 0 0 0 0 0 0 0 0 0 0 0 0 0 0 0 0 0 0 0 0.534837 0 0 0 0 0 0 0 0 0 0 0 0 0 0 0 0.410867
0 0 0 0 0 0.596302 0 0 0 0 0 0 0 0 0 0 0 0 0 0 0 0 0 0 0 0 0 0 0 0 0 0.676729 0.702216 0 0 0 0.676185 0 0 0 0 0 0 0 0 0 0 0 0 0 0 0 0 0 0 0 0.424971 0 0 0 0 0 0 0 0 0.481028 0 0 0 0.394188 0 0 0.708663 0 0 0 0 0 0 0 0 0 0 0 0 0 0 0 0 0 0 0 0 0 0 0 0 0 0 0 0 0 0 0 0 0 0.475902 0 0 0 0 0 0 0 0 0 0 0 0 0 0 0 0 0 0 0 0 0.547609 0 0 0 0 0.435496 0 0.553673 0 0 0.482275 0 0 0 0 0 0 0 0.613616 0 0 0 0 0 0 0 0 0 0.481735 0 0 0 0 0 0 0 0.515675 0 0 0 0 0 0 0 0 0 0 0 0 0 0 0 0 0 0 0 0 0 0 0 0 0 0 0 0 0 0 0 0 0 0 0 0
0 0 0 0 0 0 0 0 0 0 0 0 0 0 0 0 0 0 0 0 0 0 0 0 0 0 0 0 0 0 0 0 0 0.313132 0 0 0 0 0 0 0 0 0 0 0 0 0 0 0 0 0 0 0 0 0 0 0 0 0 0 0.344938 0 0 0 0 0 0 0 0 0 0 0 0 0 0 0 0 0 0 0 0 0 0 0 0 0 0 0 0 0 0 0 0 0 0 0 0 0 0 0 0 0 0 0 0 0 0 0 0 0 0 0 0 0 0 0 0 0.537118 0 0 0 0 0 0.329723 0 0 0 0 0 0 0 0.435496 0 0 0 0 0 0 0 0 0 0 0 0 0 0 0 0 0 0 0 0.652624 0 0 0 0 0 0 0 0 0 0 0 0 0 0 0.561083 0 0 0 0 0 0 0 0 0 0 0 0 0 0 0 0 0 0 0 0 0 0 0 0 0 0 0 0 0 0 0 0 0
0 0 0 0 0 0 0 0 0 0 0 0 0 0 0 0 0 0 0 0 0 0 0 0 0 0 0 0 0 0 0 0 0 0 0 0 0 0 0 0 0 0 0 0 0 0 0.463165 0 0 0 0 0 0 0 0 0 0 0 0 0 0.342298 0 0 0 0 0 0 0 0 0.595125 0 0 0 0 0 0 0 0 0 0 0 0 0 0 0 0 0 0 0 0 0 0 0 0 0.358378 0 0 0.587341 0 0 0 0 0.623453 0 0 0 0 0 0 0 0 0 0 0 0 0 0 0 0 0 0 0 0 0.665522 0 0.68894 0 0 0 0 0.448452 0 0 0 0.458249 0 0 0 0 0 0 0 0 0 0 0 0 0 0 0 0 0 0 0 0 0 0 0 0 0 0 0 0 0 0.530783 0 0.587471 0 0 0 0 0 0 0 0 0 0 0.57342 0 0 0 0 0 0.495408 0 0 0 0 0 0 0 0 0 0 0 0 0 0 0 0
0 0 0 0 0.641291 0 0.494179 0 0 0 0 0 0 0 0 0 0 0 0 0 0 0 0 0 0 0 0 0 0 0 0 0 0 0 0 0 0 0 0 0 0 0 0 0 0 0 0 0 0 0 0 0 0 0 0 0 0 0 0 0 0 0 0 0 0 0 0 0 0 0 0 0 0.380383 0 0 0 0 0 0 0 0 0 0 0 0 0 0 0 0 0 0 0 0 0.400978 0.548592 0 0 0 0 0 0 0 0 0 0 0 0 0 0.470401 0 0 0 0 0 0 0 0 0 0 0 0 0 0 0 0 0 0 0 0 0 0 0.553673 0 0.458249 0 0 0 0 0 0 0 0 0 0 0 0 0 0 0 0 0 0 0 0 0 0 0 0 0 0 0 0 0 0 0 0 0 0 0 0 0 0 0 0 0 0 0 0 0 0 0 0 0 0 0 0.449231 0 0 0 0 0 0 0 0 0 0 0 0 0 0
0 0 0 0 0 0 0 0 0 0.628674 0 0 0 0 0 0 0 0 0 0 0 0 0 0 0.541374 0 0 0 0.393279 0 0 0 0 0 0 0 0 0 0 0 0 0 0 0 0 0.635556 0 0 0 0 0 0 0 0 0 0 0 0 0 0 0 0 0 0 0.693168 0 0 0 0 0.418686 0 0 0 0 0 0 0 0 0 0 0 0 0 0 0 0 0 0 0 0 0.642605 0 0 0 0 0 0 0 0.457791 0 0 0 0 0 0 0 0 0 0 0 0 0 0 0 0 0 0 0 0 0 0 0 0 0 0 0 0.407586 0 0 0 0 0 0 0 0 0 0 0 0 0 0 0.517551 0 0 0 0 0 0 0 0.679458 0 0 0 0 0 0 0 0 0.332329 0 0 0 0.567315 0 0 0 0 0 0 0 0 0 0 0 0 0 0 0 0.536554 0 0 0 0 0.430981 0 0 0.597873 0 0 0.50465 0 0 0 0.482799 0 0 0 0 0 0
0 0 0 0 0 0 0 0 0 0 0 0 0 0 0 0 0 0 0 0 0 0 0 0.405875 0 0 0 0 0 0 0.660261 0 0 0 0 0 0 0 0 0 0 0 0 0 0.515455 0.506365 0 0 0 0 0 0 0 0.585195 0 0 0 0 0 0 0 0 0 0 0 0 0 0 0 0 0 0 0 0 0 0 0 0 0 0 0 0 0 0 0 0 0 0 0.497858 0 0 0 0 0 0 0 0 0.576513 0 0 0 0 0 0 0 0 0 0 0 0 0 0 0 0 0 0 0 0 0 0 0 0 0 0 0 0 0 0 0 0 0 0 0 0 0 0 0 0 0 0 0.431934 0 0.623905 0 0 0 0 0 0 0 0 0 0 0 0 0 0 0 0 0 0 0 0 0 0 0 0 0 0 0 0 0 0 0 0 0 0 0 0 0.562311 0 0 0 0 0 0 0 0 0.440259 0 0 0 0 0 0 0 0 0 0 0
0 0 0 0 0 0 0 0 0 0 0 0 0 0 0 0 0 0 0 0 0 0 0 0 0 0 0 0 0 0 0 0 0 0 0 0 0 0 0 0 0 0.523724 0 0 0 0 0 0 0 0 0 0 0 0 0 0.55863 0 0 0 0 0 0 0 0.464781 0 0 0 0 0 0 0 0 0 0 0 0 0.572377 0 0 0 0 0 0 0 0 0 0 0 0 0 0 0 0 0 0 0.640895 0 0 0 0 0 0 0 0 0 0 0 0 0 0 0.589919 0 0 0 0 0 0 0 0 0 0 0.570036 0 0 0 0 0 0 0 0.355453 0 0.482275 0 0 0 0 0 0 0 0 0 0 0 0 0 0.353773 0.580389 0 0 0 0 0 0 0 0 0 0 0 0 0 0.555885 0 0 0 0 0.483371 0 0 0 0 0 0.732677 0 0 0 0 0 0 0 0 0 0 0 0 0 0.324201 0 0 0 0 0 0.649512 0 0 0 0 0 0 0 0
0 0 0 0 0 0 0 0.703186 0 0 0 0 0 0 0 0.382587 0 0 0 0 0 0 0 0 0 0.540159 0.730395 0 0 0 0 0 0 0 0 0 0 0 0 0 0 0 0 0 0.533846 0 0 0 0 0 0 0 0 0 0 0 0 0 0 0 0 0 0 0 0 0 0 0 0 0 0 0 0 0.693505 0 0 0 0 0 0 0 0 0 0 0 0 0 0 0 0 0 0 0 0 0 0 0 0 0 0 0 0 0 0 0 0.600165 0 0 0 0 0 0 0 0 0 0 0 0 0 0 0 0 0 0 0 0 0 0 0 0 0 0 0 0 0 0 0 0 0 0 0 0 0 0 0 0 0 0.477568 0 0 0 0 0 0 0 0 0 0.611651 0 0 0 0 0 0 0 0 0 0 0 0 0 0 0.28859 0 0 0 0 0 0 0 0 0 0 0.360584 0 0 0 0 0.367009 0 0 0 0 0 0 0 0 0 0 0
0 0 0 0 0 0 0 0 0 0 0 0 0 0 0 0 0 0 0 0 0 0 0 0 0 0 0 0 0 0 0.37778 0 0 0 0 0 0 0 0 0 0 0 0 0 0.534331 0 0 0 0 0 0 0 0 0 0 0 0 0 0 0 0 0 0 0 0 0 0 0 0 0 0 0 0 0 0 0.348719 0 0 0 0 0 0 0 0 0 0 0 0 0 0 0 0 0 0 0 0 0 0 0 0 0 0 0 0 0 0 0 0 0 0 0 0 0 0 0 0 0 0 0 0 0 0 0 0 0 0 0 0 0 0 0 0 0 0 0 0 0 0 0 0 0 0 0 0 0 0 0.477403 0 0 0 0 0 0 0 0 0 0 0.391367 0.411402 0 0 0 0 0.303746 0 0 0 0 0 0 0 0 0 0 0 0 0.397071 0 0 0 0 0 0.49656 0 0 0 0 0 0 0 0 0 0 0 0 0 0 0 0 0
0 0 0 0 0 0 0 0 0 0 0 0 0 0 0 0 0 0 0 0 0 0 0 0 0 0 0 0 0 0 0 0 0 0 0.555967 0 0 0 0 0 0 0 0 0 0 0 0 0 0 0 0 0 0 0 0 0 0 0.533262 0 0 0 0 0 0 0 0 0 0 0 0 0 0 0 0 0 0 0 0 0 0 0 0 0 0 0 0.589891 0 0 0 0 0 0 0 0 0 0 0 0 0 0 0 0 0.564014 0.482873 0 0 0 0 0 0 0 0 0 0.633207 0 0 0 0 0 0 0 0 0 0 0 0 0 0 0 0.574551 0 0 0 0 0 0 0.431934 0 0 0 0 0 0 0 0 0 0 0 0 0 0 0 0 0 0 0 0 0 0 0 0 0 0 0 0 0 0 0 0 0 0 0 0 0 0 0 0 0 0 0 0 0 0 0 0 0 0 0 0 0 0 0 0 0 0 0 0 0 0 0
0 0 0 0 0 0 0 0 0 0 0 0 0 0.643014 0 0 0 0 0 0 0 0 0 0 0 0 0 0 0 0 0 0 0 0 0 0 0 0.467613 0 0 0 0 0 0 0 0 0 0 0 0 0 0 0 0 0 0 0 0 0 0 0 0 0 0 0 0 0 0 0 0 0 0 0 0 0 0 0 0 0 0 0 0 0 0 0 0.57807 0 0 0 0 0 0 0 0 0 0 0 0 0 0 0 0 0 0 0 0 0.384083 0 0 0 0 0.582669 0 0 0.492451 0 0 0 0 0 0 0 0 0 0 0 0 0 0 0 0 0 0 0 0 0.517551 0 0 0 0 0 0 0 0 0.696904 0 0 0 0 0 0 0 0 0 0 0 0 0 0 0 0 0 0 0 0 0 0 0 0 0 0 0 0 0.527249 0 0 0 0.71873 0 0 0 0 0 0 0 0 0 0 0 0 0 0 0 0 0 0 0 0 0 0
0 0 0 0 0 0 0 0 0 0 0 0 0 0 0 0 0 0 0 0 0 0 0.340017 0.503222 0 0 0 0 0 0 0 0 0 0 0 0 0 0 0 0 0 0 0 0 0 0 0 0 0 0 0 0 0 0 0 0 0 0 0 0 0 0 0 0.728109 0 0 0 0 0 0 0 0 0 0 0 0 0.394348 0 0 0 0 0 0 0 0 0 0.517595 0 0 0 0 0 0 0 0 0 0 0 0 0 0 0 0 0 0 0 0 0 0 0 0 0 0 0 0 0 0 0 0 0 0 0 0 0 0 0 0 0 0 0 0 0 0 0 0 0 0.623905 0 0 0 0 0 0 0 0 0 0 0 0.468462 0 0 0 0 0 0 0 0 0 0 0 0 0 0 0 0 0 0 0 0 0 0 0 0 0 0 0 0 0 0 0 0 0 0 0 0 0 0.74095 0.390734 0 0 0 0 0 0.509716 0 0 0 0 0 0
0 0.311776 0.556396 0 0 0 0 0 0 0 0 0.456738 0 0 0 0 0.546871 0 0 0 0 0 0 0 0.592051 0 0 0 0 0 0 0 0 0 0 0.468807 0 0 0 0 0 0.299162 0 0 0 0 0 0 0 0 0 0 0 0.509315 0 0 0 0 0 0 0 0 0 0 0 0 0 0 0 0 0 0 0 0 0.363751 0 0 0 0 0 0 0 0 0 0 0 0 0 0 0 0 0 0 0 0 0 0 0 0 0 0 0 0.433493 0 0 0 0 0 0 0 0.527829 0 0 0 0.473098 0 0 0 0 0 0 0 0 0.559523 0 0.575905 0.401247 0 0 0 0.569521 0 0 0 0 0 0 0 0 0 0 0 0 0 0 0 0 0 0 0 0 0 0 0 0 0 0 0.70404 0 0 0 0 0 0 0 0 0 0 0 0.393647 0 0 0 0 0.502349 0 0 0 0 0 0 0 0 0 0 0 0 0 0 0 0 0 0 0 0.583422 0 0 0 0 0
0 0 0 0 0 0 0 0 0 0 0 0 0 0.730192 0 0 0 0 0 0 0 0 0.601145 0 0 0 0 0 0 0 0 0 0 0 0 0 0 0.385837 0 0 0 0 0 0 0 0 0.505339 0 0 0 0 0 0 0 0 0 0.579057 0 0 0 0 0 0 0 0 0 0 0 0 0 0 0 0 0 0 0 0.534523 0 0 0 0 0 0 0.530115 0 0 0 0 0 0 0 0 0 0 0 0 0 0 0 0 0 0 0.458022 0 0 0 0 0 0.329405 0 0 0 0.429283 0.601344 0 0 0 0 0 0 0 0 0 0 0 0 0 0 0 0.714951 0 0 0 0 0 0 0 0 0 0 0 0.696904 0 0 0 0 0 0 0 0 0 0 0 0 0 0.651132 0 0 0 0.418531 0 0 0 0 0 0 0 0 0 0 0 0 0 0 0 0 0 0 0 0 0 0 0 0 0 0 0 0 0 0.40139 0.279998 0 0 0.371109 0 0 0 0 0 0
0 0 0 0 0 0 0 0 0 0 0.55832 0 0 0 0 0 0 0 0 0 0.435731 0.417962 0 0 0 0 0 0 0 0 0 0 0 0 0 0 0 0 0 0 0 0 0 0 0 0 0 0 0 0 0 0 0 0 0 0 0 0 0 0 0 0 0 0 0 0 0 0 0 0 0 0 0 0 0 0 0 0 0 0.37481 0 0 0 0 0 0 0 0 0 0 0 0 0.504275 0 0 0 0 0 0.678265 0 0 0 0 0 0.357688 0.437276 0 0 0 0 0 0 0 0 0 0 0 0 0 0 0 0 0 0 0 0 0 0 0 0 0 0.613616 0 0 0 0 0 0.353773 0 0 0 0 0 0 0 0 0 0 0 0 0 0 0 0 0 0 0 0 0.459011 0 0 0.406243 0 0 0 0 0 0 0 0 0 0 0 0.378529 0 0 0 0 0 0 0 0 0 0 0 0 0 0 0 0 0 0 0 0 0 0 0 0 0 0
0 0 0 0 0 0 0 0 0 0 0 0 0 0 0 0 0 0 0 0 0 0 0 0 0 0 0 0 0 0 0 0 0 0 0 0 0 0 0 0 0 0 0 0.649484 0 0 0 0 0 0 0 0 0 0 0 0 0 0 0 0 0 0 0 0 0 0 0 0 0.461143 0 0 0.678005 0 0 0 0 0 0 0 0 0 0 0 0 0 0 0 0 0 0 0 0 0 0 0 0 0.65223 0 0 0 0 0 0 0 0 0 0 0 0 0 0 0 0 0.398453 0 0 0.367776 0 0 0 0 0.510387 0 0 0 0 0.609703 0 0.587565 0 0 0 0 0 0 0 0 0.580389 0 0.477403 0 0 0 0 0 0 0 0 0 0 0 0 0 0 0 0 0 0 0 0 0 0 0 0 0 0 0 0 0 0 0 0 0 0 0 0 0 0 0 0 0 0 0 0 0 0 0 0 0.5927 0 0 0 0 0 0 0 0 0 0 0
0.336842 0 0 0 0 0 0 0 0 0 0 0 0 0 0 0 0 0 0 0 0 0 0 0 0 0 0 0 0 0 0 0 0.433955 0 0 0 0.498599 0 0 0 0 0 0 0 0 0 0 0 0 0 0 0 0 0 0.530859 0 0 0 0 0 0 0.590672 0 0 0 0.537065 0.708562 0 0 0 0 0 0 0 0 0 0 0 0 0 0 0 0 0 0 0 0 0 0 0 0 0 0 0 0 0.628142 0 0 0 0 0 0 0 0 0 0 0 0 0.699647 0 0 0 0 0 0 0 0 0 0 0 0 0 0 0 0 0 0 0 0 0 0 0 0 0 0 0 0 0 0.477568 0 0 0 0 0 0 0 0 0 0 0 0 0 0 0 0 0 0 0 0 0 0 0 0.59487 0 0 0 0 0 0 0 0 0 0 0 0 0 0 0 0 0 0 0 0.519527 0 0 0 0 0 0 0 0 0 0 0 0 0.54712 0.648621 0 0 0
0 0 0 0 0 0 0 0 0 0 0 0 0 0.576648 0 0 0 0 0.393371 0 0 0 0.428163 0 0 0.740617 0 0 0 0 0 0 0 0 0 0.574199 0 0 0 0 0 0 0 0 0 0 0 0 0 0 0 0 0 0 0 0 0 0 0 0 0 0 0 0 0 0 0 0 0 0 0.66367 0 0 0 0.452919 0 0.410645 0 0 0 0 0 0 0 0 0 0 0 0 0 0 0 0 0 0 0 0 0 0 0 0 0 0 0 0 0 0 0 0 0 0.410975 0 0 0 0 0 0 0 0 0 0 0 0 0 0 0 0 0 0.41177 0 0 0 0 0 0 0 0 0 0 0 0 0 0.468462 0 0 0 0 0 0 0 0 0 0 0 0 0 0 0 0 0.643052 0 0 0 0 0 0.696705 0 0 0 0 0 0 0 0 0 0 0 0 0 0 0.379518 0 0 0 0 0.54873 0.515334 0 0 0 0 0 0 0 0 0 0 0 0 0
0 0 0 0 0.558306 0 0 0 0 0.387819 0.406561 0 0 0.682324 0.652865 0.405311 0 0 0 0 0 0 0 0.566339 0 0.656643 0 0 0 0 0 0 0 0 0 0 0 0 0 0 0 0 0 0 0 0 0 0 0 0 0 0 0 0 0 0 0 0 0.51858 0.513877 0.389311 0 0 0 0 0 0 0 0 0 0.649931 0 0 0 0 0 0 0 0 0 0 0 0 0 0 0 0 0 0 0 0 0 0 0 0 0 0 0 0 0 0 0 0 0 0.340287 0 0 0 0 0 0 0 0 0 0 0.321474 0 0 0 0 0 0 0 0 0 0 0.722976 0 0 0 0 0 0 0 0 0.679458 0 0 0 0 0 0 0 0 0 0 0 0 0 0 0 0 0 0.531454 0 0.676319 0 0 0 0 0 0 0 0 0 0 0 0 0 0 0 0 0 0 0.498763 0 0 0 0 0 0 0 0 0 0 0 0 0 0 0 0 0.573568 0 0 0 0 0 0 0 0
0 0 0 0 0.524952 0 0 0 0 0 0 0 0 0 0 0 0 0 0 0 0 0 0 0 0 0 0 0 0 0 0 0 0 0 0 0 0 0 0 0.561125 0 0 0 0 0 0 0 0 0 0 0 0 0.585994 0 0 0 0 0 0 0 0 0 0 0 0 0 0 0 0 0.549003 0 0 0 0 0 0 0 0 0.459572 0 0 0 0 0 0 0 0 0 0 0 0 0 0 0 0 0 0 0 0 0 0.524021 0 0 0 0 0 0 0 0 0 0 0 0 0 0 0 0 0 0 0 0 0 0 0 0.637177 0 0 0 0 0 0 0 0 0 0 0 0 0 0 0 0 0 0 0 0 0 0 0 0 0 0 0 0 0 0 0 0 0 0 0 0 0 0 0 0 0 0 0 0 0 0 0 0 0 0 0 0 0 0 0 0 0.654473 0.474333 0 0 0 0 0 0 0 0 0 0 0 0 0 0 0 0 0
0 0 0 0.576392 0.43586 0 0 0 0 0 0 0 0 0 0 0 0 0 0 0 0 0 0 0 0 0 0 0 0 0 0 0 0.247922 0 0 0 0 0 0 0 0 0 0 0 0 0 0 0 0 0 0.470145 0 0 0 0 0 0 0 0 0 0 0 0.50934 0 0 0 0.509973 0 0 0 0 0 0 0 0 0 0 0 0 0.350851 0 0 0 0 0 0 0 0 0 0 0 0 0.522176 0 0 0 0 0 0 0 0.401268 0 0 0 0 0 0 0 0 0 0 0 0 0 0 0 0 0 0 0 0 0 0 0 0 0 0 0 0 0 0 0 0.652624 0 0 0 0 0 0 0 0 0 0 0 0 0 0 0 0 0 0 0 0 0 0 0 0 0 0 0 0 0 0 0 0 0 0 0 0 0 0 0 0 0 0 0 0 0 0 0 0 0 0 0 0 0 0 0 0 0 0 0 0 0 0 0.457178 0 0 0 0
0 0 0 0 0 0 0 0 0 0 0.31345 0 0 0 0 0 0 0 0 0.617873 0 0 0 0 0 0 0 0 0 0 0 0 0.610276 0 0 0 0 0 0 0 0.535099 0 0 0.379138 0 0 0.396281 0 0.397131 0 0 0 0 0 0 0 0 0 0 0 0 0 0 0 0 0 0 0 0 0 0 0 0.373872 0 0 0 0 0 0 0 0 0 0 0 0 0 0 0 0 0 0 0 0 0 0 0 0 0 0.631087 0 0 0 0 0 0 0 0 0 0.511511 0 0 0 0 0 0 0 0 0 0 0.345206 0 0 0 0 0 0 0 0 0 0 0 0 0 0 0 0 0 0 0 0 0 0 0 0 0 0 0 0 0 0 0 0 0 0 0.566887 0 0 0 0 0 0 0 0.582479 0 0.721604 0 0 0 0 0 0 0 0 0 0 0 0 0 0 0 0 0 0 0 0.394354 0 0 0 0 0 0 0 0 0 0 0 0 0 0 0
0 0 0 0 0 0 0.544037 0 0 0 0 0 0 0 0 0 0 0 0.542161 0 0 0 0 0 0 0.515443 0 0 0 0 0 0 0 0 0 0 0 0 0 0 0 0 0 0 0 0 0 0.631115 0 0 0 0.431088 0 0 0 0 0.594183 0 0 0 0.522596 0 0 0 0 0 0 0.326865 0 0.687458 0 0 0 0 0 0 0 0 0 0 0 0 0 0 0 0 0 0 0 0 0 0 0 0 0 0 0.454532 0 0 0 0 0 0 0 0 0 0 0 0 0 0 0 0 0 0 0 0 0 0 0 0 0 0 0 0 0 0 0 0 0 0 0 0 0 0 0 0 0 0 0 0 0 0 0 0 0 0 0 0 0.531454 0 0 0 0 0 0 0 0 0 0 0 0 0 0 0 0 0 0 0 0 0 0 0.447172 0 0 0 0 0 0 0 0 0 0.640567 0 0 0.690731 0 0 0 0 0 0 0 0 0 0 0.572909 0 0.530437 0
0 0.445231 0 0 0 0 0 0.516221 0 0.390287 0 0 0 0 0 0 0.699701 0.640725 0 0 0.672925 0 0 0 0 0 0 0 0 0 0 0 0 0 0 0 0 0 0 0 0 0 0 0 0 0 0 0 0 0 0 0 0 0 0 0 0 0 0 0 0.541569 0 0 0 0 0 0 0 0 0 0 0 0 0 0 0 0 0 0 0 0 0.687165 0 0 0 0 0 0 0 0 0.541947 0.465331 0 0 0 0 0 0 0 0 0 0 0 0 0 0 0 0 0 0 0 0 0 0 0 0 0 0 0 0 0 0 0 0 0 0 0 0 0 0 0 0 0 0 0 0 0 0 0 0 0 0 0 0 0 0 0 0 0 0 0 0 0.566887 0 0 0 0 0 0 0 0 0 0 0 0 0 0 0 0 0 0 0 0 0 0 0 0 0 0 0 0 0 0 0 0 0 0 0 0 0 0 0 0.35743 0 0 0 0 0 0 0.36362
0 0 0 0.603167 0 0 0 0 0 0 0 0 0 0 0 0 0 0 0 0 0 0 0 0 0 0.344312 0 0 0 0.631618 0 0 0 0 0 0 0 0 0 0 0 0 0 0 0 0 0 0 0.47645 0 0 0 0 0 0 0 0 0 0 0 0 0 0 0 0 0 0 0 0 0 0 0 0 0 0 0 0 0.583875 0 0 0 0 0 0 0 0.575168 0 0 0 0 0 0 0 0 0 0 0 0 0 0 0 0 0 0 0 0 0 0 0 0 0 0 0 0 0 0 0 0.619279 0 0 0 0 0.52299 0.555108 0 0 0 0 0 0 0 0.481735 0 0 0 0 0 0 0 0 0 0 0 0 0.651132 0 0 0 0 0.676319 0 0 0 0 0 0 0 0 0 0 0 0 0 0 0 0 0 0 0 0 0 0 0 0 0 0 0.680947 0 0 0 0 0 0.575795 0 0 0 0 0 0 0 0 0 0 0.632318 0 0 0 0 0 0
0 0 0 0 0 0 0 0 0 0 0 0 0 0 0 0 0 0 0 0 0 0 0 0 0 0.451063 0 0 0 0 0 0 0 0 0 0 0 0 0 0 0 0 0 0.663281 0 0 0 0 0 0 0 0 0 0 0 0 0 0 0 0 0 0 0 0 0 0.491231 0 0 0 0 0 0 0 0.521992 0 0 0.438939 0 0 0.505043 0 0 0 0 0 0 0 0 0 0 0 0 0 0 0 0 0 0 0 0 0 0 0 0 0 0 0 0 0 0 0 0 0 0 0 0 0 0 0 0 0 0 0.615235 0 0 0 0.546722 0 0 0 0 0 0 0 0 0 0 0 0 0 0 0 0 0 0 0 0 0 0 0 0 0 0 0 0 0 0 0 0 0 0 0 0 0 0 0 0 0 0 0 0 0 0 0 0 0 0 0 0 0 0 0.685459 0 0 0 0 0 0 0.655672 0 0 0 0 0 0 0 0 0 0 0
0.542639 0 0 0 0 0 0 0 0 0 0 0 0 0 0 0 0 0 0 0 0 0 0.684036 0 0.484627 0 0 0 0.445535 0.458469 0 0 0 0.549885 0 0 0 0 0.357874 0 0 0 0 0 0 0 0 0 0 0 0 0 0.582872 0 0 0 0 0 0 0 0.539046 0 0 0 0 0 0 0 0 0 0 0 0 0 0 0 0 0 0 0 0 0 0 0 0.427764 0 0 0 0 0 0 0 0 0 0 0 0 0 0 0 0 0 0 0.742289 0 0 0 0 0 0 0 0 0 0 0 0 0 0 0 0 0 0 0 0 0 0 0 0 0 0 0.520038 0 0 0 0 0 0 0 0.611651 0.391367 0 0 0 0.70404 0 0 0 0 0 0 0 0 0 0 0 0 0 0 0 0 0 0 0 0 0 0 0 0 0 0 0 0 0 0 0 0 0 0 0 0 0 0 0 0 0 0 0 0.338056 0 0 0 0 0 0 0 0 0.450327 0 0 0
0 0 0 0 0 0 0 0 0 0 0 0 0 0 0 0 0 0 0 0 0 0 0 0 0 0 0.629381 0 0 0 0 0.640171 0 0.565763 0 0 0 0 0 0 0 0 0 0 0 0.422363 0.521588 0 0 0 0.535449 0 0 0 0 0 0 0 0 0 0.438329 0 0 0 0 0 0 0 0 0 0 0 0 0 0.679721 0 0 0 0 0.449644 0 0 0 0 0 0 0 0 0 0 0 0 0 0 0 0 0 0 0 0 0 0 0 0 0 0 0 0 0 0 0 0 0 0 0 0 0 0 0 0 0 0 0 0.54188 0 0 0 0 0 0 0 0 0 0 0 0.332329 0 0 0 0.411402 0 0 0 0 0 0.459011 0 0 0 0 0 0 0 0 0 0 0 0 0 0 0 0 0.614334 0 0 0 0 0 0 0 0 0.313509 0 0 0 0 0 0 0 0 0.595739 0 0 0 0 0 0 0 0 0.569324 0 0 0 0 0 0 0 0 0 0
0 0 0.612685 0 0 0 0 0 0 0.597612 0 0 0 0 0 0 0 0 0 0 0 0 0 0 0.5699 0 0 0 0 0 0 0 0 0 0 0 0 0 0 0 0 0 0 0 0 0 0 0 0 0.377484 0 0 0 0 0 0 0 0 0 0.636938 0 0 0.340014 0 0 0 0 0 0 0 0 0 0 0 0 0 0 0 0 0 0 0 0 0 0 0 0 0 0 0 0 0 0 0 0 0 0 0 0 0 0 0 0 0 0 0 0 0 0 0.593967 0 0.549735 0 0 0 0 0 0 0 0 0 0 0 0 0 0 0 0 0 0 0 0 0 0 0 0 0 0 0 0 0 0 0 0 0.418531 0 0 0 0.643052 0 0 0 0 0 0 0 0 0 0 0 0 0 0 0 0 0 0 0 0 0 0 0 0.513945 0 0 0 0 0 0 0 0 0 0 0 0 0 0.346431 0 0 0 0 0 0 0 0 0 0 0 0 0
0 0 0 0 0 0 0 0 0.474033 0 0 0 0 0 0.503842 0 0 0 0 0 0 0 0 0 0 0 0 0 0 0 0 0 0 0.629065 0 0 0 0 0 0 0 0 0 0 0 0 0 0 0 0 0 0 0 0 0 0 0 0 0 0 0 0 0 0 0 0 0 0 0 0 0 0 0 0 0 0 0 0 0 0.624646 0 0 0.425341 0 0 0 0 0 0 0 0 0 0 0 0.550174 0 0 0 0 0.585105 0 0 0 0 0 0 0 0 0.574549 0 0 0 0 0 0 0 0 0 0 0 0.575063 0 0 0.5249 0 0 0 0 0 0 0 0 0 0 0 0 0 0.555885 0 0 0 0 0 0 0 0 0 0 0 0 0 0 0 0 0 0 0 0 0 0 0 0 0 0 0 0 0 0 0 0.563843 0 0 0 0 0 0.519714 0 0 0 0 0 0 0 0 0 0 0 0 0 0 0 0 0 0 0 0 0 0 0 0
0 0.579655 0 0 0 0 0 0 0 0 0 0 0 0 0 0 0 0 0 0 0 0 0 0 0 0 0 0 0 0 0 0 0 0.462119 0 0 0 0 0 0 0 0 0 0 0 0 0 0 0 0 0 0 0 0 0 0 0 0 0.412212 0 0.734631 0 0 0 0 0 0 0 0 0 0 0 0.30783 0 0 0 0 0 0 0 0 0 0 0 0 0 0 0 0.336325 0 0 0 0 0 0.484939 0 0.668065 0 0 0 0 0 0 0 0 0 0 0 0 0 0 0 0 0 0 0 0 0 0 0 0 0 0 0 0 0 0 0 0 0 0 0 0 0 0 0 0 0 0 0 0 0 0 0 0 0.406243 0 0 0 0 0 0 0 0 0 0 0 0 0 0 0 0 0 0 0.413502 0 0 0.504311 0 0 0 0 0 0 0 0 0 0 0 0 0 0 0 0 0 0 0 0 0 0 0 0.550193 0 0 0 0 0 0 0 0
0 0 0 0 0 0 0 0 0 0 0 0 0 0 0 0 0 0 0 0 0 0 0 0 0 0 0 0 0 0 0 0 0 0 0 0 0 0 0 0 0 0 0 0 0 0 0 0 0 0 0 0 0 0 0 0 0 0 0 0 0 0 0 0 0 0.574747 0 0 0 0 0 0 0 0 0 0 0 0 0 0 0 0 0 0 0 0 0 0 0 0 0 0 0 0 0 0 0 0 0 0 0 0 0 0 0 0 0 0 0 0 0 0 0 0 0 0 0 0 0 0 0 0 0 0 0 0 0 0 0 0 0 0 0 0 0 0.567315 0 0 0 0 0 0 0 0 0 0 0 0.59487 0 0 0 0 0.582479 0 0 0 0 0 0.614334 0 0 0 0 0 0 0 0 0 0 0 0 0 0 0 0 0 0 0 0 0 0 0 0 0 0 0 0 0 0 0 0 0 0 0 0 0 0 0 0 0
0 0 0 0 0 0 0 0 0 0 0.584941 0 0 0 0 0 0 0 0 0.540186 0 0 0 0.633259 0 0 0.504758 0 0.444994 0 0 0 0 0 0 0 0 0 0 0 0.55376 0 0 0 0 0 0 0 0 0 0 0 0 0 0 0 0 0 0 0.587183 0 0 0 0.360226 0 0 0.458296 0 0 0 0 0 0 0 0 0 0 0 0 0 0 0 0 0 0 0 0 0 0 0 0 0 0 0 0 0 0 0 0 0 0 0 0 0 0 0 0 0 0 0 0 0 0 0 0 0 0 0 0 0 0 0 0 0 0 0.477785 0 0 0 0 0 0.515675 0 0 0 0 0 0 0 0.303746 0 0 0 0 0 0 0 0 0 0 0 0 0 0 0 0 0 0 0 0 0 0 0 0 0 0 0 0 0.563352 0 0 0 0 0 0 0 0 0 0 0 0 0 0 0 0 0 0 0 0.514433 0 0.586494 0 0 0 0 0 0.426774 0 0 0
0 0 0 0 0 0 0 0 0 0 0 0 0 0 0.413533 0 0 0 0 0 0 0 0 0 0 0 0 0 0 0 0 0 0 0 0 0 0 0 0 0 0 0 0 0 0 0 0 0 0 0 0 0 0 0 0 0 0 0 0 0 0 0 0 0 0 0 0 0 0 0 0 0.424855 0 0 0 0 0 0 0 0 0 0 0 0 0 0 0 0 0 0 0 0 0 0.566638 0 0 0 0 0 0 0 0 0 0 0.647106 0 0 0 0 0 0 0 0 0 0 0 0 0 0 0 0 0 0 0 0 0 0 0 0 0 0 0 0 0.530783 0 0 0 0 0 0 0 0 0 0 0 0 0 0 0 0 0 0 0.721604 0 0 0 0 0 0 0 0 0.413502 0 0 0 0 0 0 0 0 0 0 0 0 0 0 0 0 0 0 0 0 0.641825 0 0 0.561266 0 0 0 0 0 0 0 0 0.649298 0 0 0 0 0
0.653948 0 0 0 0 0 0 0 0 0 0 0 0 0 0 0 0 0 0 0 0 0 0 0 0 0 0 0 0.529005 0 0 0 0 0 0 0 0 0 0 0 0 0 0 0 0 0 0 0.382082 0 0 0.520088 0.36129 0.350434 0 0 0 0 0 0 0 0 0 0 0 0 0.41762 0 0 0 0 0 0 0 0 0 0 0.585859 0 0 0 0 0.375909 0 0 0 0 0 0 0 0 0 0 0 0 0 0 0 0 0 0 0 0 0 0 0 0 0 0 0 0 0.417442 0 0 0 0 0 0 0.680307 0 0 0 0 0 0 0 0 0 0.661587 0 0.459596 0 0 0 0 0 0 0 0.483371 0 0 0 0 0 0 0 0 0 0 0.696705 0 0 0 0 0 0 0 0 0 0 0 0 0 0 0 0 0 0.688778 0 0 0 0 0 0 0 0 0 0 0 0 0 0 0 0 0 0 0 0.40336 0 0 0 0 0 0 0 0 0 0 0 0 0
0 0 0 0 0.686817 0 0 0 0 0 0 0 0.508581 0 0 0 0 0 0 0 0 0 0 0 0 0 0 0 0 0 0 0 0 0 0 0 0 0 0 0 0.575392 0.340128 0 0 0 0 0.594263 0 0 0 0 0 0.290362 0 0 0 0 0 0 0 0 0 0 0 0 0 0 0 0 0 0 0 0 0 0 0 0 0 0 0 0.465372 0 0 0 0 0 0 0 0 0 0 0 0.73678 0 0 0 0 0 0 0 0.580524 0 0 0 0 0 0 0 0 0 0 0 0 0 0 0 0 0 0 0 0.613409 0 0 0 0 0 0 0 0 0 0 0 0.561083 0.587471 0 0 0 0 0 0 0 0 0 0 0 0 0 0 0 0 0 0 0 0 0 0 0 0 0 0 0 0 0 0 0 0.688778 0 0 0 0 0 0 0.448596 0.578929 0 0 0 0 0 0 0.530456 0 0 0 0 0 0 0 0 0 0 0 0 0 0 0 0 0 0 0
0 0.650791 0 0 0.549439 0 0 0 0 0 0 0 0 0 0 0 0 0 0 0 0 0 0 0.542072 0 0 0 0 0 0 0 0 0 0 0 0 0 0 0 0.478707 0 0 0 0 0 0 0.480006 0 0 0 0 0 0 0 0 0 0 0 0 0 0 0 0 0 0 0 0 0 0 0 0 0 0 0 0 0 0 0 0.692568 0 0 0 0.34823 0 0 0 0 0 0 0 0 0 0 0 0 0 0 0 0 0.321662 0 0 0 0 0 0 0 0 0 0 0.600892 0 0 0 0 0 0 0 0 0 0 0 0 0 0 0 0 0 0 0 0 0 0 0 0 0 0 0 0 0 0 0 0 0 0 0 0 0 0 0 0 0 0 0 0 0 0 0 0 0 0 0.504311 0 0 0 0 0 0 0 0 0 0 0 0 0 0.542193 0 0 0 0 0.314944 0 0 0 0 0 0 0 0 0 0.424996 0 0 0 0 0.524198 0 0 0 0
0 0 0 0 0 0 0 0 0 0 0 0 0.432156 0 0 0.548066 0 0.517858 0 0 0 0 0 0 0 0 0 0 0 0 0 0 0.485586 0.416345 0 0 0 0 0 0 0.410754 0 0 0 0 0 0 0 0 0 0 0.625907 0 0 0 0 0 0 0 0.67164 0 0 0 0 0 0 0 0 0 0 0 0 0 0 0 0 0 0 0 0 0.649832 0 0.543073 0 0 0 0 0 0 0 0 0 0 0 0 0 0 0 0 0 0.384303 0 0 0 0 0 0.596456 0 0 0 0.528188 0 0 0 0 0 0 0.458843 0 0 0 0 0 0.422989 0 0 0 0 0 0 0 0 0 0 0 0 0 0 0 0 0 0 0 0 0 0 0 0 0 0 0 0 0 0 0 0 0 0 0 0 0 0 0 0.563352 0 0 0 0 0 0 0 0 0 0 0 0 0 0 0 0 0 0 0 0 0 0 0 0 0 0 0 0 0 0 0 0 0 0 0.534986 0
0 0 0 0 0 0 0 0 0 0 0 0 0 0 0 0 0 0 0 0 0 0 0 0 0 0 0 0 0 0 0 0 0 0 0 0 0 0 0 0 0 0 0 0.615167 0.427654 0 0.465207 0 0.545872 0 0 0 0 0 0 0 0 0 0 0 0 0 0 0 0 0 0 0 0.406104 0 0 0 0 0 0 0.605095 0 0 0 0 0 0 0 0 0 0 0 0 0 0 0 0 0 0 0 0 0 0 0 0 0 0 0 0 0 0 0.434946 0 0 0 0 0 0 0 0.561219 0.567099 0 0 0 0 0 0 0 0 0 0 0 0 0 0 0 0 0 0 0 0 0 0 0 0 0 0 0 0.393647 0 0 0 0 0 0 0 0 0 0 0 0 0 0 0 0 0.563843 0 0 0 0 0 0 0 0 0 0.538931 0 0 0 0 0 0 0 0 0 0 0 0 0 0 0 0 0 0 0 0 0 0 0 0.367842 0 0 0.371802 0 0
0 0 0 0 0 0 0 0 0 0 0 0 0 0 0 0 0 0 0 0 0 0 0 0 0 0 0 0 0 0 0 0 0.707234 0 0 0 0 0.674304 0 0 0 0 0 0 0 0 0 0 0.557697 0 0 0 0 0 0 0 0 0 0 0.500792 0 0 0 0 0 0 0 0 0 0 0 0 0 0 0 0 0 0 0 0 0 0 0 0 0 0 0 0 0 0 0 0 0 0 0 0 0 0 0 0 0 0 0 0 0 0 0.55612 0 0 0 0 0 0 0 0 0 0 0 0 0 0 0 0.666794 0 0 0 0 0 0 0 0 0 0 0 0 0 0 0 0 0 0 0 0 0 0 0 0 0 0 0 0 0 0 0 0 0 0 0 0 0 0 0 0 0 0 0 0 0 0 0.538931 0 0 0 0 0 0 0 0 0 0 0 0.462835 0 0 0 0 0 0 0.501678 0 0 0 0 0 0 0 0 0 0 0
0 0 0 0 0 0 0 0 0 0 0 0 0 0 0 0 0 0 0 0.608134 0 0 0 0 0 0 0 0 0 0 0 0 0 0 0 0 0 0 0 0 0 0 0 0 0 0 0 0 0 0 0 0 0 0 0 0 0 0 0 0 0.389136 0 0 0 0 0.624998 0 0 0 0 0 0.416555 0 0.553963 0 0 0 0 0 0 0.540772 0 0 0 0 0 0 0 0 0 0 0 0 0.568242 0 0 0 0 0 0 0 0 0.630399 0 0.555033 0 0 0 0 0 0 0 0 0 0 0 0 0 0 0 0 0.500956 0 0 0 0 0 0 0 0 0 0 0 0 0 0 0 0.732677 0 0 0 0 0 0 0 0 0 0 0 0 0 0 0 0 0 0 0 0 0.313509 0 0 0 0 0 0 0 0 0 0 0 0 0 0 0 0 0 0 0 0 0 0 0 0 0 0.488434 0 0 0 0 0 0 0 0 0 0 0 0 0 0 0
0 0 0 0.586418 0 0 0 0 0 0 0 0 0 0 0 0 0 0 0 0 0 0 0 0 0 0.372362 0 0 0 0 0 0 0 0.412851 0 0 0 0 0 0.40612 0 0 0 0 0 0 0 0 0 0 0 0 0 0 0 0 0 0 0.587003 0 0 0.323058 0 0 0 0 0 0 0 0 0 0 0 0 0 0 0 0 0 0 0 0 0 0 0 0 0 0.734325 0 0 0 0 0 0 0 0 0 0 0 0 0 0 0 0 0 0 0 0 0 0 0.514645 0 0 0 0 0 0 0 0.500283 0 0 0.366622 0 0 0 0 0 0 0 0 0 0 0 0 0 0 0 0 0.28859 0 0 0 0 0 0 0 0 0 0 0 0 0 0 0.447172 0 0 0 0 0 0.513945 0 0 0 0 0 0 0.448596 0 0 0 0 0 0 0 0 0 0 0 0 0.403453 0 0 0 0 0 0 0 0 0 0 0 0 0 0.42058 0 0.58409 0 0 0.432659 0
0 0 0 0 0 0 0 0 0 0 0 0.442211 0 0 0 0 0 0 0 0 0 0 0 0 0 0 0 0 0 0 0 0 0 0 0 0 0 0 0 0 0 0.632555 0 0 0 0 0 0 0 0 0 0 0 0 0 0 0 0 0 0 0 0 0 0 0 0 0 0 0 0 0 0 0 0 0 0 0 0 0 0 0 0 0 0 0 0 0 0 0 0 0 0 0 0 0 0 0 0 0 0 0 0.415648 0 0 0 0 0 0 0 0 0 0 0 0 0 0 0 0 0 0 0 0 0 0 0 0.681615 0 0 0 0 0 0 0 0 0 0 0 0 0 0 0 0.527249 0 0 0 0.378529 0 0 0 0 0 0 0 0 0 0 0 0 0 0 0 0 0 0 0 0 0.578929 0 0 0 0 0 0 0 0 0 0 0.595048 0 0 0 0 0 0 0 0 0 0 0 0 0 0 0 0 0 0 0 0 0 0
0 0 0 0 0 0 0 0 0 0 0 0 0 0 0 0 0 0 0 0 0 0 0 0 0 0 0 0 0 0 0 0 0 0 0 0 0 0 0 0 0 0 0 0 0 0 0 0 0 0 0 0 0 0 0 0 0 0 0 0 0 0 0 0 0.548986 0 0 0 0.39316 0 0 0 0 0 0 0.443443 0 0 0 0 0 0 0 0 0 0 0 0 0 0 0 0 0 0 0 0 0 0 0 0.355872 0 0 0 0 0 0 0 0 0 0 0 0 0 0 0 0 0 0 0 0 0.517781 0 0 0 0 0 0 0 0 0 0 0 0 0 0 0 0 0 0 0 0 0 0 0.502349 0 0 0 0 0 0.498763 0 0 0 0 0 0 0 0 0 0 0 0 0 0 0 0 0 0 0 0 0 0 0 0 0 0 0 0 0 0 0 0 0 0 0 0 0 0.567837 0.424322 0 0 0 0.313672 0 0 0 0 0 0 0
0 0 0 0 0 0.635296 0 0 0 0 0 0 0 0 0 0 0 0 0 0 0.509363 0 0 0 0 0 0 0.471755 0 0 0 0 0 0 0 0 0 0 0 0 0 0 0 0 0 0 0 0 0 0 0 0 0.553291 0 0 0 0 0 0 0 0 0 0 0 0 0 0 0 0 0 0 0 0 0 0 0 0 0.601812 0 0 0 0 0 0 0 0 0 0 0.492507 0 0 0 0.534118 0 0 0 0 0.533492 0 0 0 0 0 0 0 0 0 0 0 0 0 0 0 0 0 0 0 0 0 0 0 0 0 0 0 0 0 0 0 0.658666 0 0 0 0 0 0 0 0 0 0 0 0 0 0 0 0 0 0 0 0 0 0 0 0 0 0 0 0 0 0 0.519714 0 0 0 0 0 0 0.542193 0 0 0 0 0 0 0 0 0 0 0.336154 0 0 0 0 0 0 0 0 0 0.461611 0 0.447787 0 0 0 0 0 0 0 0 0
0 0 0 0 0 0 0 0 0 0 0 0 0 0 0 0 0 0.314476 0 0 0.299407 0 0 0 0 0 0 0 0 0 0 0 0 0 0 0 0 0 0 0 0 0 0 0 0 0 0 0 0 0 0 0 0 0 0 0 0 0 0 0 0 0 0.325624 0 0 0 0 0 0 0 0 0 0 0 0 0 0 0 0 0 0 0 0 0 0 0 0 0 0 0 0 0 0 0 0 0 0 0 0 0 0 0 0 0 0 0 0 0 0 0 0 0 0 0 0 0 0 0 0 0 0 0 0.521653 0 0 0 0 0 0 0 0 0 0 0 0 0 0 0 0 0.397071 0 0 0 0 0 0 0 0 0 0 0 0 0 0 0 0.680947 0 0 0 0 0 0 0 0 0 0 0 0 0 0 0 0 0 0 0 0 0 0 0 0 0 0 0 0.611431 0 0 0.347298 0 0 0 0 0 0 0 0 0 0 0 0 0
0 0.481454 0 0 0 0 0 0 0 0 0 0 0 0 0 0 0 0 0 0 0 0 0 0 0 0 0 0 0 0 0 0 0 0 0 0 0 0 0 0 0 0 0 0 0 0 0 0 0 0.52542 0 0 0 0 0 0 0 0 0 0 0 0 0 0 0 0 0 0 0 0 0 0 0 0 0 0 0 0 0 0 0 0 0 0 0 0 0 0 0 0 0 0 0 0 0 0 0 0 0 0 0 0 0 0 0.438519 0 0 0 0 0 0 0 0 0 0 0 0 0 0 0 0 0 0 0 0 0 0 0 0 0.489882 0 0 0 0.57342 0 0 0 0 0 0 0 0.71873 0 0 0 0 0 0 0 0 0 0 0 0 0 0 0 0 0 0 0 0 0 0 0 0 0 0 0 0 0 0 0 0.595048 0 0 0 0 0 0 0 0 0 0 0 0 0 0 0 0 0 0 0 0 0 0 0 0 0 0
0 0 0 0 0 0 0 0 0 0 0 0 0 0 0 0 0 0 0 0 0 0 0 0 0 0 0 0 0 0 0 0 0 0 0 0 0 0 0 0 0 0 0 0 0 0 0 0 0 0 0 0.56092 0 0 0 0 0 0 0 0 0 0 0.637113 0 0 0 0 0 0 0.430502 0 0 0.434387 0 0 0 0 0 0 0 0 0 0 0 0 0 0 0 0 0 0 0 0 0.425176 0 0 0 0 0 0 0 0 0 0 0 0 0 0 0 0 0 0 0 0 0 0 0 0 0 0 0 0 0 0 0 0 0 0 0 0 0 0 0 0 0 0.536554 0 0 0 0 0 0 0 0 0 0 0 0 0 0 0 0 0 0 0 0 0 0 0 0 0 0 0 0 0 0 0 0 0 0 0 0 0 0 0 0.336154 0 0 0 0 0 0.372593 0 0 0.587176 0 0 0 0 0 0 0 0 0 0 0 0 0 0 0
0 0 0 0 0 0 0 0 0 0 0 0 0 0 0 0 0 0 0 0 0 0 0 0 0 0 0 0 0 0 0 0 0 0 0 0 0 0 0 0 0 0 0 0 0 0 0 0 0 0 0 0 0 0 0 0 0 0 0 0 0.432587 0 0 0 0 0 0 0.638661 0 0 0 0 0 0 0 0 0.438306 0 0 0.53598 0 0 0 0 0 0 0 0 0 0 0 0 0 0 0 0 0 0 0.40433 0 0 0 0 0 0 0 0 0 0 0 0 0 0 0 0 0 0 0 0 0 0 0.391746 0 0 0 0 0 0 0 0 0 0 0 0 0 0 0.562311 0 0 0 0 0 0 0 0 0 0 0 0 0 0 0 0 0 0 0 0 0 0 0 0 0 0 0 0 0 0 0 0 0 0 0 0.403453 0 0 0 0 0 0 0 0 0 0 0 0 0 0 0 0 0 0 0 0.389298 0 0.712626 0 0 0 0 0
0 0 0 0 0 0 0 0 0 0 0 0 0 0 0 0 0 0 0 0 0 0 0.598683 0 0 0 0 0 0 0 0 0 0 0 0 0 0 0 0 0 0 0 0 0.648761 0.453933 0 0 0 0 0 0 0 0 0 0 0 0 0 0 0 0 0 0 0 0 0 0 0 0 0 0 0 0 0 0 0 0 0 0 0 0 0 0 0.300813 0 0 0 0 0 0 0 0 0.411637 0 0 0 0 0 0 0 0 0 0.482928 0 0 0 0 0 0 0 0 0 0 0 0 0 0 0.587251 0 0 0 0 0 0 0 0 0 0.596899 0.590786 0 0 0 0 0 0 0 0 0 0 0 0 0 0 0 0 0 0 0 0.379518 0 0 0 0 0 0 0 0 0 0.595739 0 0 0 0 0 0 0 0.530456 0.314944 0 0 0 0 0 0 0 0 0 0 0 0 0 0 0 0 0.632931 0 0 0 0 0.466891 0 0 0 0 0 0 0 0 0 0.530489
0 0 0 0 0 0 0 0 0 0 0 0.647018 0 0 0 0 0 0 0 0 0 0 0 0 0 0 0 0 0 0 0 0 0 0 0 0.548809 0 0 0 0 0.322977 0 0 0 0 0 0 0 0 0 0 0 0 0 0 0 0 0 0 0 0 0 0 0.657187 0 0 0 0 0 0.565843 0 0 0 0 0.606725 0 0 0 0 0 0 0 0 0 0 0 0.557541 0 0 0.706622 0 0 0 0 0 0.630187 0 0 0 0 0 0 0 0 0 0 0 0 0 0 0 0.627059 0.677181 0 0 0 0 0.497011 0 0 0 0 0 0.530824 0 0 0 0 0 0 0 0 0 0 0 0 0 0 0 0 0 0 0 0 0 0 0 0 0 0 0.654473 0 0 0 0 0 0.685459 0 0 0 0 0 0 0 0 0 0 0 0 0 0.462835 0 0 0 0 0 0 0 0.372593 0 0 0 0 0 0 0 0 0 0 0 0 0 0.460097 0 0 0 0.36216 0 0.620734 0
0 0.357841 0 0 0 0 0 0 0 0 0.387681 0 0 0 0 0.332923 0 0 0 0 0 0 0.45506 0 0 0 0 0.576326 0 0 0 0 0 0.698251 0 0 0 0 0 0 0 0 0 0 0 0 0 0 0 0 0 0 0 0.439942 0 0 0 0 0 0 0 0 0.63403 0 0 0 0 0 0 0 0 0 0 0 0 0 0.386931 0.663665 0 0 0 0 0 0 0 0 0 0 0 0 0 0 0 0 0 0.632316 0 0 0 0 0 0 0 0 0 0 0 0 0 0 0.515836 0 0 0 0 0 0 0 0 0 0 0 0 0 0 0 0 0 0 0 0 0 0 0 0 0 0 0 0 0.49656 0 0 0 0 0 0 0 0.519527 0 0 0.474333 0 0 0.640567 0 0.575795 0 0 0 0 0 0 0 0 0.641825 0 0 0 0 0 0 0 0 0 0 0 0 0 0 0 0 0 0 0 0 0 0 0 0 0 0 0 0 0 0.500591 0 0 0 0 0
0 0 0 0 0 0 0 0 0 0 0 0 0 0 0 0 0 0 0 0 0 0.401503 0 0 0 0 0 0 0 0 0 0 0 0 0 0 0.692566 0 0 0.437106 0 0 0 0 0 0 0 0 0 0 0 0 0 0 0 0 0 0 0 0 0 0.401478 0 0 0 0 0 0 0.343864 0 0 0 0.664592 0 0 0 0 0 0 0 0 0 0 0 0 0 0 0 0 0 0 0 0 0 0 0 0 0 0 0 0 0 0 0 0 0 0 0.429113 0 0 0 0 0 0 0 0 0 0.704598 0 0 0 0 0.66813 0 0 0 0 0 0.458344 0 0.534837 0 0 0.495408 0 0.430981 0 0 0.360584 0 0 0 0 0 0 0 0 0 0 0 0 0 0 0 0 0 0 0 0 0 0 0 0 0 0 0 0 0 0 0 0 0 0 0 0 0 0.611431 0 0 0 0 0 0 0 0 0 0 0 0 0 0 0 0 0 0 0 0 0 0 0.336966
0 0 0.717329 0.458705 0 0 0 0 0 0 0 0 0 0 0 0 0 0 0 0 0 0.589689 0 0 0 0 0 0 0.594591 0 0 0 0 0 0 0 0.63961 0 0 0 0 0 0 0 0 0 0 0 0 0 0 0 0 0 0 0.528491 0 0 0 0 0 0 0 0 0 0 0 0 0 0 0 0 0 0 0 0 0 0 0 0 0 0 0 0 0 0 0 0 0 0 0 0 0 0 0 0 0 0.620232 0 0 0.600434 0 0 0 0 0 0 0 0 0 0 0 0 0 0 0 0 0 0 0 0 0 0 0 0 0 0 0 0 0 0 0 0 0 0 0 0 0 0 0 0 0 0 0 0 0 0 0 0 0 0 0 0.394354 0 0 0 0 0 0 0 0 0 0 0 0 0 0 0 0 0 0 0.488434 0 0 0 0 0 0 0.587176 0 0.632931 0 0 0 0 0 0 0 0 0 0 0 0 0 0 0 0 0 0 0
0 0 0 0 0 0 0.527618 0 0.695562 0 0 0 0 0 0 0 0 0 0 0 0 0 0 0 0 0.588779 0 0 0 0 0 0 0 0 0 0 0 0.471626 0 0 0 0 0 0 0 0 0 0 0 0.544257 0 0.56481 0 0 0 0 0 0 0 0 0 0 0 0 0 0 0.4743 0 0 0 0.404007 0 0 0 0 0 0 0 0 0 0 0 0 0 0 0.42272 0 0 0.298244 0.560422 0.416616 0 0 0 0 0 0 0 0 0 0.503168 0 0 0 0 0 0.571991 0 0 0 0 0.549273 0 0 0 0 0 0 0 0 0 0 0 0 0.519297 0 0 0 0 0 0 0 0 0 0.449231 0 0 0.324201 0 0 0 0 0 0 0 0 0 0 0.54873 0 0 0 0 0.690731 0 0 0 0 0 0 0 0 0 0 0.561266 0 0 0 0 0 0 0 0 0 0 0 0 0 0 0 0 0 0 0 0 0 0 0 0 0 0 0 0 0 0 0 0.56506 0 0.565163 0
0 0 0.717363 0 0 0 0 0 0 0 0 0.523524 0 0 0 0 0 0 0 0 0 0 0 0 0 0 0 0 0 0 0 0 0 0 0 0 0 0 0 0 0 0 0 0 0 0 0 0 0 0 0 0 0.632298 0 0 0 0 0 0 0 0 0 0 0 0 0 0 0 0.428349 0 0 0 0 0 0 0 0 0.479459 0 0 0 0 0 0 0 0 0 0.49908 0 0 0 0 0 0 0 0 0 0 0 0 0 0 0 0 0 0 0 0 0 0 0 0 0 0 0 0.40494 0 0 0 0 0 0 0 0 0.535635 0 0.426875 0 0 0 0 0 0 0 0 0.597873 0 0 0 0 0 0 0.74095 0 0 0 0 0 0.515334 0 0 0 0 0 0 0 0 0 0 0.346431 0 0 0 0 0 0.40336 0 0 0 0 0 0 0 0 0 0 0.347298 0 0 0 0 0 0 0 0 0 0 0 0 0 0 0 0 0 0 0 0 0 0 0
0 0 0 0 0 0 0 0 0 0 0 0 0 0 0 0 0 0 0 0 0 0 0 0 0 0 0 0 0 0 0.643574 0 0.675265 0.53853 0 0 0 0 0 0 0 0.486531 0 0 0.347179 0 0 0 0 0 0 0 0 0 0 0.302422 0 0 0 0 0.492158 0 0 0 0 0 0 0 0 0 0 0 0.505687 0 0 0 0 0 0 0 0 0.487865 0 0 0 0 0 0 0 0 0 0 0 0 0 0 0 0 0 0 0.740768 0 0 0 0 0 0 0 0 0 0 0 0 0 0 0 0 0 0 0 0 0 0 0 0 0 0 0 0 0.63954 0 0 0 0 0 0 0 0 0 0 0 0 0.390734 0 0 0 0 0 0 0 0 0 0 0 0 0 0 0.338056 0 0 0 0 0 0 0 0 0 0 0 0 0 0 0 0 0.567837 0 0 0 0 0 0 0 0 0 0 0 0 0 0 0 0 0 0 0 0 0 0 0 0 0
0 0 0.374364 0 0 0 0 0 0 0.376014 0 0 0 0 0 0 0 0 0 0 0.478145 0 0 0 0 0 0 0 0 0 0 0 0 0 0 0 0 0 0 0 0 0 0 0.412667 0.720583 0 0 0 0 0 0 0 0 0 0 0 0 0 0.480529 0 0 0 0 0.552565 0 0 0 0 0 0 0 0 0 0 0 0 0 0 0 0 0 0 0 0 0 0 0 0 0 0 0 0 0 0 0 0 0 0 0 0.312251 0 0 0 0 0 0 0 0 0 0 0 0 0 0 0.31582 0 0 0 0.38615 0 0 0 0 0.622437 0 0 0 0 0 0 0 0 0 0 0 0 0.440259 0 0.367009 0 0 0 0 0 0 0 0.5927 0 0 0 0 0 0 0 0 0 0.655672 0 0 0 0 0 0 0.514433 0 0 0 0 0 0 0.501678 0 0 0 0.424322 0.461611 0 0 0 0 0 0 0 0 0 0 0 0 0 0 0 0 0 0 0 0 0 0 0 0
0 0 0 0 0 0 0 0 0 0 0 0 0 0 0.393766 0 0.538008 0 0 0 0 0.586357 0 0 0 0 0 0 0 0 0 0 0 0 0 0.305867 0 0 0 0 0 0 0 0 0 0 0 0 0 0 0 0 0 0 0 0 0 0 0 0 0 0 0 0 0 0 0 0 0 0 0 0.644852 0 0 0 0 0 0 0 0 0 0 0 0 0 0 0 0 0 0 0 0 0 0 0 0 0.720041 0 0.465578 0 0 0 0 0 0 0 0 0 0 0 0 0 0 0 0 0 0 0 0 0 0.673756 0 0 0 0 0 0.532686 0 0 0.683961 0 0 0 0 0 0.50465 0 0 0 0 0 0 0 0 0.40139 0 0 0 0 0 0 0 0 0 0 0 0 0 0.569324 0 0 0 0 0 0 0 0 0 0 0 0 0 0 0 0 0 0 0 0 0 0.466891 0 0 0 0 0 0 0 0 0 0 0 0 0 0 0 0 0 0 0
0 0 0.587913 0 0.47025 0 0 0.539184 0 0 0 0 0.622662 0 0 0 0 0 0 0 0 0 0 0 0 0 0 0 0 0 0 0 0 0 0 0 0.639472 0.636207 0 0 0 0 0 0 0 0 0 0 0 0 0 0 0 0 0 0 0 0 0 0 0 0 0 0 0 0 0 0 0 0 0 0 0 0 0 0 0 0 0 0.612124 0 0 0 0.393875 0 0 0 0 0 0 0 0 0 0.454399 0 0 0.616781 0 0 0 0 0 0 0 0 0 0 0 0 0 0 0 0 0 0 0 0 0 0 0 0 0 0 0 0 0 0 0 0 0 0 0 0 0 0 0 0 0 0 0 0 0 0 0 0.279998 0 0 0 0 0 0 0 0 0 0 0 0 0 0 0 0 0 0 0.586494 0 0 0 0.424996 0 0 0 0 0 0 0 0.447787 0 0 0 0 0 0 0 0 0 0 0 0 0 0 0 0 0 0 0 0 0 0 0 0
0 0.583976 0 0 0 0 0 0 0 0 0 0.626226 0 0 0 0 0 0 0 0 0 0 0 0 0 0 0 0 0 0 0 0 0 0 0.620877 0 0 0 0 0 0 0 0 0 0 0 0 0 0 0 0 0 0.478876 0 0 0 0 0 0 0 0 0 0 0 0 0 0 0 0.557121 0 0 0 0 0 0 0 0 0 0 0 0 0 0 0 0 0 0 0 0 0 0.549206 0 0 0 0 0 0.516473 0 0.472317 0 0 0 0 0 0.619499 0 0 0 0 0 0 0 0 0 0 0 0 0 0 0 0 0 0 0 0 0 0 0 0 0 0 0 0 0 0 0 0 0.649512 0 0 0 0 0 0 0 0 0 0 0 0.573568 0 0 0 0 0 0 0 0 0 0 0 0.550193 0 0 0 0 0 0 0 0 0 0 0 0 0 0 0 0 0 0 0 0 0 0 0 0 0 0 0 0 0 0 0 0 0 0 0 0 0 0
0 0 0 0 0.441951 0 0 0 0 0 0 0 0 0 0 0 0 0 0.46226 0 0 0 0 0 0.459996 0 0 0 0 0 0 0 0 0 0 0.602552 0 0 0 0.365764 0 0 0 0 0 0 0 0 0 0 0 0 0 0 0 0 0 0 0 0 0 0 0 0 0 0 0 0 0 0 0 0 0 0 0 0 0 0 0 0 0 0 0.360423 0 0 0 0 0 0 0 0 0 0 0 0 0 0 0 0 0 0 0 0 0 0 0 0 0 0 0 0 0 0 0 0 0 0 0 0 0 0 0 0 0 0 0.573262 0 0.333735 0 0 0 0 0 0 0 0 0 0 0 0 0 0 0 0 0 0 0 0 0 0 0 0 0 0 0.35743 0 0 0 0 0 0 0 0 0 0 0 0 0 0 0 0 0 0 0 0.313672 0 0 0 0 0.389298 0 0.460097 0 0 0 0 0 0 0 0 0 0 0 0.542232 0 0 0 0 0 0
0 0 0 0 0 0 0 0 0 0 0 0 0 0 0 0 0 0 0 0 0 0 0 0 0 0 0 0 0.386374 0 0 0 0.537511 0 0 0 0 0 0 0 0 0.591156 0 0 0 0 0 0 0 0 0 0 0 0 0 0 0 0 0 0 0 0 0 0 0.648799 0 0 0 0 0 0 0 0 0 0 0 0 0 0 0 0 0 0 0 0 0 0 0 0 0 0 0 0 0 0 0 0 0 0 0 0.706403 0 0 0 0 0 0 0 0 0 0 0 0 0 0 0 0 0 0 0 0 0 0 0 0 0 0.543859 0 0 0 0 0 0 0 0 0.482799 0 0 0 0 0 0 0.509716 0 0.371109 0 0 0 0 0 0 0 0 0 0 0.632318 0 0 0 0 0 0 0 0 0 0 0 0 0 0 0 0 0.42058 0 0 0 0 0 0 0 0 0 0 0 0 0 0 0 0 0 0 0 0.542232 0 0 0 0 0 0 0
0 0 0 0 0 0 0 0 0 0 0 0.512097 0 0 0 0 0 0 0 0 0 0 0 0 0 0 0 0 0 0 0 0 0 0 0 0 0 0 0 0 0 0 0 0 0 0 0 0 0 0 0 0 0 0 0 0 0 0 0 0 0 0 0 0 0 0 0 0 0 0 0 0 0 0 0 0 0 0 0 0 0 0 0 0 0 0 0 0 0 0 0 0 0 0 0 0 0 0 0 0 0 0 0 0 0 0 0 0.281808 0 0 0 0 0 0 0 0 0 0 0 0 0 0 0 0 0 0 0 0 0 0 0 0 0 0 0 0 0 0 0 0 0 0 0 0.583422 0 0 0 0 0 0 0 0 0 0 0 0 0 0 0 0 0 0 0 0 0.649298 0 0 0 0 0.367842 0 0 0 0 0 0 0 0 0 0.712626 0 0 0.500591 0 0 0 0 0 0 0 0 0 0 0 0 0 0 0 0 0.419805
0.433499 0 0 0 0 0 0 0 0.632699 0 0 0 0.489477 0 0 0 0 0 0 0 0 0 0 0 0 0 0 0 0 0 0 0 0 0 0 0 0.542143 0 0 0 0 0 0 0 0.530573 0 0 0 0 0 0 0 0 0 0.515578 0 0 0 0 0 0 0 0 0 0 0 0 0.487609 0.560767 0 0 0 0 0 0 0 0 0 0 0 0.387878 0 0 0 0 0 0 0 0 0 0 0 0 0 0 0 0 0 0 0 0 0 0.753047 0 0 0 0 0.693795 0 0 0 0 0 0 0 0 0 0 0 0 0 0 0 0 0 0 0 0 0 0 0 0 0 0 0 0 0 0 0 0 0 0 0 0 0 0 0 0.54712 0 0 0 0.457178 0 0 0 0 0 0 0 0 0 0 0 0 0 0 0 0.524198 0 0 0 0 0.58409 0 0 0 0 0 0 0 0 0 0 0 0 0 0 0 0 0 0 0 0 0 0 0 0 0 0 0
0 0 0 0 0 0 0 0 0 0 0 0 0 0 0 0 0 0 0 0 0 0 0 0 0 0 0 0 0 0 0 0 0 0 0 0 0 0 0 0 0 0 0 0 0 0 0 0 0 0 0 0 0 0 0 0 0 0 0 0 0 0 0 0 0 0 0 0 0 0 0.694768 0 0 0 0 0 0 0 0 0 0 0 0 0 0 0 0 0 0 0 0 0 0 0 0 0 0 0 0 0 0 0 0 0 0 0.440058 0 0 0 0 0 0 0 0 0 0 0 0 0 0 0 0 0 0 0 0 0 0 0 0 0 0 0 0 0 0 0 0 0 0 0 0 0 0 0 0 0 0.648621 0 0 0 0 0 0.572909 0 0 0 0.450327 0 0 0 0 0 0.426774 0 0 0 0 0 0 0 0 0 0 0 0 0 0 0 0 0 0.36216 0 0 0 0.56506 0 0 0 0 0 0 0 0 0 0 0 0.410834 0.406149 0.435602
0 0 0 0 0 0 0 0 0 0 0 0 0 0 0 0 0 0 0 0 0 0.499285 0 0 0 0 0 0 0 0 0 0 0 0 0 0 0 0 0 0 0 0 0 0 0 0 0 0 0 0 0 0 0 0 0 0 0 0 0 0 0 0 0 0 0 0 0 0 0 0 0 0 0 0 0 0 0 0 0 0.597433 0 0 0 0 0 0 0 0 0 0 0 0 0 0 0 0 0 0 0 0 0 0 0 0 0 0 0 0 0 0 0 0 0 0 0 0 0 0 0 0 0 0 0 0 0 0 0 0 0.335146 0 0 0 0 0 0 0 0 0 0 0 0 0 0 0 0 0 0 0 0 0 0 0 0 0 0 0 0 0 0 0 0 0 0 0 0 0 0 0 0 0.371802 0 0 0 0 0 0 0 0 0 0 0 0 0 0 0 0 0 0 0 0 0 0 0 0 0 0 0.410834 0 0 0
0 0 0 0 0 0 0 0 0 0 0 0 0 0 0 0 0 0 0 0 0 0 0.391247 0 0 0 0 0.591225 0 0 0 0 0 0 0 0 0 0 0 0 0 0 0 0 0 0 0 0 0 0 0 0 0 0 0 0 0 0 0 0 0 0 0 0 0 0 0 0 0 0 0 0 0 0 0 0 0 0 0 0 0 0 0 0 0 0 0 0.546921 0 0 0 0 0 0 0 0 0 0 0 0 0.37526 0 0 0 0 0 0 0 0 0 0 0 0 0 0 0 0 0 0 0 0 0 0 0 0 0 0 0 0 0 0 0 0 0 0 0 0 0 0 0 0 0 0 0 0 0 0 0 0 0 0 0 0 0.530437 0 0 0 0 0 0 0 0 0 0 0 0 0 0 0.534986 0 0 0 0.432659 0 0 0 0 0 0 0 0 0.620734 0 0 0 0.565163 0 0 0 0 0 0 0 0 0 0 0.406149 0 0 0
0.489435 0 0 0 0 0 0.575073 0 0 0 0 0 0 0 0 0 0 0 0 0 0 0 0 0 0 0 0 0 0 0 0 0 0 0 0 0.470834 0 0 0 0 0 0 0 0 0 0 0 0 0 0 0 0 0 0 0 0 0.699323 0 0 0.534801 0 0 0 0 0 0 0 0 0 0 0 0 0 0 0 0 0 0 0 0 0.500157 0 0 0 0 0 0 0 0 0 0 0 0 0 0 0 0 0 0 0 0 0 0 0 0 0 0 0 0 0 0 0 0.736637 0 0 0 0 0 0 0 0 0 0 0 0 0 0 0 0.584668 0 0.410867 0 0 0 0 0 0 0 0 0 0 0 0 0 0 0 0 0 0 0 0 0 0 0 0.36362 0 0 0 0 0 0 0 0 0 0 0 0 0 0 0 0 0 0 0 0 0 0 0 0 0 0.530489 0 0 0.336966 0 0 0 0 0 0 0 0 0 0 0.419805 0 0.435602 0 0 0
