200
0 0.491158 0 0 0.359394 0 0 0 0 0 0 0.596808 0.572528 0 0 0 0 0 0.282868 0 0 0 0 0 0 0 0 0 0 0 0 0 0 0 0 0 0 0 0 0 0 0 0 0.434724 0 0 0 0 0.407654 0 0 0 0 0 0 0 0 0 0 0 0 0 0 0 0 0 0 0 0 0 0 0 0 0 0 0 0 0 0 0 0 0 0 0 0 0 0 0 0 0 0 0 0 0 0 0 0 0 0 0 0 0 0 0.383506 0 0 0.476052 0 0 0 0 0 0 0 0 0 0 0 0 0 0 0 0 0 0 0 0 0 0.510528 0 0 0 0 0 0 0 0 0 0 0 0 0 0 0 0 0 0 0.344155 0 0 0 0 0 0 0 0 0 0.568762 0 0 0 0 0 0 0 0.617823 0 0 0 0 0 0 0 0 0 0 0 0 0 0 0 0 0 0 0 0 0 0 0 0 0 0 0 0 0 0.492306 0 0 0 0.561017
0.491158 0 0 0 0 0 0.502931 0 0 0 0 0 0 0.43901 0 0 0 0 0 0 0 0 0 0 0.42192 0 0 0 0 0 0 0 0 0 0 0 0 0 0 0 0 0 0 0 0 0 0 0 0 0 0 0 0 0 0 0 0 0 0 0.699692 0 0 0 0 0 0 0 0 0 0 0 0 0 0 0 0 0 0 0 0 0 0 0 0 0 0 0 0 0 0 0 0 0 0 0 0 0 0 0 0 0 0 0 0 0 0 0 0 0 0 0 0 0 0 0 0 0 0 0 0.345294 0.452505 0 0 0.624558 0 0 0.497643 0 0 0 0 0 0 0 0 0 0 0 0 0 0 0 0 0.343784 0 0 0 0 0 0 0 0 0 0 0.324711 0 0 0 0 0 0 0.649971 0 0 0 0 0 0.700333 0 0 0 0 0 0 0 0 0 0.579933 0 0 0 0 0.390658 0 0 0 0 0 0 0 0 0.616206 0 0 0 0 0 0 0 0
0 0 0 0 0 0 0 0 0 0 0.735578 0 0 0 0 0 0 0 0 0 0 0 0 0 0 0 0 0 0 0 0 0 0 0 0 0 0 0 0 0 0 0 0 0 0 0 0 0 0 0 0 0 0 0 0 0 0 0 0 0 0 0 0 0 0 0.398276 0 0 0 0 0 0 0 0.421327 0 0 0 0 0 0 0 0 0 0 0 0 0 0 0 0 0 0 0 0 0 0 0 0 0 0 0 0 0 0 0 0 0 0 0 0 0 0.519354 0 0 0 0 0 0 0 0 0 0 0 0 0 0 0 0 0 0 0 0 0 0 0 0 0 0 0 0 0 0 0 0.600729 0 0 0 0 0 0 0 0 0 0 0 0 0 0 0 0.736949 0 0 0 0 0 0 0 0 0 0 0 0 0 0 0 0 0 0 0 0 0 0 0 0 0.700518 0 0.677864 0 0.420476 0 0.630638 0 0 0 0 0 0 0 0 0
0 0 0 0 0 0 0 0 0 0.656138 0.635819 0 0 0 0 0 0 0 0 0 0 0 0 0 0 0 0 0 0 0 0 0 0 0 0 0 0 0 0 0 0 0 0 0 0 0 0 0 0 0 0 0 0 0 0 0 0 0 0 0 0 0 0 0.451337 0 0 0 0 0 0 0 0 0 0 0 0 0 0 0 0 0 0 0 0 0 0 0 0 0 0 0 0.522331 0 0 0 0 0 0 0 0 0 0 0 0 0 0 0 0 0 0 0 0 0 0 0 0.438946 0.351133 0 0 0 0 0 0 0 0 0 0 0 0 0 0 0 0 0 0 0 0 0 0 0 0 0 0 0 0 0 0 0 0 0 0 0.580226 0 0 0 0.555657 0 0 0 0 0 0 0 0 0 0 0 0 0 0 0 0 0.636699 0 0 0 0 0 0 0 0 0 0 0 0.4361 0 0 0 0 0 0 0 0 0 0 0 0 0 0 0
0.359394 0 0 0 0 0 0 0 0 0 0 0 0 0 0 0 0 0 0 0 0.654489 0 0 0 0 0 0 0 0 0 0 0.526965 0 0 0 0.628906 0 0 0 0 0 0 0 0 0 0 0 0.376965 0 0 0 0 0 0 0 0 0 0 0 0 0 0 0 0 0 0 0.539017 0 0.644972 0 0 0 0 0 0 0 0 0.414741 0 0 0 0 0 0 0 0 0 0 0 0 0 0 0 0 0 0 0 0 0 0 0.375933 0 0 0 0 0 0 0 0.659433 0 0 0 0 0.543575 0 0 0 0 0 0 0 0 0 0.719894 0 0 0 0 0 0 0 0 0 0 0.59482 0 0 0 0 0 0 0 0 0 0 0 0 0 0 0.650706 0.545788 0.383641 0 0 0 0 0 0 0 0 0 0 0 0 0 0 0.622694 0.529236 0 0 0 0 0 0 0 0 0 0 0 0 0 0 0 0 0 0 0 0 0 0 0.458133 0 0.441615 0 0 0 0 0 0 0
0 0 0 0 0 0 0 0 0 0 0 0 0 0 0 0 0 0 0 0 0.464568 0 0 0 0 0 0 0 0 0 0 0 0 0 0 0 0.659242 0 0 0 0 0 0 0 0.468278 0 0 0 0 0 0 0 0 0 0 0 0 0 0 0.680482 0 0 0 0 0 0 0 0.548256 0 0 0 0 0 0 0 0 0 0 0 0 0.546673 0 0 0 0 0 0 0 0 0 0 0 0 0 0 0 0.380882 0 0 0 0 0 0 0 0 0.461246 0 0.476558 0 0 0 0 0 0 0 0 0 0 0 0 0 0 0 0 0 0 0 0 0.420954 0 0 0.646882 0 0 0 0 0 0 0 0 0 0 0 0 0 0 0 0 0 0 0 0 0 0 0 0 0 0 0 0 0 0 0 0 0 0 0 0 0 0 0 0 0 0 0 0.56057 0 0 0 0 0 0 0 0 0 0 0 0 0 0 0 0 0 0 0 0 0 0 0 0
0 0.502931 0 0 0 0 0 0.373835 0 0 0 0 0 0 0 0 0 0 0.718052 0 0 0 0 0 0 0 0 0 0 0 0 0 0.416976 0 0 0 0 0 0 0 0.449138 0.488924 0 0 0 0 0.554536 0 0 0 0 0 0 0 0 0 0 0 0 0 0 0 0 0 0 0 0 0 0 0 0 0 0 0 0 0 0.610018 0 0 0 0 0 0 0 0 0 0 0 0.49077 0 0 0.353632 0 0 0 0 0 0 0 0 0 0 0 0 0 0 0 0 0 0 0 0 0 0 0 0 0 0 0 0 0.629113 0 0.346276 0 0 0 0.42136 0 0 0 0 0 0 0 0.519685 0 0 0 0 0 0 0 0 0 0 0 0 0 0 0 0 0 0 0.548429 0 0 0 0 0 0 0 0 0 0 0 0 0 0 0 0 0 0 0 0 0 0 0 0 0 0 0 0 0 0 0 0.452469 0 0 0 0 0 0 0 0 0 0 0 0 0 0.495684
0 0 0 0 0 0 0.373835 0 0 0 0 0 0 0 0 0 0 0 0 0 0 0 0 0 0 0 0 0 0 0 0 0 0 0 0 0.536038 0 0 0 0 0 0 0 0 0 0 0 0 0 0 0 0 0 0 0 0 0 0 0.345843 0 0.502508 0 0 0 0 0 0 0 0 0 0 0 0 0 0 0 0 0 0 0 0.4701 0 0 0 0 0 0 0 0 0 0 0 0 0 0.560299 0 0 0 0 0 0 0 0 0 0 0 0 0 0 0 0 0 0 0 0 0 0 0 0 0 0 0 0 0 0 0 0 0 0 0.445719 0 0 0 0 0 0 0 0 0.665755 0 0 0 0 0 0 0 0 0 0 0 0 0 0 0 0.404416 0 0 0 0 0 0 0 0 0 0 0 0 0 0 0 0 0 0 0 0 0 0 0 0 0 0 0 0 0 0 0 0 0 0 0 0.576118 0 0 0 0 0 0 0 0 0
0 0 0 0 0 0 0 0 0 0 0 0 0.56188 0 0.590059 0 0 0 0 0 0 0 0 0 0 0 0 0 0 0 0 0 0.481647 0 0 0 0 0 0 0 0 0 0 0 0 0 0 0 0 0 0 0 0 0 0 0 0 0 0 0 0 0 0 0 0 0 0 0.403359 0.447231 0 0 0 0 0 0 0 0.512569 0 0 0 0 0 0 0 0 0 0 0 0 0.563499 0 0 0 0 0 0 0 0 0.416303 0 0 0 0 0 0 0 0 0 0 0 0 0 0 0 0 0 0 0 0 0 0 0 0 0 0 0 0 0 0 0 0 0 0 0 0 0 0 0 0 0 0 0 0 0 0 0 0 0 0 0 0 0 0 0 0 0 0 0 0 0 0.568237 0 0 0 0 0 0 0 0 0 0 0 0 0 0 0 0 0 0 0 0 0 0 0 0 0.612312 0 0 0 0 0 0 0 0 0 0.602263 0 0 0 0
0 0 0 0.656138 0 0 0 0 0 0 0 0 0 0 0 0 0 0 0 0 0 0 0 0 0 0 0.52826 0 0 0 0 0 0 0 0 0 0 0 0 0 0 0 0 0 0 0 0 0 0 0 0 0 0 0 0 0 0 0 0 0 0 0 0 0 0 0 0 0 0 0 0 0 0 0 0 0 0 0 0 0 0 0 0 0 0 0 0 0 0 0 0.446867 0 0 0 0 0 0 0 0 0 0 0 0 0 0 0 0 0.63344 0 0 0 0 0 0 0 0.599507 0 0 0 0 0 0 0 0 0.592125 0 0 0 0 0 0 0 0 0 0 0.62672 0 0 0 0 0 0 0 0 0 0 0 0 0 0.406293 0 0 0 0 0.367661 0 0 0 0 0.551007 0 0 0 0 0 0 0 0 0 0 0 0 0 0 0 0 0 0 0 0 0 0 0 0 0 0 0 0 0.440323 0 0 0 0 0 0 0 0 0 0 0
0 0 0.735578 0.635819 0 0 0 0 0 0 0 0 0 0 0 0 0 0 0 0 0 0 0 0 0 0 0 0 0 0 0 0 0 0 0.556367 0.394185 0 0 0.606986 0.564342 0 0 0.513468 0.671909 0 0 0 0 0 0 0.59221 0 0 0 0 0 0.602523 0 0 0 0.617125 0.588582 0 0 0 0 0 0 0 0 0 0 0 0 0 0 0 0 0 0 0 0 0 0 0.63041 0 0 0 0 0.346274 0 0 0 0 0 0 0 0 0.637501 0 0 0 0 0 0 0 0 0 0 0 0 0 0 0 0 0 0 0 0.407921 0 0 0 0 0 0 0 0 0 0 0.559515 0 0 0 0 0 0 0 0 0 0 0 0 0 0 0 0.564362 0 0 0 0.355063 0 0 0.402935 0 0 0 0 0 0 0 0 0 0 0.651805 0 0 0 0 0 0 0 0 0 0 0 0 0 0 0 0 0 0 0.406346 0 0 0 0 0 0 0 0 0 0 0 0 0 0 0 0 0
0.596808 0 0 0 0 0 0 0 0 0 0 0 0 0 0 0 0 0 0 0 0 0 0 0 0 0 0 0 0 0 0 0 0 0 0 0 0 0.442474 0 0 0 0 0 0.673551 0 0 0 0 0 0 0 0 0 0 0 0 0 0 0 0 0.688687 0 0 0 0.695234 0 0 0 0 0 0 0 0 0 0 0 0 0 0 0.641351 0 0 0 0 0 0 0 0 0 0 0 0 0 0 0.565374 0 0 0 0 0 0 0 0 0.422874 0 0 0 0 0 0 0 0 0 0 0.572 0 0 0 0 0 0 0 0.404598 0 0 0 0 0.457446 0 0 0 0 0 0 0 0 0 0 0 0 0 0 0 0.417068 0 0 0 0 0 0 0 0 0 0 0 0 0 0 0 0 0 0 0 0 0 0 0 0 0 0 0 0 0 0.433011 0 0 0 0 0 0 0 0.662694 0 0 0 0 0.605124 0 0 0 0 0.613715 0 0 0.431712 0 0 0 0 0
0.572528 0 0 0 0 0 0 0 0.56188 0 0 0 0 0 0 0 0 0 0 0 0 0 0 0 0 0 0 0 0 0 0 0 0 0 0 0 0 0 0 0 0 0 0 0 0 0 0 0 0.350014 0 0 0 0.390612 0 0 0 0 0 0 0 0 0 0 0 0 0 0 0 0 0 0 0 0 0 0 0 0 0.707332 0 0 0 0 0 0 0 0 0 0 0 0 0 0 0 0 0 0 0 0 0 0 0 0 0 0 0 0 0 0 0 0 0.646439 0.532581 0 0 0 0 0 0 0 0 0 0.333816 0 0 0 0 0.467483 0 0 0 0 0 0 0 0 0 0 0 0 0 0 0 0 0 0 0 0 0 0 0 0 0 0 0 0 0 0 0 0 0 0 0 0 0 0 0 0.598206 0 0.40293 0 0 0 0 0 0 0 0 0 0 0 0 0 0 0 0 0 0 0 0 0 0.542251 0 0 0 0 0.525325 0 0 0 0
0 0.43901 0 0 0 0 0 0 0 0 0 0 0 0 0 0 0 0 0 0 0.39759 0 0.512585 0 0 0 0 0 0 0 0 0 0 0 0 0 0 0 0 0 0 0.544901 0 0 0 0 0 0 0 0.424419 0 0 0 0 0 0 0 0 0 0 0 0 0 0 0.696556 0 0.498036 0 0 0 0 0 0.440446 0 0 0 0 0 0 0 0 0 0 0 0 0 0 0 0 0 0 0 0 0 0 0 0 0 0.385635 0 0 0 0 0 0 0 0 0 0 0 0.522543 0 0 0 0 0 0 0 0 0 0 0 0 0 0 0 0 0 0 0 0 0 0 0 0 0 0 0 0 0 0 0.622655 0 0 0.645023 0 0 0 0.570842 0.641203 0 0 0 0 0 0 0 0 0 0 0 0 0 0 0 0 0 0 0 0 0 0 0 0 0 0 0 0 0 0 0 0 0 0 0 0 0 0 0 0 0 0 0 0 0 0 0 0 0 0
0 0 0 0 0 0 0 0 0.590059 0 0 0 0 0 0 0 0 0.433674 0 0 0 0 0 0 0 0 0 0 0 0 0 0 0 0 0 0 0 0 0 0.481469 0 0 0 0 0 0.357935 0 0 0 0 0 0 0 0 0 0 0 0 0 0 0 0 0 0.398599 0 0 0 0 0 0 0 0 0.401 0 0 0 0 0 0 0 0.551005 0 0 0 0 0 0 0 0 0 0 0 0 0 0 0 0 0 0 0 0 0 0.621285 0 0 0 0 0 0 0 0 0 0 0 0 0 0 0.361294 0 0 0 0 0 0 0 0.580389 0.574404 0 0 0 0 0 0 0 0 0 0 0 0 0 0 0 0 0 0 0 0 0 0 0.685451 0 0 0 0 0 0 0 0 0 0 0.492443 0 0 0 0.483919 0 0 0 0 0 0 0 0 0 0 0 0 0 0 0 0 0 0 0 0 0 0 0 0 0.427028 0 0 0 0 0 0 0 0 0 0
0 0 0 0 0 0 0 0 0 0 0 0 0 0 0 0 0 0 0 0 0 0 0 0 0 0 0 0 0 0 0 0 0 0 0 0 0 0 0.363716 0 0 0 0.762852 0 0 0 0 0 0 0 0 0 0 0 0 0 0 0 0 0 0 0 0 0 0 0 0 0 0.595477 0 0 0 0 0 0 0 0.621705 0 0 0 0 0 0 0 0.573491 0 0 0 0 0 0 0 0.611598 0 0 0 0 0.639875 0 0 0 0 0 0 0 0 0 0 0 0 0 0 0 0 0 0 0.380368 0 0 0 0 0 0 0 0 0 0 0 0 0 0 0 0 0 0 0 0 0 0.340781 0 0 0 0 0 0 0 0 0 0 0.486293 0 0 0 0 0 0 0 0 0 0 0 0 0 0 0 0 0 0 0.579744 0 0 0 0 0 0 0 0 0 0 0 0 0 0.44445 0 0 0 0 0 0 0 0 0 0 0 0 0 0 0 0 0
0 0 0 0 0 0 0 0 0 0 0 0 0 0 0 0 0 0 0 0 0 0 0 0 0 0 0 0 0.570503 0 0 0 0.430172 0 0.363523 0 0 0 0 0 0 0 0.392022 0 0 0 0 0 0 0 0 0 0 0 0 0 0.69738 0 0 0 0 0 0 0.632024 0 0 0 0 0 0 0 0 0 0.461346 0.725611 0 0 0 0 0 0 0 0 0 0 0 0 0 0 0 0 0.368326 0 0 0 0 0 0 0 0 0 0 0 0 0 0 0 0 0.736894 0 0 0 0 0 0 0 0 0 0 0 0 0 0 0 0 0 0 0 0 0 0 0 0 0 0 0 0 0 0 0 0 0 0 0.557345 0 0 0 0 0 0 0 0 0 0 0.69098 0 0 0 0 0 0 0 0 0 0 0 0 0 0 0 0 0 0 0 0 0 0 0 0 0 0 0 0 0 0 0 0 0 0 0.526961 0 0 0 0 0 0 0 0 0 0
0 0 0 0 0 0 0 0 0 0 0 0 0 0 0.433674 0 0 0 0 0 0 0 0.671787 0 0.394062 0 0 0 0 0.576419 0 0 0 0 0 0 0 0 0 0 0 0 0 0 0 0 0.489639 0 0 0 0 0 0.580368 0 0 0 0 0 0 0 0.521815 0.459085 0 0.596395 0.373446 0 0 0 0 0 0 0 0 0 0 0 0 0 0 0 0 0 0 0 0 0 0 0 0.335338 0.354965 0 0 0 0 0 0 0 0 0 0 0 0 0 0.689526 0 0 0 0 0 0 0 0.346966 0 0 0 0 0 0 0 0 0 0 0 0 0 0 0 0 0 0 0 0 0 0 0 0 0 0 0 0 0 0 0 0 0 0 0 0 0 0 0 0 0 0 0.495448 0 0 0 0 0 0 0 0 0 0 0 0 0 0.56535 0 0 0 0 0 0 0 0.336206 0 0 0 0 0 0 0 0 0 0 0 0 0 0 0 0 0 0 0 0 0 0 0
0.282868 0 0 0 0 0 0.718052 0 0 0 0 0 0 0 0 0 0 0 0 0 0 0 0 0 0 0 0 0 0 0 0 0 0 0 0 0 0 0 0 0 0 0 0 0 0 0 0 0.400196 0 0 0 0 0 0 0 0 0 0 0 0 0 0 0 0 0 0 0 0 0 0 0 0 0 0 0 0 0 0 0 0 0 0 0.639454 0 0 0 0 0 0 0 0 0 0 0 0 0 0 0 0 0 0 0.336825 0 0.418461 0 0 0 0 0 0.505442 0 0 0 0 0 0 0 0.405508 0 0.402276 0 0 0 0 0 0 0 0 0 0 0 0 0 0 0 0 0 0 0 0 0 0 0 0 0 0 0 0 0.404043 0 0 0 0 0.539042 0 0 0 0 0 0 0 0 0 0 0 0 0 0 0 0 0 0 0 0 0 0 0 0 0 0 0 0 0 0 0 0 0 0 0 0 0 0 0.481944 0 0 0 0 0 0 0
0 0 0 0 0 0 0 0 0 0 0 0 0 0 0 0 0 0 0 0 0 0 0 0 0 0 0 0 0 0 0 0 0 0 0 0 0 0 0 0 0.340996 0 0 0 0 0.514914 0 0 0 0 0 0 0 0 0 0 0 0 0 0 0 0 0 0 0 0 0 0 0 0 0 0 0 0.596601 0 0 0 0 0 0 0 0 0 0 0.39503 0 0 0 0 0 0 0 0.618284 0 0 0 0 0 0 0 0.692804 0 0 0 0 0 0 0 0 0 0 0 0 0 0 0.607955 0 0.542086 0 0 0 0 0 0 0 0 0 0 0 0 0 0 0 0 0 0 0 0 0 0 0 0 0 0 0 0 0 0 0 0 0 0 0.631613 0 0 0 0 0 0 0 0 0 0 0.538297 0 0 0 0 0 0 0 0.66074 0 0 0 0 0 0 0 0 0 0 0 0 0 0 0 0 0 0 0 0 0 0 0 0 0 0 0 0
0 0 0 0 0.654489 0.464568 0 0 0 0 0 0 0 0.39759 0 0 0 0 0 0 0 0 0 0 0 0 0 0 0 0 0 0 0 0 0 0 0 0 0 0 0 0 0 0 0 0 0 0 0 0 0 0 0 0 0 0.563225 0 0 0 0 0 0 0 0 0 0 0 0 0 0 0.483102 0 0.413454 0 0 0 0 0 0 0 0 0 0 0 0 0 0 0 0 0 0 0 0 0 0 0 0 0 0 0 0 0 0 0 0 0 0 0 0 0 0 0 0 0 0 0 0 0.568133 0 0 0 0.352989 0 0 0 0 0 0 0 0 0 0 0 0 0 0 0 0 0 0 0 0 0 0 0 0.440895 0 0 0 0 0 0 0 0 0.620058 0 0 0 0 0 0 0 0 0 0 0 0 0 0 0 0 0 0 0 0 0.474497 0.381153 0 0 0 0 0 0 0 0 0 0 0 0.522025 0 0 0 0 0 0 0 0 0 0 0
0 0 0 0 0 0 0 0 0 0 0 0 0 0 0 0 0 0 0 0 0 0 0 0 0 0 0 0 0 0 0 0 0 0 0 0 0 0 0 0 0 0 0 0 0 0 0.587662 0 0 0 0 0 0 0 0 0 0 0 0 0 0 0 0 0 0 0 0 0.660826 0 0 0 0 0 0 0 0 0 0 0 0 0 0 0 0 0 0 0 0 0 0 0 0 0 0 0 0 0 0 0 0 0 0 0 0 0 0 0 0 0 0 0 0 0 0 0 0 0.504109 0 0 0.336533 0 0 0 0 0 0 0 0 0 0 0 0 0 0 0 0 0 0 0 0 0 0 0 0 0 0.331294 0 0 0 0 0 0 0 0 0 0 0 0 0 0 0 0 0 0 0 0 0 0 0 0 0 0 0 0 0 0 0 0 0 0 0 0 0 0.417805 0.599324 0 0 0 0 0.63315 0 0 0 0 0 0 0 0.490527 0 0
0 0 0 0 0 0 0 0 0 0 0 0 0 0.512585 0 0 0 0.671787 0 0 0 0 0 0 0 0 0 0 0 0 0 0 0 0 0 0.530149 0 0 0 0 0 0 0 0 0.547747 0.482684 0 0 0 0 0 0 0 0 0 0 0 0 0 0 0 0 0.325323 0 0 0 0 0 0 0 0 0 0 0 0 0 0 0 0 0 0 0 0 0 0 0 0 0 0 0 0 0 0.411319 0 0 0 0 0 0 0 0 0 0 0 0 0 0 0 0 0 0 0 0 0 0 0 0 0 0 0 0 0 0.644384 0 0 0 0 0 0 0 0 0 0 0 0 0 0 0 0 0 0 0 0.383096 0 0.595709 0 0 0 0.371627 0 0 0 0 0 0 0 0 0.77648 0 0 0 0 0 0 0 0 0 0 0 0 0 0 0 0 0 0 0 0 0 0 0.637079 0 0.446899 0 0 0 0 0 0 0 0 0 0 0 0 0 0 0 0.350872 0
0 0 0 0 0 0 0 0 0 0 0 0 0 0 0 0 0 0 0 0 0 0 0 0 0.379571 0 0 0 0 0 0 0 0 0 0 0 0 0.379756 0 0 0 0 0 0 0 0 0 0 0 0 0 0.537892 0 0 0 0 0 0 0 0 0.730387 0.363869 0 0.321427 0 0 0 0 0 0 0 0 0 0 0 0 0 0 0 0 0 0 0 0 0 0 0 0 0 0 0 0 0 0 0 0 0 0 0 0 0 0 0 0 0 0 0 0 0 0 0 0 0 0 0 0 0 0 0.621141 0 0 0 0 0 0 0.609706 0.41378 0 0 0 0 0 0 0 0 0 0.442668 0 0 0 0 0 0.602379 0 0 0 0 0 0 0.517629 0 0 0 0 0 0 0 0 0 0 0 0 0 0.672111 0 0 0 0.489954 0 0 0 0 0 0 0 0 0 0 0 0 0 0 0 0 0 0 0 0 0 0 0 0 0 0 0 0 0 0 0 0
0 0.42192 0 0 0 0 0 0 0 0 0 0 0 0 0 0 0 0.394062 0 0 0 0 0 0.379571 0 0.333125 0 0 0 0 0 0.486771 0 0 0.550963 0 0 0 0 0 0 0.433012 0 0 0 0 0 0 0 0 0 0 0 0 0 0 0 0 0 0.55267 0 0 0 0 0 0.561625 0 0 0 0.333521 0 0 0 0 0 0 0 0 0 0 0 0 0.47114 0 0 0 0 0 0 0 0 0 0 0 0 0 0 0 0 0 0 0 0.671804 0 0 0 0 0 0 0 0 0.699824 0 0 0 0 0 0 0 0 0 0 0 0 0 0 0 0 0 0 0 0 0 0 0 0.538744 0 0 0 0 0 0 0 0.511991 0 0 0 0 0 0 0 0 0 0 0 0 0 0.552356 0 0.509721 0 0 0 0 0 0 0 0 0 0 0 0 0 0 0 0 0 0 0 0 0 0 0 0 0 0 0 0 0 0 0 0 0.536294 0 0 0 0 0 0 0
0 0 0 0 0 0 0 0 0 0 0 0 0 0 0 0 0 0 0 0 0 0 0 0 0.333125 0 0 0 0 0 0 0.49362 0 0 0 0 0 0 0 0 0 0 0 0 0 0.682243 0.554715 0 0 0 0 0 0 0 0 0.382051 0.562774 0 0 0.451112 0 0 0 0 0 0 0 0 0 0 0.592547 0 0 0 0 0 0 0 0 0 0 0 0 0 0 0 0 0 0 0 0.58334 0 0 0 0 0 0 0 0 0 0 0 0 0.648219 0 0 0 0.57383 0 0 0 0 0 0 0 0 0.688628 0 0 0 0 0 0 0 0 0 0 0 0 0 0 0 0 0 0 0 0 0 0.50262 0 0 0 0 0 0 0 0 0 0.713049 0.594742 0 0 0 0.470474 0 0.326719 0.547617 0 0 0 0 0 0 0 0 0 0 0 0 0 0 0 0.403297 0 0 0 0 0 0 0 0 0 0 0 0 0.512819 0 0 0 0 0 0 0 0 0 0 0 0 0 0
0 0 0 0 0 0 0 0 0 0.52826 0 0 0 0 0 0 0 0 0 0 0 0 0 0 0 0 0 0 0 0 0 0 0 0 0 0 0 0 0 0 0 0 0 0 0 0 0.549255 0 0 0 0 0 0 0 0 0 0 0.708911 0 0 0 0 0 0 0 0 0 0 0 0 0 0 0 0 0 0 0 0 0 0 0 0 0 0 0 0 0 0 0 0 0 0 0 0 0 0 0 0 0 0 0 0 0 0 0 0 0 0 0 0 0.573047 0 0 0 0 0 0 0 0 0 0 0.367545 0 0 0 0 0 0 0.354578 0 0 0 0 0 0 0 0 0 0.694613 0 0 0 0 0 0 0 0 0 0 0 0 0 0 0 0 0 0 0 0.669512 0 0 0 0 0.500773 0 0 0 0 0 0 0 0 0 0 0 0 0 0 0 0 0 0 0 0 0 0 0 0 0 0 0 0 0 0 0 0 0 0 0 0
0 0 0 0 0 0 0 0 0 0 0 0 0 0 0 0 0 0 0 0 0 0 0 0 0 0 0 0 0 0.456478 0 0 0 0 0 0 0 0.505009 0 0 0 0 0 0 0 0 0 0.590249 0 0 0 0 0 0 0 0 0 0 0 0 0 0 0 0 0.45641 0 0 0 0 0 0 0 0 0 0 0 0 0 0 0 0 0 0 0 0 0 0 0 0 0 0 0 0 0 0 0.598102 0 0 0 0 0 0 0 0 0 0 0 0 0 0 0.334265 0 0 0 0.628156 0 0 0 0 0 0 0 0 0.519302 0 0 0 0 0 0 0 0 0 0 0 0 0 0 0 0 0 0 0 0 0 0 0 0 0 0 0 0 0 0 0 0 0 0 0 0 0 0 0 0 0 0 0 0 0 0 0 0 0 0 0 0.462359 0 0 0 0 0 0 0.502406 0 0 0 0 0 0 0 0 0 0 0 0 0 0 0 0.587932 0
0 0 0 0 0 0 0 0 0 0 0 0 0 0 0 0 0.570503 0 0 0 0 0 0 0 0 0 0 0 0 0 0 0 0 0 0 0 0 0 0 0 0 0 0 0 0 0 0 0 0 0 0 0 0 0 0 0 0 0 0 0 0 0 0 0 0 0 0.331371 0 0 0 0 0 0 0 0 0 0 0 0.237634 0 0 0 0 0 0 0 0 0 0 0 0 0 0 0 0 0 0 0.559577 0 0.479207 0 0 0 0 0 0 0.463506 0 0 0 0 0 0 0 0 0 0 0 0 0 0 0 0 0 0 0 0 0 0 0 0 0 0 0 0 0.443232 0 0 0 0 0 0 0 0 0 0 0 0 0 0 0 0 0 0 0 0 0 0.394241 0 0 0 0 0 0.432926 0 0.461124 0 0 0 0 0 0 0 0 0 0 0 0 0 0 0 0 0 0 0.649817 0 0 0 0 0 0 0 0 0.347183 0 0 0 0 0 0
0 0 0 0 0 0 0 0 0 0 0 0 0 0 0 0 0 0.576419 0 0 0 0 0 0 0 0 0 0.456478 0 0 0.342129 0 0 0 0 0 0 0 0 0 0 0 0 0 0 0 0 0 0 0 0 0 0 0 0 0 0 0 0.668837 0 0 0 0 0 0 0 0 0 0 0 0 0 0 0 0 0 0 0 0 0 0 0 0 0 0 0 0 0 0 0 0 0 0 0 0 0 0 0 0 0 0 0.688544 0 0 0.375802 0 0 0 0.539749 0 0 0 0 0 0 0 0 0 0 0 0 0 0 0 0 0 0 0 0 0 0 0 0 0 0 0 0 0 0 0 0 0 0 0 0 0 0 0 0 0 0 0 0 0 0 0.626642 0 0.336052 0 0 0 0 0 0 0 0 0 0 0 0 0 0 0 0 0 0 0 0 0 0 0 0 0 0 0 0 0 0 0 0 0 0 0 0 0 0 0 0 0 0
0 0 0 0 0 0 0 0 0 0 0 0 0 0 0 0 0 0 0 0 0 0 0 0 0 0 0 0 0 0.342129 0 0 0 0 0 0 0 0 0 0 0 0 0 0 0 0 0 0 0 0 0 0 0 0 0 0 0.392123 0 0 0 0 0 0 0 0 0 0 0 0 0 0 0 0 0 0 0 0 0 0 0 0 0 0 0 0 0 0 0 0 0 0 0.370512 0 0 0 0 0 0 0 0 0 0 0 0 0 0 0 0 0 0 0 0 0 0 0 0 0 0 0 0 0 0 0 0 0 0 0 0 0 0 0 0 0 0 0 0 0.664175 0 0 0.41363 0 0 0 0 0 0 0 0 0 0 0 0 0 0 0 0 0 0 0 0 0 0 0 0 0 0 0 0 0 0 0 0 0 0 0 0 0 0 0 0 0 0 0 0 0 0 0 0.625602 0 0 0 0 0 0 0 0 0 0 0 0
0 0 0 0 0.526965 0 0 0 0 0 0 0 0 0 0 0 0 0 0 0 0 0 0 0 0.486771 0.49362 0 0 0 0 0 0 0 0 0 0 0 0 0 0 0 0 0 0 0 0 0 0 0 0 0 0 0 0 0 0 0 0 0 0 0 0 0 0 0 0 0 0 0 0 0 0 0 0 0 0 0 0 0 0 0 0 0 0 0 0 0.59252 0 0 0 0 0 0 0 0 0 0 0 0 0 0 0 0 0 0 0 0 0 0 0 0 0.405991 0 0 0 0 0 0 0 0 0.485872 0 0 0 0 0 0 0 0 0 0 0.633998 0 0 0 0 0 0 0 0 0 0 0 0 0 0 0 0 0 0 0 0 0 0 0 0 0 0 0.639359 0 0 0 0 0 0 0 0 0 0 0 0 0 0 0 0 0 0 0 0 0 0 0 0 0 0 0 0 0 0 0 0 0 0 0 0 0 0 0 0 0
0 0 0 0 0 0 0.416976 0 0.481647 0 0 0 0 0 0 0 0.430172 0 0 0 0 0 0 0 0 0 0 0 0 0 0 0 0 0 0 0 0 0 0 0 0 0 0 0 0 0 0 0 0 0 0 0 0 0 0 0 0 0 0 0 0 0 0 0 0 0 0 0.43572 0 0 0 0 0 0 0 0 0 0 0 0 0.469823 0 0 0 0 0 0 0 0 0 0.417031 0 0 0 0 0 0 0 0 0 0 0 0 0 0 0 0 0 0 0 0 0 0 0 0 0.403006 0 0 0 0 0.365562 0 0 0 0 0 0 0 0 0 0 0.67343 0 0 0 0 0 0 0 0 0 0 0 0 0 0 0 0.458564 0 0 0 0.353176 0.667907 0 0 0 0 0 0 0 0 0 0 0 0 0 0 0 0.505396 0 0.630127 0 0 0 0 0 0 0 0 0 0 0 0 0 0 0 0 0.685227 0 0 0 0 0 0.499532 0 0 0 0 0 0
0 0 0 0 0 0 0 0 0 0 0 0 0 0 0 0 0 0 0 0 0 0 0 0 0 0 0 0 0 0 0 0 0 0 0.461252 0 0 0 0 0 0 0 0 0 0 0 0.569426 0 0 0 0 0 0 0 0 0 0 0 0 0 0 0 0 0 0 0.423644 0.56194 0 0 0 0 0 0 0.473849 0 0 0 0 0 0 0 0 0.559179 0 0 0 0 0 0 0 0 0 0 0.609435 0 0 0 0 0 0 0 0 0 0 0 0 0 0 0 0 0 0 0 0 0 0 0 0 0 0.594365 0 0 0 0 0 0 0 0 0 0 0 0 0.435491 0 0 0 0 0 0 0 0 0 0 0 0 0 0 0 0 0 0 0 0 0 0 0 0 0.634999 0.577156 0 0.585336 0.483006 0 0 0 0 0 0 0.46584 0 0 0 0.477495 0 0 0 0 0 0 0 0 0 0.620148 0 0 0 0 0.526858 0 0 0 0 0 0 0 0 0 0 0 0
0 0 0 0 0 0 0 0 0 0 0.556367 0 0 0 0 0 0.363523 0 0 0 0 0 0 0 0.550963 0 0 0 0 0 0 0 0 0.461252 0 0 0 0.650156 0 0 0 0 0 0 0 0 0 0 0 0 0 0 0 0 0 0.439232 0 0 0 0 0 0 0 0 0 0 0 0 0 0 0 0 0 0.328827 0 0 0 0.424996 0 0 0 0 0 0 0 0 0 0 0 0 0 0 0 0 0 0 0 0 0 0 0 0 0 0 0 0 0 0 0 0 0 0 0 0 0 0 0 0 0 0 0 0 0 0 0 0 0 0 0 0 0 0 0 0 0 0 0 0 0 0 0.668377 0 0 0 0 0 0 0 0 0 0 0 0 0 0 0 0 0 0 0 0 0 0 0 0 0 0 0 0 0 0 0 0 0 0 0 0 0 0 0 0 0 0 0 0 0 0 0 0 0 0 0.602205 0 0 0 0 0 0 0 0
0 0 0 0 0.628906 0 0 0.536038 0 0 0.394185 0 0 0 0 0 0 0 0 0 0 0 0.530149 0 0 0 0 0 0 0 0 0 0 0 0 0 0 0 0 0 0 0 0 0 0 0 0 0 0 0 0.336673 0 0 0 0 0 0 0 0 0 0 0 0 0 0 0 0 0 0.468311 0 0 0 0 0 0 0 0 0 0 0 0 0.366791 0 0 0 0 0 0 0 0 0 0 0 0 0 0 0 0 0 0 0 0 0 0 0 0 0 0 0.677917 0 0 0 0 0 0 0 0 0 0 0 0 0.357803 0 0.663783 0 0 0 0 0 0 0 0 0 0 0 0 0 0 0 0 0 0 0 0.418575 0 0 0 0 0.634661 0 0 0 0 0 0 0 0 0 0 0 0 0 0 0 0 0 0 0 0 0 0 0 0 0 0 0 0 0 0 0 0 0.569005 0 0 0 0 0 0 0 0.34227 0 0 0.586247 0 0 0 0 0 0 0.495541
0 0 0 0 0 0.659242 0 0 0 0 0 0 0 0 0 0 0 0 0 0 0 0 0 0 0 0 0 0 0 0 0 0 0 0 0 0 0 0 0 0 0 0 0 0 0 0 0 0 0 0 0 0 0 0 0 0 0 0 0 0 0 0 0 0 0 0 0 0 0 0 0 0 0.5917 0 0 0 0 0 0 0 0 0 0.412667 0 0 0 0 0 0 0 0 0 0 0 0 0 0 0 0 0 0 0 0 0 0 0 0 0 0 0 0 0 0 0 0 0 0 0 0 0 0 0 0 0 0 0.548679 0 0 0 0 0 0.655649 0 0 0 0 0 0 0 0 0 0 0 0 0 0 0 0.493676 0 0 0 0 0 0 0 0 0 0 0 0 0 0 0 0 0 0 0 0 0 0 0 0 0 0 0 0 0 0 0 0 0 0 0 0.60052 0.612161 0 0 0 0 0 0.568645 0 0 0 0 0.55495 0 0 0 0
0 0 0 0 0 0 0 0 0 0 0 0.442474 0 0 0 0 0 0 0 0 0 0 0 0.379756 0 0 0 0.505009 0 0 0 0 0 0 0.650156 0 0 0 0.625447 0 0.371863 0 0 0 0 0.648088 0 0 0 0 0 0 0 0 0.566639 0 0 0 0 0.48224 0 0 0 0.636395 0 0 0 0.485398 0 0 0 0 0 0 0 0 0.551993 0 0 0 0 0 0.322984 0.45801 0 0 0 0 0 0 0 0 0 0 0 0 0 0 0 0 0.633182 0 0 0.580681 0 0 0 0 0 0 0 0 0 0 0 0 0 0 0 0 0 0 0 0 0.382109 0 0 0.449706 0 0 0 0 0 0 0 0 0 0 0 0 0 0.397397 0 0 0.422829 0 0 0 0 0 0 0 0 0 0 0 0 0 0 0 0 0 0 0 0 0 0 0 0 0 0.646591 0 0 0 0 0 0 0 0 0 0 0 0 0 0 0.412221 0 0 0 0 0.665898 0 0 0 0 0 0 0 0 0
0 0 0 0 0 0 0 0 0 0 0.606986 0 0 0 0 0.363716 0 0 0 0 0 0 0 0 0 0 0 0 0 0 0 0 0 0 0 0 0 0.625447 0 0 0 0 0 0 0 0 0.396582 0 0 0 0 0 0 0 0 0 0 0 0 0 0 0 0 0 0 0 0 0 0.379224 0.503658 0 0 0 0 0 0 0 0 0 0 0.451425 0 0 0 0 0 0 0 0 0 0 0 0 0 0 0 0 0.532133 0 0 0 0 0 0 0 0 0 0 0 0 0 0 0 0 0 0 0 0 0 0 0 0 0 0 0 0 0 0 0 0 0 0 0 0 0 0 0 0 0 0 0 0 0 0 0 0 0 0 0 0 0 0 0 0 0 0 0 0.270485 0 0 0 0 0 0 0 0 0 0 0 0 0 0 0 0 0 0 0 0 0 0 0 0 0 0 0 0 0 0 0 0 0 0 0 0 0 0 0 0 0 0
0 0 0 0 0 0 0 0 0 0 0.564342 0 0 0 0.481469 0 0 0 0 0 0 0 0 0 0 0 0 0 0 0 0 0 0 0 0 0 0 0 0 0 0 0 0 0 0 0 0 0 0 0 0 0 0 0 0 0 0 0 0 0 0 0 0 0 0 0 0 0 0 0 0 0 0 0 0 0 0 0 0 0 0 0 0 0 0 0 0 0 0 0 0 0 0 0.361903 0 0 0 0 0 0 0 0 0 0 0 0 0 0 0 0 0 0.562666 0 0 0 0 0 0 0 0 0.558719 0 0 0 0 0 0 0 0 0 0 0 0 0 0 0 0 0 0 0 0 0 0 0 0 0 0 0 0 0 0.566266 0 0 0 0 0 0 0 0 0 0 0 0 0 0 0 0 0.423971 0 0 0 0 0.418809 0 0 0 0 0 0 0 0 0 0 0.391146 0 0 0 0 0 0 0 0 0.330383 0 0 0 0 0 0 0
0 0 0 0 0 0 0.449138 0 0 0 0 0 0 0 0 0 0 0 0 0.340996 0 0 0 0 0 0 0 0 0 0 0 0 0 0 0 0 0 0.371863 0 0 0 0 0 0 0 0 0 0 0 0 0 0.531752 0 0 0 0 0.377111 0 0 0 0 0 0 0 0 0 0 0 0 0 0 0 0 0 0 0 0 0 0 0 0 0.543625 0 0 0 0 0.537515 0.505394 0 0 0 0 0 0 0 0 0 0.61714 0 0 0 0 0 0 0 0 0 0 0 0 0 0.3383 0 0 0 0 0.520345 0 0 0 0 0 0 0 0 0 0 0 0 0 0 0 0 0 0 0 0 0 0 0 0 0 0 0 0 0 0 0 0 0 0 0 0.506386 0 0 0 0 0 0 0 0 0 0 0.568425 0 0 0.576526 0 0.326172 0 0 0 0 0 0 0 0 0 0 0 0 0.427904 0 0 0 0 0 0 0 0 0 0 0 0 0 0 0 0 0 0
0 0 0 0 0 0 0.488924 0 0 0 0 0 0 0.544901 0 0 0 0 0 0 0 0 0 0 0.433012 0 0 0 0 0 0 0 0 0 0 0 0 0 0 0 0 0 0 0 0 0 0 0 0 0 0 0 0 0 0 0 0 0 0 0 0 0 0 0 0 0 0.558783 0 0 0 0 0 0 0 0 0 0 0 0 0 0 0 0 0 0.683459 0 0 0 0 0 0 0 0 0 0 0 0 0.581506 0 0 0 0.578356 0 0 0 0 0 0 0 0 0 0 0 0 0 0 0 0 0 0 0 0.61345 0 0 0 0 0 0 0 0 0 0 0 0 0 0 0 0.488848 0 0 0 0 0 0.277606 0 0 0 0 0 0 0 0 0 0 0 0 0 0 0 0 0 0 0 0 0 0 0.401051 0 0 0 0 0 0 0.650179 0 0 0 0 0 0 0 0 0 0 0 0 0 0.395459 0 0 0 0 0 0.568005 0 0 0 0 0 0
0 0 0 0 0 0 0 0 0 0 0.513468 0 0 0 0 0.762852 0.392022 0 0 0 0 0 0 0 0 0 0 0 0 0 0 0 0 0 0 0 0 0 0 0 0 0 0 0 0 0 0 0 0 0 0 0 0 0 0 0 0 0 0 0 0 0 0 0 0.702702 0 0 0.492807 0 0 0 0 0 0 0 0 0 0 0 0 0.637616 0 0 0 0 0 0 0.57673 0 0 0 0 0 0 0 0 0 0 0 0 0 0.378196 0 0 0 0 0 0 0 0 0 0 0 0 0 0 0 0 0 0 0 0 0 0 0 0 0 0 0 0 0 0 0 0 0 0 0 0 0 0 0 0 0 0 0 0 0 0 0 0 0 0 0 0 0 0 0 0 0 0 0 0 0 0 0 0 0 0 0 0 0 0 0 0 0 0 0 0 0 0 0 0 0 0 0 0 0 0 0 0 0 0 0 0 0 0 0 0 0 0
0.434724 0 0 0 0 0 0 0 0 0 0.671909 0.673551 0 0 0 0 0 0 0 0 0 0 0 0 0 0 0 0 0 0 0 0 0 0 0 0 0 0 0 0 0 0 0 0 0 0 0 0 0 0 0 0 0 0 0 0.490265 0 0 0 0 0 0 0.400545 0 0 0 0 0 0 0 0 0 0 0 0 0 0 0 0 0 0 0 0 0 0.354474 0 0 0 0 0 0 0 0.676433 0 0 0 0 0 0 0 0 0 0 0 0 0 0 0 0 0 0 0 0 0 0 0 0 0 0 0 0 0 0 0 0 0 0 0 0 0 0 0 0 0 0 0 0 0 0 0 0 0 0 0 0 0 0.670673 0 0 0 0 0 0.361846 0 0 0 0.637116 0 0 0 0 0 0 0 0 0 0 0 0 0.65534 0 0 0 0 0 0 0 0 0 0 0.630141 0 0 0 0 0 0 0 0.393148 0 0 0 0 0 0 0 0 0 0 0
0 0 0 0 0 0.468278 0 0 0 0 0 0 0 0 0 0 0 0 0 0 0 0 0.547747 0 0 0 0 0 0 0 0 0 0 0 0 0 0 0 0 0 0 0 0 0 0 0 0 0 0 0 0 0 0 0.399233 0 0 0 0 0 0 0 0 0 0 0 0 0 0 0 0 0 0 0 0 0 0 0 0.562922 0 0 0 0 0 0 0 0 0 0 0 0 0 0 0 0 0 0 0 0 0 0 0 0 0.467078 0.605734 0 0 0 0 0 0.532837 0 0 0 0 0 0 0 0 0 0 0.507834 0 0 0 0 0 0 0 0 0 0 0 0 0 0 0 0.367255 0 0.532792 0.462566 0 0 0 0 0 0 0 0 0 0 0 0 0 0 0 0 0 0 0 0 0 0 0 0 0 0 0 0 0 0.553585 0 0 0 0 0 0 0 0 0 0 0.466584 0 0 0 0 0 0 0.318712 0.622914 0 0 0 0 0 0 0.522071 0 0 0 0
0 0 0 0 0 0 0 0 0 0 0 0 0 0 0.357935 0 0 0 0 0.514914 0 0 0.482684 0 0 0.682243 0 0 0 0 0 0 0 0 0 0 0 0.648088 0 0 0 0 0 0 0 0 0 0 0 0 0 0 0 0 0 0 0 0 0 0 0 0 0 0 0 0 0 0 0 0 0 0 0 0 0 0 0 0 0 0 0 0 0 0 0 0 0 0 0.53541 0 0 0 0 0 0 0.621264 0 0 0 0 0 0.43166 0 0 0 0 0 0.358498 0 0 0 0 0 0 0 0 0 0 0 0.512794 0 0 0 0 0 0 0.678897 0 0 0 0 0 0 0 0 0.746754 0.462798 0 0 0 0 0 0 0 0 0 0 0 0 0 0 0 0 0 0 0 0 0 0.397967 0 0 0 0 0 0 0 0 0 0 0 0 0 0 0 0 0 0 0 0 0 0 0 0 0 0 0 0 0 0 0 0 0 0 0 0 0 0 0 0 0
0 0 0 0 0 0 0.554536 0 0 0 0 0 0 0 0 0 0 0.489639 0 0 0 0.587662 0 0 0 0.554715 0.549255 0 0 0 0 0 0 0.569426 0 0 0 0 0.396582 0 0 0 0 0 0 0 0 0 0 0 0 0 0.445058 0 0 0 0 0 0 0 0 0 0 0 0 0 0 0 0.547345 0 0 0 0 0 0 0 0 0 0 0 0 0 0 0 0 0 0 0 0 0 0 0 0 0 0.491629 0 0 0 0 0 0 0 0 0 0 0 0 0 0 0 0.602202 0 0 0 0 0 0 0 0 0 0 0 0 0 0 0 0 0 0.479939 0 0 0 0 0.471522 0 0 0 0 0 0 0 0 0 0 0.500108 0 0 0 0 0 0 0 0.371141 0 0 0 0 0 0.540793 0 0 0 0 0 0 0 0.707696 0.568278 0 0.561621 0 0 0 0 0 0 0 0 0 0 0 0 0 0 0 0 0 0 0 0 0 0 0 0 0 0 0 0 0 0
0 0 0 0 0.376965 0 0 0 0 0 0 0 0 0 0 0 0 0 0.400196 0 0 0 0 0 0 0 0 0.590249 0 0 0 0 0 0 0 0 0 0 0 0 0 0 0 0 0 0 0 0 0 0 0 0 0.500602 0 0.642239 0 0 0.530643 0 0 0 0 0 0 0 0 0 0 0 0 0 0.571203 0 0 0 0 0 0 0 0 0 0 0 0 0 0 0 0 0 0 0 0 0 0 0 0 0 0 0 0 0 0 0 0 0 0 0 0 0 0 0 0 0 0.300239 0 0.356379 0 0 0 0 0 0 0 0 0 0 0 0 0 0 0 0 0 0 0 0 0 0 0 0 0 0 0 0 0 0 0 0 0 0 0 0 0 0.701214 0 0 0 0 0 0 0 0 0 0 0 0.373831 0 0 0 0 0 0 0 0 0 0 0 0 0 0 0 0 0 0 0 0 0 0 0 0 0 0 0 0 0 0 0 0 0 0
0.407654 0 0 0 0 0 0 0 0 0 0 0 0.350014 0 0 0 0 0 0 0 0 0 0 0 0 0 0 0 0 0 0 0 0 0 0 0 0 0 0 0 0 0 0 0 0 0 0 0 0 0 0 0 0 0 0 0 0 0 0 0 0 0 0 0 0 0 0 0.608701 0 0 0 0 0 0 0 0 0 0 0 0 0 0 0 0 0 0 0 0 0 0 0 0 0 0 0 0 0 0 0 0 0 0 0.600149 0 0 0 0 0 0.565586 0 0 0.463827 0 0 0 0 0 0 0 0 0 0 0 0 0 0.661881 0 0 0 0 0.493911 0 0 0 0 0 0 0 0 0 0 0 0 0 0 0 0 0 0 0 0 0 0.497308 0 0 0.489223 0 0 0 0 0 0 0 0 0 0 0 0 0 0.501596 0.71361 0 0 0 0 0 0 0 0 0 0 0 0 0 0 0 0 0 0 0 0 0 0 0 0 0 0 0 0 0
0 0 0 0 0 0 0 0 0 0 0 0 0 0.424419 0 0 0 0 0 0 0 0 0 0 0 0 0 0 0 0 0 0 0 0 0 0 0 0 0 0 0 0 0 0 0 0 0 0 0 0 0 0 0 0 0 0 0.549209 0 0 0 0 0 0 0 0 0 0 0 0 0 0 0 0 0 0 0 0.42438 0 0 0 0 0 0 0 0 0 0 0 0 0 0 0 0 0 0 0 0 0 0 0 0 0.396712 0 0 0 0 0 0 0 0 0 0 0.388068 0 0 0 0 0 0 0 0 0 0 0 0 0 0 0 0 0 0 0 0 0 0 0 0 0 0 0 0 0 0 0 0 0 0 0 0 0 0 0 0 0 0 0 0 0 0 0.385258 0 0 0 0 0 0 0 0 0 0 0 0 0 0 0 0 0 0.506531 0 0 0 0 0 0 0 0.504676 0 0 0 0 0 0 0 0 0 0 0 0 0 0
0 0 0 0 0 0 0 0 0 0 0.59221 0 0 0 0 0 0 0 0 0 0 0 0 0 0 0 0 0 0 0 0 0 0 0 0 0.336673 0 0 0 0 0 0 0 0 0 0 0 0 0 0 0 0 0 0 0 0 0 0 0 0 0 0 0 0 0 0 0 0 0 0 0.482172 0 0 0 0 0 0 0.435812 0 0 0 0 0 0 0 0 0 0 0 0 0 0 0 0 0 0 0 0.531842 0 0 0 0 0 0 0 0 0.403071 0 0 0 0 0 0 0 0 0 0 0 0 0 0 0 0 0 0 0.458625 0 0 0 0 0 0 0 0 0 0 0 0 0 0 0 0 0 0 0 0 0 0 0 0 0 0.454476 0 0 0 0 0 0 0.554087 0 0 0 0 0 0 0.509521 0 0 0 0 0 0 0 0 0 0 0 0 0 0 0 0 0 0 0 0 0 0 0 0 0 0 0 0 0 0 0 0 0 0
0 0 0 0 0 0 0 0 0 0 0 0 0 0 0 0 0 0 0 0 0 0 0 0.537892 0 0 0 0 0 0 0 0 0 0 0 0 0 0 0 0 0.531752 0 0 0 0 0 0 0 0 0 0 0 0 0 0 0 0 0 0 0 0.466167 0 0 0.530935 0 0 0 0 0.393608 0 0 0 0 0 0 0 0 0 0 0 0 0.560775 0 0 0 0 0 0 0 0 0 0 0 0 0 0 0 0 0 0 0 0 0 0 0 0 0 0 0 0 0 0 0 0 0 0 0 0 0 0 0 0 0 0 0 0 0 0 0 0 0 0 0 0 0 0 0 0 0 0 0 0 0 0 0 0 0 0 0 0 0 0 0 0.307961 0 0 0 0 0 0 0 0 0 0 0 0.291186 0 0 0.689571 0 0 0 0 0 0 0 0 0 0.555933 0 0 0 0 0 0 0.58495 0 0 0 0 0 0 0 0 0 0 0 0 0 0
0 0 0 0 0 0 0 0 0 0 0 0 0.390612 0 0 0 0 0.580368 0 0 0 0 0 0 0 0 0 0 0 0 0 0 0 0 0 0 0 0 0 0 0 0 0 0 0 0 0.445058 0.500602 0 0 0 0 0 0 0 0 0 0 0 0 0 0 0 0 0.512072 0 0 0 0 0 0 0 0 0 0 0 0 0 0 0 0 0 0 0 0 0 0 0 0 0 0 0 0 0 0 0 0 0 0.332824 0 0 0 0 0 0 0 0 0 0 0 0 0 0 0 0 0 0 0 0 0 0 0 0 0 0.676864 0 0 0 0 0 0 0 0 0 0 0 0 0 0 0 0 0 0 0 0 0 0 0 0 0 0.67532 0 0 0 0 0 0 0.572239 0 0 0 0 0 0 0 0.346639 0.359043 0 0 0 0 0 0 0 0 0.547636 0 0 0 0 0 0 0 0 0 0 0.536584 0 0 0 0 0.458093 0 0 0 0 0 0 0 0
0 0 0 0 0 0 0 0 0 0 0 0 0 0 0 0 0 0 0 0 0 0 0 0 0 0 0 0 0 0 0 0 0 0 0 0 0 0 0 0 0 0 0 0 0.399233 0 0 0 0 0 0 0 0 0 0 0 0 0 0.378616 0 0 0 0 0 0.49535 0 0 0 0 0 0 0 0 0 0 0 0 0 0 0 0 0 0 0 0 0 0 0.676896 0 0 0 0 0 0 0 0 0 0 0 0 0 0 0.309869 0.557287 0 0 0.403364 0 0 0.377119 0 0 0 0 0.469626 0 0 0 0 0.642309 0 0 0.448321 0 0 0 0 0 0 0 0 0 0 0 0 0 0.587989 0 0 0 0 0 0 0.43287 0 0 0 0 0 0 0 0 0 0 0 0 0 0 0 0 0 0 0 0 0 0 0 0 0 0 0 0 0 0 0 0 0 0 0 0 0 0 0.421015 0 0 0 0 0 0 0 0 0 0 0 0 0 0 0 0 0
0 0 0 0 0 0 0 0 0 0 0 0 0 0 0 0 0 0 0 0 0 0 0 0 0 0 0 0 0 0 0 0 0 0 0 0 0 0.566639 0 0 0 0 0 0 0 0 0 0.642239 0 0 0 0 0 0 0 0 0.401627 0 0 0 0 0 0 0 0 0 0 0 0 0 0 0 0 0 0 0 0 0 0 0 0 0 0 0 0 0 0 0 0 0 0 0 0 0 0 0 0 0 0 0 0 0 0 0 0 0 0 0 0 0 0 0 0 0 0 0 0 0 0 0 0 0 0 0 0 0 0 0 0 0 0 0 0 0 0 0 0 0 0 0 0 0 0 0 0 0 0 0.460124 0 0 0 0 0 0 0 0 0 0 0 0 0 0 0 0 0 0 0 0 0 0 0 0 0 0 0 0 0 0 0 0 0 0 0 0 0 0 0 0 0 0 0 0 0 0 0 0.520189 0 0 0 0
0 0 0 0 0 0 0 0 0 0 0 0 0 0 0 0 0 0 0 0 0.563225 0 0 0 0 0.382051 0 0 0 0 0 0 0 0 0.439232 0 0 0 0 0 0 0 0 0.490265 0 0 0 0 0 0 0 0 0 0 0 0 0 0 0 0 0 0 0 0 0 0 0 0 0 0 0 0 0 0 0 0 0 0 0 0 0 0 0 0 0 0 0 0 0 0 0 0 0 0 0 0.430573 0 0 0 0 0 0 0 0 0 0 0 0 0 0 0 0 0 0 0 0 0 0 0 0 0 0 0 0 0 0 0 0 0 0 0 0 0 0 0 0 0 0.517629 0 0 0 0 0 0 0 0 0 0 0 0 0 0 0 0 0 0 0 0 0 0 0 0 0 0 0 0 0 0 0 0 0 0 0 0 0 0 0 0 0 0 0 0 0 0 0.490834 0 0 0.426789 0 0 0 0 0 0 0 0 0 0 0 0
0 0 0 0 0 0 0 0 0 0 0.602523 0 0 0 0 0 0.69738 0 0 0 0 0 0 0 0 0.562774 0 0 0 0 0.392123 0 0 0 0 0 0 0 0 0 0.377111 0 0 0 0 0 0 0 0 0.549209 0 0 0 0 0.401627 0 0 0 0.389978 0 0.615261 0 0.471225 0 0 0 0 0 0 0 0 0 0 0 0 0 0 0 0 0 0 0 0 0 0 0 0 0 0 0 0 0 0 0 0 0 0 0 0 0 0 0 0 0 0 0 0 0 0 0 0 0 0 0 0 0 0 0 0 0 0 0 0 0 0 0 0 0 0 0 0 0.380412 0 0 0 0 0 0 0 0 0 0 0 0 0.552271 0 0 0 0 0 0 0 0 0.643868 0 0 0 0 0 0 0 0 0 0 0 0 0 0 0 0 0 0 0 0 0 0 0 0 0 0 0 0 0 0 0 0 0 0 0 0 0 0 0 0 0 0 0 0 0 0.652715
0 0 0 0 0 0 0 0 0 0 0 0 0 0 0 0 0 0 0 0 0 0 0 0 0 0 0.708911 0 0 0 0 0 0 0 0 0 0 0 0 0 0 0 0 0 0 0 0 0.530643 0 0 0 0 0 0 0 0 0 0 0 0 0 0 0 0 0 0 0 0 0 0 0 0 0 0 0 0 0 0 0 0 0 0 0 0 0 0 0 0 0 0 0 0 0 0 0 0 0 0 0 0 0 0 0 0 0 0 0 0 0 0 0 0.4659 0 0 0 0 0 0 0 0 0 0 0 0 0 0 0 0 0.633508 0 0 0 0 0 0 0 0 0 0 0 0.437693 0 0 0 0 0 0 0 0 0 0 0 0 0 0 0 0 0 0 0 0 0 0 0 0 0 0 0 0 0 0 0 0 0 0 0 0 0 0 0 0 0 0 0 0 0 0 0 0 0 0 0 0 0 0 0 0 0 0 0
0 0 0 0 0 0 0 0.345843 0 0 0 0 0 0 0 0 0 0 0 0 0 0 0 0 0 0 0 0 0 0.668837 0 0 0 0 0 0 0 0 0 0 0 0 0 0 0 0 0 0 0 0 0 0 0 0.378616 0 0 0.389978 0 0 0.699145 0 0 0.4653 0 0 0.316796 0 0 0 0 0 0 0 0 0 0 0 0 0 0 0 0 0 0 0 0 0 0 0 0 0 0 0 0 0 0 0 0 0 0 0 0 0.55902 0 0 0 0.396903 0 0 0.641222 0 0 0 0 0 0 0 0 0.416379 0 0 0 0 0 0 0 0 0 0 0 0 0 0 0 0 0 0 0 0 0 0 0 0 0 0 0 0 0 0 0.451043 0 0 0 0 0 0 0 0 0 0 0 0.485982 0 0 0 0 0 0 0 0 0 0 0.60873 0 0 0 0 0 0 0 0 0 0 0 0 0 0 0 0.43707 0 0 0 0 0 0 0 0 0 0 0
0 0.699692 0 0 0 0.680482 0 0 0 0 0 0 0 0 0 0 0 0 0 0 0 0 0 0 0.55267 0.451112 0 0 0 0 0 0 0 0 0 0 0 0.48224 0 0 0 0 0 0 0 0 0 0 0 0 0 0 0 0 0 0 0 0 0.699145 0 0 0 0 0 0 0 0 0.672019 0 0 0 0 0 0 0 0 0 0 0 0 0 0 0.512166 0.702248 0 0 0 0 0 0 0 0 0 0 0 0 0 0 0 0 0 0 0 0 0 0 0 0 0 0 0.546821 0 0 0 0 0 0 0 0 0 0 0 0 0 0 0 0 0 0 0 0 0 0 0 0 0 0 0 0 0 0 0 0 0 0 0 0 0 0 0.518951 0 0 0 0 0 0 0 0 0 0.742266 0 0 0 0.581528 0 0 0 0 0.700818 0 0.602255 0 0 0 0 0 0 0 0 0 0 0 0 0 0 0 0 0 0 0 0 0 0 0 0 0 0 0 0 0.5115
0 0 0 0 0 0 0 0.502508 0 0 0.617125 0.688687 0 0 0 0 0 0.521815 0 0 0 0 0 0.730387 0 0 0 0 0 0 0 0 0 0 0 0 0 0 0 0 0 0 0 0 0 0 0 0 0 0 0 0.466167 0 0 0 0 0.615261 0 0 0 0 0 0 0 0 0 0.370411 0 0 0 0 0 0 0 0 0 0 0 0 0 0 0 0 0 0 0 0.419983 0 0 0 0 0 0 0 0 0 0 0 0 0 0 0 0 0 0 0 0 0 0 0 0 0 0 0 0 0 0 0 0 0 0 0 0 0 0 0 0 0 0 0 0 0 0.377132 0.355914 0 0 0 0 0 0 0 0 0 0 0 0 0 0 0 0.354759 0 0 0 0.56432 0.541813 0 0 0.599324 0.336245 0 0 0.663596 0 0 0 0 0 0 0 0 0 0.45728 0 0 0 0 0 0 0 0.339862 0 0 0 0 0 0 0 0.481298 0 0 0 0 0 0 0 0 0 0 0 0
0 0 0 0 0 0 0 0 0 0 0.588582 0 0 0 0 0 0 0.459085 0 0 0 0 0 0.363869 0 0 0 0 0 0 0 0 0 0 0 0 0 0 0 0 0 0 0 0 0 0 0 0 0 0 0 0 0 0 0 0 0 0 0 0 0 0 0 0 0 0 0 0 0 0.469748 0 0 0 0 0 0 0 0 0 0 0 0 0 0.623054 0 0 0 0 0 0 0 0 0 0 0 0 0 0 0 0.331932 0 0 0 0 0 0 0 0 0 0.546196 0 0.335671 0 0 0 0 0 0 0 0 0 0 0 0.528386 0 0 0 0 0 0 0 0 0 0 0 0 0 0 0 0 0 0 0 0 0 0 0 0.558405 0 0 0 0 0 0 0 0 0 0 0 0 0 0 0 0 0 0 0 0 0 0 0 0 0.330151 0 0 0 0 0 0 0 0 0 0 0.391435 0 0 0 0 0 0 0 0 0 0 0 0 0 0 0 0
0 0 0 0 0 0 0 0 0 0 0 0 0 0 0 0 0 0 0 0 0 0 0.325323 0 0 0 0 0 0 0 0 0 0 0 0 0 0 0 0 0 0 0 0 0.400545 0 0 0 0 0 0 0 0 0 0 0 0 0.471225 0 0.4653 0 0 0 0 0 0 0 0 0 0 0 0 0 0.733852 0.538321 0 0 0 0.560538 0 0 0 0 0 0 0 0 0 0.523689 0 0 0 0 0 0 0 0 0 0 0 0 0 0 0 0 0 0 0 0 0 0.424659 0 0 0 0 0 0 0 0 0 0 0 0 0 0.59015 0 0 0 0 0 0 0 0 0 0 0 0 0 0 0 0 0 0 0 0 0 0 0 0 0 0 0 0.468255 0 0 0 0 0 0 0 0.385585 0 0 0 0 0 0 0 0 0 0 0 0 0 0 0 0 0.381723 0 0.620894 0 0 0 0.638275 0 0 0 0 0 0 0 0 0 0 0 0 0 0 0 0 0
0 0 0 0.451337 0 0 0 0 0 0 0 0 0 0 0.398599 0 0.632024 0.596395 0 0 0 0 0 0.321427 0 0 0 0 0 0 0 0 0 0 0 0 0 0.636395 0 0 0 0 0 0 0 0 0 0 0 0 0 0.530935 0 0 0 0 0 0 0 0 0 0 0 0 0 0 0 0 0 0 0 0 0 0 0 0 0 0 0 0 0 0.535373 0 0 0 0 0 0 0 0 0 0 0 0 0 0 0 0 0 0 0 0 0 0 0 0 0 0.596283 0 0 0 0 0 0 0 0 0 0 0 0 0 0 0 0 0 0 0 0 0 0 0 0 0 0 0 0 0 0.522045 0 0 0 0 0.605628 0 0 0 0 0 0 0 0 0 0 0 0 0 0 0 0 0 0 0 0 0.412756 0 0 0 0 0 0 0 0 0 0 0 0 0 0 0 0 0 0.602418 0 0 0 0 0 0 0.533686 0 0 0 0 0 0 0 0 0 0 0
0 0 0 0 0 0 0 0 0 0 0 0.695234 0 0.696556 0 0 0 0.373446 0 0 0 0 0 0 0 0 0 0.45641 0 0 0 0 0 0 0 0 0 0 0 0 0 0 0.702702 0 0 0 0 0 0 0 0 0 0.512072 0.49535 0 0 0 0 0 0 0 0 0 0 0 0 0 0 0 0 0 0 0 0 0 0 0 0 0 0 0 0 0 0 0 0 0 0 0 0 0 0 0 0 0.54968 0 0 0 0 0 0 0 0 0 0 0 0 0 0 0 0 0 0 0.617559 0 0 0 0 0 0 0 0 0 0 0 0 0 0 0 0 0 0 0 0 0 0.682453 0 0 0 0 0 0 0 0 0 0 0 0 0 0 0 0 0 0 0 0 0 0 0 0 0 0 0 0 0 0 0 0 0 0 0 0 0 0 0.673321 0 0 0 0 0 0 0 0 0 0 0 0 0 0 0 0 0 0 0.572945 0 0 0 0 0 0
0 0 0.398276 0 0 0 0 0 0 0 0 0 0 0 0 0 0 0 0 0 0 0 0 0 0.561625 0 0 0 0 0 0 0 0 0.423644 0 0 0 0 0 0 0 0 0 0 0 0 0 0 0 0 0 0 0 0 0 0 0 0 0.316796 0 0 0 0 0 0 0 0 0 0 0 0 0 0.600712 0 0 0 0 0 0 0 0 0 0 0 0 0 0 0 0 0 0 0 0 0 0 0 0.709914 0.506383 0 0 0 0 0 0 0 0 0 0 0 0 0 0 0 0 0 0 0 0 0 0 0.394494 0 0 0.559141 0 0 0 0 0 0 0 0.50965 0 0 0 0 0 0 0 0 0 0 0 0 0 0 0 0.529748 0 0 0 0 0 0 0 0 0.498931 0 0 0 0 0 0.580324 0 0 0.434577 0 0 0 0 0 0.557338 0 0 0 0 0 0 0 0 0 0 0 0 0 0 0 0 0 0 0 0 0 0 0 0 0 0 0 0
0 0 0 0 0.539017 0 0 0 0 0 0 0 0 0.498036 0 0 0 0 0 0 0 0 0 0 0 0 0 0 0.331371 0 0 0 0 0.56194 0 0 0 0 0 0 0 0.558783 0 0 0 0 0 0 0 0 0 0 0 0 0 0 0 0 0 0 0.370411 0 0 0 0 0 0 0 0 0 0 0 0 0 0.557519 0 0 0 0 0 0 0 0 0 0 0 0 0 0 0 0 0 0 0 0 0 0 0 0 0 0 0 0 0 0 0 0 0 0 0 0 0 0 0 0 0 0 0 0 0 0.424383 0 0 0 0 0 0 0 0.714813 0 0.391099 0 0 0 0 0 0 0 0 0 0 0 0 0 0 0 0 0.69792 0 0 0 0.567264 0 0 0 0 0 0 0 0 0 0 0 0.507293 0 0 0 0 0 0 0 0 0 0 0 0 0 0 0 0 0 0 0 0 0 0.419665 0 0 0 0 0 0 0 0 0 0 0 0 0 0
0 0 0 0 0 0.548256 0 0 0.403359 0 0 0 0 0 0 0 0 0 0 0 0 0.660826 0 0 0 0 0 0 0 0 0 0 0.43572 0 0 0 0 0.485398 0 0 0 0 0.492807 0 0 0 0 0 0.608701 0 0 0 0 0 0 0 0 0 0 0.672019 0 0 0 0 0 0 0 0 0 0 0 0 0 0 0 0 0 0 0 0 0 0 0 0 0 0 0 0 0 0 0 0 0 0 0 0 0 0 0 0 0 0 0 0 0 0 0 0 0 0 0 0 0 0 0 0 0 0 0 0 0 0 0 0 0 0.44792 0 0 0 0 0 0 0 0 0 0 0 0 0 0 0 0 0 0 0 0 0 0 0 0 0 0 0 0.320672 0 0 0 0 0 0 0 0 0 0 0 0 0 0 0 0 0 0 0 0 0 0 0 0 0 0.665128 0 0 0 0 0 0 0 0 0 0 0 0 0 0 0 0.481576 0 0 0 0
0 0 0 0 0.644972 0 0 0 0.447231 0 0 0 0 0 0 0.595477 0 0 0 0 0 0 0 0 0 0 0 0 0 0 0 0 0 0 0 0.468311 0 0 0.379224 0 0 0 0 0 0 0 0.547345 0 0 0 0 0.393608 0 0 0 0 0 0 0 0 0 0 0 0 0 0 0 0 0 0 0 0 0 0 0 0 0 0 0 0 0 0 0 0 0 0 0 0 0 0 0 0 0 0 0 0 0 0.652034 0.417419 0 0 0.484151 0 0 0 0 0 0 0 0 0 0.574453 0 0 0.325273 0 0 0 0 0 0 0 0 0 0 0 0 0 0 0 0 0 0 0 0 0 0 0 0 0 0 0 0 0 0 0 0.500491 0 0 0 0 0 0 0 0 0 0 0 0 0 0 0 0 0 0 0 0 0 0 0.362671 0 0 0 0 0.412744 0 0 0 0 0 0 0 0 0.341602 0 0 0.379297 0 0 0 0 0.509385 0 0 0 0.499555 0 0 0 0
0 0 0 0 0 0 0 0 0 0 0 0 0 0 0 0 0 0 0 0 0 0 0 0 0.333521 0 0 0 0 0 0 0 0 0 0 0 0 0 0.503658 0 0 0 0 0 0 0 0 0 0 0 0 0 0 0 0 0 0 0 0 0 0 0.469748 0 0 0 0 0 0 0 0 0 0 0 0 0 0 0 0 0 0 0 0 0 0 0 0 0 0 0 0 0 0 0 0 0 0 0.644016 0 0 0 0 0 0 0 0 0 0 0 0 0 0 0 0 0 0 0 0 0 0 0 0 0 0.617458 0 0 0 0 0 0 0 0 0.361444 0 0.570662 0 0.428376 0 0 0 0 0 0 0 0 0 0 0 0 0 0 0.61026 0 0 0.655735 0 0 0 0 0 0 0 0 0 0 0 0 0 0 0 0 0 0 0 0 0 0 0 0 0.292037 0 0 0.622716 0 0 0 0 0 0 0 0 0 0 0 0 0 0 0 0 0 0
0 0 0 0 0 0 0 0 0 0 0 0 0 0 0 0 0 0 0 0 0.483102 0 0 0 0 0.592547 0 0 0 0 0 0 0 0 0 0 0 0 0 0 0 0 0 0 0 0 0 0 0 0 0.482172 0 0 0 0 0 0 0 0 0 0 0 0 0 0 0 0 0 0 0 0 0.428991 0 0 0 0 0 0 0 0 0 0 0 0 0 0 0 0 0 0 0 0 0 0 0 0 0.630036 0 0 0 0 0 0 0 0 0 0 0 0.605939 0 0 0 0 0 0 0 0 0 0 0 0 0 0 0 0 0 0 0 0 0 0 0 0 0 0 0 0 0 0 0 0 0 0 0 0 0 0 0 0.67628 0.598859 0 0 0 0 0 0 0 0 0 0 0 0 0 0 0 0 0 0 0 0 0 0 0 0 0 0 0 0 0 0 0 0 0 0 0 0.368779 0 0 0 0 0 0 0 0 0 0 0.740161 0 0 0
0 0 0 0 0 0 0 0 0 0 0 0 0 0 0 0 0 0 0 0 0 0 0 0 0 0 0 0 0 0 0 0 0 0 0 0 0 0 0 0 0 0 0 0 0 0 0 0.571203 0 0 0 0 0 0 0 0 0 0 0 0 0 0 0 0 0 0 0 0 0 0 0.428991 0 0 0 0 0 0 0 0 0 0 0 0 0 0 0 0 0 0 0 0 0 0 0 0 0 0 0 0 0 0 0 0.451025 0 0.531914 0 0 0 0 0 0 0 0 0 0 0 0 0 0 0 0 0 0.470506 0 0 0 0 0 0 0 0 0 0 0 0 0 0 0 0 0 0 0 0 0 0 0 0.559865 0 0 0 0 0 0 0 0 0 0 0 0 0 0 0 0 0 0.489074 0 0 0 0 0 0 0.367123 0 0 0 0 0 0 0 0 0 0 0 0 0 0 0 0 0 0.650988 0 0 0 0 0 0 0 0 0 0
0 0 0 0 0 0 0 0 0 0 0 0 0 0.440446 0.401 0 0 0 0 0 0.413454 0 0 0 0 0 0 0 0 0 0 0 0 0 0 0 0.5917 0 0 0 0 0 0 0 0 0 0 0 0 0 0 0 0 0 0 0 0 0 0 0 0 0 0.733852 0 0 0.600712 0 0 0 0 0 0 0 0 0 0 0 0 0 0 0 0 0 0 0 0 0 0 0 0 0 0 0 0 0 0 0 0 0 0 0 0 0 0 0 0 0 0 0 0 0 0 0 0 0 0 0 0 0.57519 0 0 0 0 0 0 0 0 0 0 0 0 0.783888 0 0 0.38239 0 0 0 0 0 0 0 0 0 0 0 0 0 0 0 0 0 0.359566 0 0 0 0 0 0 0 0 0.349166 0 0 0 0 0 0 0 0 0 0 0 0 0 0 0 0 0.470955 0 0 0 0 0.622536 0 0 0 0.49787 0 0 0 0 0 0 0 0 0 0 0 0
0 0 0.421327 0 0 0 0 0 0 0 0 0 0 0 0 0 0.461346 0 0 0.596601 0 0 0 0 0 0 0 0 0 0 0 0 0 0.473849 0.328827 0 0 0 0 0 0 0 0 0 0 0 0 0 0 0 0 0 0 0 0 0 0 0 0 0 0 0 0.538321 0 0 0 0 0 0 0 0 0 0 0 0 0 0 0 0 0.504093 0 0 0 0 0 0 0 0 0 0 0 0 0 0 0 0 0 0 0 0 0 0 0 0 0 0 0 0 0.317101 0 0 0 0 0.363933 0 0 0 0 0 0 0 0 0 0 0 0 0 0 0 0 0 0 0 0 0 0 0 0 0.731056 0 0 0 0 0 0 0 0 0 0 0 0 0 0 0 0 0 0.460558 0 0 0 0 0 0 0 0 0 0 0 0 0 0 0.560244 0 0 0 0 0 0 0 0 0 0 0 0 0 0 0 0 0 0 0 0 0 0 0 0 0 0 0 0
0 0 0 0 0 0 0 0 0 0 0 0 0 0 0 0 0.725611 0 0 0 0 0 0 0 0 0 0 0 0 0 0 0 0 0 0 0 0 0 0 0 0 0 0 0 0 0 0 0 0 0 0 0 0 0 0 0 0 0 0 0 0 0 0 0 0 0 0.557519 0 0 0 0 0 0 0 0 0 0 0 0 0 0 0 0 0 0 0 0 0 0 0 0 0 0 0 0 0 0 0 0 0 0 0 0 0 0 0 0 0 0.388611 0 0 0.452902 0 0 0 0 0 0 0 0 0 0 0 0 0 0 0 0 0 0 0 0 0 0 0 0 0 0 0 0 0 0 0 0.328032 0 0 0 0 0.470218 0 0 0 0 0 0 0 0 0 0.666904 0 0 0 0 0 0 0 0 0 0 0 0 0 0 0 0 0 0 0 0 0 0 0.721822 0 0 0 0 0 0 0 0 0 0 0 0 0 0 0 0 0 0
0 0 0 0 0 0 0 0 0 0 0 0 0 0 0 0 0 0 0 0 0 0 0 0 0 0 0 0 0 0 0 0 0 0 0 0 0 0 0 0 0 0 0 0 0 0 0 0 0 0 0 0 0 0 0 0 0 0 0 0 0 0 0 0 0 0 0 0 0 0 0 0 0 0 0 0 0 0 0 0 0 0 0 0 0 0 0.431355 0 0 0.612381 0 0 0 0 0 0 0.450388 0 0.551505 0 0 0 0 0 0 0 0 0 0 0 0 0 0 0 0 0 0 0 0 0 0 0 0 0 0 0.576664 0 0 0 0 0 0 0 0 0 0 0 0 0 0.438898 0 0 0 0 0 0 0 0 0 0 0 0 0 0 0 0 0 0 0 0 0 0 0 0 0 0 0 0 0 0.658421 0 0 0 0 0.528126 0 0 0 0 0 0 0 0 0 0 0 0 0 0 0 0 0 0 0 0 0 0 0 0 0
0 0 0 0 0 0 0.610018 0 0.512569 0 0 0 0 0 0 0.621705 0 0 0 0 0 0 0 0 0 0 0 0 0 0 0 0 0 0 0 0 0 0.551993 0 0 0 0 0 0 0 0 0 0 0 0.42438 0 0 0 0 0 0 0 0 0 0 0 0 0 0 0 0 0 0 0 0 0 0 0 0 0 0 0 0.648967 0 0 0 0 0 0 0 0 0 0 0 0 0 0 0 0.661362 0 0 0 0 0 0 0 0 0 0 0 0 0 0 0 0 0 0 0 0 0 0 0 0 0 0 0 0 0 0 0 0 0 0 0 0 0 0 0 0 0 0 0 0.57441 0 0 0 0 0.412647 0 0.526914 0 0 0 0.382414 0 0 0 0 0 0 0 0.370021 0 0 0 0 0 0 0 0 0.471804 0 0 0 0 0 0 0 0 0 0 0 0 0 0.365829 0 0 0.35607 0 0 0 0 0 0 0 0 0 0 0 0 0 0 0 0 0
0 0 0 0 0.414741 0 0 0 0 0 0 0 0.707332 0 0 0 0 0 0 0 0 0 0 0 0 0 0 0 0 0 0 0 0 0 0.424996 0 0 0 0 0 0 0 0 0 0.562922 0 0 0 0 0 0.435812 0 0 0 0 0 0 0 0 0 0 0 0.560538 0 0 0 0 0 0 0 0 0 0 0 0 0 0.648967 0 0 0 0 0 0 0 0 0.443505 0 0 0 0 0 0 0 0 0 0 0.455113 0 0 0 0 0 0 0 0 0 0 0 0.71807 0 0 0 0 0.646882 0 0 0 0 0 0 0 0 0 0.470878 0 0 0.576209 0 0.579365 0 0 0 0 0 0 0 0 0 0 0 0 0 0 0 0 0 0 0 0 0 0 0 0 0 0 0.669313 0 0 0 0 0 0 0 0 0 0 0 0 0 0 0 0 0 0 0 0.661273 0 0 0 0 0 0 0.618402 0 0 0 0.469616 0 0 0 0 0 0 0 0 0 0 0 0 0
0 0 0 0 0 0 0 0 0 0 0 0 0 0 0 0 0 0 0 0 0 0 0 0 0 0 0 0 0.237634 0 0 0 0 0 0 0 0 0 0 0 0 0 0 0 0 0 0 0 0 0 0 0 0 0 0 0 0 0 0 0 0 0 0 0 0 0 0 0 0 0 0 0 0 0 0 0 0 0 0 0 0 0 0.487312 0 0 0 0 0 0 0 0.530838 0 0 0 0 0 0 0 0 0 0 0 0 0 0 0 0.502142 0 0 0 0 0 0 0 0 0 0 0 0 0 0 0 0.425846 0 0 0 0 0 0 0 0 0 0 0 0 0 0 0 0 0 0 0 0 0 0 0 0 0 0 0 0.44973 0 0 0 0 0 0 0 0 0 0 0 0 0 0 0 0 0.661627 0 0 0 0 0 0 0 0 0 0 0 0 0 0 0 0 0 0 0 0 0 0 0 0 0 0 0 0 0 0 0 0
0 0 0 0 0 0 0 0 0 0 0 0.641351 0 0 0 0 0 0 0 0 0 0 0 0 0 0 0 0 0 0 0 0 0 0 0 0 0 0 0 0 0 0 0 0 0 0 0 0 0 0 0 0 0 0 0 0 0 0 0 0 0 0 0 0 0 0 0 0 0 0 0 0 0 0.504093 0 0 0 0 0 0 0.602443 0 0 0 0 0 0 0 0 0 0 0 0 0 0 0 0 0 0 0 0 0 0 0 0 0 0 0 0 0 0 0 0 0 0 0 0 0 0 0 0 0 0 0 0 0 0 0 0 0 0 0 0 0 0 0 0 0 0 0 0 0 0 0 0 0.329015 0 0 0 0 0 0.362702 0 0 0 0 0.398308 0 0.482611 0 0.572645 0 0 0 0 0 0 0 0 0 0 0 0 0 0 0 0 0 0 0.542362 0 0 0 0 0 0 0 0 0 0 0.70128 0 0 0 0 0 0 0.57148 0 0
0 0 0 0 0 0.546673 0 0.4701 0 0 0 0 0 0 0.551005 0 0 0 0 0 0 0 0 0 0 0 0 0 0 0 0 0 0.469823 0 0 0 0 0 0.451425 0 0 0 0.637616 0 0 0 0 0 0 0 0 0 0 0 0 0 0 0 0 0 0 0 0 0 0 0 0 0 0 0 0 0 0 0 0 0 0 0 0 0.602443 0 0 0.384084 0 0 0 0 0 0 0 0 0 0 0 0 0.496173 0 0 0 0 0 0 0 0 0 0 0 0 0 0 0 0 0.53655 0 0 0 0 0 0 0 0 0 0 0 0 0 0 0 0 0 0 0 0 0 0 0 0 0 0 0 0 0 0 0 0 0 0 0 0 0 0 0 0 0 0 0 0 0 0 0 0 0 0 0 0 0 0.508495 0 0.60997 0 0 0.645183 0 0 0 0 0 0 0 0 0 0 0 0 0 0 0 0 0 0 0 0 0 0 0 0.500919 0 0 0 0.521743
0 0 0 0 0 0 0 0 0 0 0 0 0 0 0 0 0 0 0 0 0 0 0 0 0 0 0 0 0 0 0 0 0 0 0 0.366791 0 0 0 0 0.543625 0 0 0 0 0 0 0 0 0 0 0.560775 0 0 0 0 0 0 0 0 0 0 0 0.535373 0 0 0 0 0 0 0 0 0 0 0 0 0 0 0 0 0 0 0 0 0 0 0 0 0 0 0 0 0 0 0 0 0 0 0 0 0.469123 0 0 0 0 0 0 0 0 0 0 0 0 0.565498 0 0.705335 0 0.614023 0 0 0 0 0 0 0 0 0 0 0 0 0 0 0 0 0 0 0 0 0 0 0 0 0 0 0 0 0 0 0 0 0 0 0 0 0.673052 0 0 0 0 0 0 0 0 0 0 0.312538 0 0 0 0 0 0 0 0 0 0 0 0 0 0 0 0 0 0 0 0 0 0.418383 0 0 0 0 0 0 0 0 0 0 0 0
0 0 0 0 0 0 0 0 0 0 0 0 0 0 0 0 0 0 0.639454 0 0 0 0 0 0.47114 0 0 0 0 0 0 0 0 0.559179 0 0 0.412667 0.322984 0 0 0 0 0 0 0 0 0 0 0 0 0 0 0 0 0 0 0 0 0 0.512166 0 0 0 0 0 0 0 0 0 0 0 0 0 0 0 0 0 0 0.487312 0 0.384084 0 0 0 0 0 0 0 0 0 0.615167 0 0.521958 0 0 0 0 0 0 0 0 0 0 0 0 0 0 0 0.450694 0 0.486611 0 0 0.394342 0 0 0 0 0 0 0 0.625131 0 0 0 0 0 0 0 0.553223 0 0 0 0 0 0 0 0 0 0 0 0 0 0 0 0 0 0 0 0 0 0 0 0 0 0 0 0 0 0 0.455294 0 0 0 0 0 0 0.431013 0.657622 0 0 0 0 0 0 0 0 0 0 0 0 0 0 0 0 0 0 0 0 0 0 0 0.398051 0 0 0 0 0 0 0
0 0 0 0 0 0 0 0 0 0 0 0 0 0 0 0 0 0 0 0 0 0 0 0 0 0 0 0 0 0 0 0 0 0 0 0 0 0.45801 0 0 0 0 0 0 0 0 0 0 0 0 0 0 0 0 0 0 0 0 0 0.702248 0 0.623054 0 0 0 0 0 0 0 0 0 0 0 0 0 0 0 0 0 0 0 0 0 0 0 0 0 0 0 0 0 0 0 0 0 0 0 0 0 0 0 0 0 0 0 0 0 0 0 0 0 0 0.384654 0 0 0 0 0 0 0 0 0 0 0 0 0 0 0 0 0 0 0 0 0 0 0 0 0 0 0 0 0 0 0 0.555938 0 0 0 0 0 0 0 0 0 0 0 0 0 0 0 0 0 0 0 0 0 0 0 0 0 0 0 0 0 0 0 0 0 0 0 0.311121 0 0 0 0 0 0 0 0 0 0.353904 0 0 0 0 0 0 0 0 0
0 0 0 0 0 0 0 0 0 0 0.63041 0 0 0 0 0.573491 0 0 0 0.39503 0 0 0 0 0 0 0 0 0 0 0 0 0 0 0 0 0 0 0 0 0 0.683459 0 0.354474 0 0 0 0 0 0 0 0 0 0 0 0 0 0 0 0 0 0 0 0 0 0 0 0 0 0 0 0 0 0 0 0 0 0 0 0 0 0 0 0 0 0 0 0 0 0 0.641808 0 0 0 0 0 0 0 0 0 0 0 0 0 0 0 0 0 0 0 0 0 0 0 0 0 0 0 0 0 0 0.585921 0 0 0 0 0 0 0 0 0.572447 0 0 0 0 0 0 0 0 0 0 0 0 0 0 0 0 0 0 0 0 0 0 0 0 0 0 0.42996 0 0 0 0 0 0 0 0 0 0 0 0 0 0 0 0 0 0 0 0 0 0 0 0 0 0 0 0 0 0 0 0 0 0 0 0 0 0 0 0 0 0
0 0 0 0 0 0 0 0 0 0 0 0 0 0 0 0 0 0 0 0 0 0 0 0 0 0 0 0 0 0 0 0 0 0 0 0 0 0 0 0 0 0 0 0 0 0 0 0 0 0 0 0 0 0 0 0 0 0 0 0 0 0 0 0 0 0 0 0 0 0 0 0 0 0 0 0 0 0.443505 0 0 0 0 0 0 0 0 0 0.669757 0 0 0 0 0 0 0 0 0 0 0 0 0 0 0 0 0 0 0 0 0 0 0 0 0 0 0 0 0 0 0 0 0 0 0 0 0 0 0 0 0 0 0 0 0 0 0 0 0 0 0 0 0.594094 0.503681 0 0 0 0 0 0 0 0 0 0 0 0 0 0.528969 0 0 0 0 0 0 0 0 0 0 0 0 0 0 0 0 0 0 0 0 0 0 0 0 0 0 0 0 0 0.446115 0 0 0 0 0 0 0 0 0 0 0 0 0 0
0 0 0 0 0 0 0 0 0 0 0 0 0 0 0 0 0 0 0 0 0 0 0 0 0 0 0 0 0 0 0 0.59252 0 0 0 0 0 0 0 0 0.537515 0 0 0 0 0 0 0 0 0 0 0 0 0 0 0 0 0 0 0 0.419983 0 0 0 0 0 0 0 0 0 0 0 0 0 0 0.431355 0 0 0 0 0 0 0 0 0 0 0 0 0 0 0 0 0 0 0 0 0 0 0 0 0 0 0 0 0 0 0 0 0 0 0 0 0 0 0 0 0 0 0 0 0 0 0 0 0 0 0 0 0 0 0 0 0 0 0 0 0 0 0 0 0 0 0.586049 0 0 0 0 0 0 0 0 0 0 0 0 0 0 0 0 0 0 0 0 0 0 0 0 0 0 0 0 0 0 0 0 0 0 0 0 0 0 0.534903 0 0 0 0 0 0 0 0 0 0 0 0 0 0 0 0 0 0
0 0 0 0 0 0 0 0 0 0 0 0 0 0 0 0 0 0 0 0 0 0 0 0 0 0 0 0 0 0 0 0 0 0 0 0 0 0 0 0 0.505394 0 0.57673 0 0 0 0 0 0 0 0 0 0 0.676896 0 0 0 0 0 0 0 0 0.523689 0 0 0 0 0 0 0 0 0 0 0 0 0 0 0 0 0 0 0 0 0 0 0.669757 0 0 0 0 0 0 0 0 0 0 0 0 0 0 0 0 0 0 0 0 0 0 0 0 0 0 0 0 0 0.528925 0 0 0 0 0 0 0 0 0 0 0 0 0 0.607606 0 0 0 0 0 0 0 0 0 0 0 0 0 0 0 0 0 0 0 0 0 0 0 0 0 0 0 0 0 0 0 0 0 0 0 0 0 0 0 0 0 0 0.645463 0 0 0 0 0 0 0 0 0 0 0 0 0 0.522448 0 0 0 0 0 0 0 0 0 0 0 0.595451 0
0 0 0 0 0 0 0.49077 0 0 0 0 0 0 0 0 0 0 0.335338 0 0 0 0 0 0 0 0 0 0 0 0 0 0 0 0 0 0 0 0 0 0 0 0 0 0 0 0.53541 0 0 0 0 0 0 0 0 0 0 0 0 0 0 0 0 0 0 0 0 0 0 0 0 0 0 0 0 0 0 0 0 0 0 0 0 0 0 0 0 0 0 0 0 0 0 0 0 0 0 0 0 0 0 0 0 0 0 0 0 0 0 0 0 0 0 0 0 0 0 0.329046 0 0 0 0 0 0 0 0 0 0 0 0 0 0.396014 0 0 0 0 0 0.56491 0 0 0 0 0 0 0 0 0 0 0 0 0 0 0 0 0 0 0 0 0 0 0 0 0.361264 0 0 0 0 0 0 0 0 0 0 0 0 0 0.518027 0 0 0 0 0 0 0 0 0 0.375476 0 0 0 0 0 0 0 0 0 0 0 0 0 0
0 0 0 0 0 0 0 0 0.563499 0 0.346274 0 0 0 0 0 0 0.354965 0 0 0 0 0 0 0 0 0 0 0 0 0 0 0 0 0 0 0 0 0 0 0 0 0 0 0 0 0 0 0 0 0 0 0 0 0 0 0 0 0 0 0 0 0 0 0 0 0 0 0 0 0 0 0 0 0 0.612381 0 0 0 0 0 0 0 0 0 0 0 0 0 0 0 0 0 0 0 0 0 0 0 0 0 0 0 0 0 0 0 0 0 0 0 0 0 0 0 0 0 0 0 0 0 0 0 0 0 0 0 0 0 0.387867 0 0 0 0 0 0 0 0 0 0 0 0 0 0 0 0 0 0 0 0 0 0 0 0 0 0 0 0 0 0 0 0 0 0 0 0 0 0 0 0 0 0 0 0 0 0 0 0 0 0 0 0.686239 0 0 0 0.539198 0 0 0 0 0 0 0 0 0 0 0 0 0 0
0 0 0 0 0 0 0 0 0 0.446867 0 0 0 0 0 0 0 0 0 0 0 0 0 0 0 0.58334 0 0 0 0 0 0 0.417031 0 0 0 0 0 0 0 0 0 0 0 0 0 0 0 0 0 0 0 0 0 0 0 0 0 0 0 0 0 0 0 0 0 0 0 0 0 0 0 0 0 0 0 0 0 0.530838 0 0 0 0.615167 0 0.641808 0 0 0 0 0 0 0.406147 0 0 0 0 0 0 0 0 0 0 0 0 0 0 0 0 0 0 0 0.452199 0 0 0 0 0 0 0 0 0 0 0 0 0.349514 0.645298 0.482485 0 0 0 0 0 0 0 0 0.657528 0 0 0 0 0 0 0 0 0 0 0 0 0 0 0 0 0 0 0.491192 0 0 0 0 0 0 0 0 0 0 0 0 0 0 0 0 0 0 0 0 0 0 0 0 0 0 0 0 0 0 0.347941 0 0 0 0 0 0.517307 0 0 0 0 0 0 0 0
0 0 0 0.522331 0 0 0.353632 0 0 0 0 0 0 0 0 0 0.368326 0 0 0 0 0 0 0 0 0 0 0 0 0 0.370512 0 0 0 0 0 0 0 0 0 0 0 0 0 0 0 0 0 0 0 0 0 0 0 0 0 0 0 0 0 0 0 0 0 0 0 0 0 0 0 0 0 0 0 0 0 0 0 0 0 0 0 0 0 0 0 0 0 0 0 0.406147 0 0 0 0 0 0.416201 0 0 0 0 0 0 0 0 0 0 0 0 0 0 0 0 0 0 0 0 0 0 0 0 0 0 0 0 0 0 0 0.575176 0 0 0 0 0 0 0 0 0 0 0 0 0 0 0 0 0 0 0 0 0 0 0 0 0 0.504944 0 0 0 0 0 0 0 0 0 0 0 0 0 0 0 0 0 0 0 0 0 0 0 0 0 0 0 0 0 0 0 0 0 0 0 0 0 0 0 0 0 0 0 0 0
0 0 0 0 0 0 0 0 0 0 0 0 0 0 0 0.611598 0 0 0 0.618284 0 0 0.411319 0 0 0 0 0 0 0 0 0 0 0 0 0 0 0 0 0 0 0 0 0.676433 0 0 0 0 0 0 0 0 0 0 0 0 0 0 0 0 0 0 0 0 0 0 0 0 0 0 0 0 0 0 0 0 0 0 0 0 0 0 0.521958 0 0 0 0 0 0 0 0 0 0 0 0 0 0 0 0 0 0 0 0 0 0 0 0 0 0 0 0 0 0 0 0 0 0 0 0 0 0 0 0 0 0 0 0 0 0 0 0 0 0 0 0 0 0 0 0 0 0 0 0 0 0 0.550998 0 0 0 0 0 0.626011 0 0 0 0 0 0 0 0 0 0 0 0 0 0 0.671374 0 0 0 0 0 0 0 0 0.465111 0 0 0 0 0.366459 0 0 0 0 0 0 0 0 0 0 0 0 0 0 0 0 0 0 0
0 0 0 0 0 0 0 0 0 0 0 0 0 0 0 0 0 0 0 0 0 0 0 0 0 0 0 0 0 0 0 0 0 0.609435 0 0 0 0 0 0.361903 0 0 0 0 0 0 0 0 0 0 0 0 0 0 0 0 0 0 0 0 0 0 0 0 0 0 0 0 0 0 0 0 0 0 0 0 0.661362 0 0 0 0 0 0 0 0 0 0 0 0 0 0 0 0 0 0 0.678944 0 0 0.368943 0 0 0 0.437753 0 0 0 0 0 0 0 0 0 0 0 0 0 0 0 0 0 0 0 0 0 0 0 0 0 0 0 0 0 0 0 0.450022 0 0 0 0 0 0 0 0 0 0 0 0 0 0 0 0 0 0 0 0 0 0 0 0 0 0 0 0 0 0.654556 0 0 0 0 0 0 0.522538 0 0 0 0 0 0 0.47484 0 0 0 0 0 0 0 0 0 0 0 0.474417 0 0 0 0 0 0 0 0 0
0 0 0 0 0 0 0 0.560299 0 0 0 0.565374 0 0 0 0 0 0 0 0 0 0 0 0 0 0 0 0 0 0 0 0 0 0 0 0 0 0 0 0 0 0 0 0 0 0 0.491629 0 0 0 0 0 0 0 0 0 0 0 0 0 0 0 0 0 0.54968 0 0 0 0 0 0 0 0 0 0 0 0 0 0 0 0 0 0 0 0 0 0 0 0 0 0 0 0 0 0 0 0 0 0 0 0.5847 0 0 0 0 0 0 0 0 0 0 0 0 0 0 0 0 0 0 0 0 0 0 0 0 0 0 0.449898 0 0 0 0 0 0.41283 0.567584 0 0 0 0 0 0 0 0 0 0 0 0 0 0 0 0 0 0 0 0 0 0 0 0 0 0.620323 0.510447 0 0 0 0 0 0 0 0 0 0 0 0 0 0 0 0 0 0 0 0 0 0 0 0 0 0 0 0 0 0 0 0 0 0 0 0 0 0
0 0 0 0 0 0 0 0 0 0 0 0 0 0 0 0 0 0 0 0 0 0 0 0 0 0 0 0.598102 0 0 0 0 0 0 0 0 0 0 0 0 0 0 0 0 0 0.621264 0 0 0 0 0 0 0 0 0 0.430573 0 0 0 0 0 0 0 0 0 0 0 0 0 0 0 0 0 0 0 0 0 0 0 0 0.496173 0 0 0 0 0 0 0 0 0 0 0 0 0.678944 0 0 0 0 0 0 0 0 0 0 0.451294 0 0 0 0 0 0 0 0 0 0 0 0 0 0 0 0 0.405694 0 0 0 0 0 0 0 0 0 0 0 0 0 0 0 0.602288 0 0 0 0 0 0 0 0 0 0.612552 0 0 0 0 0 0 0 0 0 0 0 0 0 0 0 0 0 0 0 0 0 0 0 0 0 0 0 0 0 0 0 0 0 0.56082 0.683205 0 0 0 0 0 0 0 0 0 0 0 0 0 0 0 0 0
0 0 0 0 0 0.380882 0 0 0 0 0 0 0 0 0 0 0 0 0 0 0 0 0 0 0 0 0 0 0 0 0 0 0 0 0 0 0 0 0 0 0 0 0 0 0 0 0 0 0 0 0 0 0 0 0 0 0 0 0 0 0 0 0 0 0 0.709914 0 0 0 0.644016 0.630036 0 0 0 0 0.450388 0 0.455113 0 0 0 0 0 0 0 0 0 0 0 0 0 0.416201 0 0 0 0 0 0 0 0 0 0 0 0 0 0 0 0 0 0 0 0 0 0 0 0 0 0 0 0 0 0 0 0 0 0 0 0 0 0 0 0 0 0 0 0 0 0 0 0 0 0 0 0 0 0 0.675924 0 0 0 0 0 0 0.448983 0 0 0 0 0 0 0 0.635156 0 0 0 0 0 0 0 0 0 0 0 0 0 0 0 0 0 0 0 0 0 0 0 0 0 0 0 0.68403 0.625707 0.534554 0 0 0 0 0 0 0 0
0 0 0 0 0 0 0 0 0 0 0 0 0 0 0 0.639875 0 0 0 0 0 0 0 0 0 0 0 0 0.559577 0 0 0 0 0 0 0 0 0 0.532133 0 0.61714 0.581506 0 0 0 0 0 0 0 0 0.531842 0 0 0 0 0 0 0 0 0 0 0 0 0 0 0.506383 0 0 0.652034 0 0 0 0 0 0 0 0 0 0 0 0 0 0 0 0 0 0 0 0 0 0 0 0 0 0 0 0 0 0 0 0 0 0 0 0 0 0 0 0 0 0 0 0 0 0 0 0 0 0 0.590617 0 0 0 0 0 0 0 0 0 0 0 0 0 0.59202 0 0 0.670151 0 0 0 0 0 0 0 0 0 0 0 0 0 0 0 0 0 0 0 0 0 0 0 0 0 0 0 0 0 0 0 0 0 0 0 0 0 0 0.536401 0 0 0 0 0 0 0 0 0.533825 0 0 0 0 0 0 0 0 0 0 0 0 0 0 0
0 0 0 0 0 0 0 0 0.416303 0 0.637501 0 0 0.385635 0 0 0 0 0 0 0 0 0 0 0 0 0 0 0 0 0 0 0 0 0 0 0 0 0 0 0 0 0 0 0 0 0 0 0 0 0 0 0.332824 0 0 0 0 0 0 0 0 0 0 0 0 0 0 0 0.417419 0 0 0 0 0 0 0.551505 0 0 0 0 0 0 0 0 0 0 0 0 0 0 0 0 0 0.368943 0 0 0 0 0 0 0.586791 0 0 0 0 0 0.483497 0 0 0 0 0 0 0 0 0 0 0 0 0 0 0 0 0 0 0 0 0 0 0 0 0 0 0 0 0.360826 0 0 0 0 0 0 0 0 0 0.682388 0 0 0 0 0 0 0.609433 0 0 0 0 0 0 0 0 0 0 0 0 0 0 0 0 0 0 0 0 0 0 0 0 0 0 0.320422 0 0 0 0 0 0 0 0 0 0.487189 0 0.499543 0 0 0 0 0 0 0 0
0 0 0 0 0 0 0 0 0 0 0 0 0 0 0 0 0 0 0 0 0 0 0 0 0 0 0 0 0.479207 0 0 0 0 0 0 0 0 0 0 0 0 0 0 0 0 0 0 0 0 0 0 0 0 0 0 0 0 0 0 0 0 0.331932 0 0 0 0 0 0 0 0 0 0 0 0 0 0 0 0 0 0 0 0 0 0 0 0 0 0 0 0 0 0 0 0 0 0 0 0 0 0 0 0 0 0 0 0 0 0 0 0 0 0 0 0 0.528884 0 0 0 0 0 0 0 0 0 0 0 0 0 0 0 0 0 0 0 0 0 0 0 0 0 0 0 0 0 0 0 0 0 0 0 0 0 0 0 0 0 0 0 0 0 0.524339 0 0 0 0 0 0 0.318558 0 0 0 0 0 0 0.435869 0 0 0 0 0 0 0 0 0 0 0 0 0 0.349292 0 0 0 0 0 0 0 0 0 0 0
0 0 0 0 0.375933 0 0 0 0 0 0 0 0 0 0 0 0 0 0 0.692804 0 0 0 0 0 0 0 0 0 0 0 0 0 0 0 0 0 0.633182 0 0 0 0 0 0 0 0 0 0 0 0 0 0 0 0 0 0 0 0 0 0 0 0 0 0 0 0 0 0 0 0 0 0 0 0 0 0 0 0 0 0 0 0.469123 0 0 0 0 0 0 0 0 0 0 0 0 0.5847 0 0 0 0.586791 0 0 0 0 0 0 0 0 0 0 0 0 0 0 0 0 0 0 0 0 0.639072 0 0 0 0 0 0 0 0 0 0 0 0 0 0 0 0 0 0 0 0 0 0 0 0 0 0 0 0 0 0 0.531617 0.348042 0 0 0 0 0 0 0 0 0 0 0 0 0 0 0.573213 0 0.327154 0 0 0 0 0 0 0 0 0 0 0 0 0 0 0 0.698626 0.522326 0 0.709946 0 0 0 0 0 0.702418 0 0 0 0 0.333488 0
0 0 0 0 0 0 0 0 0 0 0 0 0 0 0 0 0 0 0.336825 0 0 0 0 0 0 0 0 0 0 0.688544 0 0 0 0 0 0 0 0 0 0 0 0.578356 0.378196 0 0 0.43166 0 0 0 0.396712 0 0 0 0 0 0 0 0 0 0 0 0 0 0 0 0 0 0 0.484151 0 0 0 0 0 0 0 0 0 0 0 0 0 0 0 0 0 0 0 0 0 0 0 0 0 0 0 0 0 0 0 0 0 0.617565 0 0 0 0 0 0 0.35112 0 0 0 0 0 0 0 0 0 0 0 0 0 0 0 0 0 0 0 0.334414 0 0 0 0 0 0 0 0 0 0 0 0 0 0 0 0 0 0 0 0 0 0 0 0 0 0 0 0 0 0 0 0 0 0 0 0 0 0 0 0 0 0 0 0.501533 0 0 0 0 0 0 0 0 0 0 0 0 0 0 0 0 0 0 0 0 0 0 0 0 0 0
0 0 0 0 0 0 0 0 0 0 0 0 0 0 0.621285 0 0 0 0 0 0 0 0 0 0.671804 0 0 0 0 0 0 0 0 0 0 0 0 0 0 0 0 0 0 0 0.467078 0 0 0 0.600149 0 0 0 0 0.309869 0 0 0 0 0.55902 0 0 0 0 0 0 0 0 0 0 0 0 0.451025 0 0 0 0 0 0 0 0 0 0 0 0 0 0 0 0 0 0 0 0 0 0.437753 0 0 0 0 0 0 0 0.617565 0 0 0 0 0 0 0 0 0 0 0 0 0 0 0 0 0 0.610709 0 0 0 0 0 0 0 0.584196 0 0 0 0 0 0.698955 0 0 0 0 0 0 0.490279 0 0 0.463229 0.487632 0 0 0 0 0 0 0 0 0 0 0 0 0 0 0 0 0 0 0 0 0 0 0 0 0 0 0.64045 0 0 0 0 0 0 0 0 0.532118 0 0 0 0 0 0 0 0 0 0 0 0 0 0 0.683299 0 0 0 0
0.383506 0 0 0 0 0 0 0 0 0 0 0.422874 0 0 0 0 0 0.689526 0.418461 0 0 0 0 0 0 0.648219 0 0 0 0 0 0 0 0 0 0 0 0.580681 0 0 0 0 0 0 0.605734 0 0 0 0 0 0 0 0 0.557287 0 0 0 0 0 0 0 0 0 0 0 0 0 0 0 0 0 0 0 0 0 0 0 0 0 0 0 0 0 0 0 0 0 0 0 0 0 0 0 0 0 0 0 0 0 0 0 0 0 0 0 0 0 0 0 0 0 0 0 0 0 0 0 0 0 0 0.459877 0 0 0 0 0 0 0 0 0 0 0 0 0 0 0 0 0 0 0 0.517956 0 0 0 0 0 0 0 0 0 0 0 0 0 0 0 0 0.659524 0 0 0 0 0 0 0 0 0 0 0 0 0 0 0 0 0 0 0 0 0 0 0 0 0 0 0 0 0 0 0 0 0 0 0 0 0 0 0 0 0 0
0 0 0 0 0 0 0 0 0 0 0 0 0 0 0 0 0 0 0 0 0 0 0 0 0 0 0 0 0 0.375802 0 0 0 0 0 0 0 0 0 0 0 0 0 0 0 0 0 0 0 0 0 0 0 0 0 0 0 0 0 0 0 0 0 0 0 0 0 0 0 0 0 0.531914 0 0 0 0 0 0 0 0 0 0 0 0 0 0 0 0 0 0 0 0 0 0 0 0.451294 0 0 0 0 0 0 0 0 0 0.539324 0 0 0 0 0.639787 0 0 0 0 0 0 0.448436 0 0 0 0 0 0 0 0 0.393194 0 0 0 0 0 0 0 0 0 0 0 0 0 0 0 0 0 0 0.338509 0 0 0 0.280579 0 0 0 0 0 0 0 0 0 0 0 0 0 0 0.712288 0 0 0 0 0 0 0.447776 0 0 0 0 0 0.439876 0 0 0 0 0 0 0 0 0 0 0 0 0 0.62852 0 0 0 0 0 0 0 0
0 0 0 0 0 0.461246 0 0 0 0 0 0 0 0 0 0 0 0 0 0 0 0 0 0 0 0 0 0 0 0 0 0 0 0 0 0 0 0 0 0 0 0 0 0 0 0 0 0 0 0 0 0 0 0 0 0 0 0 0 0 0 0 0 0 0 0 0 0 0 0 0 0 0 0 0 0 0 0 0 0 0 0 0 0 0 0 0 0 0 0 0 0 0 0 0 0 0 0 0 0 0 0 0 0 0.539324 0 0 0 0 0 0 0 0 0 0 0 0 0 0 0 0.682985 0 0 0 0 0 0 0 0 0 0 0 0 0 0 0 0 0 0.688325 0 0 0 0 0 0 0.407787 0 0 0 0 0 0 0 0 0 0 0 0 0 0 0 0 0 0 0 0 0 0 0 0 0 0 0 0 0 0 0 0 0 0 0 0 0 0 0 0 0 0 0 0 0 0 0 0 0 0 0.413379 0 0 0
0.476052 0 0 0 0 0 0 0 0 0 0 0 0 0 0 0 0 0 0 0 0 0 0 0 0 0 0 0 0.463506 0 0 0 0 0 0 0 0 0 0 0 0 0 0 0 0 0 0 0 0 0 0.403071 0 0 0.403364 0 0 0 0 0.396903 0 0 0 0 0 0 0 0 0 0 0 0 0 0 0 0 0 0 0 0.502142 0 0 0 0 0 0 0 0 0 0 0 0 0 0 0 0 0 0 0 0.483497 0 0 0 0 0 0 0 0 0 0 0 0 0 0 0 0 0 0 0 0 0 0 0 0 0 0 0 0 0.400075 0 0 0 0.428816 0 0 0 0 0 0 0 0 0 0.421808 0 0 0 0 0 0 0 0 0 0 0 0 0 0 0 0 0 0 0 0 0 0 0 0 0 0 0.513271 0.422179 0.56901 0 0 0 0 0 0 0 0 0 0 0 0 0 0 0.636186 0 0 0 0 0 0 0 0 0 0 0 0 0 0
0 0 0 0 0 0.476558 0 0 0 0.63344 0 0 0 0 0 0 0 0 0 0 0 0 0 0 0 0.57383 0 0 0 0 0 0 0 0 0 0 0 0 0 0 0 0 0 0 0 0.358498 0 0 0 0 0 0 0 0 0 0 0 0 0 0 0 0 0 0.596283 0 0 0 0 0 0 0 0 0 0 0 0 0 0 0 0 0 0 0 0 0 0 0 0 0 0 0 0 0 0 0 0 0 0 0 0 0 0 0 0 0 0 0 0 0 0 0.702901 0 0 0 0 0 0 0 0 0 0 0 0 0 0 0 0 0 0 0 0 0 0 0 0 0 0 0 0 0 0 0 0 0 0 0 0 0 0 0 0 0 0 0 0 0 0 0 0 0 0 0 0 0 0 0 0 0 0 0 0 0 0 0 0 0 0 0 0 0 0 0 0 0.368351 0 0 0 0 0 0 0 0 0 0 0.375455 0.616264 0 0 0 0
0 0 0 0 0.659433 0 0 0 0 0 0 0 0 0 0 0 0.736894 0 0 0 0 0 0 0 0 0 0 0 0 0.539749 0 0 0 0 0 0.677917 0 0 0 0 0 0 0 0 0 0 0 0 0.565586 0 0 0 0 0 0 0 0 0 0 0 0 0 0 0 0 0 0 0 0 0 0.605939 0 0 0.317101 0.388611 0 0 0.71807 0 0 0 0 0.450694 0 0 0 0 0 0 0 0 0 0 0 0 0 0 0 0 0 0 0 0 0 0 0 0 0 0 0 0 0 0 0 0 0 0 0 0 0 0 0 0 0.63966 0 0 0.624757 0 0 0 0 0 0 0 0.379115 0 0 0 0 0 0 0 0 0 0.321509 0 0 0.710856 0 0 0 0 0.614724 0 0 0 0 0 0 0 0.582516 0 0 0 0 0 0 0 0 0 0 0 0 0 0 0 0 0 0 0 0 0 0 0 0 0 0 0 0 0 0 0 0 0 0 0 0 0 0 0
0 0 0 0 0 0 0 0 0 0 0 0 0 0 0 0 0 0 0.505442 0 0 0 0 0 0 0 0 0 0 0 0 0 0 0 0 0 0 0 0 0 0 0 0 0 0.532837 0 0 0 0 0 0 0 0 0.377119 0 0 0 0 0.641222 0 0 0.546196 0.424659 0 0 0 0 0 0 0 0 0 0 0 0 0 0 0 0 0 0 0 0 0 0 0 0 0 0 0 0 0 0 0 0 0 0 0 0 0 0 0.35112 0 0 0 0 0 0 0 0 0 0 0 0 0 0 0 0 0 0 0 0 0.464905 0.321827 0 0 0 0 0 0 0 0 0 0 0 0 0 0 0 0 0 0 0 0 0 0 0 0 0 0 0 0 0 0 0 0 0 0 0 0.56301 0 0 0 0 0 0 0 0 0 0 0 0 0 0 0 0 0 0 0 0 0 0 0 0 0 0 0 0 0 0 0 0 0 0 0 0 0 0 0 0
0 0 0 0 0 0 0 0 0 0 0 0 0.646439 0.522543 0 0 0 0 0 0 0 0 0 0 0 0 0.573047 0.334265 0 0 0 0 0 0 0 0 0 0 0 0 0 0 0 0 0 0 0.602202 0 0 0 0 0 0 0 0 0 0 0 0 0.546821 0 0 0 0 0 0 0 0 0 0 0 0 0 0 0 0 0 0 0 0 0 0 0.486611 0 0 0 0 0 0 0 0 0 0 0 0 0 0 0 0 0 0 0 0 0 0.639787 0 0 0.702901 0 0 0 0 0 0 0 0.650366 0 0 0 0 0 0 0 0 0 0 0 0 0 0 0 0 0 0 0 0 0 0.550075 0 0 0 0 0 0.612013 0 0 0 0 0.375409 0 0 0 0 0 0 0 0 0 0 0 0 0 0 0 0 0.446578 0 0.567054 0.409786 0 0 0 0.4628 0 0 0 0 0 0 0 0 0 0.456299 0 0 0 0 0 0 0 0 0 0 0 0 0 0 0 0 0
0 0 0.519354 0 0 0 0 0 0 0 0 0 0.532581 0 0 0 0 0.346966 0 0 0 0 0 0 0.699824 0 0 0 0 0 0 0.405991 0 0 0 0 0 0 0 0.562666 0.3383 0 0 0 0 0 0 0 0.463827 0 0 0 0 0 0 0 0 0.4659 0 0 0 0.335671 0 0 0 0 0 0 0.574453 0 0 0 0 0 0.452902 0 0 0 0 0 0 0 0 0 0 0 0 0 0 0 0.452199 0 0 0 0 0 0 0 0 0 0 0 0 0 0 0 0 0 0 0 0 0 0 0 0 0 0.533477 0 0 0 0 0 0 0 0 0 0 0 0 0 0 0 0 0 0 0 0 0 0 0 0 0.626227 0 0 0 0 0 0 0 0 0 0 0 0 0 0 0 0 0 0.424339 0 0 0 0 0 0 0 0 0 0 0 0 0 0 0 0 0 0 0 0 0 0.580852 0 0 0 0.573805 0 0 0 0 0 0 0 0 0 0 0 0 0 0
0 0 0 0 0 0 0 0 0 0 0 0 0 0 0 0 0 0 0 0 0 0 0 0 0 0 0 0 0 0 0 0 0 0 0 0 0 0 0 0 0 0 0 0 0 0 0 0 0 0.388068 0 0 0 0 0 0 0 0 0 0 0 0 0 0 0 0 0 0 0 0 0 0 0 0 0 0 0 0 0 0 0.53655 0 0 0.384654 0 0 0 0 0 0 0 0 0 0 0 0 0 0 0 0 0 0 0 0 0 0 0 0 0 0 0 0 0 0 0 0 0 0 0 0 0 0.533587 0 0.459439 0 0 0 0 0 0 0 0 0 0 0 0 0 0 0 0 0 0 0 0 0.363545 0 0 0 0 0 0 0 0 0 0 0 0 0 0 0 0 0 0 0 0 0 0 0 0 0 0 0 0 0 0 0 0 0 0 0 0 0.63061 0 0 0 0 0 0 0 0 0 0 0 0 0 0 0 0 0 0.673619
0 0 0 0 0.543575 0 0 0 0 0 0 0 0 0 0 0 0 0 0 0 0 0 0 0 0 0 0 0 0 0 0 0 0 0 0 0 0 0 0 0 0 0 0 0 0 0 0 0.300239 0 0 0 0 0 0 0 0 0 0 0 0 0 0 0 0 0.617559 0 0 0 0 0 0 0 0 0.363933 0 0 0 0.646882 0 0 0 0.565498 0.394342 0 0 0 0 0 0 0 0 0 0 0 0 0 0 0 0 0 0 0 0 0 0 0 0 0 0 0 0 0 0 0 0 0 0 0 0 0 0 0 0 0 0 0.56554 0 0 0 0 0 0 0 0 0 0 0 0 0 0 0.647387 0 0 0 0.55472 0 0.378694 0 0 0 0 0 0 0 0 0 0 0 0 0 0 0 0 0 0 0 0 0 0 0 0 0 0 0 0 0 0 0 0 0 0 0 0 0 0 0 0 0 0 0 0 0 0 0 0 0 0 0 0 0
0 0 0 0 0 0 0 0 0 0 0 0.572 0 0 0 0 0 0 0 0 0 0 0 0 0 0 0 0.628156 0 0 0 0 0 0 0 0 0 0 0 0 0 0 0 0 0 0 0 0 0 0 0 0 0 0.469626 0 0 0 0 0 0 0 0 0 0 0 0 0 0 0.325273 0 0 0 0 0 0 0 0 0 0 0 0 0 0 0 0 0 0 0 0 0 0 0 0 0 0 0 0 0 0 0.528884 0 0 0 0 0 0 0 0 0 0 0 0 0 0 0 0 0 0 0 0 0 0 0 0 0 0 0 0 0 0 0 0 0 0 0 0 0 0 0 0 0 0.517986 0 0.46009 0 0 0 0 0 0 0 0 0 0 0 0 0 0 0 0 0 0 0 0 0 0 0 0 0 0.500217 0 0 0 0 0 0 0 0 0 0 0 0 0 0 0 0 0 0 0.280353 0 0 0 0 0 0 0 0 0 0 0
0 0 0 0.438946 0 0 0 0 0 0.599507 0 0 0 0 0 0 0 0 0 0.607955 0 0 0 0 0 0 0 0 0 0 0 0 0.403006 0 0 0 0 0 0 0 0 0 0 0 0 0 0 0.356379 0 0 0 0 0 0 0 0 0 0 0 0 0 0 0 0 0 0 0 0 0 0 0 0 0 0 0 0 0 0 0 0 0 0.705335 0 0 0 0 0 0.528925 0 0 0 0 0 0 0 0 0 0 0 0 0 0 0 0 0 0 0 0 0 0 0.650366 0 0 0 0 0 0 0 0.596657 0 0 0 0 0.42987 0 0 0 0 0 0 0 0 0 0 0 0 0 0 0 0 0 0 0 0 0 0 0 0 0 0.360875 0 0 0 0 0 0 0 0 0 0 0 0 0 0 0 0 0 0 0 0.591553 0 0 0 0 0 0 0 0 0 0 0 0 0 0 0 0 0.560976 0 0 0 0 0 0 0 0 0 0 0 0 0
0 0 0 0.351133 0 0 0 0 0 0 0 0 0 0 0 0.380368 0 0 0 0 0 0.504109 0 0 0 0.688628 0 0 0 0 0 0 0 0 0 0 0 0 0 0 0.520345 0 0 0 0 0 0 0 0 0 0 0 0 0 0 0 0 0 0 0 0 0 0 0 0 0 0 0 0 0 0 0 0 0 0 0 0 0 0 0 0 0 0 0 0 0 0 0 0.329046 0 0 0 0 0 0 0 0 0 0 0 0 0 0 0 0 0 0 0 0 0 0 0.533477 0 0 0 0 0 0 0 0 0 0 0.412013 0 0 0 0.337277 0 0.521901 0 0 0 0 0 0 0 0 0 0 0 0 0 0 0 0 0 0.399254 0 0 0 0 0 0 0 0 0 0 0 0 0 0 0 0 0 0 0 0 0 0 0 0 0 0 0 0 0 0 0 0 0 0 0 0 0 0 0 0 0 0 0 0 0 0 0 0 0 0 0 0 0
0 0 0 0 0 0 0 0 0 0 0 0 0 0 0.361294 0 0 0 0.405508 0.542086 0.568133 0 0 0 0 0 0 0 0 0 0 0 0 0 0 0 0 0 0 0 0 0 0 0 0 0 0 0 0 0 0 0 0 0 0 0 0 0 0 0 0 0 0 0 0 0 0 0 0 0 0 0 0 0 0 0 0 0 0 0 0 0.614023 0 0 0 0 0 0 0 0 0 0 0 0 0 0 0 0 0 0 0 0 0 0 0.448436 0 0 0 0 0 0 0 0 0 0 0 0 0 0 0 0.457642 0 0 0 0 0 0 0 0 0 0 0 0.627553 0 0 0 0 0 0 0 0 0 0 0 0 0 0 0 0 0 0 0 0 0 0 0.605004 0 0 0 0 0 0 0 0 0 0.64192 0 0 0.4538 0 0 0 0 0 0 0 0 0 0 0 0.558235 0.527261 0 0.623743 0 0 0 0 0 0 0 0 0 0 0 0 0 0 0 0
0 0 0 0 0 0 0 0 0 0 0.407921 0 0 0 0 0 0 0 0 0 0 0 0 0.621141 0 0 0 0 0 0 0 0 0 0 0 0 0 0 0 0 0 0 0 0 0 0 0 0 0 0 0 0 0 0 0 0 0 0 0.416379 0 0 0 0 0 0 0 0 0 0 0 0 0 0.57519 0 0 0 0 0 0 0 0 0 0 0 0 0 0 0 0 0 0 0 0 0 0 0 0 0 0 0 0 0 0 0 0 0 0 0 0 0 0 0 0 0 0 0.596657 0 0 0 0 0 0 0 0 0 0 0 0 0 0 0 0 0 0 0 0 0 0 0 0 0 0 0 0 0 0 0 0 0 0 0 0 0 0 0 0 0 0 0 0 0 0 0 0 0 0 0 0 0 0 0 0 0.574743 0 0 0 0 0 0 0 0 0 0 0 0 0 0 0 0.432247 0 0 0 0 0 0 0 0 0 0 0
0 0.345294 0 0 0 0 0 0 0 0 0 0 0 0 0 0 0 0 0.402276 0 0 0.336533 0 0 0 0 0 0 0 0 0 0 0 0.594365 0 0 0 0 0 0 0 0 0 0 0 0.512794 0 0 0 0 0 0 0 0.642309 0 0 0 0 0 0 0 0 0 0 0 0 0 0 0 0 0 0 0 0 0 0 0 0 0 0 0 0 0 0 0 0 0 0 0 0 0 0 0 0 0 0 0 0.590617 0 0 0.639072 0 0.610709 0 0 0 0 0 0 0 0 0 0 0 0 0 0 0 0 0 0 0 0 0 0 0.675307 0 0 0 0.467187 0 0 0 0 0 0 0 0 0 0 0 0 0 0 0 0 0 0 0 0 0 0 0.339731 0 0 0 0 0 0 0 0 0 0 0 0 0 0 0 0 0 0 0 0 0 0 0 0 0 0 0 0 0 0 0 0 0 0 0 0 0 0 0 0 0 0 0 0 0 0 0
0 0.452505 0 0 0 0 0.629113 0 0 0 0 0 0 0 0 0 0 0 0 0 0 0 0 0 0 0 0 0 0 0 0 0.485872 0.365562 0 0 0 0 0 0 0.558719 0 0 0 0 0.507834 0 0 0 0 0 0 0 0 0 0 0 0 0 0 0 0 0 0 0 0 0.394494 0.424383 0 0 0 0 0 0 0 0 0 0 0 0 0 0 0 0 0 0 0 0 0 0 0 0 0 0 0 0 0 0 0 0 0 0 0 0 0.459877 0 0.682985 0 0 0 0 0 0 0 0 0 0 0 0.457642 0 0 0 0.644023 0 0 0 0 0.628562 0 0 0 0 0 0 0 0 0 0 0 0 0 0 0 0 0 0 0 0 0 0 0 0 0 0 0 0 0 0 0 0 0 0.55985 0 0 0 0 0 0.690307 0 0 0 0 0 0 0 0.585232 0 0 0 0 0 0 0 0 0 0 0 0 0 0 0.729344 0 0 0 0 0 0 0 0 0 0
0 0 0 0 0 0 0 0 0 0 0 0 0.333816 0 0 0 0 0 0 0 0.352989 0 0 0 0 0 0.367545 0 0 0 0 0 0 0 0 0.357803 0 0 0 0 0 0.61345 0 0 0 0 0 0 0 0 0 0 0 0 0 0 0 0 0 0 0 0 0 0 0 0 0 0 0 0 0 0 0 0 0 0 0 0 0 0 0 0 0.625131 0 0.585921 0 0 0 0 0 0 0 0 0 0 0.405694 0 0 0 0 0 0 0 0 0 0 0 0 0 0 0 0 0.533587 0 0 0 0 0 0 0 0.644023 0 0 0 0 0 0 0 0 0 0 0 0 0 0 0 0 0.479156 0 0 0 0 0 0 0 0 0.567171 0 0 0 0 0 0 0 0 0 0 0 0 0 0 0 0 0 0 0 0 0 0 0 0 0.485785 0.351685 0 0 0 0 0 0 0.473273 0 0 0 0 0 0 0 0 0 0 0 0 0 0 0 0 0 0 0 0
0 0 0 0 0 0 0.346276 0 0 0 0 0.404598 0 0 0 0 0 0 0 0 0 0 0.644384 0 0 0 0 0 0 0 0 0 0 0 0 0 0 0 0 0 0 0 0 0 0 0 0 0 0 0 0 0 0 0.448321 0 0 0 0 0 0 0 0 0 0 0 0 0 0 0 0.617458 0 0.470506 0 0 0 0 0 0 0.425846 0 0 0 0 0 0 0 0 0 0 0 0 0 0 0 0 0 0 0 0 0 0 0 0 0 0 0 0 0 0 0.464905 0 0 0 0 0 0 0.412013 0 0 0 0 0 0 0 0 0.616236 0 0 0 0 0 0 0 0 0 0 0 0 0 0 0 0 0 0 0 0 0 0 0 0 0 0 0 0 0 0.57348 0.544217 0 0 0 0 0 0 0 0 0 0 0 0 0 0.627417 0 0 0 0 0 0.388086 0 0 0 0 0 0 0.723631 0 0 0 0 0 0 0 0 0 0 0 0 0 0 0 0
0 0.624558 0 0 0.719894 0 0 0 0 0 0 0 0 0 0 0 0 0 0 0 0 0 0 0 0 0 0 0.519302 0 0 0 0 0 0 0 0.663783 0 0 0 0 0 0 0 0 0 0 0 0 0 0 0 0 0 0 0 0 0 0 0 0 0 0.528386 0.59015 0 0 0.559141 0 0 0 0 0 0 0 0 0 0 0 0.470878 0 0 0 0 0 0 0 0 0 0 0 0 0 0 0 0 0 0 0 0 0 0 0 0 0 0 0 0 0 0 0.63966 0.321827 0 0 0.459439 0 0 0.42987 0 0 0 0 0 0 0 0 0 0 0 0.385454 0 0 0 0 0.270782 0.66177 0 0 0 0 0 0 0 0 0 0.485982 0 0 0 0 0 0 0 0 0 0 0 0.516382 0 0 0.567521 0 0.56441 0 0 0 0 0 0 0 0.429135 0 0 0 0 0 0 0 0 0 0 0 0 0.582153 0 0 0 0 0 0 0.566583 0 0 0 0 0 0 0 0 0 0 0
0 0 0 0 0 0 0 0 0 0.592125 0 0 0 0 0 0 0 0 0 0 0 0 0 0 0 0 0 0 0 0 0 0 0 0 0 0 0 0.382109 0 0 0 0 0 0 0 0 0 0 0 0 0 0 0.676864 0 0 0 0 0 0 0 0 0 0 0 0 0 0 0 0 0 0 0 0 0 0 0 0 0 0 0 0 0 0 0 0 0 0 0 0 0 0.349514 0 0 0 0 0 0 0 0 0 0 0 0 0 0 0 0 0 0 0 0 0 0 0 0 0 0 0 0 0 0 0 0 0 0 0 0 0 0 0 0 0 0 0 0 0 0 0 0 0 0 0 0 0 0 0 0 0 0 0 0.668586 0 0 0 0 0 0 0 0 0 0 0 0 0 0 0 0 0 0 0 0 0 0 0 0 0 0 0 0 0 0 0 0 0 0 0.403678 0.520987 0 0 0 0 0 0 0 0 0 0 0 0 0
0 0 0 0 0 0 0 0 0 0 0 0 0 0 0.580389 0 0 0 0 0 0 0 0 0.609706 0 0 0 0 0 0 0 0 0 0 0 0 0.548679 0 0 0 0 0 0 0 0 0 0 0 0.661881 0 0.458625 0 0 0 0 0 0 0 0 0 0 0 0 0 0 0 0 0.44792 0 0 0 0 0 0 0 0.576664 0 0 0 0 0 0 0 0 0 0 0 0 0 0 0.645298 0 0 0 0 0 0 0 0 0 0 0 0 0 0 0 0 0 0 0 0 0 0 0.56554 0 0 0 0 0 0.675307 0 0 0.616236 0 0 0 0 0 0 0 0 0 0 0.713218 0 0 0 0 0 0 0 0 0 0.538245 0 0 0 0 0 0 0 0 0 0 0 0 0 0 0 0 0 0 0 0.526868 0 0 0 0 0 0 0 0 0 0.609435 0 0 0 0 0 0 0 0 0 0 0 0 0 0 0 0 0 0 0.520161 0 0 0 0 0 0 0
0 0.497643 0 0 0 0 0.42136 0 0 0 0 0 0.467483 0 0.574404 0 0 0 0 0 0 0 0 0.41378 0 0 0 0 0 0 0 0 0 0 0 0 0 0 0 0 0 0 0 0 0 0.678897 0 0 0 0 0 0 0 0 0 0 0 0 0 0 0 0 0 0 0 0 0 0 0 0 0 0 0 0 0 0 0 0.576209 0 0 0 0 0 0 0 0 0 0 0 0 0.482485 0 0 0 0 0 0 0 0 0 0 0 0 0 0.393194 0 0 0 0.624757 0 0 0 0 0 0 0 0.337277 0 0 0 0.628562 0 0 0 0 0 0 0 0 0 0 0 0 0 0 0.383667 0 0 0 0 0 0 0 0.353651 0 0 0.582611 0 0 0.661583 0 0 0 0 0 0 0.544616 0 0 0 0 0 0 0 0 0 0 0 0 0 0 0 0 0 0 0 0 0 0 0 0 0 0 0 0 0 0.384257 0 0 0.483105 0 0 0 0.478062 0 0 0 0 0 0
0 0 0 0 0 0 0 0 0 0 0 0.457446 0 0 0 0 0 0 0 0 0 0 0 0 0 0 0 0 0 0 0 0 0 0 0 0 0 0.449706 0 0 0 0 0 0 0 0 0 0 0 0 0 0 0 0 0 0 0 0 0 0 0 0 0 0 0 0 0 0 0 0 0 0 0 0 0 0 0 0 0 0 0 0 0 0 0 0 0 0 0 0 0 0 0 0 0.449898 0 0 0 0 0 0 0 0.584196 0 0 0 0.400075 0 0 0 0 0 0 0 0 0 0 0 0 0 0 0 0 0.385454 0 0 0 0 0 0 0 0.554546 0 0 0 0 0 0 0 0 0 0 0 0 0 0 0 0 0 0 0 0 0 0 0 0 0 0 0 0 0 0 0 0 0 0.680881 0 0 0 0 0 0 0 0 0 0 0 0 0 0 0.49978 0 0 0 0 0 0 0 0 0 0 0 0.330131 0 0 0 0 0 0 0
0.510528 0 0 0 0 0.420954 0 0 0 0 0 0 0 0 0 0 0 0 0 0 0 0 0 0 0 0 0.354578 0 0 0 0 0 0 0 0 0 0 0 0 0 0 0 0 0 0 0 0.479939 0 0 0 0 0 0 0 0 0 0 0.633508 0 0 0 0 0 0 0 0 0.714813 0 0 0 0 0 0 0 0 0 0 0.579365 0 0 0 0 0 0 0 0 0 0 0 0 0 0.575176 0 0 0 0 0 0 0 0 0 0 0 0 0 0 0 0 0 0 0 0 0 0 0 0 0.521901 0 0 0 0 0 0 0 0 0 0 0 0 0 0 0 0 0 0 0 0 0 0 0 0 0 0 0 0 0 0.638172 0 0.471677 0 0 0 0 0 0 0 0 0 0 0 0 0 0 0 0 0 0 0 0 0 0 0 0 0 0 0 0 0 0 0 0.537256 0 0 0.446152 0 0 0 0 0 0 0 0 0 0 0 0 0 0.386372 0 0.496588
0 0 0 0 0 0 0 0.445719 0 0 0.559515 0 0 0 0 0 0 0 0 0 0 0 0 0 0 0 0 0 0 0 0 0 0 0 0 0 0 0 0 0 0 0 0 0 0 0 0 0 0 0 0 0 0 0 0 0 0 0 0 0 0 0 0 0 0 0 0 0 0 0 0 0 0 0 0 0 0 0 0 0 0 0 0.553223 0 0 0 0 0.607606 0 0.387867 0 0 0 0 0 0 0 0 0 0 0 0.334414 0 0 0 0 0 0 0 0 0 0 0 0 0 0 0 0 0 0.467187 0 0 0 0 0 0 0 0 0 0 0 0 0 0 0 0 0 0.417376 0 0 0.544895 0 0 0 0.729511 0 0 0 0 0 0 0 0 0 0 0 0 0 0 0 0 0 0 0 0 0.479515 0 0 0 0 0 0 0 0 0 0.629909 0 0.448524 0 0 0 0 0 0 0 0 0 0.601532 0 0.617738 0 0 0 0 0 0 0 0 0 0
0 0 0 0 0 0 0 0 0 0 0 0 0 0 0 0 0 0 0 0 0 0 0 0 0 0 0 0 0 0 0 0 0 0 0 0 0 0 0 0 0 0 0 0 0 0 0 0 0.493911 0 0 0 0 0 0 0 0 0 0 0 0 0 0 0 0 0 0.391099 0 0 0 0 0 0 0 0 0 0 0 0 0 0 0 0 0 0.572447 0 0 0 0.396014 0 0 0 0 0 0 0 0 0 0 0 0 0 0 0 0 0 0 0 0 0 0 0 0 0 0 0 0 0 0 0 0 0 0 0 0 0 0 0 0 0 0 0 0 0.472119 0 0 0 0 0 0 0 0 0 0.579321 0 0 0 0 0 0 0 0 0 0 0 0 0 0.464977 0 0 0 0 0 0 0 0 0 0 0 0 0 0 0 0 0 0 0 0 0 0 0 0 0 0.526981 0 0 0 0 0 0 0 0 0 0 0 0 0 0 0 0.373882
0 0 0 0 0 0.646882 0 0 0 0 0 0 0 0 0 0 0 0 0 0 0 0 0 0 0 0 0 0 0 0 0 0.633998 0.67343 0 0 0 0.655649 0 0 0 0 0 0 0 0 0 0 0 0 0 0 0 0 0 0 0 0.380412 0 0 0 0 0 0 0 0 0.50965 0 0 0 0.361444 0 0 0.783888 0 0 0 0 0 0 0 0 0 0 0 0 0 0 0 0 0 0 0 0 0 0 0 0 0 0 0 0 0 0 0 0 0 0.428816 0 0 0 0 0 0 0 0 0 0 0 0 0 0 0 0 0 0 0 0 0.554546 0 0 0 0 0.531022 0 0.478072 0 0 0.450425 0 0 0 0 0 0 0 0.623099 0 0 0 0 0 0 0 0 0 0.621441 0 0 0 0 0 0 0 0.579848 0 0 0 0 0 0 0 0 0 0 0 0 0 0 0 0 0 0 0 0 0 0 0 0 0 0 0 0 0 0 0 0 0 0 0 0
0 0 0 0 0 0 0 0 0 0 0 0 0 0 0 0 0 0 0 0 0 0 0 0 0 0 0 0 0 0 0 0 0 0.435491 0 0 0 0 0 0 0 0 0 0 0 0 0 0 0 0 0 0 0 0 0 0 0 0 0 0 0.377132 0 0 0 0 0 0 0 0 0 0 0 0 0 0 0 0 0 0 0 0 0 0 0 0 0 0 0 0 0 0 0 0 0 0 0 0 0 0 0 0 0 0 0 0 0 0 0 0 0 0 0 0 0 0 0 0 0.627553 0 0 0 0 0 0.270782 0 0 0 0 0 0 0 0.531022 0 0 0 0 0 0 0 0 0 0 0 0 0 0 0 0 0 0 0 0.622966 0 0 0 0 0 0 0 0 0 0 0 0 0 0 0.628401 0 0 0 0 0 0 0 0 0 0 0 0 0 0 0 0 0 0 0 0 0 0 0 0 0 0 0 0 0 0 0 0 0
0 0 0 0 0 0 0 0 0 0 0 0 0 0 0 0 0 0 0 0 0 0 0 0 0 0 0 0 0 0 0 0 0 0 0 0 0 0 0 0 0 0 0 0 0 0 0.471522 0 0 0 0 0 0 0 0 0 0 0 0 0 0.355914 0 0 0 0 0 0 0 0 0.570662 0 0 0 0 0 0 0 0 0 0 0 0 0 0 0 0 0 0 0 0 0 0 0 0 0.41283 0 0 0.59202 0 0 0 0 0.698955 0 0 0 0 0 0 0 0 0 0 0 0 0 0 0 0 0 0 0 0 0.66177 0 0.713218 0 0 0 0 0.472119 0 0 0 0.538158 0 0 0 0 0 0 0 0 0 0 0 0 0 0 0 0 0 0 0 0 0 0 0 0 0 0 0 0 0 0.564794 0 0.540998 0 0 0 0 0 0 0 0 0 0 0.535212 0 0 0 0 0 0.42385 0 0 0 0 0 0 0 0 0 0 0 0 0 0 0 0
0 0 0 0 0.59482 0 0.519685 0 0 0 0 0 0 0 0 0 0 0 0 0 0 0 0 0 0 0 0 0 0 0 0 0 0 0 0 0 0 0 0 0 0 0 0 0 0 0 0 0 0 0 0 0 0 0 0 0 0 0 0 0 0 0 0 0 0 0 0 0 0 0 0 0 0.38239 0 0 0 0 0 0 0 0 0 0 0 0 0 0 0 0 0 0 0 0 0.450022 0.567584 0 0 0 0 0 0 0 0 0 0 0 0 0 0.379115 0 0 0 0 0 0 0 0 0 0 0 0 0 0 0 0 0 0 0 0 0 0 0.478072 0 0.538158 0 0 0 0 0 0 0 0 0 0 0 0 0 0 0 0 0 0 0 0 0 0 0 0 0 0 0 0 0 0 0 0 0 0 0 0 0 0 0 0 0 0 0 0 0 0 0 0 0 0 0 0.449984 0 0 0 0 0 0 0 0 0 0 0 0 0 0
0 0 0 0 0 0 0 0 0 0.62672 0 0 0 0 0 0 0 0 0 0 0 0 0 0 0.538744 0 0 0 0.443232 0 0 0 0 0 0 0 0 0 0 0 0 0 0 0 0 0.746754 0 0 0 0 0 0 0 0 0 0 0 0 0 0 0 0 0 0 0.682453 0 0 0 0 0.428376 0 0 0 0 0 0 0 0 0 0 0 0 0 0 0 0 0 0 0 0 0.657528 0 0 0 0 0 0 0 0.360826 0 0 0 0 0 0 0 0 0 0 0 0 0 0 0 0 0 0 0 0 0 0 0 0 0 0 0 0.383667 0 0 0 0 0 0 0 0 0 0 0 0 0 0 0.47415 0 0 0 0 0 0 0 0.61826 0 0 0 0 0 0 0 0 0.312737 0 0 0 0.570103 0 0 0 0 0 0 0 0 0 0 0 0 0 0 0 0.629138 0 0 0 0 0.50668 0 0 0.556776 0 0 0.439768 0 0 0 0.319142 0 0 0 0 0 0
0 0 0 0 0 0 0 0 0 0 0 0 0 0 0 0 0 0 0 0 0 0 0 0.442668 0 0 0 0 0 0 0.664175 0 0 0 0 0 0 0 0 0 0 0 0 0 0.367255 0.462798 0 0 0 0 0 0 0 0.587989 0 0 0 0 0 0 0 0 0 0 0 0 0 0 0 0 0 0 0 0 0 0 0 0 0 0 0 0 0 0 0 0 0 0 0.56491 0 0 0 0 0 0 0 0 0.670151 0 0 0 0 0 0 0 0 0 0 0 0 0 0 0 0 0 0 0 0 0 0 0 0 0 0 0 0 0 0 0 0 0 0 0 0 0 0 0 0 0 0 0.358758 0 0.626341 0 0 0 0 0 0 0 0 0 0 0 0 0 0 0 0 0 0 0 0 0 0 0 0 0 0 0 0 0 0 0 0 0 0 0 0 0.599901 0 0 0 0 0 0 0 0 0.524718 0 0 0 0 0 0 0 0 0 0 0
0 0 0 0 0 0 0 0 0 0 0 0 0 0 0 0 0 0 0 0 0 0 0 0 0 0 0 0 0 0 0 0 0 0 0 0 0 0 0 0 0 0.488848 0 0 0 0 0 0 0 0 0 0 0 0 0 0.517629 0 0 0 0 0 0 0 0.522045 0 0 0 0 0 0 0 0 0 0 0 0 0.57441 0 0 0 0 0 0 0 0 0 0 0 0 0 0 0 0 0 0 0.602288 0 0 0 0 0 0 0 0 0 0 0 0 0 0 0.550075 0 0 0 0 0 0 0 0 0 0 0.479156 0 0 0 0 0 0 0 0.417376 0 0.450425 0 0 0 0 0 0 0 0 0 0 0 0 0 0.364994 0.565995 0 0 0 0 0 0 0 0 0 0 0 0 0 0.564365 0 0 0 0 0.525089 0 0 0 0 0 0.649152 0 0 0 0 0 0 0 0 0 0 0 0 0 0.350886 0 0 0 0 0 0.607425 0 0 0 0 0 0 0 0
0 0 0 0 0 0 0 0.665755 0 0 0 0 0 0 0 0.340781 0 0 0 0 0 0 0 0 0 0.50262 0.694613 0 0 0 0 0 0 0 0 0 0 0 0 0 0 0 0 0 0.532792 0 0 0 0 0 0 0 0 0 0 0 0 0 0 0 0 0 0 0 0 0 0 0 0 0 0 0 0 0.731056 0 0 0 0 0 0 0 0 0 0 0 0 0 0 0 0 0 0 0 0 0 0 0 0 0 0 0 0 0 0 0 0.688325 0 0 0 0 0 0 0 0 0 0 0 0 0 0 0 0 0 0 0 0 0 0 0 0 0 0 0 0 0 0 0 0 0 0 0 0 0 0 0 0 0 0.413544 0 0 0 0 0 0 0 0 0 0.600455 0 0 0 0 0 0 0 0 0 0 0 0 0 0 0.402392 0 0 0 0 0 0 0 0 0 0 0.439771 0 0 0 0 0.370912 0 0 0 0 0 0 0 0 0 0 0
0 0 0 0 0 0 0 0 0 0 0 0 0 0 0 0 0 0 0 0 0 0 0 0 0 0 0 0 0 0 0.41363 0 0 0 0 0 0 0 0 0 0 0 0 0 0.462566 0 0 0 0 0 0 0 0 0 0 0 0 0 0 0 0 0 0 0 0 0 0 0 0 0 0 0 0 0 0 0.438898 0 0 0 0 0 0 0 0 0 0 0 0 0 0 0 0 0 0 0 0 0 0 0 0 0 0 0 0 0 0 0 0 0 0 0 0 0 0 0 0 0 0 0 0 0 0 0 0 0 0 0 0 0 0 0 0 0 0 0 0 0 0 0 0 0 0 0 0 0 0 0.522015 0 0 0 0 0 0 0 0 0 0 0.384316 0.478098 0 0 0 0 0.353937 0 0 0 0 0 0 0 0 0 0 0 0 0.420711 0 0 0 0 0 0.471891 0 0 0 0 0 0 0 0 0 0 0 0 0 0 0 0 0
0 0 0 0 0 0 0 0 0 0 0 0 0 0 0 0 0 0 0 0 0 0 0 0 0 0 0 0 0 0 0 0 0 0 0.668377 0 0 0 0 0 0 0 0 0 0 0 0 0 0 0 0 0 0 0 0 0 0 0.437693 0 0 0 0 0 0 0 0 0 0 0 0 0 0 0 0 0 0 0 0 0 0 0 0 0 0 0 0.594094 0 0 0 0 0 0 0 0 0 0 0 0 0 0 0 0 0.490279 0.517956 0 0 0 0 0 0 0 0 0 0.647387 0 0 0 0 0 0 0 0 0 0 0 0 0 0 0 0.544895 0 0 0 0 0 0 0.358758 0 0 0 0 0 0 0 0 0 0 0 0 0 0 0 0 0 0 0 0 0 0 0 0 0 0 0 0 0 0 0 0 0 0 0 0 0 0 0 0 0 0 0 0 0 0 0 0 0 0 0 0 0 0 0 0 0 0 0 0 0 0 0
0 0 0 0 0 0 0 0 0 0 0 0 0 0.622655 0 0 0 0 0 0 0 0 0 0 0 0 0 0 0 0 0 0 0 0 0 0 0 0.397397 0 0 0 0 0 0 0 0 0 0 0 0 0 0 0 0 0 0 0 0 0 0 0 0 0 0 0 0 0 0 0 0 0 0 0 0 0 0 0 0 0 0 0 0 0 0 0 0.503681 0 0 0 0 0 0 0 0 0 0 0 0 0 0 0 0 0 0 0 0 0.421808 0 0 0 0 0.626227 0 0 0.517986 0 0 0 0 0 0 0 0 0 0 0 0 0 0 0 0 0 0 0 0 0.47415 0 0 0 0 0 0 0 0 0.670129 0 0 0 0 0 0 0 0 0 0 0 0 0 0 0 0 0 0 0 0 0 0 0 0 0 0 0 0 0.484962 0 0 0 0.714579 0 0 0 0 0 0 0 0 0 0 0 0 0 0 0 0 0 0 0 0 0 0
0 0 0 0 0 0 0 0 0 0 0 0 0 0 0 0 0 0 0 0 0 0 0.383096 0.602379 0 0 0 0 0 0 0 0 0 0 0 0 0 0 0 0 0 0 0 0 0 0 0 0 0 0 0 0 0 0 0 0 0 0 0 0 0 0 0 0.605628 0 0 0 0 0 0 0 0 0 0 0 0 0.412647 0 0 0 0 0 0 0 0 0 0.586049 0 0 0 0 0 0 0 0 0 0 0 0 0 0 0 0 0 0 0 0 0 0 0 0 0 0 0 0 0 0 0 0 0 0 0 0 0 0 0 0 0 0 0 0 0 0 0 0 0 0.626341 0 0 0 0 0 0 0 0 0 0 0 0.499057 0 0 0 0 0 0 0 0 0 0 0 0 0 0 0 0 0 0 0 0 0 0 0 0 0 0 0 0 0 0 0 0 0 0 0 0 0 0.729722 0.357608 0 0 0 0 0 0.447423 0 0 0 0 0 0
0 0.343784 0.600729 0 0 0 0 0 0 0 0 0.417068 0 0 0 0 0.557345 0 0 0 0 0 0 0 0.511991 0 0 0 0 0 0 0 0 0 0 0.418575 0 0 0 0 0 0.277606 0 0 0 0 0 0 0 0 0 0 0 0.43287 0 0 0 0 0 0 0 0 0 0 0 0 0 0 0 0 0 0 0 0 0.328032 0 0 0 0 0 0 0 0 0 0 0 0 0 0 0 0 0 0 0 0 0 0 0 0 0 0 0 0.463229 0 0 0 0 0 0 0 0.612013 0 0 0 0.46009 0 0 0 0 0 0 0 0 0.485982 0 0.538245 0.353651 0 0 0 0.579321 0 0 0 0 0 0 0 0 0 0 0 0 0 0 0 0 0 0 0 0 0 0 0 0 0 0 0.655485 0 0 0 0 0 0 0 0 0 0 0 0.395166 0 0 0 0 0.557596 0 0 0 0 0 0 0 0 0 0 0 0 0 0 0 0 0 0 0 0.558276 0 0 0 0 0
0 0 0 0 0 0 0 0 0 0 0 0 0 0.645023 0 0 0 0 0 0 0 0 0.595709 0 0 0 0 0 0 0 0 0 0 0 0 0 0 0.422829 0 0 0 0 0 0 0 0 0.500108 0 0 0 0 0 0 0 0 0 0.552271 0 0 0 0 0 0 0 0 0 0 0 0 0 0 0 0 0 0 0 0.526914 0 0 0 0 0 0 0.555938 0 0 0 0 0 0 0 0 0 0 0 0 0 0 0 0 0 0 0.487632 0 0 0 0 0 0.321509 0 0 0 0.363545 0.55472 0 0 0 0 0 0 0 0 0 0 0 0 0 0 0 0.729511 0 0 0 0 0 0 0 0 0 0 0 0.670129 0 0 0 0 0 0 0 0 0 0 0 0 0 0.634015 0 0 0 0.511246 0 0 0 0 0 0 0 0 0 0 0 0 0 0 0 0 0 0 0 0 0 0 0 0 0 0 0 0 0 0.31979 0.338237 0 0 0.453512 0 0 0 0 0 0
0 0 0 0 0 0 0 0 0 0 0.564362 0 0 0 0 0 0 0 0 0 0.440895 0.331294 0 0 0 0 0 0 0 0 0 0 0 0 0 0 0 0 0 0 0 0 0 0 0 0 0 0 0 0 0 0 0 0 0 0 0 0 0 0 0 0 0 0 0 0 0 0 0 0 0 0 0 0 0 0 0 0 0 0.329015 0 0 0 0 0 0 0 0 0 0 0 0 0.550998 0 0 0 0 0 0.682388 0 0 0 0 0 0.338509 0.407787 0 0 0 0 0 0 0 0 0 0 0 0 0 0 0 0 0 0 0 0 0 0 0 0 0 0.623099 0 0 0 0 0 0.364994 0 0 0 0 0 0 0 0 0 0 0 0 0 0 0 0 0 0 0 0 0.420187 0 0 0.407948 0 0 0 0 0 0 0 0 0 0 0 0.432353 0 0 0 0 0 0 0 0 0 0 0 0 0 0 0 0 0 0 0 0 0 0 0 0 0 0
0 0 0 0 0 0 0 0 0 0 0 0 0 0 0 0 0 0 0 0 0 0 0 0 0 0 0 0 0 0 0 0 0 0 0 0 0 0 0 0 0 0 0 0.670673 0 0 0 0 0 0 0 0 0 0 0 0 0 0 0 0 0 0 0 0 0 0 0 0 0.500491 0 0 0.559865 0 0 0 0 0 0 0 0 0 0 0 0 0 0 0 0 0 0 0 0 0 0 0 0 0.675924 0 0 0 0 0 0 0 0 0 0 0 0 0 0 0 0 0.378694 0 0 0.399254 0 0 0 0 0.567171 0 0 0 0 0.582611 0 0.638172 0 0 0 0 0 0 0 0 0.565995 0 0.522015 0 0 0 0 0 0 0 0 0 0 0 0 0 0 0 0 0 0 0 0 0 0 0 0 0 0 0 0 0 0 0 0 0 0 0 0 0 0 0 0 0 0 0 0 0 0 0 0 0.590793 0 0 0 0 0 0 0 0 0 0 0
0.344155 0 0 0 0 0 0 0 0 0 0 0 0 0 0 0 0 0 0 0 0 0 0 0 0 0 0 0 0 0 0 0 0.458564 0 0 0 0.493676 0 0 0 0 0 0 0 0 0 0 0 0 0 0 0 0 0 0.460124 0 0 0 0 0 0 0.558405 0 0 0 0.529748 0.69792 0 0 0 0 0 0 0 0 0 0 0 0 0 0 0 0 0 0 0 0 0 0 0 0 0 0 0 0 0.612552 0 0 0 0 0 0 0 0 0 0 0 0 0.710856 0 0 0 0 0 0 0 0 0 0 0 0 0 0 0 0 0 0 0 0 0 0 0 0 0 0 0 0 0 0.413544 0 0 0 0 0 0 0 0 0 0 0 0 0 0 0 0 0 0 0 0 0 0 0 0.60798 0 0 0 0 0 0 0 0 0 0 0 0 0 0 0 0 0 0 0 0.499361 0 0 0 0 0 0 0 0 0 0 0 0 0.585608 0.647143 0 0 0
0 0 0 0 0 0 0 0 0 0 0 0 0 0.570842 0 0 0 0 0.404043 0 0 0 0.371627 0 0 0.713049 0 0 0 0 0 0 0 0 0 0.634661 0 0 0 0 0 0 0 0 0 0 0 0 0 0 0 0 0 0 0 0 0 0 0 0 0 0 0 0 0 0 0 0 0 0 0.67628 0 0 0 0.470218 0 0.382414 0 0 0 0 0 0 0 0 0 0 0 0 0 0 0 0 0 0 0 0 0 0 0 0 0 0 0 0 0 0 0 0 0 0.375409 0 0 0 0 0 0 0 0 0 0 0 0 0 0 0 0 0 0.471677 0 0 0 0 0 0 0 0 0 0 0 0 0 0.499057 0 0 0 0 0 0 0 0 0 0 0 0 0 0 0 0 0.681935 0 0 0 0 0 0.672899 0 0 0 0 0 0 0 0 0 0 0 0 0 0 0.379025 0 0 0 0 0.622363 0.513256 0 0 0 0 0 0 0 0 0 0 0 0 0
0 0 0 0 0.650706 0 0 0 0 0.406293 0.355063 0 0 0.641203 0.685451 0.486293 0 0 0 0 0 0 0 0.517629 0 0.594742 0 0 0 0 0 0 0 0 0 0 0 0 0 0 0 0 0 0 0 0 0 0 0 0 0 0 0 0 0 0 0 0 0.451043 0.518951 0.354759 0 0 0 0 0 0 0 0 0 0.598859 0 0 0 0 0 0 0 0 0 0 0 0 0 0 0 0 0 0 0 0 0 0 0 0 0 0 0 0 0 0 0 0 0 0.280579 0 0 0 0 0 0 0 0 0 0 0.360875 0 0 0 0 0 0 0 0 0 0 0.661583 0 0 0 0 0 0 0 0 0.61826 0 0 0 0 0 0 0 0 0 0 0 0 0 0 0 0 0 0.45714 0 0.608559 0 0 0 0 0 0 0 0 0 0 0 0 0 0 0 0 0 0 0.552593 0 0 0 0 0 0 0 0 0 0 0 0 0 0 0 0 0.632152 0 0 0 0 0 0 0 0
0 0 0 0 0.545788 0 0 0 0 0 0 0 0 0 0 0 0 0 0 0 0 0 0 0 0 0 0 0 0 0 0 0 0 0 0 0 0 0 0 0.566266 0 0 0 0 0 0 0 0 0 0 0 0 0.67532 0 0 0 0 0 0 0 0 0 0 0 0 0 0 0 0 0.61026 0 0 0 0 0 0 0 0 0.44973 0 0 0 0 0 0 0 0 0 0 0 0 0 0 0 0 0 0 0 0 0 0.531617 0 0 0 0 0 0 0 0 0 0 0 0 0 0 0 0 0 0 0 0 0 0 0 0.668586 0 0 0 0 0 0 0 0 0 0 0 0 0 0 0 0 0 0 0 0 0 0 0 0 0 0 0 0 0 0 0 0 0 0 0 0 0 0 0 0 0 0 0 0 0 0 0 0 0 0 0 0 0 0 0 0 0.660495 0.52831 0 0 0 0 0 0 0 0 0 0 0 0 0 0 0 0 0
0 0 0 0.580226 0.383641 0 0 0 0 0 0 0 0 0 0 0 0 0 0 0 0 0 0 0 0 0 0 0 0 0 0 0 0.353176 0 0 0 0 0 0 0 0 0 0 0 0 0 0 0 0 0 0.454476 0 0 0 0 0 0 0 0 0 0 0 0.468255 0 0 0 0.567264 0 0 0 0 0 0 0 0 0 0 0 0 0.362702 0 0 0 0 0 0 0 0 0 0 0 0 0.626011 0 0 0 0 0 0 0 0.348042 0 0 0 0 0 0 0 0 0 0 0 0 0 0 0 0 0 0 0 0 0 0 0 0 0 0 0 0 0 0 0 0.622966 0 0 0 0 0 0 0 0 0 0 0 0 0 0 0 0 0 0 0 0 0 0 0 0 0 0 0 0 0 0 0 0 0 0 0 0 0 0 0 0 0 0 0 0 0 0 0 0 0 0 0 0 0 0 0 0 0 0 0 0 0 0 0.387973 0 0 0 0
0 0 0 0 0 0 0 0 0 0 0.402935 0 0 0 0 0 0 0 0 0.631613 0 0 0 0 0 0 0 0 0 0 0 0 0.667907 0 0 0 0 0 0 0 0.506386 0 0 0.361846 0 0 0.371141 0 0.497308 0 0 0 0 0 0 0 0 0 0 0 0 0 0 0 0 0 0 0 0 0 0 0 0.359566 0 0 0 0 0 0 0 0 0 0 0 0 0 0 0 0 0 0 0 0 0 0 0 0 0 0.609433 0 0 0 0 0 0 0 0 0 0.614724 0 0 0 0 0 0 0 0 0 0 0.339731 0 0 0 0 0 0 0 0 0 0 0 0 0 0 0 0 0 0 0 0 0 0 0 0 0 0 0 0 0 0 0 0 0 0 0.576541 0 0 0 0 0 0 0 0.625653 0 0.593861 0 0 0 0 0 0 0 0 0 0 0 0 0 0 0 0 0 0 0 0.41543 0 0 0 0 0 0 0 0 0 0 0 0 0 0 0
0 0 0 0 0 0 0.548429 0 0 0 0 0 0 0 0 0 0 0 0.539042 0 0 0 0 0 0 0.470474 0 0 0 0 0 0 0 0 0 0 0 0 0 0 0 0 0 0 0 0 0 0.701214 0 0 0 0.307961 0 0 0 0 0.643868 0 0 0 0.56432 0 0 0 0 0 0 0.320672 0 0.655735 0 0 0 0 0 0 0 0 0 0 0 0 0 0 0 0 0 0 0 0 0 0 0 0 0 0 0.448983 0 0 0 0 0 0 0 0 0 0 0 0 0 0 0 0 0 0 0 0 0 0 0 0 0 0 0 0 0 0 0 0 0 0 0 0 0 0 0 0 0 0 0 0 0 0 0 0 0 0 0 0 0.45714 0 0 0 0 0 0 0 0 0 0 0 0 0 0 0 0 0 0 0 0 0 0 0.449699 0 0 0 0 0 0 0 0 0 0.680459 0 0 0.59641 0 0 0 0 0 0 0 0 0 0 0.569352 0 0.475086 0
0 0.324711 0 0 0 0 0 0.404416 0 0.367661 0 0 0 0 0 0 0.69098 0.495448 0 0 0.620058 0 0 0 0 0 0 0 0 0 0 0 0 0 0 0 0 0 0 0 0 0 0 0 0 0 0 0 0 0 0 0 0 0 0 0 0 0 0 0 0.541813 0 0 0 0 0 0 0 0 0 0 0 0 0 0 0 0 0 0 0 0 0.673052 0 0 0 0 0 0 0 0 0.491192 0.504944 0 0 0 0 0 0 0 0 0 0 0 0 0 0 0 0 0 0 0 0 0 0 0 0 0 0 0 0 0 0 0 0 0 0 0 0 0 0 0 0 0 0 0 0 0 0 0 0 0 0 0 0 0 0 0 0 0 0 0 0 0.576541 0 0 0 0 0 0 0 0 0 0 0 0 0 0 0 0 0 0 0 0 0 0 0 0 0 0 0 0 0 0 0 0 0 0 0 0 0 0 0 0.382499 0 0 0 0 0 0 0.394145
0 0 0 0.555657 0 0 0 0 0 0 0 0 0 0 0 0 0 0 0 0 0 0 0 0 0 0.326719 0 0 0 0.626642 0 0 0 0 0 0 0 0 0 0 0 0 0 0 0 0 0 0 0.489223 0 0 0 0 0 0 0 0 0 0 0 0 0 0 0 0 0 0 0 0 0 0 0 0 0 0 0 0 0.669313 0 0 0 0 0 0 0 0.528969 0 0 0 0 0 0 0 0 0 0 0 0 0 0 0 0 0 0 0 0 0 0 0 0 0 0 0 0 0 0 0 0.605004 0 0 0 0 0.57348 0.516382 0 0 0 0 0 0 0 0.621441 0 0 0 0 0 0 0 0 0 0 0 0 0.634015 0 0 0 0 0.608559 0 0 0 0 0 0 0 0 0 0 0 0 0 0 0 0 0 0 0 0 0 0 0 0 0 0 0.659711 0 0 0 0 0 0.628897 0 0 0 0 0 0 0 0 0 0 0.568074 0 0 0 0 0 0
0 0 0 0 0 0 0 0 0 0 0 0 0 0 0 0 0 0 0 0 0 0 0 0 0 0.547617 0 0 0 0 0 0 0 0 0 0 0 0 0 0 0 0 0 0.637116 0 0 0 0 0 0 0 0 0 0 0 0 0 0 0 0 0 0 0 0 0 0.498931 0 0 0 0 0 0 0 0.460558 0 0 0.370021 0 0 0.398308 0 0 0 0 0 0 0 0 0 0 0 0 0 0 0 0 0 0 0 0 0 0 0 0 0 0 0 0 0 0 0 0 0 0 0 0 0 0 0 0 0 0 0.544217 0 0 0 0.544616 0 0 0 0 0 0 0 0 0 0 0 0 0 0 0 0 0 0 0 0 0 0 0 0 0 0 0 0 0 0 0 0 0 0 0 0 0 0 0 0 0 0 0 0 0 0 0 0 0 0 0 0 0 0 0.666075 0 0 0 0 0 0 0.611395 0 0 0 0 0 0 0 0 0 0 0
0.568762 0 0 0 0 0 0 0 0 0 0 0 0 0 0 0 0 0 0 0 0 0 0.77648 0 0.552356 0 0 0 0.394241 0.336052 0 0 0 0.634999 0 0 0 0 0.270485 0 0 0 0 0 0 0 0 0 0 0 0 0 0.572239 0 0 0 0 0 0 0 0.599324 0 0 0 0 0 0 0 0 0 0 0 0 0 0 0 0 0 0 0 0 0 0 0 0.42996 0 0 0 0 0 0 0 0 0 0 0 0 0 0 0 0 0 0 0.659524 0 0 0 0 0 0 0 0 0 0 0 0 0 0 0 0 0 0 0 0 0 0 0 0 0 0 0.464977 0 0 0 0 0 0 0 0.600455 0.384316 0 0 0 0.655485 0 0 0 0 0 0 0 0 0 0 0 0 0 0 0 0 0 0 0 0 0 0 0 0 0 0 0 0 0 0 0 0 0 0 0 0 0 0 0 0 0 0 0 0.423124 0 0 0 0 0 0 0 0 0.389473 0 0 0
0 0 0 0 0 0 0 0 0 0 0 0 0 0 0 0 0 0 0 0 0 0 0 0 0 0 0.669512 0 0 0 0 0.639359 0 0.577156 0 0 0 0 0 0 0 0 0 0 0 0.397967 0.540793 0 0 0 0.554087 0 0 0 0 0 0 0 0 0 0.336245 0 0 0 0 0 0 0 0 0 0 0 0 0 0.666904 0 0 0 0 0.482611 0 0 0 0 0 0 0 0 0 0 0 0 0 0 0 0 0 0 0 0 0 0 0 0 0 0 0 0 0 0 0 0 0 0 0 0 0 0 0 0 0 0 0 0.567521 0 0 0 0 0 0 0 0 0 0 0 0.312737 0 0 0 0.478098 0 0 0 0 0 0.420187 0 0 0 0 0 0 0 0 0 0 0 0 0 0 0 0 0.56781 0 0 0 0 0 0 0 0 0.341043 0 0 0 0 0 0 0 0 0.508159 0 0 0 0 0 0 0 0 0.588846 0 0 0 0 0 0 0 0 0 0
0 0 0.736949 0 0 0 0 0 0 0.551007 0 0 0 0 0 0 0 0 0 0 0 0 0 0 0.509721 0 0 0 0 0 0 0 0 0 0 0 0 0 0 0 0 0 0 0 0 0 0 0 0 0.385258 0 0 0 0 0 0 0 0 0 0.742266 0 0 0.385585 0 0 0 0 0 0 0 0 0 0 0 0 0 0 0 0 0 0 0 0 0 0 0 0 0 0 0 0 0 0 0 0 0 0 0 0 0 0 0 0 0 0 0 0 0 0 0.56301 0 0.424339 0 0 0 0 0 0 0 0 0 0 0 0 0 0 0 0 0 0 0 0 0 0 0 0 0 0 0 0 0 0 0 0 0.511246 0 0 0 0.681935 0 0 0 0 0 0 0 0 0 0 0 0 0 0 0 0 0 0 0 0 0 0 0 0.503418 0 0 0 0 0 0 0 0 0 0 0 0 0 0.374553 0 0 0 0 0 0 0 0 0 0 0 0 0
0 0 0 0 0 0 0 0 0.568237 0 0 0 0 0 0.492443 0 0 0 0 0 0 0 0 0 0 0 0 0 0 0 0 0 0 0.585336 0 0 0 0 0 0 0 0 0 0 0 0 0 0 0 0 0 0 0 0 0 0 0 0 0 0 0 0 0 0 0 0 0 0 0 0 0 0 0 0 0 0 0 0 0 0.572645 0 0 0.455294 0 0 0 0 0 0 0 0 0 0 0 0.620323 0 0 0 0 0.524339 0 0 0 0 0 0 0 0 0.582516 0 0 0 0 0 0 0 0 0 0 0 0.55985 0 0 0.56441 0 0 0 0 0 0 0 0 0 0 0 0 0 0.564365 0 0 0 0 0 0 0 0 0 0 0 0 0 0 0 0 0 0 0 0 0 0 0 0 0 0 0 0 0 0 0 0.558148 0 0 0 0 0 0.509437 0 0 0 0 0 0 0 0 0 0 0 0 0 0 0 0 0 0 0 0 0 0 0 0
0 0.649971 0 0 0 0 0 0 0 0 0 0 0 0 0 0 0 0 0 0 0 0 0 0 0 0 0 0 0 0 0 0 0 0.483006 0 0 0 0 0 0 0 0 0 0 0 0 0 0 0 0 0 0 0 0 0 0 0 0 0.485982 0 0.663596 0 0 0 0 0 0 0 0 0 0 0 0.349166 0 0 0 0 0 0 0 0 0 0 0 0 0 0 0 0.361264 0 0 0 0 0 0.510447 0 0.635156 0 0 0 0 0 0 0 0 0 0 0 0 0 0 0 0 0 0 0 0 0 0 0 0 0 0 0 0 0 0 0 0 0 0 0 0 0 0 0 0 0 0 0 0 0 0 0 0 0.407948 0 0 0 0 0 0 0 0 0 0 0 0 0 0 0 0 0 0 0.457358 0 0 0.428802 0 0 0 0 0 0 0 0 0 0 0 0 0 0 0 0 0 0 0 0 0 0 0 0.507991 0 0 0 0 0 0 0 0
0 0 0 0 0 0 0 0 0 0 0 0 0 0 0 0 0 0 0 0 0 0 0 0 0 0 0 0 0 0 0 0 0 0 0 0 0 0 0 0 0 0 0 0 0 0 0 0 0 0 0 0 0 0 0 0 0 0 0 0 0 0 0 0 0 0.580324 0 0 0 0 0 0 0 0 0 0 0 0 0 0 0 0 0 0 0 0 0 0 0 0 0 0 0 0 0 0 0 0 0 0 0 0 0 0 0 0 0 0 0 0 0 0 0 0 0 0 0 0 0 0 0 0 0 0 0 0 0 0 0 0 0 0 0 0 0 0.570103 0 0 0 0 0 0 0 0 0 0 0 0.60798 0 0 0 0 0.625653 0 0 0 0 0 0.56781 0 0 0 0 0 0 0 0 0 0 0 0 0 0 0 0 0 0 0 0 0 0 0 0 0 0 0 0 0 0 0 0 0 0 0 0 0 0 0 0 0
0 0 0 0 0 0 0 0 0 0 0.651805 0 0 0 0 0 0 0 0 0.538297 0 0 0 0.672111 0 0 0.500773 0 0.432926 0 0 0 0 0 0 0 0 0 0 0 0.568425 0 0 0 0 0 0 0 0 0 0 0 0 0 0 0 0 0 0 0.581528 0 0 0 0.412756 0 0 0.507293 0 0 0 0 0 0 0 0 0 0 0 0 0 0 0 0 0 0 0 0 0 0 0 0 0 0 0 0 0 0 0 0 0 0 0 0 0 0 0 0 0 0 0 0 0 0 0 0 0 0 0 0 0 0 0 0 0 0 0.526868 0 0 0 0 0 0.579848 0 0 0 0 0 0 0 0.353937 0 0 0 0 0 0 0 0 0 0 0 0 0 0 0 0 0 0 0 0 0 0 0 0 0 0 0 0 0.585557 0 0 0 0 0 0 0 0 0 0 0 0 0 0 0 0 0 0 0 0.469075 0 0.552901 0 0 0 0 0 0.3862 0 0 0
0 0 0 0 0 0 0 0 0 0 0 0 0 0 0.483919 0 0 0 0 0 0 0 0 0 0 0 0 0 0 0 0 0 0 0 0 0 0 0 0 0 0 0 0 0 0 0 0 0 0 0 0 0 0 0 0 0 0 0 0 0 0 0 0 0 0 0 0 0 0 0 0 0.489074 0 0 0 0 0 0 0 0 0 0 0 0 0 0 0 0 0 0 0 0 0 0.654556 0 0 0 0 0 0 0 0 0 0 0.712288 0 0 0 0 0 0 0 0 0 0 0 0 0 0 0 0 0 0 0 0 0 0 0 0 0 0 0 0 0.564794 0 0 0 0 0 0 0 0 0 0 0 0 0 0 0 0 0 0 0.593861 0 0 0 0 0 0 0 0 0.457358 0 0 0 0 0 0 0 0 0 0 0 0 0 0 0 0 0 0 0 0 0.554346 0 0 0.470823 0 0 0 0 0 0 0 0 0.614947 0 0 0 0 0
0.617823 0 0 0 0 0 0 0 0 0 0 0 0 0 0 0 0 0 0 0 0 0 0 0 0 0 0 0 0.461124 0 0 0 0 0 0 0 0 0 0 0 0 0 0 0 0 0 0 0.373831 0 0 0.509521 0.291186 0.346639 0 0 0 0 0 0 0 0 0 0 0 0 0.434577 0 0 0 0 0 0 0 0 0 0 0.471804 0 0 0 0 0.312538 0 0 0 0 0 0 0 0 0 0 0 0 0 0 0 0 0 0 0 0 0 0 0 0 0 0 0 0 0.446578 0 0 0 0 0 0 0.64192 0 0 0 0 0 0 0 0 0 0.680881 0 0.479515 0 0 0 0 0 0 0 0.525089 0 0 0 0 0 0 0 0 0 0 0.672899 0 0 0 0 0 0 0 0 0 0 0 0 0 0 0 0 0 0.626906 0 0 0 0 0 0 0 0 0 0 0 0 0 0 0 0 0 0 0 0.305589 0 0 0 0 0 0 0 0 0 0 0 0 0
0 0 0 0 0.622694 0 0 0 0 0 0 0 0.598206 0 0 0 0 0 0 0 0 0 0 0 0 0 0 0 0 0 0 0 0 0 0 0 0 0 0 0 0.576526 0.401051 0 0 0 0 0.707696 0 0 0 0 0 0.359043 0 0 0 0 0 0 0 0 0 0 0 0 0 0 0 0 0 0 0 0 0 0 0 0 0 0 0 0.508495 0 0 0 0 0 0 0 0 0 0 0 0.671374 0 0 0 0 0 0 0 0.573213 0 0 0 0 0 0 0 0 0 0 0 0 0 0 0 0 0 0 0 0.690307 0 0 0 0 0 0 0 0 0 0 0 0.628401 0.540998 0 0 0 0 0 0 0 0 0 0 0 0 0 0 0 0 0 0 0 0 0 0 0 0 0 0 0 0 0 0 0 0.626906 0 0 0 0 0 0 0.549631 0.619463 0 0 0 0 0 0 0.509415 0 0 0 0 0 0 0 0 0 0 0 0 0 0 0 0 0 0 0
0 0.700333 0 0 0.529236 0 0 0 0 0 0 0 0 0 0 0 0 0 0 0 0 0 0 0.489954 0 0 0 0 0 0 0 0 0 0 0 0 0 0 0 0.423971 0 0 0 0 0 0 0.568278 0 0 0 0 0 0 0 0 0 0 0 0 0 0 0 0 0 0 0 0 0 0 0 0 0 0 0 0 0 0 0 0.661627 0 0 0 0.431013 0 0 0 0 0 0 0 0 0 0 0 0 0 0 0 0 0.318558 0 0 0 0 0 0 0 0 0 0 0.567054 0 0 0 0 0 0 0 0 0 0 0 0 0 0 0 0 0 0 0 0 0 0 0 0 0 0 0 0 0 0 0 0 0 0 0 0 0 0 0 0 0 0 0 0 0 0 0 0 0 0 0.428802 0 0 0 0 0 0 0 0 0 0 0 0 0 0.590214 0 0 0 0 0.427409 0 0 0 0 0 0 0 0 0 0.426499 0 0 0 0 0.518841 0 0 0 0
0 0 0 0 0 0 0 0 0 0 0 0 0.40293 0 0 0.579744 0 0.56535 0 0 0 0 0 0 0 0 0 0 0 0 0 0 0.505396 0.46584 0 0 0 0 0 0 0.326172 0 0 0 0 0 0 0 0 0 0 0.689571 0 0 0 0 0 0 0 0.700818 0 0 0 0 0 0 0 0 0 0 0 0 0 0 0 0 0 0 0 0 0.60997 0 0.657622 0 0 0 0 0 0 0 0 0 0 0 0 0 0 0 0 0 0.327154 0 0 0 0 0 0.513271 0 0 0 0.409786 0 0 0 0 0 0 0.4538 0 0 0 0 0 0.429135 0 0 0 0 0 0 0 0 0 0 0 0 0 0 0 0 0 0 0 0 0 0 0 0 0 0 0 0 0 0 0 0 0 0 0 0 0 0 0 0.585557 0 0 0 0 0 0 0 0 0 0 0 0 0 0 0 0 0 0 0 0 0 0 0 0 0 0 0 0 0 0 0 0 0 0 0.519859 0
0 0 0 0 0 0 0 0 0 0 0 0 0 0 0 0 0 0 0 0 0 0 0 0 0 0 0 0 0 0 0 0 0 0 0 0 0 0 0 0 0 0 0 0.65534 0.553585 0 0.561621 0 0.501596 0 0 0 0 0 0 0 0 0 0 0 0 0 0 0 0 0 0 0 0.362671 0 0 0 0 0 0 0.658421 0 0 0 0 0 0 0 0 0 0 0 0 0 0 0 0 0 0 0 0 0 0 0 0 0 0 0 0 0 0 0.422179 0 0 0 0 0 0 0 0.500217 0.591553 0 0 0 0 0 0 0 0 0 0 0 0 0 0 0 0 0 0 0 0 0 0 0 0 0 0 0 0.395166 0 0 0 0 0 0 0 0 0 0 0 0 0 0 0 0 0.558148 0 0 0 0 0 0 0 0 0 0.489477 0 0 0 0 0 0 0 0 0 0 0 0 0 0 0 0 0 0 0 0 0 0 0 0.31654 0 0 0.40533 0 0
0 0 0 0 0 0 0 0 0 0 0 0 0 0 0 0 0 0 0 0 0 0 0 0 0 0 0 0 0 0 0 0 0.630127 0 0 0 0 0.646591 0 0 0 0 0 0 0 0 0 0 0.71361 0 0 0 0 0 0 0 0 0 0 0.602255 0 0 0 0 0 0 0 0 0 0 0 0 0 0 0 0 0 0 0 0 0 0 0 0 0 0 0 0 0 0 0 0 0 0 0 0 0 0 0 0 0 0 0 0 0 0 0.56901 0 0 0 0 0 0 0 0 0 0 0 0 0 0 0 0.627417 0 0 0 0 0 0 0 0 0 0 0 0 0 0 0 0 0 0 0 0 0 0 0 0 0 0 0 0 0 0 0 0 0 0 0 0 0 0 0 0 0 0 0 0 0 0 0.489477 0 0 0 0 0 0 0 0 0 0 0 0.62646 0 0 0 0 0 0 0.487909 0 0 0 0 0 0 0 0 0 0 0
0 0 0 0 0 0 0 0 0 0 0 0 0 0 0 0 0 0 0 0.66074 0 0 0 0 0 0 0 0 0 0 0 0 0 0 0 0 0 0 0 0 0 0 0 0 0 0 0 0 0 0 0 0 0 0 0 0 0 0 0 0 0.45728 0 0 0 0 0.557338 0 0 0 0 0 0.367123 0 0.560244 0 0 0 0 0 0 0.645183 0 0 0 0 0 0 0 0 0 0 0 0 0.522538 0 0 0 0 0 0 0 0 0.64045 0 0.447776 0 0 0 0 0 0 0 0 0 0 0 0 0 0 0 0 0.485785 0 0 0 0 0 0 0 0 0 0 0 0 0 0 0 0.649152 0 0 0 0 0 0 0 0 0 0 0 0 0 0 0 0 0 0 0 0 0.341043 0 0 0 0 0 0 0 0 0 0 0 0 0 0 0 0 0 0 0 0 0 0 0 0 0 0.522207 0 0 0 0 0 0 0 0 0 0 0 0 0 0 0
0 0 0 0.636699 0 0 0 0 0 0 0 0 0 0 0 0 0 0 0 0 0 0 0 0 0 0.403297 0 0 0 0 0 0 0 0.477495 0 0 0 0 0 0.418809 0 0 0 0 0 0 0 0 0 0 0 0 0 0 0 0 0 0 0.60873 0 0 0.330151 0 0 0 0 0 0 0 0 0 0 0 0 0 0 0 0 0 0 0 0 0 0 0 0 0 0.645463 0 0 0 0 0 0 0 0 0 0 0 0 0 0 0 0 0 0 0 0 0 0 0.4628 0 0 0 0 0 0 0 0.574743 0 0 0.351685 0 0 0 0 0 0 0 0 0 0 0 0 0 0 0 0 0.402392 0 0 0 0 0 0 0 0 0 0 0 0 0 0 0.449699 0 0 0 0 0 0.503418 0 0 0 0 0 0 0.549631 0 0 0 0 0 0 0 0 0 0 0 0 0.412347 0 0 0 0 0 0 0 0 0 0 0 0 0 0.410626 0 0.665378 0 0 0.506881 0
0 0 0 0 0 0 0 0 0 0 0 0.433011 0 0 0 0 0 0 0 0 0 0 0 0 0 0 0 0 0 0 0 0 0 0 0 0 0 0 0 0 0 0.650179 0 0 0 0 0 0 0 0 0 0 0 0 0 0 0 0 0 0 0 0 0 0 0 0 0 0 0 0 0 0 0 0 0 0 0 0 0 0 0 0 0 0 0 0 0 0 0 0 0 0 0 0 0 0 0 0 0 0 0 0.501533 0 0 0 0 0 0 0 0 0 0 0 0 0 0 0 0 0 0 0 0 0 0 0 0.609435 0 0 0 0 0 0 0 0 0 0 0 0 0 0 0 0.484962 0 0 0 0.432353 0 0 0 0 0 0 0 0 0 0 0 0 0 0 0 0 0 0 0 0 0.619463 0 0 0 0 0 0 0 0 0 0 0.589124 0 0 0 0 0 0 0 0 0 0 0 0 0 0 0 0 0 0 0 0 0 0
0 0 0 0 0 0 0 0 0 0 0 0 0 0 0 0 0 0 0 0 0 0 0 0 0 0 0 0 0 0 0 0 0 0 0 0 0 0 0 0 0 0 0 0 0 0 0 0 0 0 0 0 0 0 0 0 0 0 0 0 0 0 0 0 0.673321 0 0 0 0.412744 0 0 0 0 0 0 0.528126 0 0 0 0 0 0 0 0 0 0 0 0 0 0 0 0 0 0 0 0 0 0 0 0.435869 0 0 0 0 0 0 0 0 0 0 0 0 0 0 0 0 0 0 0 0 0.585232 0 0 0 0 0 0 0 0 0 0 0 0 0 0 0 0 0 0 0 0 0 0 0.557596 0 0 0 0 0 0.552593 0 0 0 0 0 0 0 0 0 0 0 0 0 0 0 0 0 0 0 0 0 0 0 0 0 0 0 0 0 0 0 0 0 0 0 0 0 0.561906 0.36257 0 0 0 0.352485 0 0 0 0 0 0 0
0 0 0 0 0 0.56057 0 0 0 0 0 0 0 0 0 0 0 0 0 0 0.474497 0 0 0 0 0 0 0.462359 0 0 0 0 0 0 0 0 0 0 0 0 0 0 0 0 0 0 0 0 0 0 0 0 0.547636 0 0 0 0 0 0 0 0 0 0 0 0 0 0 0 0 0 0 0 0 0 0 0 0 0.661273 0 0 0 0 0 0 0 0 0 0 0.518027 0 0 0 0.465111 0 0 0 0 0.536401 0 0 0 0 0 0 0 0 0 0 0 0 0 0 0 0 0 0 0 0 0 0 0 0 0 0 0 0 0 0 0 0.629909 0 0 0 0 0 0 0 0 0 0 0 0 0 0 0 0 0 0 0 0 0 0 0 0 0 0 0 0 0 0 0.509437 0 0 0 0 0 0 0.590214 0 0 0 0 0 0 0 0 0 0 0.362265 0 0 0 0 0 0 0 0 0 0.412519 0 0.4574 0 0 0 0 0 0 0 0 0
0 0 0 0 0 0 0 0 0 0 0 0 0 0 0 0 0 0.336206 0 0 0.381153 0 0 0 0 0 0 0 0 0 0 0 0 0 0 0 0 0 0 0 0 0 0 0 0 0 0 0 0 0 0 0 0 0 0 0 0 0 0 0 0 0 0.381723 0 0 0 0 0 0 0 0 0 0 0 0 0 0 0 0 0 0 0 0 0 0 0 0 0 0 0 0 0 0 0 0 0 0 0 0 0 0 0 0 0 0 0 0 0 0 0 0 0 0 0 0 0 0 0 0 0 0 0 0.388086 0 0 0 0 0 0 0 0 0 0 0 0 0 0 0 0 0.420711 0 0 0 0 0 0 0 0 0 0 0 0 0 0 0 0.659711 0 0 0 0 0 0 0 0 0 0 0 0 0 0 0 0 0 0 0 0 0 0 0 0 0 0 0 0.61109 0 0 0.346453 0 0 0 0 0 0 0 0 0 0 0 0 0
0 0.579933 0 0 0 0 0 0 0 0 0 0 0 0 0 0 0 0 0 0 0 0 0 0 0 0 0 0 0 0 0 0 0 0 0 0 0 0 0 0 0 0 0 0 0 0 0 0 0 0.506531 0 0 0 0 0 0 0 0 0 0 0 0 0 0 0 0 0 0 0 0 0 0 0 0 0 0 0 0 0 0 0 0 0 0 0 0 0 0 0 0 0 0 0 0 0 0 0 0 0 0 0 0 0 0 0.439876 0 0 0 0 0 0 0 0 0 0 0 0 0 0 0 0 0 0 0 0 0 0 0 0 0.448524 0 0 0 0.535212 0 0 0 0 0 0 0 0.714579 0 0 0 0 0 0 0 0 0 0 0 0 0 0 0 0 0 0 0 0 0 0 0 0 0 0 0 0 0 0 0 0.589124 0 0 0 0 0 0 0 0 0 0 0 0 0 0 0 0 0 0 0 0 0 0 0 0 0 0
0 0 0 0 0 0 0 0 0 0 0 0 0 0 0 0 0 0 0 0 0 0 0 0 0 0 0 0 0 0 0 0 0 0 0 0 0 0 0 0 0 0 0 0 0 0 0 0 0 0 0 0.555933 0 0 0 0 0 0 0 0 0 0 0.620894 0 0 0 0 0 0 0.292037 0 0 0.470955 0 0 0 0 0 0 0 0 0 0 0 0 0 0 0 0 0 0 0 0 0.47484 0 0 0 0 0 0 0 0 0 0 0 0 0 0 0 0 0 0 0 0 0 0 0 0 0 0 0 0 0 0 0 0 0 0 0 0 0 0 0 0 0 0.629138 0 0 0 0 0 0 0 0 0 0 0 0 0 0 0 0 0 0 0 0 0 0 0 0 0 0 0 0 0 0 0 0 0 0 0 0 0 0 0 0.362265 0 0 0 0 0 0.335783 0 0 0.651705 0 0 0 0 0 0 0 0 0 0 0 0 0 0 0
0 0 0 0 0 0 0 0 0 0 0 0 0 0 0 0 0 0 0 0 0 0 0 0 0 0 0 0 0 0 0 0 0 0 0 0 0 0 0 0 0 0 0 0 0 0 0 0 0 0 0 0 0 0 0 0 0 0 0 0 0.339862 0 0 0 0 0 0 0.665128 0 0 0 0 0 0 0 0 0.365829 0 0 0.542362 0 0 0 0 0 0 0 0 0 0 0 0 0 0 0 0 0 0 0.320422 0 0 0 0 0 0 0 0 0 0 0 0 0 0 0 0 0 0 0 0 0 0 0.473273 0 0 0 0 0 0 0 0 0 0 0 0 0 0 0.599901 0 0 0 0 0 0 0 0 0 0 0 0 0 0 0 0 0 0 0 0 0 0 0 0 0 0 0 0 0 0 0 0 0 0 0 0.412347 0 0 0 0 0 0 0 0 0 0 0 0 0 0 0 0 0 0 0 0.425113 0 0.665191 0 0 0 0 0
0 0 0 0 0 0 0 0 0 0 0 0 0 0 0 0 0 0 0 0 0 0 0.637079 0 0 0 0 0 0 0 0 0 0 0 0 0 0 0 0 0 0 0 0 0.630141 0.466584 0 0 0 0 0 0 0 0 0 0 0 0 0 0 0 0 0 0 0 0 0 0 0 0 0 0 0 0 0 0 0 0 0 0 0 0 0 0 0.311121 0 0 0 0 0 0 0 0 0.366459 0 0 0 0 0 0 0 0 0 0.532118 0 0 0 0 0 0 0 0 0 0 0 0 0 0 0.558235 0 0 0 0 0 0 0 0 0 0.49978 0.537256 0 0 0 0 0 0 0 0 0 0 0 0 0 0 0 0 0 0 0 0.379025 0 0 0 0 0 0 0 0 0 0.508159 0 0 0 0 0 0 0 0.509415 0.427409 0 0 0 0 0 0 0 0 0 0 0 0 0 0 0 0 0.758995 0 0 0 0 0.461581 0 0 0 0 0 0 0 0 0 0.413092
0 0 0 0 0 0 0 0 0 0 0 0.662694 0 0 0 0 0 0 0 0 0 0 0 0 0 0 0 0 0 0 0 0 0 0 0 0.569005 0 0 0 0 0.427904 0 0 0 0 0 0 0 0 0 0 0 0 0 0 0 0 0 0 0 0 0 0 0.602418 0 0 0 0 0 0.622716 0 0 0 0 0.721822 0 0 0 0 0 0 0 0 0 0 0 0.534903 0 0 0.686239 0 0 0 0 0 0.56082 0 0 0 0 0 0 0 0 0 0 0 0 0 0 0 0.580852 0.63061 0 0 0 0 0.527261 0 0 0 0 0 0.582153 0 0 0 0 0 0 0 0 0 0 0 0 0 0 0 0 0 0 0 0 0 0 0 0 0 0 0.660495 0 0 0 0 0 0.666075 0 0 0 0 0 0 0 0 0 0 0 0 0 0.62646 0 0 0 0 0 0 0 0.335783 0 0 0 0 0 0 0 0 0 0 0 0 0 0.456362 0 0 0 0.392123 0 0.633248 0
0 0.390658 0 0 0 0 0 0 0 0 0.406346 0 0 0 0 0.44445 0 0 0 0 0 0 0.446899 0 0 0 0 0.502406 0 0 0 0 0 0.620148 0 0 0 0 0 0 0 0 0 0 0 0 0 0 0 0 0 0 0 0.421015 0 0 0 0 0 0 0 0 0.638275 0 0 0 0 0 0 0 0 0 0 0 0 0 0.35607 0.618402 0 0 0 0 0 0 0 0 0 0 0 0 0 0 0 0 0 0.683205 0 0 0 0 0 0 0 0 0 0 0 0 0 0 0.456299 0 0 0 0 0 0 0 0 0 0 0 0 0 0 0 0 0 0 0 0 0 0 0 0 0 0 0 0 0.471891 0 0 0 0 0 0 0 0.499361 0 0 0.52831 0 0 0.680459 0 0.628897 0 0 0 0 0 0 0 0 0.554346 0 0 0 0 0 0 0 0 0 0 0 0 0 0 0 0 0 0 0 0 0 0 0 0 0 0 0 0 0 0.439622 0 0 0 0 0
0 0 0 0 0 0 0 0 0 0 0 0 0 0 0 0 0 0 0 0 0 0.417805 0 0 0 0 0 0 0 0 0 0 0 0 0 0 0.60052 0 0 0.391146 0 0 0 0 0 0 0 0 0 0 0 0 0 0 0 0 0 0 0 0 0 0.391435 0 0 0 0 0 0 0.341602 0 0 0 0.622536 0 0 0 0 0 0 0 0 0 0 0 0 0 0 0 0 0 0 0 0 0 0 0 0 0 0 0 0 0 0 0 0 0 0 0.368351 0 0 0 0 0 0 0 0 0 0.623743 0 0 0 0 0.723631 0 0 0 0 0 0.446152 0 0.526981 0 0 0.42385 0 0.50668 0 0 0.439771 0 0 0 0 0 0 0 0 0 0 0 0 0 0 0 0 0 0 0 0 0 0 0 0 0 0 0 0 0 0 0 0 0 0 0 0 0 0.61109 0 0 0 0 0 0 0 0 0 0 0 0 0 0 0 0 0 0 0 0 0 0 0.369781
0 0 0.700518 0.4361 0 0 0 0 0 0 0 0 0 0 0 0 0 0 0 0 0 0.599324 0 0 0 0 0 0 0.649817 0 0 0 0 0 0 0 0.612161 0 0 0 0 0 0 0 0 0 0 0 0 0 0 0 0 0 0 0.490834 0 0 0 0 0 0 0 0 0 0 0 0 0 0 0 0 0 0 0 0 0 0 0 0 0 0 0 0 0 0 0 0 0 0 0 0 0 0 0 0 0 0.533825 0 0 0.698626 0 0 0 0 0 0 0 0 0 0 0 0 0 0 0 0 0 0 0 0 0 0 0 0 0 0 0 0 0 0 0 0 0 0 0 0 0 0 0 0 0 0 0 0 0 0 0 0 0 0 0 0.41543 0 0 0 0 0 0 0 0 0 0 0 0 0 0 0 0 0 0 0.522207 0 0 0 0 0 0 0.651705 0 0.758995 0 0 0 0 0 0 0 0 0 0 0 0 0 0 0 0 0 0 0
0 0 0 0 0 0 0.452469 0 0.612312 0 0 0 0 0 0 0 0 0 0 0 0 0 0 0 0 0.512819 0 0 0 0 0 0 0 0 0 0 0 0.412221 0 0 0 0 0 0 0 0 0 0 0 0.504676 0 0.58495 0 0 0 0 0 0 0 0 0 0 0 0 0 0 0.419665 0 0 0 0.368779 0 0 0 0 0 0 0 0 0 0 0 0 0 0 0.446115 0 0 0.375476 0.539198 0.347941 0 0 0 0 0 0 0 0 0 0.522326 0 0 0 0 0 0.636186 0 0 0 0 0.573805 0 0 0 0 0 0 0 0 0 0 0 0 0.403678 0 0 0 0 0 0 0 0 0 0.449984 0 0 0.350886 0 0 0 0 0 0 0 0 0 0 0.622363 0 0 0 0 0.59641 0 0 0 0 0 0 0 0 0 0 0.470823 0 0 0 0 0 0 0 0 0 0 0 0 0 0 0 0 0 0 0 0 0 0 0 0 0 0 0 0 0 0 0 0.562895 0 0.573944 0
0 0 0.677864 0 0 0 0 0 0 0 0 0.605124 0 0 0 0 0 0 0 0 0 0 0 0 0 0 0 0 0 0 0 0 0 0 0 0 0 0 0 0 0 0 0 0 0 0 0 0 0 0 0 0 0.536584 0 0 0 0 0 0 0 0 0 0 0 0 0 0 0 0.379297 0 0 0 0 0 0 0 0 0.469616 0 0 0 0 0 0 0 0 0 0.522448 0 0 0 0 0 0 0 0 0 0 0 0 0 0 0 0 0 0 0 0 0 0 0 0 0 0 0 0.560976 0 0 0 0 0 0 0 0 0.520987 0 0.384257 0 0 0 0 0 0 0 0 0.556776 0 0 0 0 0 0 0.729722 0 0 0 0 0 0.513256 0 0 0 0 0 0 0 0 0 0 0.374553 0 0 0 0 0 0.305589 0 0 0 0 0 0 0 0 0 0 0.346453 0 0 0 0 0 0 0 0 0 0 0 0 0 0 0 0 0 0 0 0 0 0 0
0 0 0 0 0 0 0 0 0 0 0 0 0 0 0 0 0 0 0 0 0 0 0 0 0 0 0 0 0 0 0.625602 0 0.685227 0.526858 0 0 0 0 0 0 0 0.395459 0 0 0.318712 0 0 0 0 0 0 0 0 0 0 0.426789 0 0 0 0 0.481298 0 0 0 0 0 0 0 0 0 0 0 0.49787 0 0 0 0 0 0 0 0 0.418383 0 0 0 0 0 0 0 0 0 0 0 0 0 0 0 0 0 0 0.709946 0 0 0 0 0 0 0 0 0 0 0 0 0 0 0 0 0 0 0 0 0 0 0 0 0 0 0 0 0.601532 0 0 0 0 0 0 0 0 0 0 0 0 0.357608 0 0 0 0 0 0 0 0 0 0 0 0 0 0 0.423124 0 0 0 0 0 0 0 0 0 0 0 0 0 0 0 0 0.561906 0 0 0 0 0 0 0 0 0 0 0 0 0 0 0 0 0 0 0 0 0 0 0 0 0
0 0 0.420476 0 0 0 0 0 0 0.440323 0 0 0 0 0 0 0 0 0 0 0.522025 0 0 0 0 0 0 0 0 0 0 0 0 0 0 0 0 0 0 0 0 0 0 0.393148 0.622914 0 0 0 0 0 0 0 0 0 0 0 0 0 0.43707 0 0 0 0 0.533686 0 0 0 0 0 0 0 0 0 0 0 0 0 0 0 0 0 0 0 0 0 0 0 0 0 0 0 0 0 0 0 0 0 0 0 0.349292 0 0 0 0 0 0 0 0 0 0 0 0 0 0 0.280353 0 0 0 0.432247 0 0 0 0 0.566583 0 0 0 0 0 0 0 0 0 0 0 0 0.524718 0 0.370912 0 0 0 0 0 0 0 0.590793 0 0 0 0 0 0 0 0 0 0.611395 0 0 0 0 0 0 0.469075 0 0 0 0 0 0 0.487909 0 0 0 0.36257 0.412519 0 0 0 0 0 0 0 0 0 0 0 0 0 0 0 0 0 0 0 0 0 0 0 0
0 0 0 0 0 0 0 0 0 0 0 0 0 0 0.427028 0 0.526961 0 0 0 0 0.63315 0 0 0 0 0 0 0 0 0 0 0 0 0 0.34227 0 0 0 0 0 0 0 0 0 0 0 0 0 0 0 0 0 0 0 0 0 0 0 0 0 0 0 0 0 0 0 0 0 0 0 0.650988 0 0 0 0 0 0 0 0 0 0 0 0 0 0 0 0 0 0 0 0 0 0 0 0 0.68403 0 0.487189 0 0 0 0 0 0 0 0 0 0 0 0 0 0 0 0 0 0 0 0 0 0.729344 0 0 0 0 0 0.483105 0 0 0.617738 0 0 0 0 0 0.439768 0 0 0 0 0 0 0 0 0.31979 0 0 0 0 0 0 0 0 0 0 0 0 0 0.588846 0 0 0 0 0 0 0 0 0 0 0 0 0 0 0 0 0 0 0 0 0 0.461581 0 0 0 0 0 0 0 0 0 0 0 0 0 0 0 0 0 0 0
0 0 0.630638 0 0.458133 0 0 0.576118 0 0 0 0 0.542251 0 0 0 0 0 0 0 0 0 0 0 0 0 0 0 0 0 0 0 0 0 0 0 0.568645 0.665898 0 0 0 0 0 0 0 0 0 0 0 0 0 0 0 0 0 0 0 0 0 0 0 0 0 0 0 0 0 0 0 0 0 0 0 0 0 0 0 0 0 0.70128 0 0 0 0.353904 0 0 0 0 0 0 0 0 0 0.474417 0 0 0.625707 0 0 0 0 0 0 0 0 0 0 0 0 0 0 0 0 0 0 0 0 0 0 0 0 0 0 0 0 0 0 0 0 0 0 0 0 0 0 0 0 0 0 0 0 0 0 0 0.338237 0 0 0 0 0 0 0 0 0 0 0 0 0 0 0 0 0 0 0.552901 0 0 0 0.426499 0 0 0 0 0 0 0 0.4574 0 0 0 0 0 0 0 0 0 0 0 0 0 0 0 0 0 0 0 0 0 0 0 0
0 0.616206 0 0 0 0 0 0 0 0 0 0.613715 0 0 0 0 0 0 0 0 0 0 0 0 0 0 0 0 0 0 0 0 0 0 0.602205 0 0 0 0 0 0 0 0 0 0 0 0 0 0 0 0 0 0.458093 0 0 0 0 0 0 0 0 0 0 0 0 0 0 0 0.509385 0 0 0 0 0 0 0 0 0 0 0 0 0 0 0 0 0 0 0 0 0 0.517307 0 0 0 0 0 0.534554 0 0.499543 0 0 0 0 0 0.62852 0 0 0 0 0 0 0 0 0 0 0 0 0 0 0 0 0 0 0 0 0 0 0 0 0 0 0 0 0 0 0 0 0.607425 0 0 0 0 0 0 0 0 0 0 0 0.632152 0 0 0 0 0 0 0 0 0 0 0 0.507991 0 0 0 0 0 0 0 0 0 0 0 0 0 0 0 0 0 0 0 0 0 0 0 0 0 0 0 0 0 0 0 0 0 0 0 0 0 0
0 0 0 0 0.441615 0 0 0 0 0 0 0 0 0 0 0 0 0 0.481944 0 0 0 0 0 0.536294 0 0 0 0 0 0 0 0 0 0 0.586247 0 0 0 0.330383 0 0 0 0 0 0 0 0 0 0 0 0 0 0 0 0 0 0 0 0 0 0 0 0 0 0 0 0 0 0 0 0 0 0 0 0 0 0 0 0 0 0 0.398051 0 0 0 0 0 0 0 0 0 0 0 0 0 0 0 0 0 0 0 0 0 0 0 0 0 0 0 0 0 0 0 0 0 0 0 0 0 0 0 0 0 0 0.520161 0 0.330131 0 0 0 0 0 0 0 0 0 0 0 0 0 0 0 0 0 0 0 0 0 0 0 0 0 0 0.382499 0 0 0 0 0 0 0 0 0 0 0 0 0 0 0 0 0 0 0 0.352485 0 0 0 0 0.425113 0 0.456362 0 0 0 0 0 0 0 0 0 0 0 0.530564 0 0 0 0 0 0
0 0 0 0 0 0 0 0 0 0 0 0 0 0 0 0 0 0 0 0 0 0 0 0 0 0 0 0 0.347183 0 0 0 0.499532 0 0 0 0 0 0 0 0 0.568005 0 0 0 0 0 0 0 0 0 0 0 0 0 0 0 0 0 0 0 0 0 0 0.572945 0 0 0 0 0 0 0 0 0 0 0 0 0 0 0 0 0 0 0 0 0 0 0 0 0 0 0 0 0 0 0 0 0 0 0 0.702418 0 0 0 0 0 0 0 0 0 0 0 0 0 0 0 0 0 0 0 0 0 0 0 0 0 0.478062 0 0 0 0 0 0 0 0 0.319142 0 0 0 0 0 0 0.447423 0 0.453512 0 0 0 0 0 0 0 0 0 0 0.568074 0 0 0 0 0 0 0 0 0 0 0 0 0 0 0 0 0.410626 0 0 0 0 0 0 0 0 0 0 0 0 0 0 0 0 0 0 0 0.530564 0 0 0 0 0 0 0
0 0 0 0 0 0 0 0 0 0 0 0.431712 0 0 0 0 0 0 0 0 0 0 0 0 0 0 0 0 0 0 0 0 0 0 0 0 0 0 0 0 0 0 0 0 0 0 0 0 0 0 0 0 0 0 0 0 0 0 0 0 0 0 0 0 0 0 0 0 0 0 0 0 0 0 0 0 0 0 0 0 0 0 0 0 0 0 0 0 0 0 0 0 0 0 0 0 0 0 0 0 0 0 0 0 0 0 0 0.375455 0 0 0 0 0 0 0 0 0 0 0 0 0 0 0 0 0 0 0 0 0 0 0 0 0 0 0 0 0 0 0 0 0 0 0 0.558276 0 0 0 0 0 0 0 0 0 0 0 0 0 0 0 0 0 0 0 0 0.614947 0 0 0 0 0.31654 0 0 0 0 0 0 0 0 0 0.665191 0 0 0.439622 0 0 0 0 0 0 0 0 0 0 0 0 0 0 0 0 0.43693
0.492306 0 0 0 0 0 0 0 0.602263 0 0 0 0.525325 0 0 0 0 0 0 0 0 0 0 0 0 0 0 0 0 0 0 0 0 0 0 0 0.55495 0 0 0 0 0 0 0 0.522071 0 0 0 0 0 0 0 0 0 0.520189 0 0 0 0 0 0 0 0 0 0 0 0 0.481576 0.499555 0 0 0 0 0 0 0 0 0 0 0 0.500919 0 0 0 0 0 0 0 0 0 0 0 0 0 0 0 0 0 0 0 0 0 0.683299 0 0 0 0 0.616264 0 0 0 0 0 0 0 0 0 0 0 0 0 0 0 0 0 0 0 0 0 0 0 0 0 0 0 0 0 0 0 0 0 0 0 0 0 0 0 0.585608 0 0 0 0.387973 0 0 0 0 0 0 0 0 0 0 0 0 0 0 0 0.518841 0 0 0 0 0.665378 0 0 0 0 0 0 0 0 0 0 0 0 0 0 0 0 0 0 0 0 0 0 0 0 0 0 0
0 0 0 0 0 0 0 0 0 0 0 0 0 0 0 0 0 0 0 0 0 0 0 0 0 0 0 0 0 0 0 0 0 0 0 0 0 0 0 0 0 0 0 0 0 0 0 0 0 0 0 0 0 0 0 0 0 0 0 0 0 0 0 0 0 0 0 0 0 0 0.740161 0 0 0 0 0 0 0 0 0 0 0 0 0 0 0 0 0 0 0 0 0 0 0 0 0 0 0 0 0 0 0 0 0 0 0.413379 0 0 0 0 0 0 0 0 0 0 0 0 0 0 0 0 0 0 0 0 0 0 0 0 0 0 0 0 0 0 0 0 0 0 0 0 0 0 0 0 0 0.647143 0 0 0 0 0 0.569352 0 0 0 0.389473 0 0 0 0 0 0.3862 0 0 0 0 0 0 0 0 0 0 0 0 0 0 0 0 0 0.392123 0 0 0 0.562895 0 0 0 0 0 0 0 0 0 0 0 0.417714 0.386243 0.424782
0 0 0 0 0 0 0 0 0 0 0 0 0 0 0 0 0 0 0 0 0 0.490527 0 0 0 0 0 0 0 0 0 0 0 0 0 0 0 0 0 0 0 0 0 0 0 0 0 0 0 0 0 0 0 0 0 0 0 0 0 0 0 0 0 0 0 0 0 0 0 0 0 0 0 0 0 0 0 0 0 0.57148 0 0 0 0 0 0 0 0 0 0 0 0 0 0 0 0 0 0 0 0 0 0 0 0 0 0 0 0 0 0 0 0 0 0 0 0 0 0 0 0 0 0 0 0 0 0 0 0 0.386372 0 0 0 0 0 0 0 0 0 0 0 0 0 0 0 0 0 0 0 0 0 0 0 0 0 0 0 0 0 0 0 0 0 0 0 0 0 0 0 0 0.40533 0 0 0 0 0 0 0 0 0 0 0 0 0 0 0 0 0 0 0 0 0 0 0 0 0 0 0.417714 0 0 0
0 0 0 0 0 0 0 0 0 0 0 0 0 0 0 0 0 0 0 0 0 0 0.350872 0 0 0 0 0.587932 0 0 0 0 0 0 0 0 0 0 0 0 0 0 0 0 0 0 0 0 0 0 0 0 0 0 0 0 0 0 0 0 0 0 0 0 0 0 0 0 0 0 0 0 0 0 0 0 0 0 0 0 0 0 0 0 0 0 0 0.595451 0 0 0 0 0 0 0 0 0 0 0 0 0.333488 0 0 0 0 0 0 0 0 0 0 0 0 0 0 0 0 0 0 0 0 0 0 0 0 0 0 0 0 0 0 0 0 0 0 0 0 0 0 0 0 0 0 0 0 0 0 0 0 0 0 0 0 0.475086 0 0 0 0 0 0 0 0 0 0 0 0 0 0 0.519859 0 0 0 0.506881 0 0 0 0 0 0 0 0 0.633248 0 0 0 0.573944 0 0 0 0 0 0 0 0 0 0 0.386243 0 0 0
0.561017 0 0 0 0 0 0.495684 0 0 0 0 0 0 0 0 0 0 0 0 0 0 0 0 0 0 0 0 0 0 0 0 0 0 0 0 0.495541 0 0 0 0 0 0 0 0 0 0 0 0 0 0 0 0 0 0 0 0 0.652715 0 0 0.5115 0 0 0 0 0 0 0 0 0 0 0 0 0 0 0 0 0 0 0 0 0.521743 0 0 0 0 0 0 0 0 0 0 0 0 0 0 0 0 0 0 0 0 0 0 0 0 0 0 0 0 0 0 0 0.673619 0 0 0 0 0 0 0 0 0 0 0 0 0 0 0 0.496588 0 0.373882 0 0 0 0 0 0 0 0 0 0 0 0 0 0 0 0 0 0 0 0 0 0 0 0.394145 0 0 0 0 0 0 0 0 0 0 0 0 0 0 0 0 0 0 0 0 0 0 0 0 0 0.413092 0 0 0.369781 0 0 0 0 0 0 0 0 0 0 0.43693 0 0.424782 0 0 0
