200
0 0.455559 0 0 0.318267 0 0 0 0 0 0 0.682369 0.635811 0 0 0 0 0 0.352961 0 0 0 0 0 0 0 0 0 0 0 0 0 0 0 0 0 0 0 0 0 0 0 0 0.412718 0 0 0 0 0.442727 0 0 0 0 0 0 0 0 0 0 0 0 0 0 0 0 0 0 0 0 0 0 0 0 0 0 0 0 0 0 0 0 0 0 0 0 0 0 0 0 0 0 0 0 0 0 0 0 0 0 0 0 0 0 0.488506 0 0 0.478952 0 0 0 0 0 0 0 0 0 0 0 0 0 0 0 0 0 0 0 0 0 0.501277 0 0 0 0 0 0 0 0 0 0 0 0 0 0 0 0 0 0 0.369767 0 0 0 0 0 0 0 0 0 0.521854 0 0 0 0 0 0 0 0.687565 0 0 0 0 0 0 0 0 0 0 0 0 0 0 0 0 0 0 0 0 0 0 0 0 0 0 0 0 0 0.517994 0 0 0 0.558801
0.455559 0 0 0 0 0 0.485237 0 0 0 0 0 0 0.462678 0 0 0 0 0 0 0 0 0 0 0.443192 0 0 0 0 0 0 0 0 0 0 0 0 0 0 0 0 0 0 0 0 0 0 0 0 0 0 0 0 0 0 0 0 0 0 0.686109 0 0 0 0 0 0 0 0 0 0 0 0 0 0 0 0 0 0 0 0 0 0 0 0 0 0 0 0 0 0 0 0 0 0 0 0 0 0 0 0 0 0 0 0 0 0 0 0 0 0 0 0 0 0 0 0 0 0 0 0.391885 0.413327 0 0 0.562518 0 0 0.466943 0 0 0 0 0 0 0 0 0 0 0 0 0 0 0 0 0.433479 0 0 0 0 0 0 0 0 0 0 0.42106 0 0 0 0 0 0 0.65739 0 0 0 0 0 0.719847 0 0 0 0 0 0 0 0 0 0.524028 0 0 0 0 0.346299 0 0 0 0 0 0 0 0 0.681095 0 0 0 0 0 0 0 0
0 0 0 0 0 0 0 0 0 0 0.648569 0 0 0 0 0 0 0 0 0 0 0 0 0 0 0 0 0 0 0 0 0 0 0 0 0 0 0 0 0 0 0 0 0 0 0 0 0 0 0 0 0 0 0 0 0 0 0 0 0 0 0 0 0 0 0.407182 0 0 0 0 0 0 0 0.265723 0 0 0 0 0 0 0 0 0 0 0 0 0 0 0 0 0 0 0 0 0 0 0 0 0 0 0 0 0 0 0 0 0 0 0 0 0 0.546873 0 0 0 0 0 0 0 0 0 0 0 0 0 0 0 0 0 0 0 0 0 0 0 0 0 0 0 0 0 0 0 0.558243 0 0 0 0 0 0 0 0 0 0 0 0 0 0 0 0.596596 0 0 0 0 0 0 0 0 0 0 0 0 0 0 0 0 0 0 0 0 0 0 0 0 0.677732 0 0.54884 0 0.362278 0 0.608645 0 0 0 0 0 0 0 0 0
0 0 0 0 0 0 0 0 0 0.567121 0.641446 0 0 0 0 0 0 0 0 0 0 0 0 0 0 0 0 0 0 0 0 0 0 0 0 0 0 0 0 0 0 0 0 0 0 0 0 0 0 0 0 0 0 0 0 0 0 0 0 0 0 0 0 0.451232 0 0 0 0 0 0 0 0 0 0 0 0 0 0 0 0 0 0 0 0 0 0 0 0 0 0 0 0.489784 0 0 0 0 0 0 0 0 0 0 0 0 0 0 0 0 0 0 0 0 0 0 0 0.488222 0.390698 0 0 0 0 0 0 0 0 0 0 0 0 0 0 0 0 0 0 0 0 0 0 0 0 0 0 0 0 0 0 0 0 0 0 0.543188 0 0 0 0.537425 0 0 0 0 0 0 0 0 0 0 0 0 0 0 0 0 0.536515 0 0 0 0 0 0 0 0 0 0 0 0.488195 0 0 0 0 0 0 0 0 0 0 0 0 0 0 0
0.318267 0 0 0 0 0 0 0 0 0 0 0 0 0 0 0 0 0 0 0 0.583696 0 0 0 0 0 0 0 0 0 0 0.565271 0 0 0 0.543075 0 0 0 0 0 0 0 0 0 0 0 0.416136 0 0 0 0 0 0 0 0 0 0 0 0 0 0 0 0 0 0 0.545719 0 0.713424 0 0 0 0 0 0 0 0 0.41761 0 0 0 0 0 0 0 0 0 0 0 0 0 0 0 0 0 0 0 0 0 0 0.333978 0 0 0 0 0 0 0 0.569983 0 0 0 0 0.56132 0 0 0 0 0 0 0 0 0 0.664578 0 0 0 0 0 0 0 0 0 0 0.565251 0 0 0 0 0 0 0 0 0 0 0 0 0 0 0.622894 0.611763 0.409309 0 0 0 0 0 0 0 0 0 0 0 0 0 0 0.688414 0.488577 0 0 0 0 0 0 0 0 0 0 0 0 0 0 0 0 0 0 0 0 0 0 0.39169 0 0.396558 0 0 0 0 0 0 0
0 0 0 0 0 0 0 0 0 0 0 0 0 0 0 0 0 0 0 0 0.5262 0 0 0 0 0 0 0 0 0 0 0 0 0 0 0 0.637182 0 0 0 0 0 0 0 0.501298 0 0 0 0 0 0 0 0 0 0 0 0 0 0 0.627122 0 0 0 0 0 0 0 0.472102 0 0 0 0 0 0 0 0 0 0 0 0 0.604245 0 0 0 0 0 0 0 0 0 0 0 0 0 0 0 0.386532 0 0 0 0 0 0 0 0 0.574298 0 0.574121 0 0 0 0 0 0 0 0 0 0 0 0 0 0 0 0 0 0 0 0 0.402554 0 0 0.677628 0 0 0 0 0 0 0 0 0 0 0 0 0 0 0 0 0 0 0 0 0 0 0 0 0 0 0 0 0 0 0 0 0 0 0 0 0 0 0 0 0 0 0 0.631719 0 0 0 0 0 0 0 0 0 0 0 0 0 0 0 0 0 0 0 0 0 0 0 0
0 0.485237 0 0 0 0 0 0.388368 0 0 0 0 0 0 0 0 0 0 0.648586 0 0 0 0 0 0 0 0 0 0 0 0 0 0.400319 0 0 0 0 0 0 0 0.455857 0.442738 0 0 0 0 0.479221 0 0 0 0 0 0 0 0 0 0 0 0 0 0 0 0 0 0 0 0 0 0 0 0 0 0 0 0 0 0.546082 0 0 0 0 0 0 0 0 0 0 0 0.437729 0 0 0.384697 0 0 0 0 0 0 0 0 0 0 0 0 0 0 0 0 0 0 0 0 0 0 0 0 0 0 0 0 0.705371 0 0.318889 0 0 0 0.497722 0 0 0 0 0 0 0 0.552976 0 0 0 0 0 0 0 0 0 0 0 0 0 0 0 0 0 0 0.572223 0 0 0 0 0 0 0 0 0 0 0 0 0 0 0 0 0 0 0 0 0 0 0 0 0 0 0 0 0 0 0 0.507003 0 0 0 0 0 0 0 0 0 0 0 0 0 0.488783
0 0 0 0 0 0 0.388368 0 0 0 0 0 0 0 0 0 0 0 0 0 0 0 0 0 0 0 0 0 0 0 0 0 0 0 0 0.569736 0 0 0 0 0 0 0 0 0 0 0 0 0 0 0 0 0 0 0 0 0 0 0.380706 0 0.500083 0 0 0 0 0 0 0 0 0 0 0 0 0 0 0 0 0 0 0 0.357135 0 0 0 0 0 0 0 0 0 0 0 0 0 0.584603 0 0 0 0 0 0 0 0 0 0 0 0 0 0 0 0 0 0 0 0 0 0 0 0 0 0 0 0 0 0 0 0 0 0 0.491102 0 0 0 0 0 0 0 0 0.627597 0 0 0 0 0 0 0 0 0 0 0 0 0 0 0 0.482414 0 0 0 0 0 0 0 0 0 0 0 0 0 0 0 0 0 0 0 0 0 0 0 0 0 0 0 0 0 0 0 0 0 0 0 0.520075 0 0 0 0 0 0 0 0 0
0 0 0 0 0 0 0 0 0 0 0 0 0.559839 0 0.624823 0 0 0 0 0 0 0 0 0 0 0 0 0 0 0 0 0 0.531714 0 0 0 0 0 0 0 0 0 0 0 0 0 0 0 0 0 0 0 0 0 0 0 0 0 0 0 0 0 0 0 0 0 0 0.516339 0.555343 0 0 0 0 0 0 0 0.562595 0 0 0 0 0 0 0 0 0 0 0 0 0.614797 0 0 0 0 0 0 0 0 0.449458 0 0 0 0 0 0 0 0 0 0 0 0 0 0 0 0 0 0 0 0 0 0 0 0 0 0 0 0 0 0 0 0 0 0 0 0 0 0 0 0 0 0 0 0 0 0 0 0 0 0 0 0 0 0 0 0 0 0 0 0 0 0.524253 0 0 0 0 0 0 0 0 0 0 0 0 0 0 0 0 0 0 0 0 0 0 0 0 0.669858 0 0 0 0 0 0 0 0 0 0.586098 0 0 0 0
0 0 0 0.567121 0 0 0 0 0 0 0 0 0 0 0 0 0 0 0 0 0 0 0 0 0 0 0.546966 0 0 0 0 0 0 0 0 0 0 0 0 0 0 0 0 0 0 0 0 0 0 0 0 0 0 0 0 0 0 0 0 0 0 0 0 0 0 0 0 0 0 0 0 0 0 0 0 0 0 0 0 0 0 0 0 0 0 0 0 0 0 0 0.441267 0 0 0 0 0 0 0 0 0 0 0 0 0 0 0 0 0.554175 0 0 0 0 0 0 0 0.680513 0 0 0 0 0 0 0 0 0.653271 0 0 0 0 0 0 0 0 0 0 0.62666 0 0 0 0 0 0 0 0 0 0 0 0 0 0.473947 0 0 0 0 0.432568 0 0 0 0 0.584594 0 0 0 0 0 0 0 0 0 0 0 0 0 0 0 0 0 0 0 0 0 0 0 0 0 0 0 0 0.371945 0 0 0 0 0 0 0 0 0 0 0
0 0 0.648569 0.641446 0 0 0 0 0 0 0 0 0 0 0 0 0 0 0 0 0 0 0 0 0 0 0 0 0 0 0 0 0 0 0.606701 0.442379 0 0 0.693801 0.603544 0 0 0.510519 0.602884 0 0 0 0 0 0 0.631446 0 0 0 0 0 0.628335 0 0 0 0.645398 0.609654 0 0 0 0 0 0 0 0 0 0 0 0 0 0 0 0 0 0 0 0 0 0 0.642594 0 0 0 0 0.371137 0 0 0 0 0 0 0 0 0.596533 0 0 0 0 0 0 0 0 0 0 0 0 0 0 0 0 0 0 0 0.420299 0 0 0 0 0 0 0 0 0 0 0.633278 0 0 0 0 0 0 0 0 0 0 0 0 0 0 0 0.574397 0 0 0 0.408733 0 0 0.388064 0 0 0 0 0 0 0 0 0 0 0.662299 0 0 0 0 0 0 0 0 0 0 0 0 0 0 0 0 0 0 0.405842 0 0 0 0 0 0 0 0 0 0 0 0 0 0 0 0 0
0.682369 0 0 0 0 0 0 0 0 0 0 0 0 0 0 0 0 0 0 0 0 0 0 0 0 0 0 0 0 0 0 0 0 0 0 0 0 0.435082 0 0 0 0 0 0.693816 0 0 0 0 0 0 0 0 0 0 0 0 0 0 0 0 0.664776 0 0 0 0.711889 0 0 0 0 0 0 0 0 0 0 0 0 0 0 0.634574 0 0 0 0 0 0 0 0 0 0 0 0 0 0 0.566959 0 0 0 0 0 0 0 0 0.412842 0 0 0 0 0 0 0 0 0 0 0.574871 0 0 0 0 0 0 0 0.32759 0 0 0 0 0.558675 0 0 0 0 0 0 0 0 0 0 0 0 0 0 0 0.416359 0 0 0 0 0 0 0 0 0 0 0 0 0 0 0 0 0 0 0 0 0 0 0 0 0 0 0 0 0 0.363915 0 0 0 0 0 0 0 0.64787 0 0 0 0 0.570734 0 0 0 0 0.564341 0 0 0.495471 0 0 0 0 0
0.635811 0 0 0 0 0 0 0 0.559839 0 0 0 0 0 0 0 0 0 0 0 0 0 0 0 0 0 0 0 0 0 0 0 0 0 0 0 0 0 0 0 0 0 0 0 0 0 0 0 0.353943 0 0 0 0.402515 0 0 0 0 0 0 0 0 0 0 0 0 0 0 0 0 0 0 0 0 0 0 0 0 0.639833 0 0 0 0 0 0 0 0 0 0 0 0 0 0 0 0 0 0 0 0 0 0 0 0 0 0 0 0 0 0 0 0 0.587328 0.478416 0 0 0 0 0 0 0 0 0 0.34563 0 0 0 0 0.43535 0 0 0 0 0 0 0 0 0 0 0 0 0 0 0 0 0 0 0 0 0 0 0 0 0 0 0 0 0 0 0 0 0 0 0 0 0 0 0 0.53463 0 0.48869 0 0 0 0 0 0 0 0 0 0 0 0 0 0 0 0 0 0 0 0 0 0.557258 0 0 0 0 0.543835 0 0 0 0
0 0.462678 0 0 0 0 0 0 0 0 0 0 0 0 0 0 0 0 0 0 0.446595 0 0.481764 0 0 0 0 0 0 0 0 0 0 0 0 0 0 0 0 0 0 0.514628 0 0 0 0 0 0 0 0.492792 0 0 0 0 0 0 0 0 0 0 0 0 0 0 0.646255 0 0.508497 0 0 0 0 0 0.3309 0 0 0 0 0 0 0 0 0 0 0 0 0 0 0 0 0 0 0 0 0 0 0 0 0 0.418653 0 0 0 0 0 0 0 0 0 0 0 0.427913 0 0 0 0 0 0 0 0 0 0 0 0 0 0 0 0 0 0 0 0 0 0 0 0 0 0 0 0 0 0 0.70532 0 0 0.649305 0 0 0 0.575201 0.651614 0 0 0 0 0 0 0 0 0 0 0 0 0 0 0 0 0 0 0 0 0 0 0 0 0 0 0 0 0 0 0 0 0 0 0 0 0 0 0 0 0 0 0 0 0 0 0 0 0 0
0 0 0 0 0 0 0 0 0.624823 0 0 0 0 0 0 0 0 0.45385 0 0 0 0 0 0 0 0 0 0 0 0 0 0 0 0 0 0 0 0 0 0.447719 0 0 0 0 0 0.38942 0 0 0 0 0 0 0 0 0 0 0 0 0 0 0 0 0 0.35861 0 0 0 0 0 0 0 0 0.36332 0 0 0 0 0 0 0 0.480795 0 0 0 0 0 0 0 0 0 0 0 0 0 0 0 0 0 0 0 0 0 0.622198 0 0 0 0 0 0 0 0 0 0 0 0 0 0 0.340126 0 0 0 0 0 0 0 0.550037 0.523765 0 0 0 0 0 0 0 0 0 0 0 0 0 0 0 0 0 0 0 0 0 0 0.604531 0 0 0 0 0 0 0 0 0 0 0.468877 0 0 0 0.536091 0 0 0 0 0 0 0 0 0 0 0 0 0 0 0 0 0 0 0 0 0 0 0 0 0.418962 0 0 0 0 0 0 0 0 0 0
0 0 0 0 0 0 0 0 0 0 0 0 0 0 0 0 0 0 0 0 0 0 0 0 0 0 0 0 0 0 0 0 0 0 0 0 0 0 0.433001 0 0 0 0.608261 0 0 0 0 0 0 0 0 0 0 0 0 0 0 0 0 0 0 0 0 0 0 0 0 0 0.627831 0 0 0 0 0 0 0 0.580982 0 0 0 0 0 0 0 0.641331 0 0 0 0 0 0 0 0.579356 0 0 0 0 0.711213 0 0 0 0 0 0 0 0 0 0 0 0 0 0 0 0 0 0 0.306437 0 0 0 0 0 0 0 0 0 0 0 0 0 0 0 0 0 0 0 0 0 0.44638 0 0 0 0 0 0 0 0 0 0 0.463266 0 0 0 0 0 0 0 0 0 0 0 0 0 0 0 0 0 0 0.556137 0 0 0 0 0 0 0 0 0 0 0 0 0 0.415029 0 0 0 0 0 0 0 0 0 0 0 0 0 0 0 0 0
0 0 0 0 0 0 0 0 0 0 0 0 0 0 0 0 0 0 0 0 0 0 0 0 0 0 0 0 0.574203 0 0 0 0.484076 0 0.388727 0 0 0 0 0 0 0 0.408052 0 0 0 0 0 0 0 0 0 0 0 0 0 0.72402 0 0 0 0 0 0 0.607182 0 0 0 0 0 0 0 0 0 0.522567 0.680586 0 0 0 0 0 0 0 0 0 0 0 0 0 0 0 0 0.461447 0 0 0 0 0 0 0 0 0 0 0 0 0 0 0 0 0.645062 0 0 0 0 0 0 0 0 0 0 0 0 0 0 0 0 0 0 0 0 0 0 0 0 0 0 0 0 0 0 0 0 0 0 0.572163 0 0 0 0 0 0 0 0 0 0 0.667132 0 0 0 0 0 0 0 0 0 0 0 0 0 0 0 0 0 0 0 0 0 0 0 0 0 0 0 0 0 0 0 0 0 0 0.515036 0 0 0 0 0 0 0 0 0 0
0 0 0 0 0 0 0 0 0 0 0 0 0 0 0.45385 0 0 0 0 0 0 0 0.613048 0 0.399113 0 0 0 0 0.569527 0 0 0 0 0 0 0 0 0 0 0 0 0 0 0 0 0.47481 0 0 0 0 0 0.643913 0 0 0 0 0 0 0 0.507195 0.40238 0 0.539549 0.433981 0 0 0 0 0 0 0 0 0 0 0 0 0 0 0 0 0 0 0 0 0 0 0 0.376361 0.30505 0 0 0 0 0 0 0 0 0 0 0 0 0 0.728984 0 0 0 0 0 0 0 0.374108 0 0 0 0 0 0 0 0 0 0 0 0 0 0 0 0 0 0 0 0 0 0 0 0 0 0 0 0 0 0 0 0 0 0 0 0 0 0 0 0 0 0 0.500929 0 0 0 0 0 0 0 0 0 0 0 0 0 0.572781 0 0 0 0 0 0 0 0.276942 0 0 0 0 0 0 0 0 0 0 0 0 0 0 0 0 0 0 0 0 0 0 0
0.352961 0 0 0 0 0 0.648586 0 0 0 0 0 0 0 0 0 0 0 0 0 0 0 0 0 0 0 0 0 0 0 0 0 0 0 0 0 0 0 0 0 0 0 0 0 0 0 0 0.416058 0 0 0 0 0 0 0 0 0 0 0 0 0 0 0 0 0 0 0 0 0 0 0 0 0 0 0 0 0 0 0 0 0 0 0.572917 0 0 0 0 0 0 0 0 0 0 0 0 0 0 0 0 0 0 0.323238 0 0.380805 0 0 0 0 0 0.528161 0 0 0 0 0 0 0 0.393114 0 0.491378 0 0 0 0 0 0 0 0 0 0 0 0 0 0 0 0 0 0 0 0 0 0 0 0 0 0 0 0 0.441338 0 0 0 0 0.501887 0 0 0 0 0 0 0 0 0 0 0 0 0 0 0 0 0 0 0 0 0 0 0 0 0 0 0 0 0 0 0 0 0 0 0 0 0 0 0.44915 0 0 0 0 0 0 0
0 0 0 0 0 0 0 0 0 0 0 0 0 0 0 0 0 0 0 0 0 0 0 0 0 0 0 0 0 0 0 0 0 0 0 0 0 0 0 0 0.346424 0 0 0 0 0.580668 0 0 0 0 0 0 0 0 0 0 0 0 0 0 0 0 0 0 0 0 0 0 0 0 0 0 0 0.648974 0 0 0 0 0 0 0 0 0 0 0.408658 0 0 0 0 0 0 0 0.562842 0 0 0 0 0 0 0 0.597488 0 0 0 0 0 0 0 0 0 0 0 0 0 0 0.605475 0 0.51824 0 0 0 0 0 0 0 0 0 0 0 0 0 0 0 0 0 0 0 0 0 0 0 0 0 0 0 0 0 0 0 0 0 0 0.65333 0 0 0 0 0 0 0 0 0 0 0.577577 0 0 0 0 0 0 0 0.650342 0 0 0 0 0 0 0 0 0 0 0 0 0 0 0 0 0 0 0 0 0 0 0 0 0 0 0 0
0 0 0 0 0.583696 0.5262 0 0 0 0 0 0 0 0.446595 0 0 0 0 0 0 0 0 0 0 0 0 0 0 0 0 0 0 0 0 0 0 0 0 0 0 0 0 0 0 0 0 0 0 0 0 0 0 0 0 0 0.553294 0 0 0 0 0 0 0 0 0 0 0 0 0 0 0.567559 0 0.38771 0 0 0 0 0 0 0 0 0 0 0 0 0 0 0 0 0 0 0 0 0 0 0 0 0 0 0 0 0 0 0 0 0 0 0 0 0 0 0 0 0 0 0 0 0.619698 0 0 0 0.371535 0 0 0 0 0 0 0 0 0 0 0 0 0 0 0 0 0 0 0 0 0 0 0 0.408227 0 0 0 0 0 0 0 0 0.656226 0 0 0 0 0 0 0 0 0 0 0 0 0 0 0 0 0 0 0 0 0.526715 0.362529 0 0 0 0 0 0 0 0 0 0 0 0.546991 0 0 0 0 0 0 0 0 0 0 0
0 0 0 0 0 0 0 0 0 0 0 0 0 0 0 0 0 0 0 0 0 0 0 0 0 0 0 0 0 0 0 0 0 0 0 0 0 0 0 0 0 0 0 0 0 0 0.561384 0 0 0 0 0 0 0 0 0 0 0 0 0 0 0 0 0 0 0 0 0.679961 0 0 0 0 0 0 0 0 0 0 0 0 0 0 0 0 0 0 0 0 0 0 0 0 0 0 0 0 0 0 0 0 0 0 0 0 0 0 0 0 0 0 0 0 0 0 0 0 0.459193 0 0 0.32072 0 0 0 0 0 0 0 0 0 0 0 0 0 0 0 0 0 0 0 0 0 0 0 0 0 0.37595 0 0 0 0 0 0 0 0 0 0 0 0 0 0 0 0 0 0 0 0 0 0 0 0 0 0 0 0 0 0 0 0 0 0 0 0 0 0.358495 0.615306 0 0 0 0 0.651112 0 0 0 0 0 0 0 0.50413 0 0
0 0 0 0 0 0 0 0 0 0 0 0 0 0.481764 0 0 0 0.613048 0 0 0 0 0 0 0 0 0 0 0 0 0 0 0 0 0 0.55183 0 0 0 0 0 0 0 0 0.56023 0.53072 0 0 0 0 0 0 0 0 0 0 0 0 0 0 0 0 0.337256 0 0 0 0 0 0 0 0 0 0 0 0 0 0 0 0 0 0 0 0 0 0 0 0 0 0 0 0 0 0.424078 0 0 0 0 0 0 0 0 0 0 0 0 0 0 0 0 0 0 0 0 0 0 0 0 0 0 0 0 0 0.706203 0 0 0 0 0 0 0 0 0 0 0 0 0 0 0 0 0 0 0 0.390071 0 0.540913 0 0 0 0.440663 0 0 0 0 0 0 0 0 0.642788 0 0 0 0 0 0 0 0 0 0 0 0 0 0 0 0 0 0 0 0 0 0 0.505926 0 0.474231 0 0 0 0 0 0 0 0 0 0 0 0 0 0 0 0.424395 0
0 0 0 0 0 0 0 0 0 0 0 0 0 0 0 0 0 0 0 0 0 0 0 0 0.443582 0 0 0 0 0 0 0 0 0 0 0 0 0.394026 0 0 0 0 0 0 0 0 0 0 0 0 0 0.625561 0 0 0 0 0 0 0 0 0.654717 0.366764 0 0.387499 0 0 0 0 0 0 0 0 0 0 0 0 0 0 0 0 0 0 0 0 0 0 0 0 0 0 0 0 0 0 0 0 0 0 0 0 0 0 0 0 0 0 0 0 0 0 0 0 0 0 0 0 0 0 0.66194 0 0 0 0 0 0 0.629918 0.427635 0 0 0 0 0 0 0 0 0 0.47672 0 0 0 0 0 0.634305 0 0 0 0 0 0 0.609803 0 0 0 0 0 0 0 0 0 0 0 0 0 0.728105 0 0 0 0.461246 0 0 0 0 0 0 0 0 0 0 0 0 0 0 0 0 0 0 0 0 0 0 0 0 0 0 0 0 0 0 0 0
0 0.443192 0 0 0 0 0 0 0 0 0 0 0 0 0 0 0 0.399113 0 0 0 0 0 0.443582 0 0.532845 0 0 0 0 0 0.531886 0 0 0.55398 0 0 0 0 0 0 0.447448 0 0 0 0 0 0 0 0 0 0 0 0 0 0 0 0 0 0.599396 0 0 0 0 0 0.480757 0 0 0 0.263223 0 0 0 0 0 0 0 0 0 0 0 0 0.528626 0 0 0 0 0 0 0 0 0 0 0 0 0 0 0 0 0 0 0 0.746324 0 0 0 0 0 0 0 0 0.619169 0 0 0 0 0 0 0 0 0 0 0 0 0 0 0 0 0 0 0 0 0 0 0 0.497042 0 0 0 0 0 0 0 0.536156 0 0 0 0 0 0 0 0 0 0 0 0 0 0.510165 0 0.521073 0 0 0 0 0 0 0 0 0 0 0 0 0 0 0 0 0 0 0 0 0 0 0 0 0 0 0 0 0 0 0 0 0.475591 0 0 0 0 0 0 0
0 0 0 0 0 0 0 0 0 0 0 0 0 0 0 0 0 0 0 0 0 0 0 0 0.532845 0 0 0 0 0 0 0.508943 0 0 0 0 0 0 0 0 0 0 0 0 0 0.613394 0.556859 0 0 0 0 0 0 0 0 0.307174 0.612807 0 0 0.449111 0 0 0 0 0 0 0 0 0 0 0.552241 0 0 0 0 0 0 0 0 0 0 0 0 0 0 0 0 0 0 0 0.580305 0 0 0 0 0 0 0 0 0 0 0 0 0.687006 0 0 0 0.441019 0 0 0 0 0 0 0 0 0.699125 0 0 0 0 0 0 0 0 0 0 0 0 0 0 0 0 0 0 0 0 0 0.496597 0 0 0 0 0 0 0 0 0 0.720407 0.599471 0 0 0 0.410167 0 0.403852 0.551288 0 0 0 0 0 0 0 0 0 0 0 0 0 0 0 0.447924 0 0 0 0 0 0 0 0 0 0 0 0 0.51475 0 0 0 0 0 0 0 0 0 0 0 0 0 0
0 0 0 0 0 0 0 0 0 0.546966 0 0 0 0 0 0 0 0 0 0 0 0 0 0 0 0 0 0 0 0 0 0 0 0 0 0 0 0 0 0 0 0 0 0 0 0 0.622285 0 0 0 0 0 0 0 0 0 0 0.728318 0 0 0 0 0 0 0 0 0 0 0 0 0 0 0 0 0 0 0 0 0 0 0 0 0 0 0 0 0 0 0 0 0 0 0 0 0 0 0 0 0 0 0 0 0 0 0 0 0 0 0 0 0.522263 0 0 0 0 0 0 0 0 0 0 0.379156 0 0 0 0 0 0 0.371145 0 0 0 0 0 0 0 0 0 0.75205 0 0 0 0 0 0 0 0 0 0 0 0 0 0 0 0 0 0 0 0.688022 0 0 0 0 0.502112 0 0 0 0 0 0 0 0 0 0 0 0 0 0 0 0 0 0 0 0 0 0 0 0 0 0 0 0 0 0 0 0 0 0 0 0
0 0 0 0 0 0 0 0 0 0 0 0 0 0 0 0 0 0 0 0 0 0 0 0 0 0 0 0 0 0.393796 0 0 0 0 0 0 0 0.449146 0 0 0 0 0 0 0 0 0 0.535551 0 0 0 0 0 0 0 0 0 0 0 0 0 0 0 0 0.404213 0 0 0 0 0 0 0 0 0 0 0 0 0 0 0 0 0 0 0 0 0 0 0 0 0 0 0 0 0 0 0.502733 0 0 0 0 0 0 0 0 0 0 0 0 0 0 0.396251 0 0 0 0.631943 0 0 0 0 0 0 0 0 0.531777 0 0 0 0 0 0 0 0 0 0 0 0 0 0 0 0 0 0 0 0 0 0 0 0 0 0 0 0 0 0 0 0 0 0 0 0 0 0 0 0 0 0 0 0 0 0 0 0 0 0 0 0.540405 0 0 0 0 0 0 0.561657 0 0 0 0 0 0 0 0 0 0 0 0 0 0 0 0.55042 0
0 0 0 0 0 0 0 0 0 0 0 0 0 0 0 0 0.574203 0 0 0 0 0 0 0 0 0 0 0 0 0 0 0 0 0 0 0 0 0 0 0 0 0 0 0 0 0 0 0 0 0 0 0 0 0 0 0 0 0 0 0 0 0 0 0 0 0 0.283554 0 0 0 0 0 0 0 0 0 0 0 0.395135 0 0 0 0 0 0 0 0 0 0 0 0 0 0 0 0 0 0 0.557248 0 0.523006 0 0 0 0 0 0 0.420916 0 0 0 0 0 0 0 0 0 0 0 0 0 0 0 0 0 0 0 0 0 0 0 0 0 0 0 0 0.44081 0 0 0 0 0 0 0 0 0 0 0 0 0 0 0 0 0 0 0 0 0 0.488534 0 0 0 0 0 0.431556 0 0.530056 0 0 0 0 0 0 0 0 0 0 0 0 0 0 0 0 0 0 0.663746 0 0 0 0 0 0 0 0 0.431392 0 0 0 0 0 0
0 0 0 0 0 0 0 0 0 0 0 0 0 0 0 0 0 0.569527 0 0 0 0 0 0 0 0 0 0.393796 0 0 0.372916 0 0 0 0 0 0 0 0 0 0 0 0 0 0 0 0 0 0 0 0 0 0 0 0 0 0 0 0.647163 0 0 0 0 0 0 0 0 0 0 0 0 0 0 0 0 0 0 0 0 0 0 0 0 0 0 0 0 0 0 0 0 0 0 0 0 0 0 0 0 0 0 0.7198 0 0 0.383717 0 0 0 0.485966 0 0 0 0 0 0 0 0 0 0 0 0 0 0 0 0 0 0 0 0 0 0 0 0 0 0 0 0 0 0 0 0 0 0 0 0 0 0 0 0 0 0 0 0 0 0 0.52693 0 0.357431 0 0 0 0 0 0 0 0 0 0 0 0 0 0 0 0 0 0 0 0 0 0 0 0 0 0 0 0 0 0 0 0 0 0 0 0 0 0 0 0 0 0
0 0 0 0 0 0 0 0 0 0 0 0 0 0 0 0 0 0 0 0 0 0 0 0 0 0 0 0 0 0.372916 0 0 0 0 0 0 0 0 0 0 0 0 0 0 0 0 0 0 0 0 0 0 0 0 0 0 0.40581 0 0 0 0 0 0 0 0 0 0 0 0 0 0 0 0 0 0 0 0 0 0 0 0 0 0 0 0 0 0 0 0 0 0 0.386819 0 0 0 0 0 0 0 0 0 0 0 0 0 0 0 0 0 0 0 0 0 0 0 0 0 0 0 0 0 0 0 0 0 0 0 0 0 0 0 0 0 0 0 0 0.588423 0 0 0.436062 0 0 0 0 0 0 0 0 0 0 0 0 0 0 0 0 0 0 0 0 0 0 0 0 0 0 0 0 0 0 0 0 0 0 0 0 0 0 0 0 0 0 0 0 0 0 0 0.751496 0 0 0 0 0 0 0 0 0 0 0 0
0 0 0 0 0.565271 0 0 0 0 0 0 0 0 0 0 0 0 0 0 0 0 0 0 0 0.531886 0.508943 0 0 0 0 0 0 0 0 0 0 0 0 0 0 0 0 0 0 0 0 0 0 0 0 0 0 0 0 0 0 0 0 0 0 0 0 0 0 0 0 0 0 0 0 0 0 0 0 0 0 0 0 0 0 0 0 0 0 0 0 0.564623 0 0 0 0 0 0 0 0 0 0 0 0 0 0 0 0 0 0 0 0 0 0 0 0 0.40566 0 0 0 0 0 0 0 0 0.445456 0 0 0 0 0 0 0 0 0 0 0.608082 0 0 0 0 0 0 0 0 0 0 0 0 0 0 0 0 0 0 0 0 0 0 0 0 0 0 0.641589 0 0 0 0 0 0 0 0 0 0 0 0 0 0 0 0 0 0 0 0 0 0 0 0 0 0 0 0 0 0 0 0 0 0 0 0 0 0 0 0 0
0 0 0 0 0 0 0.400319 0 0.531714 0 0 0 0 0 0 0 0.484076 0 0 0 0 0 0 0 0 0 0 0 0 0 0 0 0 0 0 0 0 0 0 0 0 0 0 0 0 0 0 0 0 0 0 0 0 0 0 0 0 0 0 0 0 0 0 0 0 0 0 0.529881 0 0 0 0 0 0 0 0 0 0 0 0 0.444255 0 0 0 0 0 0 0 0 0 0.463456 0 0 0 0 0 0 0 0 0 0 0 0 0 0 0 0 0 0 0 0 0 0 0 0 0.43009 0 0 0 0 0.35762 0 0 0 0 0 0 0 0 0 0 0.640818 0 0 0 0 0 0 0 0 0 0 0 0 0 0 0 0.368659 0 0 0 0.386063 0.593636 0 0 0 0 0 0 0 0 0 0 0 0 0 0 0 0.43026 0 0.605058 0 0 0 0 0 0 0 0 0 0 0 0 0 0 0 0 0.644875 0 0 0 0 0 0.510056 0 0 0 0 0 0
0 0 0 0 0 0 0 0 0 0 0 0 0 0 0 0 0 0 0 0 0 0 0 0 0 0 0 0 0 0 0 0 0 0 0.477151 0 0 0 0 0 0 0 0 0 0 0 0.522808 0 0 0 0 0 0 0 0 0 0 0 0 0 0 0 0 0 0 0.36736 0.574302 0 0 0 0 0 0 0.429782 0 0 0 0 0 0 0 0 0.530971 0 0 0 0 0 0 0 0 0 0 0.538506 0 0 0 0 0 0 0 0 0 0 0 0 0 0 0 0 0 0 0 0 0 0 0 0 0 0.59202 0 0 0 0 0 0 0 0 0 0 0 0 0.371022 0 0 0 0 0 0 0 0 0 0 0 0 0 0 0 0 0 0 0 0 0 0 0 0 0.540201 0.630325 0 0.547709 0.497164 0 0 0 0 0 0 0.477728 0 0 0 0.387408 0 0 0 0 0 0 0 0 0 0.659637 0 0 0 0 0.496224 0 0 0 0 0 0 0 0 0 0 0 0
0 0 0 0 0 0 0 0 0 0 0.606701 0 0 0 0 0 0.388727 0 0 0 0 0 0 0 0.55398 0 0 0 0 0 0 0 0 0.477151 0 0 0 0.627675 0 0 0 0 0 0 0 0 0 0 0 0 0 0 0 0 0 0.415927 0 0 0 0 0 0 0 0 0 0 0 0 0 0 0 0 0 0.328828 0 0 0 0.486894 0 0 0 0 0 0 0 0 0 0 0 0 0 0 0 0 0 0 0 0 0 0 0 0 0 0 0 0 0 0 0 0 0 0 0 0 0 0 0 0 0 0 0 0 0 0 0 0 0 0 0 0 0 0 0 0 0 0 0 0 0 0 0.559312 0 0 0 0 0 0 0 0 0 0 0 0 0 0 0 0 0 0 0 0 0 0 0 0 0 0 0 0 0 0 0 0 0 0 0 0 0 0 0 0 0 0 0 0 0 0 0 0 0 0 0.631518 0 0 0 0 0 0 0 0
0 0 0 0 0.543075 0 0 0.569736 0 0 0.442379 0 0 0 0 0 0 0 0 0 0 0 0.55183 0 0 0 0 0 0 0 0 0 0 0 0 0 0 0 0 0 0 0 0 0 0 0 0 0 0 0 0.339809 0 0 0 0 0 0 0 0 0 0 0 0 0 0 0 0 0 0.577983 0 0 0 0 0 0 0 0 0 0 0 0 0.328838 0 0 0 0 0 0 0 0 0 0 0 0 0 0 0 0 0 0 0 0 0 0 0 0 0 0 0.714028 0 0 0 0 0 0 0 0 0 0 0 0 0.407346 0 0.563571 0 0 0 0 0 0 0 0 0 0 0 0 0 0 0 0 0 0 0 0.412491 0 0 0 0 0.653213 0 0 0 0 0 0 0 0 0 0 0 0 0 0 0 0 0 0 0 0 0 0 0 0 0 0 0 0 0 0 0 0 0.52769 0 0 0 0 0 0 0 0.361395 0 0 0.641507 0 0 0 0 0 0 0.463121
0 0 0 0 0 0.637182 0 0 0 0 0 0 0 0 0 0 0 0 0 0 0 0 0 0 0 0 0 0 0 0 0 0 0 0 0 0 0 0 0 0 0 0 0 0 0 0 0 0 0 0 0 0 0 0 0 0 0 0 0 0 0 0 0 0 0 0 0 0 0 0 0 0 0.72885 0 0 0 0 0 0 0 0 0 0.386609 0 0 0 0 0 0 0 0 0 0 0 0 0 0 0 0 0 0 0 0 0 0 0 0 0 0 0 0 0 0 0 0 0 0 0 0 0 0 0 0 0 0 0.529113 0 0 0 0 0 0.697086 0 0 0 0 0 0 0 0 0 0 0 0 0 0 0 0.514352 0 0 0 0 0 0 0 0 0 0 0 0 0 0 0 0 0 0 0 0 0 0 0 0 0 0 0 0 0 0 0 0 0 0 0 0.640561 0.695691 0 0 0 0 0 0.673124 0 0 0 0 0.568643 0 0 0 0
0 0 0 0 0 0 0 0 0 0 0 0.435082 0 0 0 0 0 0 0 0 0 0 0 0.394026 0 0 0 0.449146 0 0 0 0 0 0 0.627675 0 0 0 0.590453 0 0.395516 0 0 0 0 0.664185 0 0 0 0 0 0 0 0 0.653743 0 0 0 0 0.574296 0 0 0 0.656412 0 0 0 0.455558 0 0 0 0 0 0 0 0 0.612045 0 0 0 0 0 0.338042 0.412777 0 0 0 0 0 0 0 0 0 0 0 0 0 0 0 0 0.543322 0 0 0.650766 0 0 0 0 0 0 0 0 0 0 0 0 0 0 0 0 0 0 0 0 0.336935 0 0 0.438121 0 0 0 0 0 0 0 0 0 0 0 0 0 0.446039 0 0 0.345456 0 0 0 0 0 0 0 0 0 0 0 0 0 0 0 0 0 0 0 0 0 0 0 0 0 0.735499 0 0 0 0 0 0 0 0 0 0 0 0 0 0 0.444139 0 0 0 0 0.581694 0 0 0 0 0 0 0 0 0
0 0 0 0 0 0 0 0 0 0 0.693801 0 0 0 0 0.433001 0 0 0 0 0 0 0 0 0 0 0 0 0 0 0 0 0 0 0 0 0 0.590453 0 0 0 0 0 0 0 0 0.337348 0 0 0 0 0 0 0 0 0 0 0 0 0 0 0 0 0 0 0 0 0 0.376638 0.476706 0 0 0 0 0 0 0 0 0 0 0.512787 0 0 0 0 0 0 0 0 0 0 0 0 0 0 0 0 0.474967 0 0 0 0 0 0 0 0 0 0 0 0 0 0 0 0 0 0 0 0 0 0 0 0 0 0 0 0 0 0 0 0 0 0 0 0 0 0 0 0 0 0 0 0 0 0 0 0 0 0 0 0 0 0 0 0 0 0 0 0.276607 0 0 0 0 0 0 0 0 0 0 0 0 0 0 0 0 0 0 0 0 0 0 0 0 0 0 0 0 0 0 0 0 0 0 0 0 0 0 0 0 0 0
0 0 0 0 0 0 0 0 0 0 0.603544 0 0 0 0.447719 0 0 0 0 0 0 0 0 0 0 0 0 0 0 0 0 0 0 0 0 0 0 0 0 0 0 0 0 0 0 0 0 0 0 0 0 0 0 0 0 0 0 0 0 0 0 0 0 0 0 0 0 0 0 0 0 0 0 0 0 0 0 0 0 0 0 0 0 0 0 0 0 0 0 0 0 0 0 0.452289 0 0 0 0 0 0 0 0 0 0 0 0 0 0 0 0 0 0.553012 0 0 0 0 0 0 0 0 0.56624 0 0 0 0 0 0 0 0 0 0 0 0 0 0 0 0 0 0 0 0 0 0 0 0 0 0 0 0 0 0.534747 0 0 0 0 0 0 0 0 0 0 0 0 0 0 0 0 0.477787 0 0 0 0 0.4063 0 0 0 0 0 0 0 0 0 0 0.470117 0 0 0 0 0 0 0 0 0.330875 0 0 0 0 0 0 0
0 0 0 0 0 0 0.455857 0 0 0 0 0 0 0 0 0 0 0 0 0.346424 0 0 0 0 0 0 0 0 0 0 0 0 0 0 0 0 0 0.395516 0 0 0 0 0 0 0 0 0 0 0 0 0 0.548656 0 0 0 0 0.433596 0 0 0 0 0 0 0 0 0 0 0 0 0 0 0 0 0 0 0 0 0 0 0 0 0.608092 0 0 0 0 0.542304 0.593088 0 0 0 0 0 0 0 0 0 0.705291 0 0 0 0 0 0 0 0 0 0 0 0 0 0.339042 0 0 0 0 0.47913 0 0 0 0 0 0 0 0 0 0 0 0 0 0 0 0 0 0 0 0 0 0 0 0 0 0 0 0 0 0 0 0 0 0 0 0.447485 0 0 0 0 0 0 0 0 0 0 0.562815 0 0 0.562274 0 0.316838 0 0 0 0 0 0 0 0 0 0 0 0 0.420954 0 0 0 0 0 0 0 0 0 0 0 0 0 0 0 0 0 0
0 0 0 0 0 0 0.442738 0 0 0 0 0 0 0.514628 0 0 0 0 0 0 0 0 0 0 0.447448 0 0 0 0 0 0 0 0 0 0 0 0 0 0 0 0 0 0 0 0 0 0 0 0 0 0 0 0 0 0 0 0 0 0 0 0 0 0 0 0 0 0.609681 0 0 0 0 0 0 0 0 0 0 0 0 0 0 0 0 0 0.645597 0 0 0 0 0 0 0 0 0 0 0 0 0.500489 0 0 0 0.573728 0 0 0 0 0 0 0 0 0 0 0 0 0 0 0 0 0 0 0 0.537734 0 0 0 0 0 0 0 0 0 0 0 0 0 0 0 0.441414 0 0 0 0 0 0.316333 0 0 0 0 0 0 0 0 0 0 0 0 0 0 0 0 0 0 0 0 0 0 0.41338 0 0 0 0 0 0 0.625096 0 0 0 0 0 0 0 0 0 0 0 0 0 0.468455 0 0 0 0 0 0.620775 0 0 0 0 0 0
0 0 0 0 0 0 0 0 0 0 0.510519 0 0 0 0 0.608261 0.408052 0 0 0 0 0 0 0 0 0 0 0 0 0 0 0 0 0 0 0 0 0 0 0 0 0 0 0 0 0 0 0 0 0 0 0 0 0 0 0 0 0 0 0 0 0 0 0 0.658933 0 0 0.464472 0 0 0 0 0 0 0 0 0 0 0 0 0.605389 0 0 0 0 0 0 0.4858 0 0 0 0 0 0 0 0 0 0 0 0 0 0.353299 0 0 0 0 0 0 0 0 0 0 0 0 0 0 0 0 0 0 0 0 0 0 0 0 0 0 0 0 0 0 0 0 0 0 0 0 0 0 0 0 0 0 0 0 0 0 0 0 0 0 0 0 0 0 0 0 0 0 0 0 0 0 0 0 0 0 0 0 0 0 0 0 0 0 0 0 0 0 0 0 0 0 0 0 0 0 0 0 0 0 0 0 0 0 0 0 0 0
0.412718 0 0 0 0 0 0 0 0 0 0.602884 0.693816 0 0 0 0 0 0 0 0 0 0 0 0 0 0 0 0 0 0 0 0 0 0 0 0 0 0 0 0 0 0 0 0 0 0 0 0 0 0 0 0 0 0 0 0.47635 0 0 0 0 0 0 0.395542 0 0 0 0 0 0 0 0 0 0 0 0 0 0 0 0 0 0 0 0 0 0.404425 0 0 0 0 0 0 0 0.708213 0 0 0 0 0 0 0 0 0 0 0 0 0 0 0 0 0 0 0 0 0 0 0 0 0 0 0 0 0 0 0 0 0 0 0 0 0 0 0 0 0 0 0 0 0 0 0 0 0 0 0 0 0 0.590933 0 0 0 0 0 0.402989 0 0 0 0.656956 0 0 0 0 0 0 0 0 0 0 0 0 0.616097 0 0 0 0 0 0 0 0 0 0 0.729936 0 0 0 0 0 0 0 0.442928 0 0 0 0 0 0 0 0 0 0 0
0 0 0 0 0 0.501298 0 0 0 0 0 0 0 0 0 0 0 0 0 0 0 0 0.56023 0 0 0 0 0 0 0 0 0 0 0 0 0 0 0 0 0 0 0 0 0 0 0 0 0 0 0 0 0 0 0.377549 0 0 0 0 0 0 0 0 0 0 0 0 0 0 0 0 0 0 0 0 0 0 0 0.469107 0 0 0 0 0 0 0 0 0 0 0 0 0 0 0 0 0 0 0 0 0 0 0 0 0.457709 0.558309 0 0 0 0 0 0.533291 0 0 0 0 0 0 0 0 0 0 0.386448 0 0 0 0 0 0 0 0 0 0 0 0 0 0 0 0.430596 0 0.570924 0.520198 0 0 0 0 0 0 0 0 0 0 0 0 0 0 0 0 0 0 0 0 0 0 0 0 0 0 0 0 0 0.502429 0 0 0 0 0 0 0 0 0 0 0.41737 0 0 0 0 0 0 0.31321 0.612973 0 0 0 0 0 0 0.562833 0 0 0 0
0 0 0 0 0 0 0 0 0 0 0 0 0 0 0.38942 0 0 0 0 0.580668 0 0 0.53072 0 0 0.613394 0 0 0 0 0 0 0 0 0 0 0 0.664185 0 0 0 0 0 0 0 0 0 0 0 0 0 0 0 0 0 0 0 0 0 0 0 0 0 0 0 0 0 0 0 0 0 0 0 0 0 0 0 0 0 0 0 0 0 0 0 0 0 0 0.552234 0 0 0 0 0 0 0.647586 0 0 0 0 0 0.337878 0 0 0 0 0 0.453035 0 0 0 0 0 0 0 0 0 0 0 0.580044 0 0 0 0 0 0 0.619228 0 0 0 0 0 0 0 0 0.622488 0.424284 0 0 0 0 0 0 0 0 0 0 0 0 0 0 0 0 0 0 0 0 0 0.396956 0 0 0 0 0 0 0 0 0 0 0 0 0 0 0 0 0 0 0 0 0 0 0 0 0 0 0 0 0 0 0 0 0 0 0 0 0 0 0 0 0
0 0 0 0 0 0 0.479221 0 0 0 0 0 0 0 0 0 0 0.47481 0 0 0 0.561384 0 0 0 0.556859 0.622285 0 0 0 0 0 0 0.522808 0 0 0 0 0.337348 0 0 0 0 0 0 0 0 0 0 0 0 0 0.478994 0 0 0 0 0 0 0 0 0 0 0 0 0 0 0 0.507295 0 0 0 0 0 0 0 0 0 0 0 0 0 0 0 0 0 0 0 0 0 0 0 0 0 0.496479 0 0 0 0 0 0 0 0 0 0 0 0 0 0 0 0.579075 0 0 0 0 0 0 0 0 0 0 0 0 0 0 0 0 0 0.408175 0 0 0 0 0.578867 0 0 0 0 0 0 0 0 0 0 0.470321 0 0 0 0 0 0 0 0.416298 0 0 0 0 0 0.477831 0 0 0 0 0 0 0 0.654029 0.424013 0 0.586314 0 0 0 0 0 0 0 0 0 0 0 0 0 0 0 0 0 0 0 0 0 0 0 0 0 0 0 0 0 0
0 0 0 0 0.416136 0 0 0 0 0 0 0 0 0 0 0 0 0 0.416058 0 0 0 0 0 0 0 0 0.535551 0 0 0 0 0 0 0 0 0 0 0 0 0 0 0 0 0 0 0 0 0 0 0 0 0.566566 0 0.620046 0 0 0.515987 0 0 0 0 0 0 0 0 0 0 0 0 0 0.520751 0 0 0 0 0 0 0 0 0 0 0 0 0 0 0 0 0 0 0 0 0 0 0 0 0 0 0 0 0 0 0 0 0 0 0 0 0 0 0 0 0 0.427354 0 0.358936 0 0 0 0 0 0 0 0 0 0 0 0 0 0 0 0 0 0 0 0 0 0 0 0 0 0 0 0 0 0 0 0 0 0 0 0 0 0.605931 0 0 0 0 0 0 0 0 0 0 0 0.369258 0 0 0 0 0 0 0 0 0 0 0 0 0 0 0 0 0 0 0 0 0 0 0 0 0 0 0 0 0 0 0 0 0 0
0.442727 0 0 0 0 0 0 0 0 0 0 0 0.353943 0 0 0 0 0 0 0 0 0 0 0 0 0 0 0 0 0 0 0 0 0 0 0 0 0 0 0 0 0 0 0 0 0 0 0 0 0 0 0 0 0 0 0 0 0 0 0 0 0 0 0 0 0 0 0.640732 0 0 0 0 0 0 0 0 0 0 0 0 0 0 0 0 0 0 0 0 0 0 0 0 0 0 0 0 0 0 0 0 0 0 0.685691 0 0 0 0 0 0.598834 0 0 0.493515 0 0 0 0 0 0 0 0 0 0 0 0 0 0.670685 0 0 0 0 0.458555 0 0 0 0 0 0 0 0 0 0 0 0 0 0 0 0 0 0 0 0 0 0.508529 0 0 0.503199 0 0 0 0 0 0 0 0 0 0 0 0 0 0.57514 0.665064 0 0 0 0 0 0 0 0 0 0 0 0 0 0 0 0 0 0 0 0 0 0 0 0 0 0 0 0 0
0 0 0 0 0 0 0 0 0 0 0 0 0 0.492792 0 0 0 0 0 0 0 0 0 0 0 0 0 0 0 0 0 0 0 0 0 0 0 0 0 0 0 0 0 0 0 0 0 0 0 0 0 0 0 0 0 0 0.561929 0 0 0 0 0 0 0 0 0 0 0 0 0 0 0 0 0 0 0 0.423986 0 0 0 0 0 0 0 0 0 0 0 0 0 0 0 0 0 0 0 0 0 0 0 0 0.360885 0 0 0 0 0 0 0 0 0 0 0.376823 0 0 0 0 0 0 0 0 0 0 0 0 0 0 0 0 0 0 0 0 0 0 0 0 0 0 0 0 0 0 0 0 0 0 0 0 0 0 0 0 0 0 0 0 0 0 0.396532 0 0 0 0 0 0 0 0 0 0 0 0 0 0 0 0 0 0.558045 0 0 0 0 0 0 0 0.519792 0 0 0 0 0 0 0 0 0 0 0 0 0 0
0 0 0 0 0 0 0 0 0 0 0.631446 0 0 0 0 0 0 0 0 0 0 0 0 0 0 0 0 0 0 0 0 0 0 0 0 0.339809 0 0 0 0 0 0 0 0 0 0 0 0 0 0 0 0 0 0 0 0 0 0 0 0 0 0 0 0 0 0 0 0 0 0 0.502889 0 0 0 0 0 0 0.455717 0 0 0 0 0 0 0 0 0 0 0 0 0 0 0 0 0 0 0 0.486534 0 0 0 0 0 0 0 0 0.518992 0 0 0 0 0 0 0 0 0 0 0 0 0 0 0 0 0 0 0.519848 0 0 0 0 0 0 0 0 0 0 0 0 0 0 0 0 0 0 0 0 0 0 0 0 0 0.441147 0 0 0 0 0 0 0.574476 0 0 0 0 0 0 0.396832 0 0 0 0 0 0 0 0 0 0 0 0 0 0 0 0 0 0 0 0 0 0 0 0 0 0 0 0 0 0 0 0 0 0
0 0 0 0 0 0 0 0 0 0 0 0 0 0 0 0 0 0 0 0 0 0 0 0.625561 0 0 0 0 0 0 0 0 0 0 0 0 0 0 0 0 0.548656 0 0 0 0 0 0 0 0 0 0 0 0 0 0 0 0 0 0 0 0.410092 0 0 0.500093 0 0 0 0 0.422743 0 0 0 0 0 0 0 0 0 0 0 0 0.574535 0 0 0 0 0 0 0 0 0 0 0 0 0 0 0 0 0 0 0 0 0 0 0 0 0 0 0 0 0 0 0 0 0 0 0 0 0 0 0 0 0 0 0 0 0 0 0 0 0 0 0 0 0 0 0 0 0 0 0 0 0 0 0 0 0 0 0 0 0 0 0 0.349272 0 0 0 0 0 0 0 0 0 0 0 0.358794 0 0 0.589497 0 0 0 0 0 0 0 0 0 0.59434 0 0 0 0 0 0 0.525877 0 0 0 0 0 0 0 0 0 0 0 0 0 0
0 0 0 0 0 0 0 0 0 0 0 0 0.402515 0 0 0 0 0.643913 0 0 0 0 0 0 0 0 0 0 0 0 0 0 0 0 0 0 0 0 0 0 0 0 0 0 0 0 0.478994 0.566566 0 0 0 0 0 0 0 0 0 0 0 0 0 0 0 0 0.432028 0 0 0 0 0 0 0 0 0 0 0 0 0 0 0 0 0 0 0 0 0 0 0 0 0 0 0 0 0 0 0 0 0 0.386646 0 0 0 0 0 0 0 0 0 0 0 0 0 0 0 0 0 0 0 0 0 0 0 0 0 0.648822 0 0 0 0 0 0 0 0 0 0 0 0 0 0 0 0 0 0 0 0 0 0 0 0 0 0.621308 0 0 0 0 0 0 0.614408 0 0 0 0 0 0 0 0.366505 0.274453 0 0 0 0 0 0 0 0 0.569741 0 0 0 0 0 0 0 0 0 0 0.596205 0 0 0 0 0.448387 0 0 0 0 0 0 0 0
0 0 0 0 0 0 0 0 0 0 0 0 0 0 0 0 0 0 0 0 0 0 0 0 0 0 0 0 0 0 0 0 0 0 0 0 0 0 0 0 0 0 0 0 0.377549 0 0 0 0 0 0 0 0 0 0 0 0 0 0.40191 0 0 0 0 0 0.40099 0 0 0 0 0 0 0 0 0 0 0 0 0 0 0 0 0 0 0 0 0 0 0.645218 0 0 0 0 0 0 0 0 0 0 0 0 0 0 0.349531 0.554502 0 0 0.410461 0 0 0.359375 0 0 0 0 0.356364 0 0 0 0 0.621747 0 0 0.414695 0 0 0 0 0 0 0 0 0 0 0 0 0 0.675521 0 0 0 0 0 0 0.454453 0 0 0 0 0 0 0 0 0 0 0 0 0 0 0 0 0 0 0 0 0 0 0 0 0 0 0 0 0 0 0 0 0 0 0 0 0 0 0.452763 0 0 0 0 0 0 0 0 0 0 0 0 0 0 0 0 0
0 0 0 0 0 0 0 0 0 0 0 0 0 0 0 0 0 0 0 0 0 0 0 0 0 0 0 0 0 0 0 0 0 0 0 0 0 0.653743 0 0 0 0 0 0 0 0 0 0.620046 0 0 0 0 0 0 0 0 0.358682 0 0 0 0 0 0 0 0 0 0 0 0 0 0 0 0 0 0 0 0 0 0 0 0 0 0 0 0 0 0 0 0 0 0 0 0 0 0 0 0 0 0 0 0 0 0 0 0 0 0 0 0 0 0 0 0 0 0 0 0 0 0 0 0 0 0 0 0 0 0 0 0 0 0 0 0 0 0 0 0 0 0 0 0 0 0 0 0 0 0 0.387651 0 0 0 0 0 0 0 0 0 0 0 0 0 0 0 0 0 0 0 0 0 0 0 0 0 0 0 0 0 0 0 0 0 0 0 0 0 0 0 0 0 0 0 0 0 0 0 0.499644 0 0 0 0
0 0 0 0 0 0 0 0 0 0 0 0 0 0 0 0 0 0 0 0 0.553294 0 0 0 0 0.307174 0 0 0 0 0 0 0 0 0.415927 0 0 0 0 0 0 0 0 0.47635 0 0 0 0 0 0 0 0 0 0 0 0 0 0 0 0 0 0 0 0 0 0 0 0 0 0 0 0 0 0 0 0 0 0 0 0 0 0 0 0 0 0 0 0 0 0 0 0 0 0 0 0.481347 0 0 0 0 0 0 0 0 0 0 0 0 0 0 0 0 0 0 0 0 0 0 0 0 0 0 0 0 0 0 0 0 0 0 0 0 0 0 0 0 0 0.542814 0 0 0 0 0 0 0 0 0 0 0 0 0 0 0 0 0 0 0 0 0 0 0 0 0 0 0 0 0 0 0 0 0 0 0 0 0 0 0 0 0 0 0 0 0 0 0.519292 0 0 0.409804 0 0 0 0 0 0 0 0 0 0 0 0
0 0 0 0 0 0 0 0 0 0 0.628335 0 0 0 0 0 0.72402 0 0 0 0 0 0 0 0 0.612807 0 0 0 0 0.40581 0 0 0 0 0 0 0 0 0 0.433596 0 0 0 0 0 0 0 0 0.561929 0 0 0 0 0.358682 0 0 0 0.432727 0 0.52397 0 0.469971 0 0 0 0 0 0 0 0 0 0 0 0 0 0 0 0 0 0 0 0 0 0 0 0 0 0 0 0 0 0 0 0 0 0 0 0 0 0 0 0 0 0 0 0 0 0 0 0 0 0 0 0 0 0 0 0 0 0 0 0 0 0 0 0 0 0 0 0 0.434213 0 0 0 0 0 0 0 0 0 0 0 0 0.575499 0 0 0 0 0 0 0 0 0.673701 0 0 0 0 0 0 0 0 0 0 0 0 0 0 0 0 0 0 0 0 0 0 0 0 0 0 0 0 0 0 0 0 0 0 0 0 0 0 0 0 0 0 0 0 0 0.652049
0 0 0 0 0 0 0 0 0 0 0 0 0 0 0 0 0 0 0 0 0 0 0 0 0 0 0.728318 0 0 0 0 0 0 0 0 0 0 0 0 0 0 0 0 0 0 0 0 0.515987 0 0 0 0 0 0 0 0 0 0 0 0 0 0 0 0 0 0 0 0 0 0 0 0 0 0 0 0 0 0 0 0 0 0 0 0 0 0 0 0 0 0 0 0 0 0 0 0 0 0 0 0 0 0 0 0 0 0 0 0 0 0 0 0.460801 0 0 0 0 0 0 0 0 0 0 0 0 0 0 0 0 0.478611 0 0 0 0 0 0 0 0 0 0 0 0.433041 0 0 0 0 0 0 0 0 0 0 0 0 0 0 0 0 0 0 0 0 0 0 0 0 0 0 0 0 0 0 0 0 0 0 0 0 0 0 0 0 0 0 0 0 0 0 0 0 0 0 0 0 0 0 0 0 0 0 0
0 0 0 0 0 0 0 0.380706 0 0 0 0 0 0 0 0 0 0 0 0 0 0 0 0 0 0 0 0 0 0.647163 0 0 0 0 0 0 0 0 0 0 0 0 0 0 0 0 0 0 0 0 0 0 0 0.40191 0 0 0.432727 0 0 0.62612 0 0 0.553492 0 0 0.312615 0 0 0 0 0 0 0 0 0 0 0 0 0 0 0 0 0 0 0 0 0 0 0 0 0 0 0 0 0 0 0 0 0 0 0 0 0.613616 0 0 0 0.398672 0 0 0.610282 0 0 0 0 0 0 0 0 0.386133 0 0 0 0 0 0 0 0 0 0 0 0 0 0 0 0 0 0 0 0 0 0 0 0 0 0 0 0 0 0 0.477085 0 0 0 0 0 0 0 0 0 0 0 0.431821 0 0 0 0 0 0 0 0 0 0 0.612594 0 0 0 0 0 0 0 0 0 0 0 0 0 0 0 0.462807 0 0 0 0 0 0 0 0 0 0 0
0 0.686109 0 0 0 0.627122 0 0 0 0 0 0 0 0 0 0 0 0 0 0 0 0 0 0 0.599396 0.449111 0 0 0 0 0 0 0 0 0 0 0 0.574296 0 0 0 0 0 0 0 0 0 0 0 0 0 0 0 0 0 0 0 0 0.62612 0 0 0 0 0 0 0 0 0.617416 0 0 0 0 0 0 0 0 0 0 0 0 0 0 0.471989 0.566095 0 0 0 0 0 0 0 0 0 0 0 0 0 0 0 0 0 0 0 0 0 0 0 0 0 0 0.49291 0 0 0 0 0 0 0 0 0 0 0 0 0 0 0 0 0 0 0 0 0 0 0 0 0 0 0 0 0 0 0 0 0 0 0 0 0 0 0.525433 0 0 0 0 0 0 0 0 0 0.591997 0 0 0 0.552206 0 0 0 0 0.660944 0 0.646759 0 0 0 0 0 0 0 0 0 0 0 0 0 0 0 0 0 0 0 0 0 0 0 0 0 0 0 0 0.495748
0 0 0 0 0 0 0 0.500083 0 0 0.645398 0.664776 0 0 0 0 0 0.507195 0 0 0 0 0 0.654717 0 0 0 0 0 0 0 0 0 0 0 0 0 0 0 0 0 0 0 0 0 0 0 0 0 0 0 0.410092 0 0 0 0 0.52397 0 0 0 0 0 0 0 0 0 0.42092 0 0 0 0 0 0 0 0 0 0 0 0 0 0 0 0 0 0 0 0.386759 0 0 0 0 0 0 0 0 0 0 0 0 0 0 0 0 0 0 0 0 0 0 0 0 0 0 0 0 0 0 0 0 0 0 0 0 0 0 0 0 0 0 0 0 0 0.376668 0.366626 0 0 0 0 0 0 0 0 0 0 0 0 0 0 0 0.315601 0 0 0 0.567795 0.491255 0 0 0.549818 0.390255 0 0 0.626549 0 0 0 0 0 0 0 0 0 0.429144 0 0 0 0 0 0 0 0.364668 0 0 0 0 0 0 0 0.467757 0 0 0 0 0 0 0 0 0 0 0 0
0 0 0 0 0 0 0 0 0 0 0.609654 0 0 0 0 0 0 0.40238 0 0 0 0 0 0.366764 0 0 0 0 0 0 0 0 0 0 0 0 0 0 0 0 0 0 0 0 0 0 0 0 0 0 0 0 0 0 0 0 0 0 0 0 0 0 0 0 0 0 0 0 0 0.479823 0 0 0 0 0 0 0 0 0 0 0 0 0 0.594424 0 0 0 0 0 0 0 0 0 0 0 0 0 0 0 0.398759 0 0 0 0 0 0 0 0 0 0.542583 0 0.421749 0 0 0 0 0 0 0 0 0 0 0 0.60754 0 0 0 0 0 0 0 0 0 0 0 0 0 0 0 0 0 0 0 0 0 0 0 0.528499 0 0 0 0 0 0 0 0 0 0 0 0 0 0 0 0 0 0 0 0 0 0 0 0 0.319803 0 0 0 0 0 0 0 0 0 0 0.390352 0 0 0 0 0 0 0 0 0 0 0 0 0 0 0 0
0 0 0 0 0 0 0 0 0 0 0 0 0 0 0 0 0 0 0 0 0 0 0.337256 0 0 0 0 0 0 0 0 0 0 0 0 0 0 0 0 0 0 0 0 0.395542 0 0 0 0 0 0 0 0 0 0 0 0 0.469971 0 0.553492 0 0 0 0 0 0 0 0 0 0 0 0 0 0.665927 0.46276 0 0 0 0.666338 0 0 0 0 0 0 0 0 0 0.551291 0 0 0 0 0 0 0 0 0 0 0 0 0 0 0 0 0 0 0 0 0 0.512096 0 0 0 0 0 0 0 0 0 0 0 0 0 0.604672 0 0 0 0 0 0 0 0 0 0 0 0 0 0 0 0 0 0 0 0 0 0 0 0 0 0 0 0.507392 0 0 0 0 0 0 0 0.397097 0 0 0 0 0 0 0 0 0 0 0 0 0 0 0 0 0.32489 0 0.545665 0 0 0 0.600718 0 0 0 0 0 0 0 0 0 0 0 0 0 0 0 0 0
0 0 0 0.451232 0 0 0 0 0 0 0 0 0 0 0.35861 0 0.607182 0.539549 0 0 0 0 0 0.387499 0 0 0 0 0 0 0 0 0 0 0 0 0 0.656412 0 0 0 0 0 0 0 0 0 0 0 0 0 0.500093 0 0 0 0 0 0 0 0 0 0 0 0 0 0 0 0 0 0 0 0 0 0 0 0 0 0 0 0 0 0.523666 0 0 0 0 0 0 0 0 0 0 0 0 0 0 0 0 0 0 0 0 0 0 0 0 0 0.574904 0 0 0 0 0 0 0 0 0 0 0 0 0 0 0 0 0 0 0 0 0 0 0 0 0 0 0 0 0 0.415021 0 0 0 0 0.688112 0 0 0 0 0 0 0 0 0 0 0 0 0 0 0 0 0 0 0 0 0.398236 0 0 0 0 0 0 0 0 0 0 0 0 0 0 0 0 0 0.669337 0 0 0 0 0 0 0.453765 0 0 0 0 0 0 0 0 0 0 0
0 0 0 0 0 0 0 0 0 0 0 0.711889 0 0.646255 0 0 0 0.433981 0 0 0 0 0 0 0 0 0 0.404213 0 0 0 0 0 0 0 0 0 0 0 0 0 0 0.658933 0 0 0 0 0 0 0 0 0 0.432028 0.40099 0 0 0 0 0 0 0 0 0 0 0 0 0 0 0 0 0 0 0 0 0 0 0 0 0 0 0 0 0 0 0 0 0 0 0 0 0 0 0 0 0.549238 0 0 0 0 0 0 0 0 0 0 0 0 0 0 0 0 0 0 0.535374 0 0 0 0 0 0 0 0 0 0 0 0 0 0 0 0 0 0 0 0 0 0.689505 0 0 0 0 0 0 0 0 0 0 0 0 0 0 0 0 0 0 0 0 0 0 0 0 0 0 0 0 0 0 0 0 0 0 0 0 0 0 0.590265 0 0 0 0 0 0 0 0 0 0 0 0 0 0 0 0 0 0 0.659272 0 0 0 0 0 0
0 0 0.407182 0 0 0 0 0 0 0 0 0 0 0 0 0 0 0 0 0 0 0 0 0 0.480757 0 0 0 0 0 0 0 0 0.36736 0 0 0 0 0 0 0 0 0 0 0 0 0 0 0 0 0 0 0 0 0 0 0 0 0.312615 0 0 0 0 0 0 0 0 0 0 0 0 0 0.648752 0 0 0 0 0 0 0 0 0 0 0 0 0 0 0 0 0 0 0 0 0 0 0 0.600261 0.446492 0 0 0 0 0 0 0 0 0 0 0 0 0 0 0 0 0 0 0 0 0 0 0.305529 0 0 0.544915 0 0 0 0 0 0 0 0.494652 0 0 0 0 0 0 0 0 0 0 0 0 0 0 0 0.568153 0 0 0 0 0 0 0 0 0.478461 0 0 0 0 0 0.597157 0 0 0.472843 0 0 0 0 0 0.529865 0 0 0 0 0 0 0 0 0 0 0 0 0 0 0 0 0 0 0 0 0 0 0 0 0 0 0 0
0 0 0 0 0.545719 0 0 0 0 0 0 0 0 0.508497 0 0 0 0 0 0 0 0 0 0 0 0 0 0 0.283554 0 0 0 0 0.574302 0 0 0 0 0 0 0 0.609681 0 0 0 0 0 0 0 0 0 0 0 0 0 0 0 0 0 0 0.42092 0 0 0 0 0 0 0 0 0 0 0 0 0 0.483632 0 0 0 0 0 0 0 0 0 0 0 0 0 0 0 0 0 0 0 0 0 0 0 0 0 0 0 0 0 0 0 0 0 0 0 0 0 0 0 0 0 0 0 0 0 0.469731 0 0 0 0 0 0 0 0.671176 0 0.450103 0 0 0 0 0 0 0 0 0 0 0 0 0 0 0 0 0.672344 0 0 0 0.441327 0 0 0 0 0 0 0 0 0 0 0 0.474825 0 0 0 0 0 0 0 0 0 0 0 0 0 0 0 0 0 0 0 0 0 0.41391 0 0 0 0 0 0 0 0 0 0 0 0 0 0
0 0 0 0 0 0.472102 0 0 0.516339 0 0 0 0 0 0 0 0 0 0 0 0 0.679961 0 0 0 0 0 0 0 0 0 0 0.529881 0 0 0 0 0.455558 0 0 0 0 0.464472 0 0 0 0 0 0.640732 0 0 0 0 0 0 0 0 0 0 0.617416 0 0 0 0 0 0 0 0 0 0 0 0 0 0 0 0 0 0 0 0 0 0 0 0 0 0 0 0 0 0 0 0 0 0 0 0 0 0 0 0 0 0 0 0 0 0 0 0 0 0 0 0 0 0 0 0 0 0 0 0 0 0 0 0 0 0.382811 0 0 0 0 0 0 0 0 0 0 0 0 0 0 0 0 0 0 0 0 0 0 0 0 0 0 0 0.430667 0 0 0 0 0 0 0 0 0 0 0 0 0 0 0 0 0 0 0 0 0 0 0 0 0 0.62036 0 0 0 0 0 0 0 0 0 0 0 0 0 0 0 0.513159 0 0 0 0
0 0 0 0 0.713424 0 0 0 0.555343 0 0 0 0 0 0 0.627831 0 0 0 0 0 0 0 0 0 0 0 0 0 0 0 0 0 0 0 0.577983 0 0 0.376638 0 0 0 0 0 0 0 0.507295 0 0 0 0 0.422743 0 0 0 0 0 0 0 0 0 0 0 0 0 0 0 0 0 0 0 0 0 0 0 0 0 0 0 0 0 0 0 0 0 0 0 0 0 0 0 0 0 0 0 0 0 0.535909 0.409319 0 0 0.392003 0 0 0 0 0 0 0 0 0 0.48139 0 0 0.376237 0 0 0 0 0 0 0 0 0 0 0 0 0 0 0 0 0 0 0 0 0 0 0 0 0 0 0 0 0 0 0 0.431889 0 0 0 0 0 0 0 0 0 0 0 0 0 0 0 0 0 0 0 0 0 0 0.349786 0 0 0 0 0.425331 0 0 0 0 0 0 0 0 0.389556 0 0 0.441563 0 0 0 0 0.530977 0 0 0 0.478383 0 0 0 0
0 0 0 0 0 0 0 0 0 0 0 0 0 0 0 0 0 0 0 0 0 0 0 0 0.263223 0 0 0 0 0 0 0 0 0 0 0 0 0 0.476706 0 0 0 0 0 0 0 0 0 0 0 0 0 0 0 0 0 0 0 0 0 0 0.479823 0 0 0 0 0 0 0 0 0 0 0 0 0 0 0 0 0 0 0 0 0 0 0 0 0 0 0 0 0 0 0 0 0 0 0.67391 0 0 0 0 0 0 0 0 0 0 0 0 0 0 0 0 0 0 0 0 0 0 0 0 0 0.605692 0 0 0 0 0 0 0 0 0.398589 0 0.654038 0 0.439866 0 0 0 0 0 0 0 0 0 0 0 0 0 0 0.595085 0 0 0.704353 0 0 0 0 0 0 0 0 0 0 0 0 0 0 0 0 0 0 0 0 0 0 0 0 0.410993 0 0 0.620641 0 0 0 0 0 0 0 0 0 0 0 0 0 0 0 0 0 0
0 0 0 0 0 0 0 0 0 0 0 0 0 0 0 0 0 0 0 0 0.567559 0 0 0 0 0.552241 0 0 0 0 0 0 0 0 0 0 0 0 0 0 0 0 0 0 0 0 0 0 0 0 0.502889 0 0 0 0 0 0 0 0 0 0 0 0 0 0 0 0 0 0 0 0 0.461324 0 0 0 0 0 0 0 0 0 0 0 0 0 0 0 0 0 0 0 0 0 0 0 0 0.593507 0 0 0 0 0 0 0 0 0 0 0 0.624434 0 0 0 0 0 0 0 0 0 0 0 0 0 0 0 0 0 0 0 0 0 0 0 0 0 0 0 0 0 0 0 0 0 0 0 0 0 0 0 0.58886 0.629835 0 0 0 0 0 0 0 0 0 0 0 0 0 0 0 0 0 0 0 0 0 0 0 0 0 0 0 0 0 0 0 0 0 0 0 0.451535 0 0 0 0 0 0 0 0 0 0 0.684207 0 0 0
0 0 0 0 0 0 0 0 0 0 0 0 0 0 0 0 0 0 0 0 0 0 0 0 0 0 0 0 0 0 0 0 0 0 0 0 0 0 0 0 0 0 0 0 0 0 0 0.520751 0 0 0 0 0 0 0 0 0 0 0 0 0 0 0 0 0 0 0 0 0 0 0.461324 0 0 0 0 0 0 0 0 0 0 0 0 0 0 0 0 0 0 0 0 0 0 0 0 0 0 0 0 0 0 0 0.47588 0 0.584638 0 0 0 0 0 0 0 0 0 0 0 0 0 0 0 0 0 0.438112 0 0 0 0 0 0 0 0 0 0 0 0 0 0 0 0 0 0 0 0 0 0 0 0.706112 0 0 0 0 0 0 0 0 0 0 0 0 0 0 0 0 0 0.42744 0 0 0 0 0 0 0.360566 0 0 0 0 0 0 0 0 0 0 0 0 0 0 0 0 0 0.697967 0 0 0 0 0 0 0 0 0 0
0 0 0 0 0 0 0 0 0 0 0 0 0 0.3309 0.36332 0 0 0 0 0 0.38771 0 0 0 0 0 0 0 0 0 0 0 0 0 0 0 0.72885 0 0 0 0 0 0 0 0 0 0 0 0 0 0 0 0 0 0 0 0 0 0 0 0 0 0.665927 0 0 0.648752 0 0 0 0 0 0 0 0 0 0 0 0 0 0 0 0 0 0 0 0 0 0 0 0 0 0 0 0 0 0 0 0 0 0 0 0 0 0 0 0 0 0 0 0 0 0 0 0 0 0 0 0 0.510963 0 0 0 0 0 0 0 0 0 0 0 0 0.688985 0 0 0.34052 0 0 0 0 0 0 0 0 0 0 0 0 0 0 0 0 0 0.255719 0 0 0 0 0 0 0 0 0.344259 0 0 0 0 0 0 0 0 0 0 0 0 0 0 0 0 0.395808 0 0 0 0 0.687461 0 0 0 0.486301 0 0 0 0 0 0 0 0 0 0 0 0
0 0 0.265723 0 0 0 0 0 0 0 0 0 0 0 0 0 0.522567 0 0 0.648974 0 0 0 0 0 0 0 0 0 0 0 0 0 0.429782 0.328828 0 0 0 0 0 0 0 0 0 0 0 0 0 0 0 0 0 0 0 0 0 0 0 0 0 0 0 0.46276 0 0 0 0 0 0 0 0 0 0 0 0 0 0 0 0 0.391663 0 0 0 0 0 0 0 0 0 0 0 0 0 0 0 0 0 0 0 0 0 0 0 0 0 0 0 0 0.339818 0 0 0 0 0.402456 0 0 0 0 0 0 0 0 0 0 0 0 0 0 0 0 0 0 0 0 0 0 0 0 0.690744 0 0 0 0 0 0 0 0 0 0 0 0 0 0 0 0 0 0.483932 0 0 0 0 0 0 0 0 0 0 0 0 0 0 0.597125 0 0 0 0 0 0 0 0 0 0 0 0 0 0 0 0 0 0 0 0 0 0 0 0 0 0 0 0
0 0 0 0 0 0 0 0 0 0 0 0 0 0 0 0 0.680586 0 0 0 0 0 0 0 0 0 0 0 0 0 0 0 0 0 0 0 0 0 0 0 0 0 0 0 0 0 0 0 0 0 0 0 0 0 0 0 0 0 0 0 0 0 0 0 0 0 0.483632 0 0 0 0 0 0 0 0 0 0 0 0 0 0 0 0 0 0 0 0 0 0 0 0 0 0 0 0 0 0 0 0 0 0 0 0 0 0 0 0 0 0.474865 0 0 0.46669 0 0 0 0 0 0 0 0 0 0 0 0 0 0 0 0 0 0 0 0 0 0 0 0 0 0 0 0 0 0 0 0.289185 0 0 0 0 0.437818 0 0 0 0 0 0 0 0 0 0.697859 0 0 0 0 0 0 0 0 0 0 0 0 0 0 0 0 0 0 0 0 0 0 0.571403 0 0 0 0 0 0 0 0 0 0 0 0 0 0 0 0 0 0
0 0 0 0 0 0 0 0 0 0 0 0 0 0 0 0 0 0 0 0 0 0 0 0 0 0 0 0 0 0 0 0 0 0 0 0 0 0 0 0 0 0 0 0 0 0 0 0 0 0 0 0 0 0 0 0 0 0 0 0 0 0 0 0 0 0 0 0 0 0 0 0 0 0 0 0 0 0 0 0 0 0 0 0 0 0 0.530933 0 0 0.594836 0 0 0 0 0 0 0.448859 0 0.519604 0 0 0 0 0 0 0 0 0 0 0 0 0 0 0 0 0 0 0 0 0 0 0 0 0 0 0.514044 0 0 0 0 0 0 0 0 0 0 0 0 0 0.364429 0 0 0 0 0 0 0 0 0 0 0 0 0 0 0 0 0 0 0 0 0 0 0 0 0 0 0 0 0 0.713885 0 0 0 0 0.530607 0 0 0 0 0 0 0 0 0 0 0 0 0 0 0 0 0 0 0 0 0 0 0 0 0
0 0 0 0 0 0 0.546082 0 0.562595 0 0 0 0 0 0 0.580982 0 0 0 0 0 0 0 0 0 0 0 0 0 0 0 0 0 0 0 0 0 0.612045 0 0 0 0 0 0 0 0 0 0 0 0.423986 0 0 0 0 0 0 0 0 0 0 0 0 0 0 0 0 0 0 0 0 0 0 0 0 0 0 0 0.595697 0 0 0 0 0 0 0 0 0 0 0 0 0 0 0 0.634645 0 0 0 0 0 0 0 0 0 0 0 0 0 0 0 0 0 0 0 0 0 0 0 0 0 0 0 0 0 0 0 0 0 0 0 0 0 0 0 0 0 0 0 0.728101 0 0 0 0 0.433868 0 0.454986 0 0 0 0.367308 0 0 0 0 0 0 0 0.414137 0 0 0 0 0 0 0 0 0.522945 0 0 0 0 0 0 0 0 0 0 0 0 0 0.472809 0 0 0.336985 0 0 0 0 0 0 0 0 0 0 0 0 0 0 0 0 0
0 0 0 0 0.41761 0 0 0 0 0 0 0 0.639833 0 0 0 0 0 0 0 0 0 0 0 0 0 0 0 0 0 0 0 0 0 0.486894 0 0 0 0 0 0 0 0 0 0.469107 0 0 0 0 0 0.455717 0 0 0 0 0 0 0 0 0 0 0 0.666338 0 0 0 0 0 0 0 0 0 0 0 0 0 0.595697 0 0 0 0 0 0 0 0 0.390411 0 0 0 0 0 0 0 0 0 0 0.451647 0 0 0 0 0 0 0 0 0 0 0 0.721767 0 0 0 0 0.577768 0 0 0 0 0 0 0 0 0 0.532509 0 0 0.555609 0 0.643271 0 0 0 0 0 0 0 0 0 0 0 0 0 0 0 0 0 0 0 0 0 0 0 0 0 0 0.630222 0 0 0 0 0 0 0 0 0 0 0 0 0 0 0 0 0 0 0 0.615593 0 0 0 0 0 0 0.63266 0 0 0 0.430884 0 0 0 0 0 0 0 0 0 0 0 0 0
0 0 0 0 0 0 0 0 0 0 0 0 0 0 0 0 0 0 0 0 0 0 0 0 0 0 0 0 0.395135 0 0 0 0 0 0 0 0 0 0 0 0 0 0 0 0 0 0 0 0 0 0 0 0 0 0 0 0 0 0 0 0 0 0 0 0 0 0 0 0 0 0 0 0 0 0 0 0 0 0 0 0 0 0.534416 0 0 0 0 0 0 0 0.485271 0 0 0 0 0 0 0 0 0 0 0 0 0 0 0 0.461339 0 0 0 0 0 0 0 0 0 0 0 0 0 0 0 0.392398 0 0 0 0 0 0 0 0 0 0 0 0 0 0 0 0 0 0 0 0 0 0 0 0 0 0 0 0.439304 0 0 0 0 0 0 0 0 0 0 0 0 0 0 0 0 0.633824 0 0 0 0 0 0 0 0 0 0 0 0 0 0 0 0 0 0 0 0 0 0 0 0 0 0 0 0 0 0 0 0
0 0 0 0 0 0 0 0 0 0 0 0.634574 0 0 0 0 0 0 0 0 0 0 0 0 0 0 0 0 0 0 0 0 0 0 0 0 0 0 0 0 0 0 0 0 0 0 0 0 0 0 0 0 0 0 0 0 0 0 0 0 0 0 0 0 0 0 0 0 0 0 0 0 0 0.391663 0 0 0 0 0 0 0.576301 0 0 0 0 0 0 0 0 0 0 0 0 0 0 0 0 0 0 0 0 0 0 0 0 0 0 0 0 0 0 0 0 0 0 0 0 0 0 0 0 0 0 0 0 0 0 0 0 0 0 0 0 0 0 0 0 0 0 0 0 0 0 0 0 0.43365 0 0 0 0 0 0.337487 0 0 0 0 0.492891 0 0.4418 0 0.610164 0 0 0 0 0 0 0 0 0 0 0 0 0 0 0 0 0 0 0.555037 0 0 0 0 0 0 0 0 0 0 0.605058 0 0 0 0 0 0 0.676107 0 0
0 0 0 0 0 0.604245 0 0.357135 0 0 0 0 0 0 0.480795 0 0 0 0 0 0 0 0 0 0 0 0 0 0 0 0 0 0.444255 0 0 0 0 0 0.512787 0 0 0 0.605389 0 0 0 0 0 0 0 0 0 0 0 0 0 0 0 0 0 0 0 0 0 0 0 0 0 0 0 0 0 0 0 0 0 0 0 0 0.576301 0 0 0.37549 0 0 0 0 0 0 0 0 0 0 0 0 0.422956 0 0 0 0 0 0 0 0 0 0 0 0 0 0 0 0 0.626512 0 0 0 0 0 0 0 0 0 0 0 0 0 0 0 0 0 0 0 0 0 0 0 0 0 0 0 0 0 0 0 0 0 0 0 0 0 0 0 0 0 0 0 0 0 0 0 0 0 0 0 0 0 0.507226 0 0.629109 0 0 0.629748 0 0 0 0 0 0 0 0 0 0 0 0 0 0 0 0 0 0 0 0 0 0 0 0.427081 0 0 0 0.414813
0 0 0 0 0 0 0 0 0 0 0 0 0 0 0 0 0 0 0 0 0 0 0 0 0 0 0 0 0 0 0 0 0 0 0 0.328838 0 0 0 0 0.608092 0 0 0 0 0 0 0 0 0 0 0.574535 0 0 0 0 0 0 0 0 0 0 0 0.523666 0 0 0 0 0 0 0 0 0 0 0 0 0 0 0 0 0 0 0 0 0 0 0 0 0 0 0 0 0 0 0 0 0 0 0 0 0.55564 0 0 0 0 0 0 0 0 0 0 0 0 0.598033 0 0.556017 0 0.611669 0 0 0 0 0 0 0 0 0 0 0 0 0 0 0 0 0 0 0 0 0 0 0 0 0 0 0 0 0 0 0 0 0 0 0 0 0.626102 0 0 0 0 0 0 0 0 0 0 0.379621 0 0 0 0 0 0 0 0 0 0 0 0 0 0 0 0 0 0 0 0 0 0.391015 0 0 0 0 0 0 0 0 0 0 0 0
0 0 0 0 0 0 0 0 0 0 0 0 0 0 0 0 0 0 0.572917 0 0 0 0 0 0.528626 0 0 0 0 0 0 0 0 0.530971 0 0 0.386609 0.338042 0 0 0 0 0 0 0 0 0 0 0 0 0 0 0 0 0 0 0 0 0 0.471989 0 0 0 0 0 0 0 0 0 0 0 0 0 0 0 0 0 0 0.534416 0 0.37549 0 0 0 0 0 0 0 0 0 0.626309 0 0.59741 0 0 0 0 0 0 0 0 0 0 0 0 0 0 0 0.459523 0 0.539786 0 0 0.352031 0 0 0 0 0 0 0 0.606008 0 0 0 0 0 0 0 0.513567 0 0 0 0 0 0 0 0 0 0 0 0 0 0 0 0 0 0 0 0 0 0 0 0 0 0 0 0 0 0 0.564295 0 0 0 0 0 0 0.389818 0.582739 0 0 0 0 0 0 0 0 0 0 0 0 0 0 0 0 0 0 0 0 0 0 0 0.311268 0 0 0 0 0 0 0
0 0 0 0 0 0 0 0 0 0 0 0 0 0 0 0 0 0 0 0 0 0 0 0 0 0 0 0 0 0 0 0 0 0 0 0 0 0.412777 0 0 0 0 0 0 0 0 0 0 0 0 0 0 0 0 0 0 0 0 0 0.566095 0 0.594424 0 0 0 0 0 0 0 0 0 0 0 0 0 0 0 0 0 0 0 0 0 0 0 0 0 0 0 0 0 0 0 0 0 0 0 0 0 0 0 0 0 0 0 0 0 0 0 0 0 0 0.332332 0 0 0 0 0 0 0 0 0 0 0 0 0 0 0 0 0 0 0 0 0 0 0 0 0 0 0 0 0 0 0 0.524675 0 0 0 0 0 0 0 0 0 0 0 0 0 0 0 0 0 0 0 0 0 0 0 0 0 0 0 0 0 0 0 0 0 0 0 0.327795 0 0 0 0 0 0 0 0 0 0.353688 0 0 0 0 0 0 0 0 0
0 0 0 0 0 0 0 0 0 0 0.642594 0 0 0 0 0.641331 0 0 0 0.408658 0 0 0 0 0 0 0 0 0 0 0 0 0 0 0 0 0 0 0 0 0 0.645597 0 0.404425 0 0 0 0 0 0 0 0 0 0 0 0 0 0 0 0 0 0 0 0 0 0 0 0 0 0 0 0 0 0 0 0 0 0 0 0 0 0 0 0 0 0 0 0 0 0 0.594508 0 0 0 0 0 0 0 0 0 0 0 0 0 0 0 0 0 0 0 0 0 0 0 0 0 0 0 0 0 0 0.670883 0 0 0 0 0 0 0 0 0.55101 0 0 0 0 0 0 0 0 0 0 0 0 0 0 0 0 0 0 0 0 0 0 0 0 0 0 0.364787 0 0 0 0 0 0 0 0 0 0 0 0 0 0 0 0 0 0 0 0 0 0 0 0 0 0 0 0 0 0 0 0 0 0 0 0 0 0 0 0 0 0
0 0 0 0 0 0 0 0 0 0 0 0 0 0 0 0 0 0 0 0 0 0 0 0 0 0 0 0 0 0 0 0 0 0 0 0 0 0 0 0 0 0 0 0 0 0 0 0 0 0 0 0 0 0 0 0 0 0 0 0 0 0 0 0 0 0 0 0 0 0 0 0 0 0 0 0 0 0.390411 0 0 0 0 0 0 0 0 0 0.717145 0 0 0 0 0 0 0 0 0 0 0 0 0 0 0 0 0 0 0 0 0 0 0 0 0 0 0 0 0 0 0 0 0 0 0 0 0 0 0 0 0 0 0 0 0 0 0 0 0 0 0 0 0.500153 0.500611 0 0 0 0 0 0 0 0 0 0 0 0 0 0.620505 0 0 0 0 0 0 0 0 0 0 0 0 0 0 0 0 0 0 0 0 0 0 0 0 0 0 0 0 0 0.442878 0 0 0 0 0 0 0 0 0 0 0 0 0 0
0 0 0 0 0 0 0 0 0 0 0 0 0 0 0 0 0 0 0 0 0 0 0 0 0 0 0 0 0 0 0 0.564623 0 0 0 0 0 0 0 0 0.542304 0 0 0 0 0 0 0 0 0 0 0 0 0 0 0 0 0 0 0 0.386759 0 0 0 0 0 0 0 0 0 0 0 0 0 0 0.530933 0 0 0 0 0 0 0 0 0 0 0 0 0 0 0 0 0 0 0 0 0 0 0 0 0 0 0 0 0 0 0 0 0 0 0 0 0 0 0 0 0 0 0 0 0 0 0 0 0 0 0 0 0 0 0 0 0 0 0 0 0 0 0 0 0 0 0.512349 0 0 0 0 0 0 0 0 0 0 0 0 0 0 0 0 0 0 0 0 0 0 0 0 0 0 0 0 0 0 0 0 0 0 0 0 0 0 0.511542 0 0 0 0 0 0 0 0 0 0 0 0 0 0 0 0 0 0
0 0 0 0 0 0 0 0 0 0 0 0 0 0 0 0 0 0 0 0 0 0 0 0 0 0 0 0 0 0 0 0 0 0 0 0 0 0 0 0 0.593088 0 0.4858 0 0 0 0 0 0 0 0 0 0 0.645218 0 0 0 0 0 0 0 0 0.551291 0 0 0 0 0 0 0 0 0 0 0 0 0 0 0 0 0 0 0 0 0 0 0.717145 0 0 0 0 0 0 0 0 0 0 0 0 0 0 0 0 0 0 0 0 0 0 0 0 0 0 0 0 0 0.578458 0 0 0 0 0 0 0 0 0 0 0 0 0 0.565654 0 0 0 0 0 0 0 0 0 0 0 0 0 0 0 0 0 0 0 0 0 0 0 0 0 0 0 0 0 0 0 0 0 0 0 0 0 0 0 0 0 0 0.690067 0 0 0 0 0 0 0 0 0 0 0 0 0 0.514397 0 0 0 0 0 0 0 0 0 0 0 0.582716 0
0 0 0 0 0 0 0.437729 0 0 0 0 0 0 0 0 0 0 0.376361 0 0 0 0 0 0 0 0 0 0 0 0 0 0 0 0 0 0 0 0 0 0 0 0 0 0 0 0.552234 0 0 0 0 0 0 0 0 0 0 0 0 0 0 0 0 0 0 0 0 0 0 0 0 0 0 0 0 0 0 0 0 0 0 0 0 0 0 0 0 0 0 0 0 0 0 0 0 0 0 0 0 0 0 0 0 0 0 0 0 0 0 0 0 0 0 0 0 0 0 0.373459 0 0 0 0 0 0 0 0 0 0 0 0 0 0.411849 0 0 0 0 0 0.544077 0 0 0 0 0 0 0 0 0 0 0 0 0 0 0 0 0 0 0 0 0 0 0 0 0.376745 0 0 0 0 0 0 0 0 0 0 0 0 0 0.526905 0 0 0 0 0 0 0 0 0 0.316394 0 0 0 0 0 0 0 0 0 0 0 0 0 0
0 0 0 0 0 0 0 0 0.614797 0 0.371137 0 0 0 0 0 0 0.30505 0 0 0 0 0 0 0 0 0 0 0 0 0 0 0 0 0 0 0 0 0 0 0 0 0 0 0 0 0 0 0 0 0 0 0 0 0 0 0 0 0 0 0 0 0 0 0 0 0 0 0 0 0 0 0 0 0 0.594836 0 0 0 0 0 0 0 0 0 0 0 0 0 0 0 0 0 0 0 0 0 0 0 0 0 0 0 0 0 0 0 0 0 0 0 0 0 0 0 0 0 0 0 0 0 0 0 0 0 0 0 0 0 0.361054 0 0 0 0 0 0 0 0 0 0 0 0 0 0 0 0 0 0 0 0 0 0 0 0 0 0 0 0 0 0 0 0 0 0 0 0 0 0 0 0 0 0 0 0 0 0 0 0 0 0 0 0.633269 0 0 0 0.574848 0 0 0 0 0 0 0 0 0 0 0 0 0 0
0 0 0 0 0 0 0 0 0 0.441267 0 0 0 0 0 0 0 0 0 0 0 0 0 0 0 0.580305 0 0 0 0 0 0 0.463456 0 0 0 0 0 0 0 0 0 0 0 0 0 0 0 0 0 0 0 0 0 0 0 0 0 0 0 0 0 0 0 0 0 0 0 0 0 0 0 0 0 0 0 0 0 0.485271 0 0 0 0.626309 0 0.594508 0 0 0 0 0 0 0.341626 0 0 0 0 0 0 0 0 0 0 0 0 0 0 0 0 0 0 0 0.402357 0 0 0 0 0 0 0 0 0 0 0 0 0.418835 0.539459 0.504298 0 0 0 0 0 0 0 0 0.665696 0 0 0 0 0 0 0 0 0 0 0 0 0 0 0 0 0 0 0.486128 0 0 0 0 0 0 0 0 0 0 0 0 0 0 0 0 0 0 0 0 0 0 0 0 0 0 0 0 0 0 0.351919 0 0 0 0 0 0.452949 0 0 0 0 0 0 0 0
0 0 0 0.489784 0 0 0.384697 0 0 0 0 0 0 0 0 0 0.461447 0 0 0 0 0 0 0 0 0 0 0 0 0 0.386819 0 0 0 0 0 0 0 0 0 0 0 0 0 0 0 0 0 0 0 0 0 0 0 0 0 0 0 0 0 0 0 0 0 0 0 0 0 0 0 0 0 0 0 0 0 0 0 0 0 0 0 0 0 0 0 0 0 0 0 0.341626 0 0 0 0 0 0.368001 0 0 0 0 0 0 0 0 0 0 0 0 0 0 0 0 0 0 0 0 0 0 0 0 0 0 0 0 0 0 0 0.487041 0 0 0 0 0 0 0 0 0 0 0 0 0 0 0 0 0 0 0 0 0 0 0 0 0 0.542941 0 0 0 0 0 0 0 0 0 0 0 0 0 0 0 0 0 0 0 0 0 0 0 0 0 0 0 0 0 0 0 0 0 0 0 0 0 0 0 0 0 0 0 0 0
0 0 0 0 0 0 0 0 0 0 0 0 0 0 0 0.579356 0 0 0 0.562842 0 0 0.424078 0 0 0 0 0 0 0 0 0 0 0 0 0 0 0 0 0 0 0 0 0.708213 0 0 0 0 0 0 0 0 0 0 0 0 0 0 0 0 0 0 0 0 0 0 0 0 0 0 0 0 0 0 0 0 0 0 0 0 0 0 0.59741 0 0 0 0 0 0 0 0 0 0 0 0 0 0 0 0 0 0 0 0 0 0 0 0 0 0 0 0 0 0 0 0 0 0 0 0 0 0 0 0 0 0 0 0 0 0 0 0 0 0 0 0 0 0 0 0 0 0 0 0 0 0 0.527918 0 0 0 0 0 0.539063 0 0 0 0 0 0 0 0 0 0 0 0 0 0 0.689256 0 0 0 0 0 0 0 0 0.469137 0 0 0 0 0.386638 0 0 0 0 0 0 0 0 0 0 0 0 0 0 0 0 0 0 0
0 0 0 0 0 0 0 0 0 0 0 0 0 0 0 0 0 0 0 0 0 0 0 0 0 0 0 0 0 0 0 0 0 0.538506 0 0 0 0 0 0.452289 0 0 0 0 0 0 0 0 0 0 0 0 0 0 0 0 0 0 0 0 0 0 0 0 0 0 0 0 0 0 0 0 0 0 0 0 0.634645 0 0 0 0 0 0 0 0 0 0 0 0 0 0 0 0 0 0 0.652041 0 0 0.360049 0 0 0 0.494201 0 0 0 0 0 0 0 0 0 0 0 0 0 0 0 0 0 0 0 0 0 0 0 0 0 0 0 0 0 0 0 0.382671 0 0 0 0 0 0 0 0 0 0 0 0 0 0 0 0 0 0 0 0 0 0 0 0 0 0 0 0 0 0.620097 0 0 0 0 0 0 0.61621 0 0 0 0 0 0 0.537492 0 0 0 0 0 0 0 0 0 0 0 0.473632 0 0 0 0 0 0 0 0 0
0 0 0 0 0 0 0 0.584603 0 0 0 0.566959 0 0 0 0 0 0 0 0 0 0 0 0 0 0 0 0 0 0 0 0 0 0 0 0 0 0 0 0 0 0 0 0 0 0 0.496479 0 0 0 0 0 0 0 0 0 0 0 0 0 0 0 0 0 0.549238 0 0 0 0 0 0 0 0 0 0 0 0 0 0 0 0 0 0 0 0 0 0 0 0 0 0 0 0 0 0 0 0 0 0 0 0.579879 0 0 0 0 0 0 0 0 0 0 0 0 0 0 0 0 0 0 0 0 0 0 0 0 0 0 0.406736 0 0 0 0 0 0.414657 0.520393 0 0 0 0 0 0 0 0 0 0 0 0 0 0 0 0 0 0 0 0 0 0 0 0 0 0.593828 0.49557 0 0 0 0 0 0 0 0 0 0 0 0 0 0 0 0 0 0 0 0 0 0 0 0 0 0 0 0 0 0 0 0 0 0 0 0 0 0
0 0 0 0 0 0 0 0 0 0 0 0 0 0 0 0 0 0 0 0 0 0 0 0 0 0 0 0.502733 0 0 0 0 0 0 0 0 0 0 0 0 0 0 0 0 0 0.647586 0 0 0 0 0 0 0 0 0 0.481347 0 0 0 0 0 0 0 0 0 0 0 0 0 0 0 0 0 0 0 0 0 0 0 0 0.422956 0 0 0 0 0 0 0 0 0 0 0 0 0.652041 0 0 0 0 0 0 0 0 0 0 0.401661 0 0 0 0 0 0 0 0 0 0 0 0 0 0 0 0 0.417528 0 0 0 0 0 0 0 0 0 0 0 0 0 0 0 0.662794 0 0 0 0 0 0 0 0 0 0.527073 0 0 0 0 0 0 0 0 0 0 0 0 0 0 0 0 0 0 0 0 0 0 0 0 0 0 0 0 0 0 0 0 0 0.590807 0.623683 0 0 0 0 0 0 0 0 0 0 0 0 0 0 0 0 0
0 0 0 0 0 0.386532 0 0 0 0 0 0 0 0 0 0 0 0 0 0 0 0 0 0 0 0 0 0 0 0 0 0 0 0 0 0 0 0 0 0 0 0 0 0 0 0 0 0 0 0 0 0 0 0 0 0 0 0 0 0 0 0 0 0 0 0.600261 0 0 0 0.67391 0.593507 0 0 0 0 0.448859 0 0.451647 0 0 0 0 0 0 0 0 0 0 0 0 0 0.368001 0 0 0 0 0 0 0 0 0 0 0 0 0 0 0 0 0 0 0 0 0 0 0 0 0 0 0 0 0 0 0 0 0 0 0 0 0 0 0 0 0 0 0 0 0 0 0 0 0 0 0 0 0 0 0.661471 0 0 0 0 0 0 0.570079 0 0 0 0 0 0 0 0.648726 0 0 0 0 0 0 0 0 0 0 0 0 0 0 0 0 0 0 0 0 0 0 0 0 0 0 0 0.741304 0.565901 0.527542 0 0 0 0 0 0 0 0
0 0 0 0 0 0 0 0 0 0 0 0 0 0 0 0.711213 0 0 0 0 0 0 0 0 0 0 0 0 0.557248 0 0 0 0 0 0 0 0 0 0.474967 0 0.705291 0.500489 0 0 0 0 0 0 0 0 0.486534 0 0 0 0 0 0 0 0 0 0 0 0 0 0 0.446492 0 0 0.535909 0 0 0 0 0 0 0 0 0 0 0 0 0 0 0 0 0 0 0 0 0 0 0 0 0 0 0 0 0 0 0 0 0 0 0 0 0 0 0 0 0 0 0 0 0 0 0 0 0 0 0.642486 0 0 0 0 0 0 0 0 0 0 0 0 0 0.588934 0 0 0.681084 0 0 0 0 0 0 0 0 0 0 0 0 0 0 0 0 0 0 0 0 0 0 0 0 0 0 0 0 0 0 0 0 0 0 0 0 0 0 0.504306 0 0 0 0 0 0 0 0 0.571911 0 0 0 0 0 0 0 0 0 0 0 0 0 0 0
0 0 0 0 0 0 0 0 0.449458 0 0.596533 0 0 0.418653 0 0 0 0 0 0 0 0 0 0 0 0 0 0 0 0 0 0 0 0 0 0 0 0 0 0 0 0 0 0 0 0 0 0 0 0 0 0 0.386646 0 0 0 0 0 0 0 0 0 0 0 0 0 0 0 0.409319 0 0 0 0 0 0 0.519604 0 0 0 0 0 0 0 0 0 0 0 0 0 0 0 0 0 0.360049 0 0 0 0 0 0 0.637334 0 0 0 0 0 0.476536 0 0 0 0 0 0 0 0 0 0 0 0 0 0 0 0 0 0 0 0 0 0 0 0 0 0 0 0 0.449441 0 0 0 0 0 0 0 0 0 0.633971 0 0 0 0 0 0 0.597896 0 0 0 0 0 0 0 0 0 0 0 0 0 0 0 0 0 0 0 0 0 0 0 0 0 0 0.355067 0 0 0 0 0 0 0 0 0 0.414624 0 0.496246 0 0 0 0 0 0 0 0
0 0 0 0 0 0 0 0 0 0 0 0 0 0 0 0 0 0 0 0 0 0 0 0 0 0 0 0 0.523006 0 0 0 0 0 0 0 0 0 0 0 0 0 0 0 0 0 0 0 0 0 0 0 0 0 0 0 0 0 0 0 0 0.398759 0 0 0 0 0 0 0 0 0 0 0 0 0 0 0 0 0 0 0 0 0 0 0 0 0 0 0 0 0 0 0 0 0 0 0 0 0 0 0 0 0 0 0 0 0 0 0 0 0 0 0 0 0.544691 0 0 0 0 0 0 0 0 0 0 0 0 0 0 0 0 0 0 0 0 0 0 0 0 0 0 0 0 0 0 0 0 0 0 0 0 0 0 0 0 0 0 0 0 0 0.484214 0 0 0 0 0 0 0.333135 0 0 0 0 0 0 0.457932 0 0 0 0 0 0 0 0 0 0 0 0 0 0.342425 0 0 0 0 0 0 0 0 0 0 0
0 0 0 0 0.333978 0 0 0 0 0 0 0 0 0 0 0 0 0 0 0.597488 0 0 0 0 0 0 0 0 0 0 0 0 0 0 0 0 0 0.543322 0 0 0 0 0 0 0 0 0 0 0 0 0 0 0 0 0 0 0 0 0 0 0 0 0 0 0 0 0 0 0 0 0 0 0 0 0 0 0 0 0 0 0 0.55564 0 0 0 0 0 0 0 0 0 0 0 0 0.579879 0 0 0 0.637334 0 0 0 0 0 0 0 0 0 0 0 0 0 0 0 0 0 0 0 0 0.644116 0 0 0 0 0 0 0 0 0 0 0 0 0 0 0 0 0 0 0 0 0 0 0 0 0 0 0 0 0 0 0.513735 0.417247 0 0 0 0 0 0 0 0 0 0 0 0 0 0 0.573703 0 0.369803 0 0 0 0 0 0 0 0 0 0 0 0 0 0 0 0.716187 0.642693 0 0.639558 0 0 0 0 0 0.656527 0 0 0 0 0.339781 0
0 0 0 0 0 0 0 0 0 0 0 0 0 0 0 0 0 0 0.323238 0 0 0 0 0 0 0 0 0 0 0.7198 0 0 0 0 0 0 0 0 0 0 0 0.573728 0.353299 0 0 0.337878 0 0 0 0.360885 0 0 0 0 0 0 0 0 0 0 0 0 0 0 0 0 0 0 0.392003 0 0 0 0 0 0 0 0 0 0 0 0 0 0 0 0 0 0 0 0 0 0 0 0 0 0 0 0 0 0 0 0 0 0.604441 0 0 0 0 0 0 0.353535 0 0 0 0 0 0 0 0 0 0 0 0 0 0 0 0 0 0 0 0.434291 0 0 0 0 0 0 0 0 0 0 0 0 0 0 0 0 0 0 0 0 0 0 0 0 0 0 0 0 0 0 0 0 0 0 0 0 0 0 0 0 0 0 0 0.501393 0 0 0 0 0 0 0 0 0 0 0 0 0 0 0 0 0 0 0 0 0 0 0 0 0 0
0 0 0 0 0 0 0 0 0 0 0 0 0 0 0.622198 0 0 0 0 0 0 0 0 0 0.746324 0 0 0 0 0 0 0 0 0 0 0 0 0 0 0 0 0 0 0 0.457709 0 0 0 0.685691 0 0 0 0 0.349531 0 0 0 0 0.613616 0 0 0 0 0 0 0 0 0 0 0 0 0.47588 0 0 0 0 0 0 0 0 0 0 0 0 0 0 0 0 0 0 0 0 0 0.494201 0 0 0 0 0 0 0 0.604441 0 0 0 0 0 0 0 0 0 0 0 0 0 0 0 0 0 0.643319 0 0 0 0 0 0 0 0.534715 0 0 0 0 0 0.611706 0 0 0 0 0 0 0.595101 0 0 0.475284 0.45652 0 0 0 0 0 0 0 0 0 0 0 0 0 0 0 0 0 0 0 0 0 0 0 0 0 0 0.696625 0 0 0 0 0 0 0 0 0.531425 0 0 0 0 0 0 0 0 0 0 0 0 0 0 0.650137 0 0 0 0
0.488506 0 0 0 0 0 0 0 0 0 0 0.412842 0 0 0 0 0 0.728984 0.380805 0 0 0 0 0 0 0.687006 0 0 0 0 0 0 0 0 0 0 0 0.650766 0 0 0 0 0 0 0.558309 0 0 0 0 0 0 0 0 0.554502 0 0 0 0 0 0 0 0 0 0 0 0 0 0 0 0 0 0 0 0 0 0 0 0 0 0 0 0 0 0 0 0 0 0 0 0 0 0 0 0 0 0 0 0 0 0 0 0 0 0 0 0 0 0 0 0 0 0 0 0 0 0 0 0 0 0 0.372519 0 0 0 0 0 0 0 0 0 0 0 0 0 0 0 0 0 0 0 0.547575 0 0 0 0 0 0 0 0 0 0 0 0 0 0 0 0 0.61549 0 0 0 0 0 0 0 0 0 0 0 0 0 0 0 0 0 0 0 0 0 0 0 0 0 0 0 0 0 0 0 0 0 0 0 0 0 0 0 0 0 0
0 0 0 0 0 0 0 0 0 0 0 0 0 0 0 0 0 0 0 0 0 0 0 0 0 0 0 0 0 0.383717 0 0 0 0 0 0 0 0 0 0 0 0 0 0 0 0 0 0 0 0 0 0 0 0 0 0 0 0 0 0 0 0 0 0 0 0 0 0 0 0 0 0.584638 0 0 0 0 0 0 0 0 0 0 0 0 0 0 0 0 0 0 0 0 0 0 0 0.401661 0 0 0 0 0 0 0 0 0 0.516996 0 0 0 0 0.587591 0 0 0 0 0 0 0.459623 0 0 0 0 0 0 0 0 0.436204 0 0 0 0 0 0 0 0 0 0 0 0 0 0 0 0 0 0 0.3709 0 0 0 0.395393 0 0 0 0 0 0 0 0 0 0 0 0 0 0 0.726288 0 0 0 0 0 0 0.476862 0 0 0 0 0 0.522059 0 0 0 0 0 0 0 0 0 0 0 0 0 0.666843 0 0 0 0 0 0 0 0
0 0 0 0 0 0.574298 0 0 0 0 0 0 0 0 0 0 0 0 0 0 0 0 0 0 0 0 0 0 0 0 0 0 0 0 0 0 0 0 0 0 0 0 0 0 0 0 0 0 0 0 0 0 0 0 0 0 0 0 0 0 0 0 0 0 0 0 0 0 0 0 0 0 0 0 0 0 0 0 0 0 0 0 0 0 0 0 0 0 0 0 0 0 0 0 0 0 0 0 0 0 0 0 0 0 0.516996 0 0 0 0 0 0 0 0 0 0 0 0 0 0 0 0.553548 0 0 0 0 0 0 0 0 0 0 0 0 0 0 0 0 0 0.72148 0 0 0 0 0 0 0.363833 0 0 0 0 0 0 0 0 0 0 0 0 0 0 0 0 0 0 0 0 0 0 0 0 0 0 0 0 0 0 0 0 0 0 0 0 0 0 0 0 0 0 0 0 0 0 0 0 0 0 0.437707 0 0 0
0.478952 0 0 0 0 0 0 0 0 0 0 0 0 0 0 0 0 0 0 0 0 0 0 0 0 0 0 0 0.420916 0 0 0 0 0 0 0 0 0 0 0 0 0 0 0 0 0 0 0 0 0 0.518992 0 0 0.410461 0 0 0 0 0.398672 0 0 0 0 0 0 0 0 0 0 0 0 0 0 0 0 0 0 0 0.461339 0 0 0 0 0 0 0 0 0 0 0 0 0 0 0 0 0 0 0 0.476536 0 0 0 0 0 0 0 0 0 0 0 0 0 0 0 0 0 0 0 0 0 0 0 0 0 0 0 0 0.456446 0 0 0 0.369799 0 0 0 0 0 0 0 0 0 0.534517 0 0 0 0 0 0 0 0 0 0 0 0 0 0 0 0 0 0 0 0 0 0 0 0 0 0 0.482494 0.347327 0.545785 0 0 0 0 0 0 0 0 0 0 0 0 0 0 0.577612 0 0 0 0 0 0 0 0 0 0 0 0 0 0
0 0 0 0 0 0.574121 0 0 0 0.554175 0 0 0 0 0 0 0 0 0 0 0 0 0 0 0 0.441019 0 0 0 0 0 0 0 0 0 0 0 0 0 0 0 0 0 0 0 0.453035 0 0 0 0 0 0 0 0 0 0 0 0 0 0 0 0 0 0.574904 0 0 0 0 0 0 0 0 0 0 0 0 0 0 0 0 0 0 0 0 0 0 0 0 0 0 0 0 0 0 0 0 0 0 0 0 0 0 0 0 0 0 0 0 0 0 0.675782 0 0 0 0 0 0 0 0 0 0 0 0 0 0 0 0 0 0 0 0 0 0 0 0 0 0 0 0 0 0 0 0 0 0 0 0 0 0 0 0 0 0 0 0 0 0 0 0 0 0 0 0 0 0 0 0 0 0 0 0 0 0 0 0 0 0 0 0 0 0 0 0 0.433918 0 0 0 0 0 0 0 0 0 0 0.315056 0.631758 0 0 0 0
0 0 0 0 0.569983 0 0 0 0 0 0 0 0 0 0 0 0.645062 0 0 0 0 0 0 0 0 0 0 0 0 0.485966 0 0 0 0 0 0.714028 0 0 0 0 0 0 0 0 0 0 0 0 0.598834 0 0 0 0 0 0 0 0 0 0 0 0 0 0 0 0 0 0 0 0 0 0.624434 0 0 0.339818 0.474865 0 0 0.721767 0 0 0 0 0.459523 0 0 0 0 0 0 0 0 0 0 0 0 0 0 0 0 0 0 0 0 0 0 0 0 0 0 0 0 0 0 0 0 0 0 0 0 0 0 0 0 0.658498 0 0 0.622733 0 0 0 0 0 0 0 0.48692 0 0 0 0 0 0 0 0 0 0.343624 0 0 0.667721 0 0 0 0 0.60718 0 0 0 0 0 0 0 0.557262 0 0 0 0 0 0 0 0 0 0 0 0 0 0 0 0 0 0 0 0 0 0 0 0 0 0 0 0 0 0 0 0 0 0 0 0 0 0 0
0 0 0 0 0 0 0 0 0 0 0 0 0 0 0 0 0 0 0.528161 0 0 0 0 0 0 0 0 0 0 0 0 0 0 0 0 0 0 0 0 0 0 0 0 0 0.533291 0 0 0 0 0 0 0 0 0.359375 0 0 0 0 0.610282 0 0 0.542583 0.512096 0 0 0 0 0 0 0 0 0 0 0 0 0 0 0 0 0 0 0 0 0 0 0 0 0 0 0 0 0 0 0 0 0 0 0 0 0 0 0.353535 0 0 0 0 0 0 0 0 0 0 0 0 0 0 0 0 0 0 0 0 0.470955 0.339088 0 0 0 0 0 0 0 0 0 0 0 0 0 0 0 0 0 0 0 0 0 0 0 0 0 0 0 0 0 0 0 0 0 0 0 0.563924 0 0 0 0 0 0 0 0 0 0 0 0 0 0 0 0 0 0 0 0 0 0 0 0 0 0 0 0 0 0 0 0 0 0 0 0 0 0 0 0
0 0 0 0 0 0 0 0 0 0 0 0 0.587328 0.427913 0 0 0 0 0 0 0 0 0 0 0 0 0.522263 0.396251 0 0 0 0 0 0 0 0 0 0 0 0 0 0 0 0 0 0 0.579075 0 0 0 0 0 0 0 0 0 0 0 0 0.49291 0 0 0 0 0 0 0 0 0 0 0 0 0 0 0 0 0 0 0 0 0 0 0.539786 0 0 0 0 0 0 0 0 0 0 0 0 0 0 0 0 0 0 0 0 0 0.587591 0 0 0.675782 0 0 0 0 0 0 0 0.584555 0 0 0 0 0 0 0 0 0 0 0 0 0 0 0 0 0 0 0 0 0 0.521313 0 0 0 0 0 0.562095 0 0 0 0 0.358449 0 0 0 0 0 0 0 0 0 0 0 0 0 0 0 0 0.40142 0 0.649797 0.443042 0 0 0 0.429768 0 0 0 0 0 0 0 0 0 0.485398 0 0 0 0 0 0 0 0 0 0 0 0 0 0 0 0 0
0 0 0.546873 0 0 0 0 0 0 0 0 0 0.478416 0 0 0 0 0.374108 0 0 0 0 0 0 0.619169 0 0 0 0 0 0 0.40566 0 0 0 0 0 0 0 0.553012 0.339042 0 0 0 0 0 0 0 0.493515 0 0 0 0 0 0 0 0 0.460801 0 0 0 0.421749 0 0 0 0 0 0 0.48139 0 0 0 0 0 0.46669 0 0 0 0 0 0 0 0 0 0 0 0 0 0 0 0.402357 0 0 0 0 0 0 0 0 0 0 0 0 0 0 0 0 0 0 0 0 0 0 0 0 0 0.563125 0 0 0 0 0 0 0 0 0 0 0 0 0 0 0 0 0 0 0 0 0 0 0 0 0.593289 0 0 0 0 0 0 0 0 0 0 0 0 0 0 0 0 0 0.560042 0 0 0 0 0 0 0 0 0 0 0 0 0 0 0 0 0 0 0 0 0 0.660135 0 0 0 0.603446 0 0 0 0 0 0 0 0 0 0 0 0 0 0
0 0 0 0 0 0 0 0 0 0 0 0 0 0 0 0 0 0 0 0 0 0 0 0 0 0 0 0 0 0 0 0 0 0 0 0 0 0 0 0 0 0 0 0 0 0 0 0 0 0.376823 0 0 0 0 0 0 0 0 0 0 0 0 0 0 0 0 0 0 0 0 0 0 0 0 0 0 0 0 0 0 0.626512 0 0 0.332332 0 0 0 0 0 0 0 0 0 0 0 0 0 0 0 0 0 0 0 0 0 0 0 0 0 0 0 0 0 0 0 0 0 0 0 0 0 0.524921 0 0.429335 0 0 0 0 0 0 0 0 0 0 0 0 0 0 0 0 0 0 0 0 0.411377 0 0 0 0 0 0 0 0 0 0 0 0 0 0 0 0 0 0 0 0 0 0 0 0 0 0 0 0 0 0 0 0 0 0 0 0 0.664418 0 0 0 0 0 0 0 0 0 0 0 0 0 0 0 0 0 0.678441
0 0 0 0 0.56132 0 0 0 0 0 0 0 0 0 0 0 0 0 0 0 0 0 0 0 0 0 0 0 0 0 0 0 0 0 0 0 0 0 0 0 0 0 0 0 0 0 0 0.427354 0 0 0 0 0 0 0 0 0 0 0 0 0 0 0 0 0.535374 0 0 0 0 0 0 0 0 0.402456 0 0 0 0.577768 0 0 0 0.598033 0.352031 0 0 0 0 0 0 0 0 0 0 0 0 0 0 0 0 0 0 0 0 0 0 0 0 0 0 0 0 0 0 0 0 0 0 0 0 0 0 0 0 0 0 0.444396 0 0 0 0 0 0 0 0 0 0 0 0 0 0 0.603308 0 0 0 0.540296 0 0.487228 0 0 0 0 0 0 0 0 0 0 0 0 0 0 0 0 0 0 0 0 0 0 0 0 0 0 0 0 0 0 0 0 0 0 0 0 0 0 0 0 0 0 0 0 0 0 0 0 0 0 0 0 0
0 0 0 0 0 0 0 0 0 0 0 0.574871 0 0 0 0 0 0 0 0 0 0 0 0 0 0 0 0.631943 0 0 0 0 0 0 0 0 0 0 0 0 0 0 0 0 0 0 0 0 0 0 0 0 0 0.356364 0 0 0 0 0 0 0 0 0 0 0 0 0 0 0.376237 0 0 0 0 0 0 0 0 0 0 0 0 0 0 0 0 0 0 0 0 0 0 0 0 0 0 0 0 0 0 0.544691 0 0 0 0 0 0 0 0 0 0 0 0 0 0 0 0 0 0 0 0 0 0 0 0 0 0 0 0 0 0 0 0 0 0 0 0 0 0 0 0 0 0.447006 0 0.418379 0 0 0 0 0 0 0 0 0 0 0 0 0 0 0 0 0 0 0 0 0 0 0 0 0 0.534957 0 0 0 0 0 0 0 0 0 0 0 0 0 0 0 0 0 0 0.273292 0 0 0 0 0 0 0 0 0 0 0
0 0 0 0.488222 0 0 0 0 0 0.680513 0 0 0 0 0 0 0 0 0 0.605475 0 0 0 0 0 0 0 0 0 0 0 0 0.43009 0 0 0 0 0 0 0 0 0 0 0 0 0 0 0.358936 0 0 0 0 0 0 0 0 0 0 0 0 0 0 0 0 0 0 0 0 0 0 0 0 0 0 0 0 0 0 0 0 0 0.556017 0 0 0 0 0 0.578458 0 0 0 0 0 0 0 0 0 0 0 0 0 0 0 0 0 0 0 0 0 0 0.584555 0 0 0 0 0 0 0 0.532417 0 0 0 0 0.381396 0 0 0 0 0 0 0 0 0 0 0 0 0 0 0 0 0 0 0 0 0 0 0 0 0 0.322702 0 0 0 0 0 0 0 0 0 0 0 0 0 0 0 0 0 0 0 0.657003 0 0 0 0 0 0 0 0 0 0 0 0 0 0 0 0 0.444707 0 0 0 0 0 0 0 0 0 0 0 0 0
0 0 0 0.390698 0 0 0 0 0 0 0 0 0 0 0 0.306437 0 0 0 0 0 0.459193 0 0 0 0.699125 0 0 0 0 0 0 0 0 0 0 0 0 0 0 0.47913 0 0 0 0 0 0 0 0 0 0 0 0 0 0 0 0 0 0 0 0 0 0 0 0 0 0 0 0 0 0 0 0 0 0 0 0 0 0 0 0 0 0 0 0 0 0 0 0.373459 0 0 0 0 0 0 0 0 0 0 0 0 0 0 0 0 0 0 0 0 0 0 0.563125 0 0 0 0 0 0 0 0 0 0 0.410951 0 0 0 0.410637 0 0.569747 0 0 0 0 0 0 0 0 0 0 0 0 0 0 0 0 0 0.346552 0 0 0 0 0 0 0 0 0 0 0 0 0 0 0 0 0 0 0 0 0 0 0 0 0 0 0 0 0 0 0 0 0 0 0 0 0 0 0 0 0 0 0 0 0 0 0 0 0 0 0 0 0
0 0 0 0 0 0 0 0 0 0 0 0 0 0 0.340126 0 0 0 0.393114 0.51824 0.619698 0 0 0 0 0 0 0 0 0 0 0 0 0 0 0 0 0 0 0 0 0 0 0 0 0 0 0 0 0 0 0 0 0 0 0 0 0 0 0 0 0 0 0 0 0 0 0 0 0 0 0 0 0 0 0 0 0 0 0 0 0.611669 0 0 0 0 0 0 0 0 0 0 0 0 0 0 0 0 0 0 0 0 0 0 0.459623 0 0 0 0 0 0 0 0 0 0 0 0 0 0 0 0.431214 0 0 0 0 0 0 0 0 0 0 0 0.61339 0 0 0 0 0 0 0 0 0 0 0 0 0 0 0 0 0 0 0 0 0 0 0.61118 0 0 0 0 0 0 0 0 0 0.616684 0 0 0.480737 0 0 0 0 0 0 0 0 0 0 0 0.465406 0.517413 0 0.620258 0 0 0 0 0 0 0 0 0 0 0 0 0 0 0 0
0 0 0 0 0 0 0 0 0 0 0.420299 0 0 0 0 0 0 0 0 0 0 0 0 0.66194 0 0 0 0 0 0 0 0 0 0 0 0 0 0 0 0 0 0 0 0 0 0 0 0 0 0 0 0 0 0 0 0 0 0 0.386133 0 0 0 0 0 0 0 0 0 0 0 0 0 0.510963 0 0 0 0 0 0 0 0 0 0 0 0 0 0 0 0 0 0 0 0 0 0 0 0 0 0 0 0 0 0 0 0 0 0 0 0 0 0 0 0 0 0 0.532417 0 0 0 0 0 0 0 0 0 0 0 0 0 0 0 0 0 0 0 0 0 0 0 0 0 0 0 0 0 0 0 0 0 0 0 0 0 0 0 0 0 0 0 0 0 0 0 0 0 0 0 0 0 0 0 0 0.476962 0 0 0 0 0 0 0 0 0 0 0 0 0 0 0 0.309859 0 0 0 0 0 0 0 0 0 0 0
0 0.391885 0 0 0 0 0 0 0 0 0 0 0 0 0 0 0 0 0.491378 0 0 0.32072 0 0 0 0 0 0 0 0 0 0 0 0.59202 0 0 0 0 0 0 0 0 0 0 0 0.580044 0 0 0 0 0 0 0 0.621747 0 0 0 0 0 0 0 0 0 0 0 0 0 0 0 0 0 0 0 0 0 0 0 0 0 0 0 0 0 0 0 0 0 0 0 0 0 0 0 0 0 0 0 0.642486 0 0 0.644116 0 0.643319 0 0 0 0 0 0 0 0 0 0 0 0 0 0 0 0 0 0 0 0 0 0 0.671832 0 0 0 0.421292 0 0 0 0 0 0 0 0 0 0 0 0 0 0 0 0 0 0 0 0 0 0 0.348617 0 0 0 0 0 0 0 0 0 0 0 0 0 0 0 0 0 0 0 0 0 0 0 0 0 0 0 0 0 0 0 0 0 0 0 0 0 0 0 0 0 0 0 0 0 0 0
0 0.413327 0 0 0 0 0.705371 0 0 0 0 0 0 0 0 0 0 0 0 0 0 0 0 0 0 0 0 0 0 0 0 0.445456 0.35762 0 0 0 0 0 0 0.56624 0 0 0 0 0.386448 0 0 0 0 0 0 0 0 0 0 0 0 0 0 0 0 0 0 0 0 0.305529 0.469731 0 0 0 0 0 0 0 0 0 0 0 0 0 0 0 0 0 0 0 0 0 0 0 0 0 0 0 0 0 0 0 0 0 0 0 0 0.372519 0 0.553548 0 0 0 0 0 0 0 0 0 0 0 0.431214 0 0 0 0.718882 0 0 0 0 0.604484 0 0 0 0 0 0 0 0 0 0 0 0 0 0 0 0 0 0 0 0 0 0 0 0 0 0 0 0 0 0 0 0 0 0.610636 0 0 0 0 0 0.688568 0 0 0 0 0 0 0 0.506199 0 0 0 0 0 0 0 0 0 0 0 0 0 0 0.636298 0 0 0 0 0 0 0 0 0 0
0 0 0 0 0 0 0 0 0 0 0 0 0.34563 0 0 0 0 0 0 0 0.371535 0 0 0 0 0 0.379156 0 0 0 0 0 0 0 0 0.407346 0 0 0 0 0 0.537734 0 0 0 0 0 0 0 0 0 0 0 0 0 0 0 0 0 0 0 0 0 0 0 0 0 0 0 0 0 0 0 0 0 0 0 0 0 0 0 0 0.606008 0 0.670883 0 0 0 0 0 0 0 0 0 0 0.417528 0 0 0 0 0 0 0 0 0 0 0 0 0 0 0 0 0.524921 0 0 0 0 0 0 0 0.718882 0 0 0 0 0 0 0 0 0 0 0 0 0 0 0 0 0.466258 0 0 0 0 0 0 0 0 0.580622 0 0 0 0 0 0 0 0 0 0 0 0 0 0 0 0 0 0 0 0 0 0 0 0 0.51628 0.319131 0 0 0 0 0 0 0.431647 0 0 0 0 0 0 0 0 0 0 0 0 0 0 0 0 0 0 0 0
0 0 0 0 0 0 0.318889 0 0 0 0 0.32759 0 0 0 0 0 0 0 0 0 0 0.706203 0 0 0 0 0 0 0 0 0 0 0 0 0 0 0 0 0 0 0 0 0 0 0 0 0 0 0 0 0 0 0.414695 0 0 0 0 0 0 0 0 0 0 0 0 0 0 0 0.605692 0 0.438112 0 0 0 0 0 0 0.392398 0 0 0 0 0 0 0 0 0 0 0 0 0 0 0 0 0 0 0 0 0 0 0 0 0 0 0 0 0 0 0.470955 0 0 0 0 0 0 0.410951 0 0 0 0 0 0 0 0 0.65373 0 0 0 0 0 0 0 0 0 0 0 0 0 0 0 0 0 0 0 0 0 0 0 0 0 0 0 0 0 0.490908 0.613638 0 0 0 0 0 0 0 0 0 0 0 0 0 0.614951 0 0 0 0 0 0.482396 0 0 0 0 0 0 0.664943 0 0 0 0 0 0 0 0 0 0 0 0 0 0 0 0
0 0.562518 0 0 0.664578 0 0 0 0 0 0 0 0 0 0 0 0 0 0 0 0 0 0 0 0 0 0 0.531777 0 0 0 0 0 0 0 0.563571 0 0 0 0 0 0 0 0 0 0 0 0 0 0 0 0 0 0 0 0 0 0 0 0 0 0.60754 0.604672 0 0 0.544915 0 0 0 0 0 0 0 0 0 0 0 0.532509 0 0 0 0 0 0 0 0 0 0 0 0 0 0 0 0 0 0 0 0 0 0 0 0 0 0 0 0 0 0 0.658498 0.339088 0 0 0.429335 0 0 0.381396 0 0 0 0 0 0 0 0 0 0 0 0.333775 0 0 0 0 0.389014 0.661926 0 0 0 0 0 0 0 0 0 0.393201 0 0 0 0 0 0 0 0 0 0 0 0.659436 0 0 0.51251 0 0.560405 0 0 0 0 0 0 0 0.459295 0 0 0 0 0 0 0 0 0 0 0 0 0.620103 0 0 0 0 0 0 0.603835 0 0 0 0 0 0 0 0 0 0 0
0 0 0 0 0 0 0 0 0 0.653271 0 0 0 0 0 0 0 0 0 0 0 0 0 0 0 0 0 0 0 0 0 0 0 0 0 0 0 0.336935 0 0 0 0 0 0 0 0 0 0 0 0 0 0 0.648822 0 0 0 0 0 0 0 0 0 0 0 0 0 0 0 0 0 0 0 0 0 0 0 0 0 0 0 0 0 0 0 0 0 0 0 0 0 0.418835 0 0 0 0 0 0 0 0 0 0 0 0 0 0 0 0 0 0 0 0 0 0 0 0 0 0 0 0 0 0 0 0 0 0 0 0 0 0 0 0 0 0 0 0 0 0 0 0 0 0 0 0 0 0 0 0 0 0 0 0.614015 0 0 0 0 0 0 0 0 0 0 0 0 0 0 0 0 0 0 0 0 0 0 0 0 0 0 0 0 0 0 0 0 0 0 0.535675 0.438745 0 0 0 0 0 0 0 0 0 0 0 0 0
0 0 0 0 0 0 0 0 0 0 0 0 0 0 0.550037 0 0 0 0 0 0 0 0 0.629918 0 0 0 0 0 0 0 0 0 0 0 0 0.529113 0 0 0 0 0 0 0 0 0 0 0 0.670685 0 0.519848 0 0 0 0 0 0 0 0 0 0 0 0 0 0 0 0 0.382811 0 0 0 0 0 0 0 0.514044 0 0 0 0 0 0 0 0 0 0 0 0 0 0 0.539459 0 0 0 0 0 0 0 0 0 0 0 0 0 0 0 0 0 0 0 0 0 0 0.444396 0 0 0 0 0 0.671832 0 0 0.65373 0 0 0 0 0 0 0 0 0 0 0.667125 0 0 0 0 0 0 0 0 0 0.529851 0 0 0 0 0 0 0 0 0 0 0 0 0 0 0 0 0 0 0 0.542168 0 0 0 0 0 0 0 0 0 0.72579 0 0 0 0 0 0 0 0 0 0 0 0 0 0 0 0 0 0 0.62865 0 0 0 0 0 0 0
0 0.466943 0 0 0 0 0.497722 0 0 0 0 0 0.43535 0 0.523765 0 0 0 0 0 0 0 0 0.427635 0 0 0 0 0 0 0 0 0 0 0 0 0 0 0 0 0 0 0 0 0 0.619228 0 0 0 0 0 0 0 0 0 0 0 0 0 0 0 0 0 0 0 0 0 0 0 0 0 0 0 0 0 0 0 0.555609 0 0 0 0 0 0 0 0 0 0 0 0 0.504298 0 0 0 0 0 0 0 0 0 0 0 0 0 0.436204 0 0 0 0.622733 0 0 0 0 0 0 0 0.410637 0 0 0 0.604484 0 0 0 0 0 0 0 0 0 0 0 0 0 0 0.39969 0 0 0 0 0 0 0 0.354935 0 0 0.489524 0 0 0.691101 0 0 0 0 0 0 0.569904 0 0 0 0 0 0 0 0 0 0 0 0 0 0 0 0 0 0 0 0 0 0 0 0 0 0 0 0 0 0.424217 0 0 0.499231 0 0 0 0.394853 0 0 0 0 0 0
0 0 0 0 0 0 0 0 0 0 0 0.558675 0 0 0 0 0 0 0 0 0 0 0 0 0 0 0 0 0 0 0 0 0 0 0 0 0 0.438121 0 0 0 0 0 0 0 0 0 0 0 0 0 0 0 0 0 0 0 0 0 0 0 0 0 0 0 0 0 0 0 0 0 0 0 0 0 0 0 0 0 0 0 0 0 0 0 0 0 0 0 0 0 0 0 0 0.406736 0 0 0 0 0 0 0 0.534715 0 0 0 0.456446 0 0 0 0 0 0 0 0 0 0 0 0 0 0 0 0 0.333775 0 0 0 0 0 0 0 0.557572 0 0 0 0 0 0 0 0 0 0 0 0 0 0 0 0 0 0 0 0 0 0 0 0 0 0 0 0 0 0 0 0 0 0.650743 0 0 0 0 0 0 0 0 0 0 0 0 0 0 0.546848 0 0 0 0 0 0 0 0 0 0 0 0.340656 0 0 0 0 0 0 0
0.501277 0 0 0 0 0.402554 0 0 0 0 0 0 0 0 0 0 0 0 0 0 0 0 0 0 0 0 0.371145 0 0 0 0 0 0 0 0 0 0 0 0 0 0 0 0 0 0 0 0.408175 0 0 0 0 0 0 0 0 0 0 0.478611 0 0 0 0 0 0 0 0 0.671176 0 0 0 0 0 0 0 0 0 0 0.643271 0 0 0 0 0 0 0 0 0 0 0 0 0 0.487041 0 0 0 0 0 0 0 0 0 0 0 0 0 0 0 0 0 0 0 0 0 0 0 0 0.569747 0 0 0 0 0 0 0 0 0 0 0 0 0 0 0 0 0 0 0 0 0 0 0 0 0 0 0 0 0 0.667461 0 0.427924 0 0 0 0 0 0 0 0 0 0 0 0 0 0 0 0 0 0 0 0 0 0 0 0 0 0 0 0 0 0 0 0.631737 0 0 0.490703 0 0 0 0 0 0 0 0 0 0 0 0 0 0.365416 0 0.55823
0 0 0 0 0 0 0 0.491102 0 0 0.633278 0 0 0 0 0 0 0 0 0 0 0 0 0 0 0 0 0 0 0 0 0 0 0 0 0 0 0 0 0 0 0 0 0 0 0 0 0 0 0 0 0 0 0 0 0 0 0 0 0 0 0 0 0 0 0 0 0 0 0 0 0 0 0 0 0 0 0 0 0 0 0 0.513567 0 0 0 0 0.565654 0 0.361054 0 0 0 0 0 0 0 0 0 0 0 0.434291 0 0 0 0 0 0 0 0 0 0 0 0 0 0 0 0 0 0.421292 0 0 0 0 0 0 0 0 0 0 0 0 0 0 0 0 0 0.399672 0 0 0.483603 0 0 0 0.750565 0 0 0 0 0 0 0 0 0 0 0 0 0 0 0 0 0 0 0 0 0.487558 0 0 0 0 0 0 0 0 0 0.606626 0 0.528427 0 0 0 0 0 0 0 0 0 0.686017 0 0.593444 0 0 0 0 0 0 0 0 0 0
0 0 0 0 0 0 0 0 0 0 0 0 0 0 0 0 0 0 0 0 0 0 0 0 0 0 0 0 0 0 0 0 0 0 0 0 0 0 0 0 0 0 0 0 0 0 0 0 0.458555 0 0 0 0 0 0 0 0 0 0 0 0 0 0 0 0 0 0.450103 0 0 0 0 0 0 0 0 0 0 0 0 0 0 0 0 0 0.55101 0 0 0 0.411849 0 0 0 0 0 0 0 0 0 0 0 0 0 0 0 0 0 0 0 0 0 0 0 0 0 0 0 0 0 0 0 0 0 0 0 0 0 0 0 0 0 0 0 0 0.491195 0 0 0 0 0 0 0 0 0 0.519668 0 0 0 0 0 0 0 0 0 0 0 0 0 0.484476 0 0 0 0 0 0 0 0 0 0 0 0 0 0 0 0 0 0 0 0 0 0 0 0 0 0.475966 0 0 0 0 0 0 0 0 0 0 0 0 0 0 0 0.467919
0 0 0 0 0 0.677628 0 0 0 0 0 0 0 0 0 0 0 0 0 0 0 0 0 0 0 0 0 0 0 0 0 0.608082 0.640818 0 0 0 0.697086 0 0 0 0 0 0 0 0 0 0 0 0 0 0 0 0 0 0 0 0.434213 0 0 0 0 0 0 0 0 0.494652 0 0 0 0.398589 0 0 0.688985 0 0 0 0 0 0 0 0 0 0 0 0 0 0 0 0 0 0 0 0 0 0 0 0 0 0 0 0 0 0 0 0 0 0.369799 0 0 0 0 0 0 0 0 0 0 0 0 0 0 0 0 0 0 0 0 0.557572 0 0 0 0 0.540116 0 0.476501 0 0 0.38902 0 0 0 0 0 0 0 0.646245 0 0 0 0 0 0 0 0 0 0.600148 0 0 0 0 0 0 0 0.575155 0 0 0 0 0 0 0 0 0 0 0 0 0 0 0 0 0 0 0 0 0 0 0 0 0 0 0 0 0 0 0 0 0 0 0 0
0 0 0 0 0 0 0 0 0 0 0 0 0 0 0 0 0 0 0 0 0 0 0 0 0 0 0 0 0 0 0 0 0 0.371022 0 0 0 0 0 0 0 0 0 0 0 0 0 0 0 0 0 0 0 0 0 0 0 0 0 0 0.376668 0 0 0 0 0 0 0 0 0 0 0 0 0 0 0 0 0 0 0 0 0 0 0 0 0 0 0 0 0 0 0 0 0 0 0 0 0 0 0 0 0 0 0 0 0 0 0 0 0 0 0 0 0 0 0 0 0.61339 0 0 0 0 0 0.389014 0 0 0 0 0 0 0 0.540116 0 0 0 0 0 0 0 0 0 0 0 0 0 0 0 0 0 0 0 0.664336 0 0 0 0 0 0 0 0 0 0 0 0 0 0 0.52821 0 0 0 0 0 0 0 0 0 0 0 0 0 0 0 0 0 0 0 0 0 0 0 0 0 0 0 0 0 0 0 0 0
0 0 0 0 0 0 0 0 0 0 0 0 0 0 0 0 0 0 0 0 0 0 0 0 0 0 0 0 0 0 0 0 0 0 0 0 0 0 0 0 0 0 0 0 0 0 0.578867 0 0 0 0 0 0 0 0 0 0 0 0 0 0.366626 0 0 0 0 0 0 0 0 0.654038 0 0 0 0 0 0 0 0 0 0 0 0 0 0 0 0 0 0 0 0 0 0 0 0 0.414657 0 0 0.588934 0 0 0 0 0.611706 0 0 0 0 0 0 0 0 0 0 0 0 0 0 0 0 0 0 0 0 0.661926 0 0.667125 0 0 0 0 0.491195 0 0 0 0.466315 0 0 0 0 0 0 0 0 0 0 0 0 0 0 0 0 0 0 0 0 0 0 0 0 0 0 0 0 0 0.623155 0 0.528604 0 0 0 0 0 0 0 0 0 0 0.503881 0 0 0 0 0 0.421608 0 0 0 0 0 0 0 0 0 0 0 0 0 0 0 0
0 0 0 0 0.565251 0 0.552976 0 0 0 0 0 0 0 0 0 0 0 0 0 0 0 0 0 0 0 0 0 0 0 0 0 0 0 0 0 0 0 0 0 0 0 0 0 0 0 0 0 0 0 0 0 0 0 0 0 0 0 0 0 0 0 0 0 0 0 0 0 0 0 0 0 0.34052 0 0 0 0 0 0 0 0 0 0 0 0 0 0 0 0 0 0 0 0 0.382671 0.520393 0 0 0 0 0 0 0 0 0 0 0 0 0 0.48692 0 0 0 0 0 0 0 0 0 0 0 0 0 0 0 0 0 0 0 0 0 0 0.476501 0 0.466315 0 0 0 0 0 0 0 0 0 0 0 0 0 0 0 0 0 0 0 0 0 0 0 0 0 0 0 0 0 0 0 0 0 0 0 0 0 0 0 0 0 0 0 0 0 0 0 0 0 0 0 0.50966 0 0 0 0 0 0 0 0 0 0 0 0 0 0
0 0 0 0 0 0 0 0 0 0.62666 0 0 0 0 0 0 0 0 0 0 0 0 0 0 0.497042 0 0 0 0.44081 0 0 0 0 0 0 0 0 0 0 0 0 0 0 0 0 0.622488 0 0 0 0 0 0 0 0 0 0 0 0 0 0 0 0 0 0 0.689505 0 0 0 0 0.439866 0 0 0 0 0 0 0 0 0 0 0 0 0 0 0 0 0 0 0 0 0.665696 0 0 0 0 0 0 0 0.449441 0 0 0 0 0 0 0 0 0 0 0 0 0 0 0 0 0 0 0 0 0 0 0 0 0 0 0 0.39969 0 0 0 0 0 0 0 0 0 0 0 0 0 0 0.500655 0 0 0 0 0 0 0 0.648992 0 0 0 0 0 0 0 0 0.372219 0 0 0 0.473887 0 0 0 0 0 0 0 0 0 0 0 0 0 0 0 0.523438 0 0 0 0 0.332957 0 0 0.522991 0 0 0.52819 0 0 0 0.38814 0 0 0 0 0 0
0 0 0 0 0 0 0 0 0 0 0 0 0 0 0 0 0 0 0 0 0 0 0 0.47672 0 0 0 0 0 0 0.588423 0 0 0 0 0 0 0 0 0 0 0 0 0 0.430596 0.424284 0 0 0 0 0 0 0 0.675521 0 0 0 0 0 0 0 0 0 0 0 0 0 0 0 0 0 0 0 0 0 0 0 0 0 0 0 0 0 0 0 0 0 0 0.544077 0 0 0 0 0 0 0 0 0.681084 0 0 0 0 0 0 0 0 0 0 0 0 0 0 0 0 0 0 0 0 0 0 0 0 0 0 0 0 0 0 0 0 0 0 0 0 0 0 0 0 0 0 0.473786 0 0.623373 0 0 0 0 0 0 0 0 0 0 0 0 0 0 0 0 0 0 0 0 0 0 0 0 0 0 0 0 0 0 0 0 0 0 0 0 0.508822 0 0 0 0 0 0 0 0 0.439184 0 0 0 0 0 0 0 0 0 0 0
0 0 0 0 0 0 0 0 0 0 0 0 0 0 0 0 0 0 0 0 0 0 0 0 0 0 0 0 0 0 0 0 0 0 0 0 0 0 0 0 0 0.441414 0 0 0 0 0 0 0 0 0 0 0 0 0 0.542814 0 0 0 0 0 0 0 0.415021 0 0 0 0 0 0 0 0 0 0 0 0 0.728101 0 0 0 0 0 0 0 0 0 0 0 0 0 0 0 0 0 0 0.662794 0 0 0 0 0 0 0 0 0 0 0 0 0 0 0.521313 0 0 0 0 0 0 0 0 0 0 0.466258 0 0 0 0 0 0 0 0.399672 0 0.38902 0 0 0 0 0 0 0 0 0 0 0 0 0 0.365469 0.591898 0 0 0 0 0 0 0 0 0 0 0 0 0 0.574738 0 0 0 0 0.436652 0 0 0 0 0 0.698575 0 0 0 0 0 0 0 0 0 0 0 0 0 0.355209 0 0 0 0 0 0.704876 0 0 0 0 0 0 0 0
0 0 0 0 0 0 0 0.627597 0 0 0 0 0 0 0 0.44638 0 0 0 0 0 0 0 0 0 0.496597 0.75205 0 0 0 0 0 0 0 0 0 0 0 0 0 0 0 0 0 0.570924 0 0 0 0 0 0 0 0 0 0 0 0 0 0 0 0 0 0 0 0 0 0 0 0 0 0 0 0 0.690744 0 0 0 0 0 0 0 0 0 0 0 0 0 0 0 0 0 0 0 0 0 0 0 0 0 0 0 0 0 0 0 0.72148 0 0 0 0 0 0 0 0 0 0 0 0 0 0 0 0 0 0 0 0 0 0 0 0 0 0 0 0 0 0 0 0 0 0 0 0 0 0 0 0 0 0.518165 0 0 0 0 0 0 0 0 0 0.578398 0 0 0 0 0 0 0 0 0 0 0 0 0 0 0.429728 0 0 0 0 0 0 0 0 0 0 0.372101 0 0 0 0 0.385561 0 0 0 0 0 0 0 0 0 0 0
0 0 0 0 0 0 0 0 0 0 0 0 0 0 0 0 0 0 0 0 0 0 0 0 0 0 0 0 0 0 0.436062 0 0 0 0 0 0 0 0 0 0 0 0 0 0.520198 0 0 0 0 0 0 0 0 0 0 0 0 0 0 0 0 0 0 0 0 0 0 0 0 0 0 0 0 0 0 0.364429 0 0 0 0 0 0 0 0 0 0 0 0 0 0 0 0 0 0 0 0 0 0 0 0 0 0 0 0 0 0 0 0 0 0 0 0 0 0 0 0 0 0 0 0 0 0 0 0 0 0 0 0 0 0 0 0 0 0 0 0 0 0 0 0 0 0 0 0 0 0 0.481304 0 0 0 0 0 0 0 0 0 0 0.425 0.459055 0 0 0 0 0.297985 0 0 0 0 0 0 0 0 0 0 0 0 0.401903 0 0 0 0 0 0.513765 0 0 0 0 0 0 0 0 0 0 0 0 0 0 0 0 0
0 0 0 0 0 0 0 0 0 0 0 0 0 0 0 0 0 0 0 0 0 0 0 0 0 0 0 0 0 0 0 0 0 0 0.559312 0 0 0 0 0 0 0 0 0 0 0 0 0 0 0 0 0 0 0 0 0 0 0.433041 0 0 0 0 0 0 0 0 0 0 0 0 0 0 0 0 0 0 0 0 0 0 0 0 0 0 0 0.500153 0 0 0 0 0 0 0 0 0 0 0 0 0 0 0 0 0.595101 0.547575 0 0 0 0 0 0 0 0 0 0.603308 0 0 0 0 0 0 0 0 0 0 0 0 0 0 0 0.483603 0 0 0 0 0 0 0.473786 0 0 0 0 0 0 0 0 0 0 0 0 0 0 0 0 0 0 0 0 0 0 0 0 0 0 0 0 0 0 0 0 0 0 0 0 0 0 0 0 0 0 0 0 0 0 0 0 0 0 0 0 0 0 0 0 0 0 0 0 0 0 0
0 0 0 0 0 0 0 0 0 0 0 0 0 0.70532 0 0 0 0 0 0 0 0 0 0 0 0 0 0 0 0 0 0 0 0 0 0 0 0.446039 0 0 0 0 0 0 0 0 0 0 0 0 0 0 0 0 0 0 0 0 0 0 0 0 0 0 0 0 0 0 0 0 0 0 0 0 0 0 0 0 0 0 0 0 0 0 0 0.500611 0 0 0 0 0 0 0 0 0 0 0 0 0 0 0 0 0 0 0 0 0.534517 0 0 0 0 0.593289 0 0 0.447006 0 0 0 0 0 0 0 0 0 0 0 0 0 0 0 0 0 0 0 0 0.500655 0 0 0 0 0 0 0 0 0.694707 0 0 0 0 0 0 0 0 0 0 0 0 0 0 0 0 0 0 0 0 0 0 0 0 0 0 0 0 0.513717 0 0 0 0.657437 0 0 0 0 0 0 0 0 0 0 0 0 0 0 0 0 0 0 0 0 0 0
0 0 0 0 0 0 0 0 0 0 0 0 0 0 0 0 0 0 0 0 0 0 0.390071 0.634305 0 0 0 0 0 0 0 0 0 0 0 0 0 0 0 0 0 0 0 0 0 0 0 0 0 0 0 0 0 0 0 0 0 0 0 0 0 0 0 0.688112 0 0 0 0 0 0 0 0 0 0 0 0 0.433868 0 0 0 0 0 0 0 0 0 0.512349 0 0 0 0 0 0 0 0 0 0 0 0 0 0 0 0 0 0 0 0 0 0 0 0 0 0 0 0 0 0 0 0 0 0 0 0 0 0 0 0 0 0 0 0 0 0 0 0 0 0.623373 0 0 0 0 0 0 0 0 0 0 0 0.390175 0 0 0 0 0 0 0 0 0 0 0 0 0 0 0 0 0 0 0 0 0 0 0 0 0 0 0 0 0 0 0 0 0 0 0 0 0 0.653427 0.38319 0 0 0 0 0 0.511925 0 0 0 0 0 0
0 0.433479 0.558243 0 0 0 0 0 0 0 0 0.416359 0 0 0 0 0.572163 0 0 0 0 0 0 0 0.536156 0 0 0 0 0 0 0 0 0 0 0.412491 0 0 0 0 0 0.316333 0 0 0 0 0 0 0 0 0 0 0 0.454453 0 0 0 0 0 0 0 0 0 0 0 0 0 0 0 0 0 0 0 0 0.289185 0 0 0 0 0 0 0 0 0 0 0 0 0 0 0 0 0 0 0 0 0 0 0 0 0 0 0 0.475284 0 0 0 0 0 0 0 0.562095 0 0 0 0.418379 0 0 0 0 0 0 0 0 0.393201 0 0.529851 0.354935 0 0 0 0.519668 0 0 0 0 0 0 0 0 0 0 0 0 0 0 0 0 0 0 0 0 0 0 0 0 0 0 0.625382 0 0 0 0 0 0 0 0 0 0 0 0.358036 0 0 0 0 0.616852 0 0 0 0 0 0 0 0 0 0 0 0 0 0 0 0 0 0 0 0.509649 0 0 0 0 0
0 0 0 0 0 0 0 0 0 0 0 0 0 0.649305 0 0 0 0 0 0 0 0 0.540913 0 0 0 0 0 0 0 0 0 0 0 0 0 0 0.345456 0 0 0 0 0 0 0 0 0.470321 0 0 0 0 0 0 0 0 0 0.575499 0 0 0 0 0 0 0 0 0 0 0 0 0 0 0 0 0 0 0 0.454986 0 0 0 0 0 0 0.524675 0 0 0 0 0 0 0 0 0 0 0 0 0 0 0 0 0 0 0.45652 0 0 0 0 0 0.343624 0 0 0 0.411377 0.540296 0 0 0 0 0 0 0 0 0 0 0 0 0 0 0 0.750565 0 0 0 0 0 0 0 0 0 0 0 0.694707 0 0 0 0 0 0 0 0 0 0 0 0 0 0.740733 0 0 0 0.541043 0 0 0 0 0 0 0 0 0 0 0 0 0 0 0 0 0 0 0 0 0 0 0 0 0 0 0 0 0 0.410823 0.329947 0 0 0.47051 0 0 0 0 0 0
0 0 0 0 0 0 0 0 0 0 0.574397 0 0 0 0 0 0 0 0 0 0.408227 0.37595 0 0 0 0 0 0 0 0 0 0 0 0 0 0 0 0 0 0 0 0 0 0 0 0 0 0 0 0 0 0 0 0 0 0 0 0 0 0 0 0 0 0 0 0 0 0 0 0 0 0 0 0 0 0 0 0 0 0.43365 0 0 0 0 0 0 0 0 0 0 0 0 0.527918 0 0 0 0 0 0.633971 0 0 0 0 0 0.3709 0.363833 0 0 0 0 0 0 0 0 0 0 0 0 0 0 0 0 0 0 0 0 0 0 0 0 0 0.646245 0 0 0 0 0 0.365469 0 0 0 0 0 0 0 0 0 0 0 0 0 0 0 0 0 0 0 0 0.414613 0 0 0.360769 0 0 0 0 0 0 0 0 0 0 0 0.466054 0 0 0 0 0 0 0 0 0 0 0 0 0 0 0 0 0 0 0 0 0 0 0 0 0 0
0 0 0 0 0 0 0 0 0 0 0 0 0 0 0 0 0 0 0 0 0 0 0 0 0 0 0 0 0 0 0 0 0 0 0 0 0 0 0 0 0 0 0 0.590933 0 0 0 0 0 0 0 0 0 0 0 0 0 0 0 0 0 0 0 0 0 0 0 0 0.431889 0 0 0.706112 0 0 0 0 0 0 0 0 0 0 0 0 0 0 0 0 0 0 0 0 0 0 0 0 0.661471 0 0 0 0 0 0 0 0 0 0 0 0 0 0 0 0 0.487228 0 0 0.346552 0 0 0 0 0.580622 0 0 0 0 0.489524 0 0.667461 0 0 0 0 0 0 0 0 0.591898 0 0.481304 0 0 0 0 0 0 0 0 0 0 0 0 0 0 0 0 0 0 0 0 0 0 0 0 0 0 0 0 0 0 0 0 0 0 0 0 0 0 0 0 0 0 0 0 0 0 0 0 0.518325 0 0 0 0 0 0 0 0 0 0 0
0.369767 0 0 0 0 0 0 0 0 0 0 0 0 0 0 0 0 0 0 0 0 0 0 0 0 0 0 0 0 0 0 0 0.368659 0 0 0 0.514352 0 0 0 0 0 0 0 0 0 0 0 0 0 0 0 0 0 0.387651 0 0 0 0 0 0 0.528499 0 0 0 0.568153 0.672344 0 0 0 0 0 0 0 0 0 0 0 0 0 0 0 0 0 0 0 0 0 0 0 0 0 0 0 0 0.527073 0 0 0 0 0 0 0 0 0 0 0 0 0.667721 0 0 0 0 0 0 0 0 0 0 0 0 0 0 0 0 0 0 0 0 0 0 0 0 0 0 0 0 0 0.518165 0 0 0 0 0 0 0 0 0 0 0 0 0 0 0 0 0 0 0 0 0 0 0 0.544488 0 0 0 0 0 0 0 0 0 0 0 0 0 0 0 0 0 0 0 0.582112 0 0 0 0 0 0 0 0 0 0 0 0 0.598656 0.553678 0 0 0
0 0 0 0 0 0 0 0 0 0 0 0 0 0.575201 0 0 0 0 0.441338 0 0 0 0.440663 0 0 0.720407 0 0 0 0 0 0 0 0 0 0.653213 0 0 0 0 0 0 0 0 0 0 0 0 0 0 0 0 0 0 0 0 0 0 0 0 0 0 0 0 0 0 0 0 0 0 0.58886 0 0 0 0.437818 0 0.367308 0 0 0 0 0 0 0 0 0 0 0 0 0 0 0 0 0 0 0 0 0 0 0 0 0 0 0 0 0 0 0 0 0 0.358449 0 0 0 0 0 0 0 0 0 0 0 0 0 0 0 0 0 0.427924 0 0 0 0 0 0 0 0 0 0 0 0 0 0.390175 0 0 0 0 0 0 0 0 0 0 0 0 0 0 0 0 0.575954 0 0 0 0 0 0.678712 0 0 0 0 0 0 0 0 0 0 0 0 0 0 0.372251 0 0 0 0 0.585594 0.541858 0 0 0 0 0 0 0 0 0 0 0 0 0
0 0 0 0 0.622894 0 0 0 0 0.473947 0.408733 0 0 0.651614 0.604531 0.463266 0 0 0 0 0 0 0 0.609803 0 0.599471 0 0 0 0 0 0 0 0 0 0 0 0 0 0 0 0 0 0 0 0 0 0 0 0 0 0 0 0 0 0 0 0 0.477085 0.525433 0.315601 0 0 0 0 0 0 0 0 0 0.629835 0 0 0 0 0 0 0 0 0 0 0 0 0 0 0 0 0 0 0 0 0 0 0 0 0 0 0 0 0 0 0 0 0 0.395393 0 0 0 0 0 0 0 0 0 0 0.322702 0 0 0 0 0 0 0 0 0 0 0.691101 0 0 0 0 0 0 0 0 0.648992 0 0 0 0 0 0 0 0 0 0 0 0 0 0 0 0 0 0.461894 0 0.593664 0 0 0 0 0 0 0 0 0 0 0 0 0 0 0 0 0 0 0.587582 0 0 0 0 0 0 0 0 0 0 0 0 0 0 0 0 0.491131 0 0 0 0 0 0 0 0
0 0 0 0 0.611763 0 0 0 0 0 0 0 0 0 0 0 0 0 0 0 0 0 0 0 0 0 0 0 0 0 0 0 0 0 0 0 0 0 0 0.534747 0 0 0 0 0 0 0 0 0 0 0 0 0.621308 0 0 0 0 0 0 0 0 0 0 0 0 0 0 0 0 0.595085 0 0 0 0 0 0 0 0 0.439304 0 0 0 0 0 0 0 0 0 0 0 0 0 0 0 0 0 0 0 0 0 0.513735 0 0 0 0 0 0 0 0 0 0 0 0 0 0 0 0 0 0 0 0 0 0 0 0.614015 0 0 0 0 0 0 0 0 0 0 0 0 0 0 0 0 0 0 0 0 0 0 0 0 0 0 0 0 0 0 0 0 0 0 0 0 0 0 0 0 0 0 0 0 0 0 0 0 0 0 0 0 0 0 0 0 0.687624 0.520858 0 0 0 0 0 0 0 0 0 0 0 0 0 0 0 0 0
0 0 0 0.543188 0.409309 0 0 0 0 0 0 0 0 0 0 0 0 0 0 0 0 0 0 0 0 0 0 0 0 0 0 0 0.386063 0 0 0 0 0 0 0 0 0 0 0 0 0 0 0 0 0 0.441147 0 0 0 0 0 0 0 0 0 0 0 0.507392 0 0 0 0.441327 0 0 0 0 0 0 0 0 0 0 0 0 0.337487 0 0 0 0 0 0 0 0 0 0 0 0 0.539063 0 0 0 0 0 0 0 0.417247 0 0 0 0 0 0 0 0 0 0 0 0 0 0 0 0 0 0 0 0 0 0 0 0 0 0 0 0 0 0 0 0.664336 0 0 0 0 0 0 0 0 0 0 0 0 0 0 0 0 0 0 0 0 0 0 0 0 0 0 0 0 0 0 0 0 0 0 0 0 0 0 0 0 0 0 0 0 0 0 0 0 0 0 0 0 0 0 0 0 0 0 0 0 0 0 0.421476 0 0 0 0
0 0 0 0 0 0 0 0 0 0 0.388064 0 0 0 0 0 0 0 0 0.65333 0 0 0 0 0 0 0 0 0 0 0 0 0.593636 0 0 0 0 0 0 0 0.447485 0 0 0.402989 0 0 0.416298 0 0.508529 0 0 0 0 0 0 0 0 0 0 0 0 0 0 0 0 0 0 0 0 0 0 0 0.255719 0 0 0 0 0 0 0 0 0 0 0 0 0 0 0 0 0 0 0 0 0 0 0 0 0 0.597896 0 0 0 0 0 0 0 0 0 0.60718 0 0 0 0 0 0 0 0 0 0 0.348617 0 0 0 0 0 0 0 0 0 0 0 0 0 0 0 0 0 0 0 0 0 0 0 0 0 0 0 0 0 0 0 0 0 0 0.559844 0 0 0 0 0 0 0 0.67241 0 0.707237 0 0 0 0 0 0 0 0 0 0 0 0 0 0 0 0 0 0 0 0.371736 0 0 0 0 0 0 0 0 0 0 0 0 0 0 0
0 0 0 0 0 0 0.572223 0 0 0 0 0 0 0 0 0 0 0 0.501887 0 0 0 0 0 0 0.410167 0 0 0 0 0 0 0 0 0 0 0 0 0 0 0 0 0 0 0 0 0 0.605931 0 0 0 0.349272 0 0 0 0 0.673701 0 0 0 0.567795 0 0 0 0 0 0 0.430667 0 0.704353 0 0 0 0 0 0 0 0 0 0 0 0 0 0 0 0 0 0 0 0 0 0 0 0 0 0 0.570079 0 0 0 0 0 0 0 0 0 0 0 0 0 0 0 0 0 0 0 0 0 0 0 0 0 0 0 0 0 0 0 0 0 0 0 0 0 0 0 0 0 0 0 0 0 0 0 0 0 0 0 0 0.461894 0 0 0 0 0 0 0 0 0 0 0 0 0 0 0 0 0 0 0 0 0 0 0.485162 0 0 0 0 0 0 0 0 0 0.638159 0 0 0.664233 0 0 0 0 0 0 0 0 0 0 0.558397 0 0.481294 0
0 0.42106 0 0 0 0 0 0.482414 0 0.432568 0 0 0 0 0 0 0.667132 0.500929 0 0 0.656226 0 0 0 0 0 0 0 0 0 0 0 0 0 0 0 0 0 0 0 0 0 0 0 0 0 0 0 0 0 0 0 0 0 0 0 0 0 0 0 0.491255 0 0 0 0 0 0 0 0 0 0 0 0 0 0 0 0 0 0 0 0 0.626102 0 0 0 0 0 0 0 0 0.486128 0.542941 0 0 0 0 0 0 0 0 0 0 0 0 0 0 0 0 0 0 0 0 0 0 0 0 0 0 0 0 0 0 0 0 0 0 0 0 0 0 0 0 0 0 0 0 0 0 0 0 0 0 0 0 0 0 0 0 0 0 0 0 0.559844 0 0 0 0 0 0 0 0 0 0 0 0 0 0 0 0 0 0 0 0 0 0 0 0 0 0 0 0 0 0 0 0 0 0 0 0 0 0 0 0.316608 0 0 0 0 0 0 0.411631
0 0 0 0.537425 0 0 0 0 0 0 0 0 0 0 0 0 0 0 0 0 0 0 0 0 0 0.403852 0 0 0 0.52693 0 0 0 0 0 0 0 0 0 0 0 0 0 0 0 0 0 0 0.503199 0 0 0 0 0 0 0 0 0 0 0 0 0 0 0 0 0 0 0 0 0 0 0 0 0 0 0 0 0.630222 0 0 0 0 0 0 0 0.620505 0 0 0 0 0 0 0 0 0 0 0 0 0 0 0 0 0 0 0 0 0 0 0 0 0 0 0 0 0 0 0 0.61118 0 0 0 0 0.490908 0.659436 0 0 0 0 0 0 0 0.600148 0 0 0 0 0 0 0 0 0 0 0 0 0.740733 0 0 0 0 0.593664 0 0 0 0 0 0 0 0 0 0 0 0 0 0 0 0 0 0 0 0 0 0 0 0 0 0 0.720903 0 0 0 0 0 0.509802 0 0 0 0 0 0 0 0 0 0 0.524321 0 0 0 0 0 0
0 0 0 0 0 0 0 0 0 0 0 0 0 0 0 0 0 0 0 0 0 0 0 0 0 0.551288 0 0 0 0 0 0 0 0 0 0 0 0 0 0 0 0 0 0.656956 0 0 0 0 0 0 0 0 0 0 0 0 0 0 0 0 0 0 0 0 0 0.478461 0 0 0 0 0 0 0 0.483932 0 0 0.414137 0 0 0.492891 0 0 0 0 0 0 0 0 0 0 0 0 0 0 0 0 0 0 0 0 0 0 0 0 0 0 0 0 0 0 0 0 0 0 0 0 0 0 0 0 0 0 0.613638 0 0 0 0.569904 0 0 0 0 0 0 0 0 0 0 0 0 0 0 0 0 0 0 0 0 0 0 0 0 0 0 0 0 0 0 0 0 0 0 0 0 0 0 0 0 0 0 0 0 0 0 0 0 0 0 0 0 0 0 0.746736 0 0 0 0 0 0 0.674384 0 0 0 0 0 0 0 0 0 0 0
0.521854 0 0 0 0 0 0 0 0 0 0 0 0 0 0 0 0 0 0 0 0 0 0.642788 0 0.510165 0 0 0 0.488534 0.357431 0 0 0 0.540201 0 0 0 0 0.276607 0 0 0 0 0 0 0 0 0 0 0 0 0 0.614408 0 0 0 0 0 0 0 0.549818 0 0 0 0 0 0 0 0 0 0 0 0 0 0 0 0 0 0 0 0 0 0 0 0.364787 0 0 0 0 0 0 0 0 0 0 0 0 0 0 0 0 0 0 0.61549 0 0 0 0 0 0 0 0 0 0 0 0 0 0 0 0 0 0 0 0 0 0 0 0 0 0 0.484476 0 0 0 0 0 0 0 0.578398 0.425 0 0 0 0.625382 0 0 0 0 0 0 0 0 0 0 0 0 0 0 0 0 0 0 0 0 0 0 0 0 0 0 0 0 0 0 0 0 0 0 0 0 0 0 0 0 0 0 0 0.380321 0 0 0 0 0 0 0 0 0.391776 0 0 0
0 0 0 0 0 0 0 0 0 0 0 0 0 0 0 0 0 0 0 0 0 0 0 0 0 0 0.688022 0 0 0 0 0.641589 0 0.630325 0 0 0 0 0 0 0 0 0 0 0 0.396956 0.477831 0 0 0 0.574476 0 0 0 0 0 0 0 0 0 0.390255 0 0 0 0 0 0 0 0 0 0 0 0 0 0.697859 0 0 0 0 0.4418 0 0 0 0 0 0 0 0 0 0 0 0 0 0 0 0 0 0 0 0 0 0 0 0 0 0 0 0 0 0 0 0 0 0 0 0 0 0 0 0 0 0 0 0.51251 0 0 0 0 0 0 0 0 0 0 0 0.372219 0 0 0 0.459055 0 0 0 0 0 0.414613 0 0 0 0 0 0 0 0 0 0 0 0 0 0 0 0 0.537364 0 0 0 0 0 0 0 0 0.402324 0 0 0 0 0 0 0 0 0.51355 0 0 0 0 0 0 0 0 0.563566 0 0 0 0 0 0 0 0 0 0
0 0 0.596596 0 0 0 0 0 0 0.584594 0 0 0 0 0 0 0 0 0 0 0 0 0 0 0.521073 0 0 0 0 0 0 0 0 0 0 0 0 0 0 0 0 0 0 0 0 0 0 0 0 0.396532 0 0 0 0 0 0 0 0 0 0.591997 0 0 0.397097 0 0 0 0 0 0 0 0 0 0 0 0 0 0 0 0 0 0 0 0 0 0 0 0 0 0 0 0 0 0 0 0 0 0 0 0 0 0 0 0 0 0 0 0 0 0 0.563924 0 0.560042 0 0 0 0 0 0 0 0 0 0 0 0 0 0 0 0 0 0 0 0 0 0 0 0 0 0 0 0 0 0 0 0 0.541043 0 0 0 0.575954 0 0 0 0 0 0 0 0 0 0 0 0 0 0 0 0 0 0 0 0 0 0 0 0.480996 0 0 0 0 0 0 0 0 0 0 0 0 0 0.399684 0 0 0 0 0 0 0 0 0 0 0 0 0
0 0 0 0 0 0 0 0 0.524253 0 0 0 0 0 0.468877 0 0 0 0 0 0 0 0 0 0 0 0 0 0 0 0 0 0 0.547709 0 0 0 0 0 0 0 0 0 0 0 0 0 0 0 0 0 0 0 0 0 0 0 0 0 0 0 0 0 0 0 0 0 0 0 0 0 0 0 0 0 0 0 0 0 0.610164 0 0 0.564295 0 0 0 0 0 0 0 0 0 0 0 0.593828 0 0 0 0 0.484214 0 0 0 0 0 0 0 0 0.557262 0 0 0 0 0 0 0 0 0 0 0 0.610636 0 0 0.560405 0 0 0 0 0 0 0 0 0 0 0 0 0 0.574738 0 0 0 0 0 0 0 0 0 0 0 0 0 0 0 0 0 0 0 0 0 0 0 0 0 0 0 0 0 0 0 0.525725 0 0 0 0 0 0.548281 0 0 0 0 0 0 0 0 0 0 0 0 0 0 0 0 0 0 0 0 0 0 0 0
0 0.65739 0 0 0 0 0 0 0 0 0 0 0 0 0 0 0 0 0 0 0 0 0 0 0 0 0 0 0 0 0 0 0 0.497164 0 0 0 0 0 0 0 0 0 0 0 0 0 0 0 0 0 0 0 0 0 0 0 0 0.431821 0 0.626549 0 0 0 0 0 0 0 0 0 0 0 0.344259 0 0 0 0 0 0 0 0 0 0 0 0 0 0 0 0.376745 0 0 0 0 0 0.49557 0 0.648726 0 0 0 0 0 0 0 0 0 0 0 0 0 0 0 0 0 0 0 0 0 0 0 0 0 0 0 0 0 0 0 0 0 0 0 0 0 0 0 0 0 0 0 0 0 0 0 0 0.360769 0 0 0 0 0 0 0 0 0 0 0 0 0 0 0 0 0 0 0.495641 0 0 0.490694 0 0 0 0 0 0 0 0 0 0 0 0 0 0 0 0 0 0 0 0 0 0 0 0.564183 0 0 0 0 0 0 0 0
0 0 0 0 0 0 0 0 0 0 0 0 0 0 0 0 0 0 0 0 0 0 0 0 0 0 0 0 0 0 0 0 0 0 0 0 0 0 0 0 0 0 0 0 0 0 0 0 0 0 0 0 0 0 0 0 0 0 0 0 0 0 0 0 0 0.597157 0 0 0 0 0 0 0 0 0 0 0 0 0 0 0 0 0 0 0 0 0 0 0 0 0 0 0 0 0 0 0 0 0 0 0 0 0 0 0 0 0 0 0 0 0 0 0 0 0 0 0 0 0 0 0 0 0 0 0 0 0 0 0 0 0 0 0 0 0 0.473887 0 0 0 0 0 0 0 0 0 0 0 0.544488 0 0 0 0 0.67241 0 0 0 0 0 0.537364 0 0 0 0 0 0 0 0 0 0 0 0 0 0 0 0 0 0 0 0 0 0 0 0 0 0 0 0 0 0 0 0 0 0 0 0 0 0 0 0 0
0 0 0 0 0 0 0 0 0 0 0.662299 0 0 0 0 0 0 0 0 0.577577 0 0 0 0.728105 0 0 0.502112 0 0.431556 0 0 0 0 0 0 0 0 0 0 0 0.562815 0 0 0 0 0 0 0 0 0 0 0 0 0 0 0 0 0 0 0.552206 0 0 0 0.398236 0 0 0.474825 0 0 0 0 0 0 0 0 0 0 0 0 0 0 0 0 0 0 0 0 0 0 0 0 0 0 0 0 0 0 0 0 0 0 0 0 0 0 0 0 0 0 0 0 0 0 0 0 0 0 0 0 0 0 0 0 0 0 0.542168 0 0 0 0 0 0.575155 0 0 0 0 0 0 0 0.297985 0 0 0 0 0 0 0 0 0 0 0 0 0 0 0 0 0 0 0 0 0 0 0 0 0 0 0 0 0.576476 0 0 0 0 0 0 0 0 0 0 0 0 0 0 0 0 0 0 0 0.463108 0 0.610708 0 0 0 0 0 0.342555 0 0 0
0 0 0 0 0 0 0 0 0 0 0 0 0 0 0.536091 0 0 0 0 0 0 0 0 0 0 0 0 0 0 0 0 0 0 0 0 0 0 0 0 0 0 0 0 0 0 0 0 0 0 0 0 0 0 0 0 0 0 0 0 0 0 0 0 0 0 0 0 0 0 0 0 0.42744 0 0 0 0 0 0 0 0 0 0 0 0 0 0 0 0 0 0 0 0 0 0.620097 0 0 0 0 0 0 0 0 0 0 0.726288 0 0 0 0 0 0 0 0 0 0 0 0 0 0 0 0 0 0 0 0 0 0 0 0 0 0 0 0 0.623155 0 0 0 0 0 0 0 0 0 0 0 0 0 0 0 0 0 0 0.707237 0 0 0 0 0 0 0 0 0.495641 0 0 0 0 0 0 0 0 0 0 0 0 0 0 0 0 0 0 0 0 0.488047 0 0 0.465684 0 0 0 0 0 0 0 0 0.560961 0 0 0 0 0
0.687565 0 0 0 0 0 0 0 0 0 0 0 0 0 0 0 0 0 0 0 0 0 0 0 0 0 0 0 0.530056 0 0 0 0 0 0 0 0 0 0 0 0 0 0 0 0 0 0 0.369258 0 0 0.396832 0.358794 0.366505 0 0 0 0 0 0 0 0 0 0 0 0 0.472843 0 0 0 0 0 0 0 0 0 0 0.522945 0 0 0 0 0.379621 0 0 0 0 0 0 0 0 0 0 0 0 0 0 0 0 0 0 0 0 0 0 0 0 0 0 0 0 0.40142 0 0 0 0 0 0 0.616684 0 0 0 0 0 0 0 0 0 0.650743 0 0.487558 0 0 0 0 0 0 0 0.436652 0 0 0 0 0 0 0 0 0 0 0.678712 0 0 0 0 0 0 0 0 0 0 0 0 0 0 0 0 0 0.715692 0 0 0 0 0 0 0 0 0 0 0 0 0 0 0 0 0 0 0 0.383514 0 0 0 0 0 0 0 0 0 0 0 0 0
0 0 0 0 0.688414 0 0 0 0 0 0 0 0.53463 0 0 0 0 0 0 0 0 0 0 0 0 0 0 0 0 0 0 0 0 0 0 0 0 0 0 0 0.562274 0.41338 0 0 0 0 0.654029 0 0 0 0 0 0.274453 0 0 0 0 0 0 0 0 0 0 0 0 0 0 0 0 0 0 0 0 0 0 0 0 0 0 0 0.507226 0 0 0 0 0 0 0 0 0 0 0 0.689256 0 0 0 0 0 0 0 0.573703 0 0 0 0 0 0 0 0 0 0 0 0 0 0 0 0 0 0 0 0.688568 0 0 0 0 0 0 0 0 0 0 0 0.52821 0.528604 0 0 0 0 0 0 0 0 0 0 0 0 0 0 0 0 0 0 0 0 0 0 0 0 0 0 0 0 0 0 0 0.715692 0 0 0 0 0 0 0.478114 0.551235 0 0 0 0 0 0 0.547191 0 0 0 0 0 0 0 0 0 0 0 0 0 0 0 0 0 0 0
0 0.719847 0 0 0.488577 0 0 0 0 0 0 0 0 0 0 0 0 0 0 0 0 0 0 0.461246 0 0 0 0 0 0 0 0 0 0 0 0 0 0 0 0.477787 0 0 0 0 0 0 0.424013 0 0 0 0 0 0 0 0 0 0 0 0 0 0 0 0 0 0 0 0 0 0 0 0 0 0 0 0 0 0 0 0.633824 0 0 0 0.389818 0 0 0 0 0 0 0 0 0 0 0 0 0 0 0 0 0.333135 0 0 0 0 0 0 0 0 0 0 0.649797 0 0 0 0 0 0 0 0 0 0 0 0 0 0 0 0 0 0 0 0 0 0 0 0 0 0 0 0 0 0 0 0 0 0 0 0 0 0 0 0 0 0 0 0 0 0 0 0 0 0 0.490694 0 0 0 0 0 0 0 0 0 0 0 0 0 0.585672 0 0 0 0 0.388528 0 0 0 0 0 0 0 0 0 0.473334 0 0 0 0 0.485871 0 0 0 0
0 0 0 0 0 0 0 0 0 0 0 0 0.48869 0 0 0.556137 0 0.572781 0 0 0 0 0 0 0 0 0 0 0 0 0 0 0.43026 0.477728 0 0 0 0 0 0 0.316838 0 0 0 0 0 0 0 0 0 0 0.589497 0 0 0 0 0 0 0 0.660944 0 0 0 0 0 0 0 0 0 0 0 0 0 0 0 0 0 0 0 0 0.629109 0 0.582739 0 0 0 0 0 0 0 0 0 0 0 0 0 0 0 0 0 0.369803 0 0 0 0 0 0.482494 0 0 0 0.443042 0 0 0 0 0 0 0.480737 0 0 0 0 0 0.459295 0 0 0 0 0 0 0 0 0 0 0 0 0 0 0 0 0 0 0 0 0 0 0 0 0 0 0 0 0 0 0 0 0 0 0 0 0 0 0 0.576476 0 0 0 0 0 0 0 0 0 0 0 0 0 0 0 0 0 0 0 0 0 0 0 0 0 0 0 0 0 0 0 0 0 0 0.573577 0
0 0 0 0 0 0 0 0 0 0 0 0 0 0 0 0 0 0 0 0 0 0 0 0 0 0 0 0 0 0 0 0 0 0 0 0 0 0 0 0 0 0 0 0.616097 0.502429 0 0.586314 0 0.57514 0 0 0 0 0 0 0 0 0 0 0 0 0 0 0 0 0 0 0 0.349786 0 0 0 0 0 0 0.713885 0 0 0 0 0 0 0 0 0 0 0 0 0 0 0 0 0 0 0 0 0 0 0 0 0 0 0 0 0 0 0.347327 0 0 0 0 0 0 0 0.534957 0.657003 0 0 0 0 0 0 0 0 0 0 0 0 0 0 0 0 0 0 0 0 0 0 0 0 0 0 0 0.358036 0 0 0 0 0 0 0 0 0 0 0 0 0 0 0 0 0.525725 0 0 0 0 0 0 0 0 0 0.491276 0 0 0 0 0 0 0 0 0 0 0 0 0 0 0 0 0 0 0 0 0 0 0 0.375642 0 0 0.362663 0 0
0 0 0 0 0 0 0 0 0 0 0 0 0 0 0 0 0 0 0 0 0 0 0 0 0 0 0 0 0 0 0 0 0.605058 0 0 0 0 0.735499 0 0 0 0 0 0 0 0 0 0 0.665064 0 0 0 0 0 0 0 0 0 0 0.646759 0 0 0 0 0 0 0 0 0 0 0 0 0 0 0 0 0 0 0 0 0 0 0 0 0 0 0 0 0 0 0 0 0 0 0 0 0 0 0 0 0 0 0 0 0 0 0.545785 0 0 0 0 0 0 0 0 0 0 0 0 0 0 0 0.614951 0 0 0 0 0 0 0 0 0 0 0 0 0 0 0 0 0 0 0 0 0 0 0 0 0 0 0 0 0 0 0 0 0 0 0 0 0 0 0 0 0 0 0 0 0 0 0.491276 0 0 0 0 0 0 0 0 0 0 0 0.523828 0 0 0 0 0 0 0.499379 0 0 0 0 0 0 0 0 0 0 0
0 0 0 0 0 0 0 0 0 0 0 0 0 0 0 0 0 0 0 0.650342 0 0 0 0 0 0 0 0 0 0 0 0 0 0 0 0 0 0 0 0 0 0 0 0 0 0 0 0 0 0 0 0 0 0 0 0 0 0 0 0 0.429144 0 0 0 0 0.529865 0 0 0 0 0 0.360566 0 0.597125 0 0 0 0 0 0 0.629748 0 0 0 0 0 0 0 0 0 0 0 0 0.61621 0 0 0 0 0 0 0 0 0.696625 0 0.476862 0 0 0 0 0 0 0 0 0 0 0 0 0 0 0 0 0.51628 0 0 0 0 0 0 0 0 0 0 0 0 0 0 0 0.698575 0 0 0 0 0 0 0 0 0 0 0 0 0 0 0 0 0 0 0 0 0.402324 0 0 0 0 0 0 0 0 0 0 0 0 0 0 0 0 0 0 0 0 0 0 0 0 0 0.553494 0 0 0 0 0 0 0 0 0 0 0 0 0 0 0
0 0 0 0.536515 0 0 0 0 0 0 0 0 0 0 0 0 0 0 0 0 0 0 0 0 0 0.447924 0 0 0 0 0 0 0 0.387408 0 0 0 0 0 0.4063 0 0 0 0 0 0 0 0 0 0 0 0 0 0 0 0 0 0 0.612594 0 0 0.319803 0 0 0 0 0 0 0 0 0 0 0 0 0 0 0 0 0 0 0 0 0 0 0 0 0 0.690067 0 0 0 0 0 0 0 0 0 0 0 0 0 0 0 0 0 0 0 0 0 0 0.429768 0 0 0 0 0 0 0 0.476962 0 0 0.319131 0 0 0 0 0 0 0 0 0 0 0 0 0 0 0 0 0.429728 0 0 0 0 0 0 0 0 0 0 0 0 0 0 0.485162 0 0 0 0 0 0.480996 0 0 0 0 0 0 0.478114 0 0 0 0 0 0 0 0 0 0 0 0 0.48169 0 0 0 0 0 0 0 0 0 0 0 0 0 0.475255 0 0.699519 0 0 0.445446 0
0 0 0 0 0 0 0 0 0 0 0 0.363915 0 0 0 0 0 0 0 0 0 0 0 0 0 0 0 0 0 0 0 0 0 0 0 0 0 0 0 0 0 0.625096 0 0 0 0 0 0 0 0 0 0 0 0 0 0 0 0 0 0 0 0 0 0 0 0 0 0 0 0 0 0 0 0 0 0 0 0 0 0 0 0 0 0 0 0 0 0 0 0 0 0 0 0 0 0 0 0 0 0 0 0.501393 0 0 0 0 0 0 0 0 0 0 0 0 0 0 0 0 0 0 0 0 0 0 0 0.72579 0 0 0 0 0 0 0 0 0 0 0 0 0 0 0 0.513717 0 0 0 0.466054 0 0 0 0 0 0 0 0 0 0 0 0 0 0 0 0 0 0 0 0 0.551235 0 0 0 0 0 0 0 0 0 0 0.668909 0 0 0 0 0 0 0 0 0 0 0 0 0 0 0 0 0 0 0 0 0 0
0 0 0 0 0 0 0 0 0 0 0 0 0 0 0 0 0 0 0 0 0 0 0 0 0 0 0 0 0 0 0 0 0 0 0 0 0 0 0 0 0 0 0 0 0 0 0 0 0 0 0 0 0 0 0 0 0 0 0 0 0 0 0 0 0.590265 0 0 0 0.425331 0 0 0 0 0 0 0.530607 0 0 0 0 0 0 0 0 0 0 0 0 0 0 0 0 0 0 0 0 0 0 0 0.457932 0 0 0 0 0 0 0 0 0 0 0 0 0 0 0 0 0 0 0 0 0.506199 0 0 0 0 0 0 0 0 0 0 0 0 0 0 0 0 0 0 0 0 0 0 0.616852 0 0 0 0 0 0.587582 0 0 0 0 0 0 0 0 0 0 0 0 0 0 0 0 0 0 0 0 0 0 0 0 0 0 0 0 0 0 0 0 0 0 0 0 0 0.566468 0.353826 0 0 0 0.332788 0 0 0 0 0 0 0
0 0 0 0 0 0.631719 0 0 0 0 0 0 0 0 0 0 0 0 0 0 0.526715 0 0 0 0 0 0 0.540405 0 0 0 0 0 0 0 0 0 0 0 0 0 0 0 0 0 0 0 0 0 0 0 0 0.569741 0 0 0 0 0 0 0 0 0 0 0 0 0 0 0 0 0 0 0 0 0 0 0 0 0.615593 0 0 0 0 0 0 0 0 0 0 0.526905 0 0 0 0.469137 0 0 0 0 0.504306 0 0 0 0 0 0 0 0 0 0 0 0 0 0 0 0 0 0 0 0 0 0 0 0 0 0 0 0 0 0 0 0.606626 0 0 0 0 0 0 0 0 0 0 0 0 0 0 0 0 0 0 0 0 0 0 0 0 0 0 0 0 0 0 0.548281 0 0 0 0 0 0 0.585672 0 0 0 0 0 0 0 0 0 0 0.26437 0 0 0 0 0 0 0 0 0 0.431548 0 0.400479 0 0 0 0 0 0 0 0 0
0 0 0 0 0 0 0 0 0 0 0 0 0 0 0 0 0 0.276942 0 0 0.362529 0 0 0 0 0 0 0 0 0 0 0 0 0 0 0 0 0 0 0 0 0 0 0 0 0 0 0 0 0 0 0 0 0 0 0 0 0 0 0 0 0 0.32489 0 0 0 0 0 0 0 0 0 0 0 0 0 0 0 0 0 0 0 0 0 0 0 0 0 0 0 0 0 0 0 0 0 0 0 0 0 0 0 0 0 0 0 0 0 0 0 0 0 0 0 0 0 0 0 0 0 0 0 0.482396 0 0 0 0 0 0 0 0 0 0 0 0 0 0 0 0 0.401903 0 0 0 0 0 0 0 0 0 0 0 0 0 0 0 0.720903 0 0 0 0 0 0 0 0 0 0 0 0 0 0 0 0 0 0 0 0 0 0 0 0 0 0 0 0.573454 0 0 0.390987 0 0 0 0 0 0 0 0 0 0 0 0 0
0 0.524028 0 0 0 0 0 0 0 0 0 0 0 0 0 0 0 0 0 0 0 0 0 0 0 0 0 0 0 0 0 0 0 0 0 0 0 0 0 0 0 0 0 0 0 0 0 0 0 0.558045 0 0 0 0 0 0 0 0 0 0 0 0 0 0 0 0 0 0 0 0 0 0 0 0 0 0 0 0 0 0 0 0 0 0 0 0 0 0 0 0 0 0 0 0 0 0 0 0 0 0 0 0 0 0 0.522059 0 0 0 0 0 0 0 0 0 0 0 0 0 0 0 0 0 0 0 0 0 0 0 0 0.528427 0 0 0 0.503881 0 0 0 0 0 0 0 0.657437 0 0 0 0 0 0 0 0 0 0 0 0 0 0 0 0 0 0 0 0 0 0 0 0 0 0 0 0 0 0 0 0.668909 0 0 0 0 0 0 0 0 0 0 0 0 0 0 0 0 0 0 0 0 0 0 0 0 0 0
0 0 0 0 0 0 0 0 0 0 0 0 0 0 0 0 0 0 0 0 0 0 0 0 0 0 0 0 0 0 0 0 0 0 0 0 0 0 0 0 0 0 0 0 0 0 0 0 0 0 0 0.59434 0 0 0 0 0 0 0 0 0 0 0.545665 0 0 0 0 0 0 0.410993 0 0 0.395808 0 0 0 0 0 0 0 0 0 0 0 0 0 0 0 0 0 0 0 0 0.537492 0 0 0 0 0 0 0 0 0 0 0 0 0 0 0 0 0 0 0 0 0 0 0 0 0 0 0 0 0 0 0 0 0 0 0 0 0 0 0 0 0 0.523438 0 0 0 0 0 0 0 0 0 0 0 0 0 0 0 0 0 0 0 0 0 0 0 0 0 0 0 0 0 0 0 0 0 0 0 0 0 0 0 0.26437 0 0 0 0 0 0.274563 0 0 0.61385 0 0 0 0 0 0 0 0 0 0 0 0 0 0 0
0 0 0 0 0 0 0 0 0 0 0 0 0 0 0 0 0 0 0 0 0 0 0 0 0 0 0 0 0 0 0 0 0 0 0 0 0 0 0 0 0 0 0 0 0 0 0 0 0 0 0 0 0 0 0 0 0 0 0 0 0.364668 0 0 0 0 0 0 0.62036 0 0 0 0 0 0 0 0 0.472809 0 0 0.555037 0 0 0 0 0 0 0 0 0 0 0 0 0 0 0 0 0 0 0.355067 0 0 0 0 0 0 0 0 0 0 0 0 0 0 0 0 0 0 0 0 0 0 0.431647 0 0 0 0 0 0 0 0 0 0 0 0 0 0 0.508822 0 0 0 0 0 0 0 0 0 0 0 0 0 0 0 0 0 0 0 0 0 0 0 0 0 0 0 0 0 0 0 0 0 0 0 0.48169 0 0 0 0 0 0 0 0 0 0 0 0 0 0 0 0 0 0 0 0.393244 0 0.70128 0 0 0 0 0
0 0 0 0 0 0 0 0 0 0 0 0 0 0 0 0 0 0 0 0 0 0 0.505926 0 0 0 0 0 0 0 0 0 0 0 0 0 0 0 0 0 0 0 0 0.729936 0.41737 0 0 0 0 0 0 0 0 0 0 0 0 0 0 0 0 0 0 0 0 0 0 0 0 0 0 0 0 0 0 0 0 0 0 0 0 0 0 0.327795 0 0 0 0 0 0 0 0 0.386638 0 0 0 0 0 0 0 0 0 0.531425 0 0 0 0 0 0 0 0 0 0 0 0 0 0 0.465406 0 0 0 0 0 0 0 0 0 0.546848 0.631737 0 0 0 0 0 0 0 0 0 0 0 0 0 0 0 0 0 0 0 0.372251 0 0 0 0 0 0 0 0 0 0.51355 0 0 0 0 0 0 0 0.547191 0.388528 0 0 0 0 0 0 0 0 0 0 0 0 0 0 0 0 0.641103 0 0 0 0 0.542125 0 0 0 0 0 0 0 0 0 0.469601
0 0 0 0 0 0 0 0 0 0 0 0.64787 0 0 0 0 0 0 0 0 0 0 0 0 0 0 0 0 0 0 0 0 0 0 0 0.52769 0 0 0 0 0.420954 0 0 0 0 0 0 0 0 0 0 0 0 0 0 0 0 0 0 0 0 0 0 0.669337 0 0 0 0 0 0.620641 0 0 0 0 0.571403 0 0 0 0 0 0 0 0 0 0 0 0.511542 0 0 0.633269 0 0 0 0 0 0.590807 0 0 0 0 0 0 0 0 0 0 0 0 0 0 0 0.660135 0.664418 0 0 0 0 0.517413 0 0 0 0 0 0.620103 0 0 0 0 0 0 0 0 0 0 0 0 0 0 0 0 0 0 0 0 0 0 0 0 0 0 0.687624 0 0 0 0 0 0.746736 0 0 0 0 0 0 0 0 0 0 0 0 0 0.523828 0 0 0 0 0 0 0 0.274563 0 0 0 0 0 0 0 0 0 0 0 0 0 0.435632 0 0 0 0.377781 0 0.686734 0
0 0.346299 0 0 0 0 0 0 0 0 0.405842 0 0 0 0 0.415029 0 0 0 0 0 0 0.474231 0 0 0 0 0.561657 0 0 0 0 0 0.659637 0 0 0 0 0 0 0 0 0 0 0 0 0 0 0 0 0 0 0 0.452763 0 0 0 0 0 0 0 0 0.600718 0 0 0 0 0 0 0 0 0 0 0 0 0 0.336985 0.63266 0 0 0 0 0 0 0 0 0 0 0 0 0 0 0 0 0 0.623683 0 0 0 0 0 0 0 0 0 0 0 0 0 0 0.485398 0 0 0 0 0 0 0 0 0 0 0 0 0 0 0 0 0 0 0 0 0 0 0 0 0 0 0 0 0.513765 0 0 0 0 0 0 0 0.582112 0 0 0.520858 0 0 0.638159 0 0.509802 0 0 0 0 0 0 0 0 0.488047 0 0 0 0 0 0 0 0 0 0 0 0 0 0 0 0 0 0 0 0 0 0 0 0 0 0 0 0 0 0.428028 0 0 0 0 0
0 0 0 0 0 0 0 0 0 0 0 0 0 0 0 0 0 0 0 0 0 0.358495 0 0 0 0 0 0 0 0 0 0 0 0 0 0 0.640561 0 0 0.470117 0 0 0 0 0 0 0 0 0 0 0 0 0 0 0 0 0 0 0 0 0 0.390352 0 0 0 0 0 0 0.389556 0 0 0 0.687461 0 0 0 0 0 0 0 0 0 0 0 0 0 0 0 0 0 0 0 0 0 0 0 0 0 0 0 0 0 0 0 0 0 0 0.433918 0 0 0 0 0 0 0 0 0 0.620258 0 0 0 0 0.664943 0 0 0 0 0 0.490703 0 0.475966 0 0 0.421608 0 0.332957 0 0 0.372101 0 0 0 0 0 0 0 0 0 0 0 0 0 0 0 0 0 0 0 0 0 0 0 0 0 0 0 0 0 0 0 0 0 0 0 0 0 0.573454 0 0 0 0 0 0 0 0 0 0 0 0 0 0 0 0 0 0 0 0 0 0 0.301966
0 0 0.677732 0.488195 0 0 0 0 0 0 0 0 0 0 0 0 0 0 0 0 0 0.615306 0 0 0 0 0 0 0.663746 0 0 0 0 0 0 0 0.695691 0 0 0 0 0 0 0 0 0 0 0 0 0 0 0 0 0 0 0.519292 0 0 0 0 0 0 0 0 0 0 0 0 0 0 0 0 0 0 0 0 0 0 0 0 0 0 0 0 0 0 0 0 0 0 0 0 0 0 0 0 0 0.571911 0 0 0.716187 0 0 0 0 0 0 0 0 0 0 0 0 0 0 0 0 0 0 0 0 0 0 0 0 0 0 0 0 0 0 0 0 0 0 0 0 0 0 0 0 0 0 0 0 0 0 0 0 0 0 0 0.371736 0 0 0 0 0 0 0 0 0 0 0 0 0 0 0 0 0 0 0.553494 0 0 0 0 0 0 0.61385 0 0.641103 0 0 0 0 0 0 0 0 0 0 0 0 0 0 0 0 0 0 0
0 0 0 0 0 0 0.507003 0 0.669858 0 0 0 0 0 0 0 0 0 0 0 0 0 0 0 0 0.51475 0 0 0 0 0 0 0 0 0 0 0 0.444139 0 0 0 0 0 0 0 0 0 0 0 0.519792 0 0.525877 0 0 0 0 0 0 0 0 0 0 0 0 0 0 0.41391 0 0 0 0.451535 0 0 0 0 0 0 0 0 0 0 0 0 0 0 0.442878 0 0 0.316394 0.574848 0.351919 0 0 0 0 0 0 0 0 0 0.642693 0 0 0 0 0 0.577612 0 0 0 0 0.603446 0 0 0 0 0 0 0 0 0 0 0 0 0.535675 0 0 0 0 0 0 0 0 0 0.50966 0 0 0.355209 0 0 0 0 0 0 0 0 0 0 0.585594 0 0 0 0 0.664233 0 0 0 0 0 0 0 0 0 0 0.465684 0 0 0 0 0 0 0 0 0 0 0 0 0 0 0 0 0 0 0 0 0 0 0 0 0 0 0 0 0 0 0 0.50876 0 0.627721 0
0 0 0.54884 0 0 0 0 0 0 0 0 0.570734 0 0 0 0 0 0 0 0 0 0 0 0 0 0 0 0 0 0 0 0 0 0 0 0 0 0 0 0 0 0 0 0 0 0 0 0 0 0 0 0 0.596205 0 0 0 0 0 0 0 0 0 0 0 0 0 0 0 0.441563 0 0 0 0 0 0 0 0 0.430884 0 0 0 0 0 0 0 0 0 0.514397 0 0 0 0 0 0 0 0 0 0 0 0 0 0 0 0 0 0 0 0 0 0 0 0 0 0 0 0.444707 0 0 0 0 0 0 0 0 0.438745 0 0.424217 0 0 0 0 0 0 0 0 0.522991 0 0 0 0 0 0 0.653427 0 0 0 0 0 0.541858 0 0 0 0 0 0 0 0 0 0 0.399684 0 0 0 0 0 0.383514 0 0 0 0 0 0 0 0 0 0 0.390987 0 0 0 0 0 0 0 0 0 0 0 0 0 0 0 0 0 0 0 0 0 0 0
0 0 0 0 0 0 0 0 0 0 0 0 0 0 0 0 0 0 0 0 0 0 0 0 0 0 0 0 0 0 0.751496 0 0.644875 0.496224 0 0 0 0 0 0 0 0.468455 0 0 0.31321 0 0 0 0 0 0 0 0 0 0 0.409804 0 0 0 0 0.467757 0 0 0 0 0 0 0 0 0 0 0 0.486301 0 0 0 0 0 0 0 0 0.391015 0 0 0 0 0 0 0 0 0 0 0 0 0 0 0 0 0 0 0.639558 0 0 0 0 0 0 0 0 0 0 0 0 0 0 0 0 0 0 0 0 0 0 0 0 0 0 0 0 0.686017 0 0 0 0 0 0 0 0 0 0 0 0 0.38319 0 0 0 0 0 0 0 0 0 0 0 0 0 0 0.380321 0 0 0 0 0 0 0 0 0 0 0 0 0 0 0 0 0.566468 0 0 0 0 0 0 0 0 0 0 0 0 0 0 0 0 0 0 0 0 0 0 0 0 0
0 0 0.362278 0 0 0 0 0 0 0.371945 0 0 0 0 0 0 0 0 0 0 0.546991 0 0 0 0 0 0 0 0 0 0 0 0 0 0 0 0 0 0 0 0 0 0 0.442928 0.612973 0 0 0 0 0 0 0 0 0 0 0 0 0 0.462807 0 0 0 0 0.453765 0 0 0 0 0 0 0 0 0 0 0 0 0 0 0 0 0 0 0 0 0 0 0 0 0 0 0 0 0 0 0 0 0 0 0 0.342425 0 0 0 0 0 0 0 0 0 0 0 0 0 0 0.273292 0 0 0 0.309859 0 0 0 0 0.603835 0 0 0 0 0 0 0 0 0 0 0 0 0.439184 0 0.385561 0 0 0 0 0 0 0 0.518325 0 0 0 0 0 0 0 0 0 0.674384 0 0 0 0 0 0 0.463108 0 0 0 0 0 0 0.499379 0 0 0 0.353826 0.431548 0 0 0 0 0 0 0 0 0 0 0 0 0 0 0 0 0 0 0 0 0 0 0 0
0 0 0 0 0 0 0 0 0 0 0 0 0 0 0.418962 0 0.515036 0 0 0 0 0.651112 0 0 0 0 0 0 0 0 0 0 0 0 0 0.361395 0 0 0 0 0 0 0 0 0 0 0 0 0 0 0 0 0 0 0 0 0 0 0 0 0 0 0 0 0 0 0 0 0 0 0 0.697967 0 0 0 0 0 0 0 0 0 0 0 0 0 0 0 0 0 0 0 0 0 0 0 0 0.741304 0 0.414624 0 0 0 0 0 0 0 0 0 0 0 0 0 0 0 0 0 0 0 0 0 0.636298 0 0 0 0 0 0.499231 0 0 0.593444 0 0 0 0 0 0.52819 0 0 0 0 0 0 0 0 0.410823 0 0 0 0 0 0 0 0 0 0 0 0 0 0.563566 0 0 0 0 0 0 0 0 0 0 0 0 0 0 0 0 0 0 0 0 0 0.542125 0 0 0 0 0 0 0 0 0 0 0 0 0 0 0 0 0 0 0
0 0 0.608645 0 0.39169 0 0 0.520075 0 0 0 0 0.557258 0 0 0 0 0 0 0 0 0 0 0 0 0 0 0 0 0 0 0 0 0 0 0 0.673124 0.581694 0 0 0 0 0 0 0 0 0 0 0 0 0 0 0 0 0 0 0 0 0 0 0 0 0 0 0 0 0 0 0 0 0 0 0 0 0 0 0 0 0 0.605058 0 0 0 0.353688 0 0 0 0 0 0 0 0 0 0.473632 0 0 0.565901 0 0 0 0 0 0 0 0 0 0 0 0 0 0 0 0 0 0 0 0 0 0 0 0 0 0 0 0 0 0 0 0 0 0 0 0 0 0 0 0 0 0 0 0 0 0 0 0.329947 0 0 0 0 0 0 0 0 0 0 0 0 0 0 0 0 0 0 0.610708 0 0 0 0.473334 0 0 0 0 0 0 0 0.400479 0 0 0 0 0 0 0 0 0 0 0 0 0 0 0 0 0 0 0 0 0 0 0 0
0 0.681095 0 0 0 0 0 0 0 0 0 0.564341 0 0 0 0 0 0 0 0 0 0 0 0 0 0 0 0 0 0 0 0 0 0 0.631518 0 0 0 0 0 0 0 0 0 0 0 0 0 0 0 0 0 0.448387 0 0 0 0 0 0 0 0 0 0 0 0 0 0 0 0.530977 0 0 0 0 0 0 0 0 0 0 0 0 0 0 0 0 0 0 0 0 0 0.452949 0 0 0 0 0 0.527542 0 0.496246 0 0 0 0 0 0.666843 0 0 0 0 0 0 0 0 0 0 0 0 0 0 0 0 0 0 0 0 0 0 0 0 0 0 0 0 0 0 0 0 0.704876 0 0 0 0 0 0 0 0 0 0 0 0.491131 0 0 0 0 0 0 0 0 0 0 0 0.564183 0 0 0 0 0 0 0 0 0 0 0 0 0 0 0 0 0 0 0 0 0 0 0 0 0 0 0 0 0 0 0 0 0 0 0 0 0 0
0 0 0 0 0.396558 0 0 0 0 0 0 0 0 0 0 0 0 0 0.44915 0 0 0 0 0 0.475591 0 0 0 0 0 0 0 0 0 0 0.641507 0 0 0 0.330875 0 0 0 0 0 0 0 0 0 0 0 0 0 0 0 0 0 0 0 0 0 0 0 0 0 0 0 0 0 0 0 0 0 0 0 0 0 0 0 0 0 0 0.311268 0 0 0 0 0 0 0 0 0 0 0 0 0 0 0 0 0 0 0 0 0 0 0 0 0 0 0 0 0 0 0 0 0 0 0 0 0 0 0 0 0 0 0.62865 0 0.340656 0 0 0 0 0 0 0 0 0 0 0 0 0 0 0 0 0 0 0 0 0 0 0 0 0 0 0.316608 0 0 0 0 0 0 0 0 0 0 0 0 0 0 0 0 0 0 0 0.332788 0 0 0 0 0.393244 0 0.435632 0 0 0 0 0 0 0 0 0 0 0 0.613585 0 0 0 0 0 0
0 0 0 0 0 0 0 0 0 0 0 0 0 0 0 0 0 0 0 0 0 0 0 0 0 0 0 0 0.431392 0 0 0 0.510056 0 0 0 0 0 0 0 0 0.620775 0 0 0 0 0 0 0 0 0 0 0 0 0 0 0 0 0 0 0 0 0 0 0.659272 0 0 0 0 0 0 0 0 0 0 0 0 0 0 0 0 0 0 0 0 0 0 0 0 0 0 0 0 0 0 0 0 0 0 0 0.656527 0 0 0 0 0 0 0 0 0 0 0 0 0 0 0 0 0 0 0 0 0 0 0 0 0 0.394853 0 0 0 0 0 0 0 0 0.38814 0 0 0 0 0 0 0.511925 0 0.47051 0 0 0 0 0 0 0 0 0 0 0.524321 0 0 0 0 0 0 0 0 0 0 0 0 0 0 0 0 0.475255 0 0 0 0 0 0 0 0 0 0 0 0 0 0 0 0 0 0 0 0.613585 0 0 0 0 0 0 0
0 0 0 0 0 0 0 0 0 0 0 0.495471 0 0 0 0 0 0 0 0 0 0 0 0 0 0 0 0 0 0 0 0 0 0 0 0 0 0 0 0 0 0 0 0 0 0 0 0 0 0 0 0 0 0 0 0 0 0 0 0 0 0 0 0 0 0 0 0 0 0 0 0 0 0 0 0 0 0 0 0 0 0 0 0 0 0 0 0 0 0 0 0 0 0 0 0 0 0 0 0 0 0 0 0 0 0 0 0.315056 0 0 0 0 0 0 0 0 0 0 0 0 0 0 0 0 0 0 0 0 0 0 0 0 0 0 0 0 0 0 0 0 0 0 0 0.509649 0 0 0 0 0 0 0 0 0 0 0 0 0 0 0 0 0 0 0 0 0.560961 0 0 0 0 0.375642 0 0 0 0 0 0 0 0 0 0.70128 0 0 0.428028 0 0 0 0 0 0 0 0 0 0 0 0 0 0 0 0 0.41333
0.517994 0 0 0 0 0 0 0 0.586098 0 0 0 0.543835 0 0 0 0 0 0 0 0 0 0 0 0 0 0 0 0 0 0 0 0 0 0 0 0.568643 0 0 0 0 0 0 0 0.562833 0 0 0 0 0 0 0 0 0 0.499644 0 0 0 0 0 0 0 0 0 0 0 0 0.513159 0.478383 0 0 0 0 0 0 0 0 0 0 0 0.427081 0 0 0 0 0 0 0 0 0 0 0 0 0 0 0 0 0 0 0 0 0 0.650137 0 0 0 0 0.631758 0 0 0 0 0 0 0 0 0 0 0 0 0 0 0 0 0 0 0 0 0 0 0 0 0 0 0 0 0 0 0 0 0 0 0 0 0 0 0 0.598656 0 0 0 0.421476 0 0 0 0 0 0 0 0 0 0 0 0 0 0 0 0.485871 0 0 0 0 0.699519 0 0 0 0 0 0 0 0 0 0 0 0 0 0 0 0 0 0 0 0 0 0 0 0 0 0 0
0 0 0 0 0 0 0 0 0 0 0 0 0 0 0 0 0 0 0 0 0 0 0 0 0 0 0 0 0 0 0 0 0 0 0 0 0 0 0 0 0 0 0 0 0 0 0 0 0 0 0 0 0 0 0 0 0 0 0 0 0 0 0 0 0 0 0 0 0 0 0.684207 0 0 0 0 0 0 0 0 0 0 0 0 0 0 0 0 0 0 0 0 0 0 0 0 0 0 0 0 0 0 0 0 0 0 0.437707 0 0 0 0 0 0 0 0 0 0 0 0 0 0 0 0 0 0 0 0 0 0 0 0 0 0 0 0 0 0 0 0 0 0 0 0 0 0 0 0 0 0.553678 0 0 0 0 0 0.558397 0 0 0 0.391776 0 0 0 0 0 0.342555 0 0 0 0 0 0 0 0 0 0 0 0 0 0 0 0 0 0.377781 0 0 0 0.50876 0 0 0 0 0 0 0 0 0 0 0 0.367984 0.356072 0.453699
0 0 0 0 0 0 0 0 0 0 0 0 0 0 0 0 0 0 0 0 0 0.50413 0 0 0 0 0 0 0 0 0 0 0 0 0 0 0 0 0 0 0 0 0 0 0 0 0 0 0 0 0 0 0 0 0 0 0 0 0 0 0 0 0 0 0 0 0 0 0 0 0 0 0 0 0 0 0 0 0 0.676107 0 0 0 0 0 0 0 0 0 0 0 0 0 0 0 0 0 0 0 0 0 0 0 0 0 0 0 0 0 0 0 0 0 0 0 0 0 0 0 0 0 0 0 0 0 0 0 0 0.365416 0 0 0 0 0 0 0 0 0 0 0 0 0 0 0 0 0 0 0 0 0 0 0 0 0 0 0 0 0 0 0 0 0 0 0 0 0 0 0 0 0.362663 0 0 0 0 0 0 0 0 0 0 0 0 0 0 0 0 0 0 0 0 0 0 0 0 0 0 0.367984 0 0 0
0 0 0 0 0 0 0 0 0 0 0 0 0 0 0 0 0 0 0 0 0 0 0.424395 0 0 0 0 0.55042 0 0 0 0 0 0 0 0 0 0 0 0 0 0 0 0 0 0 0 0 0 0 0 0 0 0 0 0 0 0 0 0 0 0 0 0 0 0 0 0 0 0 0 0 0 0 0 0 0 0 0 0 0 0 0 0 0 0 0 0.582716 0 0 0 0 0 0 0 0 0 0 0 0 0.339781 0 0 0 0 0 0 0 0 0 0 0 0 0 0 0 0 0 0 0 0 0 0 0 0 0 0 0 0 0 0 0 0 0 0 0 0 0 0 0 0 0 0 0 0 0 0 0 0 0 0 0 0 0.481294 0 0 0 0 0 0 0 0 0 0 0 0 0 0 0.573577 0 0 0 0.445446 0 0 0 0 0 0 0 0 0.686734 0 0 0 0.627721 0 0 0 0 0 0 0 0 0 0 0.356072 0 0 0
0.558801 0 0 0 0 0 0.488783 0 0 0 0 0 0 0 0 0 0 0 0 0 0 0 0 0 0 0 0 0 0 0 0 0 0 0 0 0.463121 0 0 0 0 0 0 0 0 0 0 0 0 0 0 0 0 0 0 0 0 0.652049 0 0 0.495748 0 0 0 0 0 0 0 0 0 0 0 0 0 0 0 0 0 0 0 0 0.414813 0 0 0 0 0 0 0 0 0 0 0 0 0 0 0 0 0 0 0 0 0 0 0 0 0 0 0 0 0 0 0 0.678441 0 0 0 0 0 0 0 0 0 0 0 0 0 0 0 0.55823 0 0.467919 0 0 0 0 0 0 0 0 0 0 0 0 0 0 0 0 0 0 0 0 0 0 0 0.411631 0 0 0 0 0 0 0 0 0 0 0 0 0 0 0 0 0 0 0 0 0 0 0 0 0 0.469601 0 0 0.301966 0 0 0 0 0 0 0 0 0 0 0.41333 0 0.453699 0 0 0
