100
0 1.05317 0 0 0 0 0 0 0 0 0 0 0 0 0.458878 0 0 0 0 0 0 0 0 0 0 0 0.622141 0 0 0 0 0 0 0 0 0 0 0 0 0 0 0 0 0.731832 0 0 0 0 0 0 0 0 0 0 0 0 0 0 0 0 0 0 0 0 0 0 0.874099 0 0 0.532729 0 0 0.692914 0 0 0 0 0 0 0 0 0 0 0 0 0 0 0 0 0 0 0 0 0 0 0 0 0 0 0.91366
1.05317 0 0 0 0.660384 0 0 0 0 0.497455 0 0 0 0 0 0 0 0 0 0 0 0 0 0 0 0 0 0.779595 0 0 0 0 0 0 0 0 0 0 0 0.590223 0 0 0 0 0 0 0 0 0 0 0 0 0 0 0 0 0 0 0 0 0 0 0 0 0 0 0 0.684042 0 0 0 0 0 0 0 0 0.659854 0 0 0 0 0 0 0 0 0 0 0 0 0 0 0 0 0 0 0 0.906982 0 0 0
0 0 0 0 0 0 0 0 0 0 0 0 0 0 0 0 0 0 0 0 0 0 0 0 0 0 0.283448 0 0 0.861777 0 0 0.32297 0 0 0 0 0 0 0 0 0 0 0 0 0 0 0 0 0 0 0 0.278061 0.829859 0 0 0 0 0 0 0 0 0 0 0 0 0 0 0 0.167871 0 0 0 0 0 0 0.81649 0 0 0 0 0 0 0 0 0 0 0 0 0 0 0 0 0 0 0 0 0 0 0
0 0 0 0 0 0 0 0 0 0 0 0 0 0 0 0.800927 0 0 0 0 0 0 0 0 0 0 0 0 0.388529 0 0 0.567117 0 0.183632 0 0.529293 0 0 0 0 0 0 0 0 0 0 0 0 0 0.744406 0 0 0 0 0 0 0 0 0 0 0 0 0 0 0 0 0 0 0 0 0 0 0 0 0 0 0 0 0 0 0 0 0 0 0 0 0 0 0 0 0 0 0 0 0 0 0.473996 0 0 0
0 0.660384 0 0 0 0 0 0 0 0 0 0 0 0 0 0.656431 0.451349 0 0 0 0.251012 0 0 0 0 0 0 0 0 0 0 0 0 0 0 0.459872 0 0 0 0 0.643624 0 0 0 0.422766 0 0 0 0 0 0 0 0 0 0 0 0 0.0348523 0 0 0 0 0 0 0 0 0 0 0 0 0 0 0 0 0.484375 0 0 0 0 0 0 0 0 0 0 0.419583 0 0 0 0 0 0 0 0 0 0 0 0 0 0
0 0 0 0 0 0 0 0 0 0 0 0 0 0 0 0 0 0 0 0 0 0 0 0 0 0.716092 0 0 0.601272 0 0 0 0 0 0 0 0 0 0 0 0 0 0 0 0 0.373266 0 0 0 0 0 0 0 0 0 0 0 0 0.739767 0 0 0 0 0 0 0.350809 0 0 0.630344 0 0 0 0 0 0 0 0 0 0 0 0 0 0 0 0 0.753598 0.545535 0 0 0 0 0 0 0 0 0 0.700194 0 0 0
0 0 0 0 0 0 0 0 0 0 0 0 0 0 0 0 0 0.772717 0 0 0 0 0.190541 0 0 0 0 0 0 0 0 0 0 0 0.507519 0.651601 0 0 0 0 0 0 0 0 0 0 0 0.589701 0 0 0 0 0 0 0 0.469678 0 0 0 0 0 0 0 0 0 0 0 0 0 0 0 0 0 0 0 0 0.199097 0 0 0 0 0 0 0 0.247312 0 0 0 0 0 0.0742836 0 0.532541 0 0.670786 0 0 0 0 0.278618
0 0 0 0 0 0 0 0 0 0 0 0 0 0 0 0.116658 0 0 0 0 0 0 0 0 0 0 0 0 0 0 0 0 0 0 0 0 0 0 0 0 0 0 0 0 0 0 0 0 0 0 0 0 0.324828 0 0 0 0 0.548357 0 0 0 0 0.786999 0 0 0 0 0 0.721451 0 0 0 0 0 0 0 0 0 0 0 0 0 0 0 0 0 0 0 0 0 0 0 0 0 0 0 0 0.790136 0 0
0 0 0 0 0 0 0 0 0 0 0 0 0 0 0 0 0 0 0.60357 0 0 0 0.504991 0 0 0 0 0 0.477197 0 0 0 0 0 0 0 0 0 0 0 0 0 0 0 0 0 0 0 0 0 0 0 0 0 0 0 0 0 0 0 0.565528 0 0 0 0 0 0 0 0 0 0 0 0 0 0.315991 0 0 0 0 0 0 0 0 0 0 0.727305 0 0 0.22997 0 0 0 0 0 0 0 0 0 0.218975 0
0 0.497455 0 0 0 0 0 0 0 0 0 0 0.186362 0 0 1.01992 0 0 0 0 0 0 0 0 0 0 0 0 0 0 0 0 0 0 0 0.6257 0 0 0 0 0 0 0 0.168568 0 0 0 0 0 0 0 0 0 0 0 0 0 0 0.58664 0 0 0 0 0 0 0 0 0 0.696134 0 0 0 0 0 0 0 0 0 0 0.609463 0.895636 0 0 0 0 0 0 0 0 0 0 0 0 0 0 0 0.779776 0 0 0
0 0 0 0 0 0 0 0 0 0 0 0 0 0 0 0 0 0 0 0.989525 0 0 0 0 0 0 0 0 0 0 0 0 0 0 0.555283 0 0 0 1.00337 0 0 0 0 0.735667 0 0.529889 0 0 0 0 0 0 0 0 0.143315 0 0 0 0 0 0.496895 0 0 0 0 0 0.635311 0 0 0 0 0 0 0 0 0 0 0 0 0 0 0 0 0 0 0 0 0.955462 0 0 0 0 0 0 0 0 0 0 0 0
0 0 0 0 0 0 0 0 0 0 0 0 0 0 0 0 0.349048 0 0 0 0 0 0 0 0 0 0 0 0 0 0 0 0 0.378148 0 0 0 0 0 0 0 0 0 0 0 0 0 0.739257 0 0 0 0 0 0 0 0 0 0 0 0 0 0 0 0 0 0 0 0 0 0 0.117168 0 0 0.29687 0 0 0 0 0 0 0 0 0 0 0 0 0.576034 0 0 0 0 0 0 0 0 0 0 0 0 0
0 0 0 0 0 0 0 0 0 0.186362 0 0 0 0 0 0 0 0 0.719087 0 0 0 0 0 0 0 0 0 0 0 0 0 0 0.434105 0 0 0.4379 0 0 0 0 0 0 0 0 0.458831 0 0 0.73007 0 0.48293 0 0 0 0 0.313137 0 0 0 0 0 0 0.494293 0 0 0 0 0 0 0 0.704382 0.685486 0 0 0 0 0 0 0 0 0 0 0 0 0 0.822437 0.328397 0 0 0 0 0 0 0 0 0 0 0 0 0
0 0 0 0 0 0 0 0 0 0 0 0 0 0 0 0 0.24326 0 0 0 0 0.434055 0 0 0 0 0 0 0 0 0 0 0 0 0 0 0 0 0 0.353225 0 0 0 0 0 0 0 0 0 0 0 0 0.128785 0 0 0 0 0 0 0 0 0 0 0 0 0 0.413174 0.0790333 0.698846 0 0 0 0 0 0 0 0 0 0 0 0 0.29078 0 0 0 0 0 0 0 0 0 0.328309 0 0 0 0 0 0 0 0
0.458878 0 0 0 0 0 0 0 0 0 0 0 0 0 0 0 0 0 0 0 0 0 0 0 0 0 0 0 0 0 0 0.629951 0 0 0 0 0.318543 0 0 0 0 0 0 0 0 0 0 0.886081 0 0 0.869573 0 0 0 0 0 0 0 0 0 0 0 0 0 0 0 0 0 0 0 0 0 0 0 0.596821 0 0 0 0 0 0 0 0 0 0 0 0 0 0 0 0 0 0.731778 0 0 0 0 0 0 0
0 0 0 0.800927 0.656431 0 0 0.116658 0 1.01992 0 0 0 0 0 0 0 0 0 0 0 0 0 0 0 0 0.235004 0 0 0 0 0 0 0 0 0 0 0 0 0 0 0 0 0 0 0 0 0 0 0 0.610847 0 0 0.861936 0 0 0 0.634635 0 0 0 0 0 0 0 0 0 0 0 0 0 0 0 0 0.978506 0 0 1.05159 0 0 0.307667 0 0 0 0 0 0 0 0 0 0 0 0 0 0 0 0 0 0 0
0 0 0 0 0.451349 0 0 0 0 0 0 0.349048 0 0.24326 0 0 0 0 0 0 0 0 0 0 0 0 0 0.593263 0 0 0 0 0 0 0 0 0 0 0 0 0 0.227097 0 0.524493 0 0 0 0 0 0.249234 0 0 0 0 0 0 0 0 0 0 0 0 0 0 0 0 0 0 0 0 0 0 0 0 0 0 0 0 0 0 0 0 0 0 0 0 0 0 0 0 0 0 0 0.122861 0 0.357287 0 0 0.452702 0
0 0 0 0 0 0 0.772717 0 0 0 0 0 0 0 0 0 0 0 0.326396 0 0 0 0 0 0 0 0 0 0 0 0 0.116802 0 0 0 0 0.820334 0.733461 0 0 0 0 0 0 0 0 0 0 0 0 0 0.458291 0 0 0 0 0 0 0 0 0 0 0 0 0.189127 0 0 0.0422977 0 0 0 0 0 0 0.710113 0 0 0 0 0 0 0 0 0 0 0 0 0 0 0.566633 0 0 0 0 0 0 0 0 0 0
0 0 0 0 0 0 0 0 0.60357 0 0 0 0.719087 0 0 0 0 0.326396 0 0 0 0 0 0 0 0 0 0 0 0 0 0 0 0 0 0 0 0 0 0 0 0 0.461088 0 0 0 0 0 0 0 0 0 0 0 0 0 0.499207 0 0 0 0 0 0 0.805845 0 0 0 0 0 0 0 0 0 0 0 0 0 0 0 0 0 0 0 0 0 0 0 0.923188 0 0 0.815757 0 0 0 0.320951 0 0.0709212 0 0 0
0 0 0 0 0 0 0 0 0 0 0.989525 0 0 0 0 0 0 0 0 0 0 0 0 0 0 0.839482 0 0 0 0 0 0.887469 0 0 0.544711 0 0 0 0.555448 0 0 0 0 0 0 0 0 0 0.885371 0 0 0.375157 0 0 0 0 0 0 0 0 0 0 0 0 0 0 0 0 0 0 0.91632 0 0 0 0 0 0 0 0 0 0 0 0 0.488676 0 0.963886 0 0 0 0 0 0 0 0 0 0 0 0 0 0
0 0 0 0 0.251012 0 0 0 0 0 0 0 0 0 0 0 0 0 0 0 0 0 0 0 0 0 0 0 0 0 0 0 0 0.225392 0 0 0 0 0.898522 0 0 0 0 0.536392 0 0 0 0 0 0 0 0 0 0 0 0 0 0 0 0 0 0 0.407014 0 0 0 0 0 0 0 0 0.459506 0.505265 0 0.716926 0 0 0.753844 0 0 0 0 0 0 0 0 0 0 0 0 0 0 0 0 0 0 0 0.913603 0 0
0 0 0 0 0 0 0 0 0 0 0 0 0 0.434055 0 0 0 0 0 0 0 0 0 0 0.460306 0 0 0 0 0 0 0 0 0 0 0 0 0 0 0 0 0 0 0 0 0 0 0 0 0 0 0 0 0 0 0 0.746771 0 0 0 0 0 0 0 0 0.472664 0 0.498258 0 0 0 0 0 0 0.33752 0 0.271499 0 0.428878 0 0 0 0 0 0 0 0 0.600482 0 0 0 0 0 0 0 0 0 0 0 0
0 0 0 0 0 0 0.190541 0 0.504991 0 0 0 0 0 0 0 0 0 0 0 0 0 0 0 0 0 0 0 0 0 0 0 0 0 0 0 0 0 0 0 0 0 0.338585 0 0 0 0 0 0 0 0 0 0.611666 0 0 0.485784 0 0 0 0 0 0 0 0 0 0 0 0 0 0 0 0.889081 0 0 0 0 0 0 0 0 0 0 0 0 0 0 0 0 0 0 0 0.584353 0 0 0.667585 0 0 0.830047 0 0.427057
0 0 0 0 0 0 0 0 0 0 0 0 0 0 0 0 0 0 0 0 0 0 0 0 0 0 0 0 0 0 0 0 0 0 0.54896 0 0 0.0638432 0 0 0 0 0 0 0 0 0 0 0 0 0 0 0 0 0 0 0 0 0 0 0 0 0 0 0 0.834203 0 0 0 0.910401 0 0 0 0 0 0 0 0 0 0.983424 0 0 0 0 0 0 0 0.134334 0 0 0.759821 0 0 0 0 0 0 0 0 0
0 0 0 0 0 0 0 0 0 0 0 0 0 0 0 0 0 0 0 0 0 0.460306 0 0 0 0 0 0.584651 0 0 0 0 0 0 0 0 0.829107 0 0 0 0 0.328751 0 0 0 0 0 0 0 0 0 0 0.205532 0 0 0 0 0 0 0 0 0 0.66987 0 0 0 0 0 0 0 0 0 0 0 0 0 0 0 0 0 0 0 0 0.690034 0 0 0 0.580734 0 0 0 0 0 0 0 0.264897 0 0 0 0
0 0 0 0 0 0.716092 0 0 0 0 0 0 0 0 0 0 0 0 0 0.839482 0 0 0 0 0 0 0 0 0 0 0 0 0 0 0 0 0 1.01679 0 0 0 0 0 0 0 0 0 0 0.0703307 0 0 0 0 0 0 0 0 0 0 0 0.26674 0 0.40575 0 0 0 0 0 0 0 0 0 0 0 0 0 0 0 0 0 0 0 0 0 0 0 0 0 0 0 0 0 0 0 0.368716 0 0 0 0 0
0.622141 0 0.283448 0 0 0 0 0 0 0 0 0 0 0 0 0.235004 0 0 0 0 0 0 0 0 0 0 0 0 0 0 0 0 0 0 0.340658 0 0 0 0 0 0 0 0 0 0 0 0 0 0 0 0 0 0 0 0 0 0 0 0 0 0 0 0 0 0 0 0 0 0 0 0 0 0 0 0 0.0883675 0 0 0 0 0 0 0.247639 0 0 0 0 0 0 0 0 0 0 0 0 0 0 0.67496 0 0
0 0.779595 0 0 0 0 0 0 0 0 0 0 0 0 0 0 0.593263 0 0 0 0 0 0 0 0.584651 0 0 0 0 0.870959 0 0 0 0 0 0 0 0 0 0 0 0 0 0.348224 0 0 0 0 0.373455 0 0 0 0 0 0 0.374212 0 0 0 0 0 0 0.1015 0 0 0 0 0 0.913515 0 0 0 0 0 0 0 0 0 0 0 0 0 0 0.144075 0 0 0 0 0 0 0 0 0 0 0 0 0 0 0 0
0 0 0 0.388529 0 0.601272 0 0 0.477197 0 0 0 0 0 0 0 0 0 0 0 0 0 0 0 0 0 0 0 0 0 0 0 0 0 0 0 0 0 0 0 0 0 0 0 0 0.424539 0 0 0.146097 0 0 0 0 0 0 0 0 0 0 0.371816 0 0 0 0 0 0 0 0 0 0 0 0 0 0 0 0 0 0 0 0 0 0 0 0.449761 0 0 0 0 0 0 0 0 0 0 0 0 0 0 0 0
0 0 0.861777 0 0 0 0 0 0 0 0 0 0 0 0 0 0 0 0 0 0 0 0 0 0 0 0 0.870959 0 0 0 0 0 0 0 0 0.900073 0.095602 0 0 0 0 0 0 0 0 0 0 0 0 0 0 0 0 0 0 0.797485 0 0 1.00662 0 0 0 0 0 0 0 0 0.0622317 0 0 0 0 0.604802 0 0 0 0 0 0 0 0 0 0 0 0 0 0 0 0 0 0 0 0 0 0.770996 0 0.0623141 0 0
0 0 0 0 0 0 0 0 0 0 0 0 0 0 0 0 0 0 0 0 0 0 0 0 0 0 0 0 0 0 0 0 0 0 0 0 0.646312 0 0 0 0 0.827171 0 0 0 0 0.868236 0 0 0 0 0 0 0 0 0 0 0 0 0 0 0 0 0 0 0 0 0 0 0 0 0 0 0 0.819342 0 0 0 0 0 0 0 0 0 0 0 0 0 0.919169 0 0 0 0.784967 0 0 0 0 0 0.899776 0
0 0 0 0.567117 0 0 0 0 0 0 0 0 0 0 0.629951 0 0 0.116802 0 0.887469 0 0 0 0 0 0 0 0 0 0 0 0 0 0 0 0 0 0 0 0 0 0 0 0 0 0 0 0 0 0.287375 0 0 0 0.728403 0 0 0 0 0.81286 0 0 0.762883 0 0 0 0 0.456048 0 0 0 0 0 0 0 0 0 0 0 0 0 0 0 0 0 0 0 0 0 0 0 0 0.333609 0 0 0 0 0 0 0 0
0 0 0.32297 0 0 0 0 0 0 0 0 0 0 0 0 0 0 0 0 0 0 0 0 0 0 0 0 0 0 0 0 0 0 0 0 0 0 0 0 0 0 0 0 0 0.437365 0 0 0 0 0 0 0 0 0 0 0 0 0 0 0.370091 0 0 0 0 0 0.266577 0 0 0 0 0 0 0 0 0 0 0 0 0.197627 0 0 0 0 0 0 0 0.474146 0 0 0 0 0.182603 0 0 0 0 0.25214 0 0 0
0 0 0 0.183632 0 0 0 0 0 0 0 0.378148 0.434105 0 0 0 0 0 0 0 0.225392 0 0 0 0 0 0 0 0 0 0 0 0 0 0 0 0 0 0 0 0 0 0 0 0 0 0.65738 0 0 0 0 0 0 0 0.420189 0 0 0 0 0 0 0 0 0.501079 0 0 0 0 0 0 0 0 0 0 0 0 0 0.533939 0 0 0 0.212717 0 0 0 0.395535 0 0 0 0 0 0 0 0.563339 0 0 0 0 0 0
0 0 0 0 0 0 0.507519 0 0 0 0.555283 0 0 0 0 0 0 0 0 0.544711 0 0 0 0.54896 0 0 0.340658 0 0 0 0 0 0 0 0 0 0 0 0 0 0 0 0 0 0 0 0 0 0 0 0 0 0 0 0 0 0 0 0 0 0 0 0 0 0 0 0 0 0 0 0 0.368374 0 0 0 0 0 0.501884 0 0 0 0.465149 0 0 0 0 0.179613 0 0 0 0 0 0 0 0 0 0 0 0 0.319831
0 0 0 0.529293 0.459872 0 0.651601 0 0 0.6257 0 0 0 0 0 0 0 0 0 0 0 0 0 0 0 0 0 0 0 0 0 0 0 0 0 0 0.781952 0 0 0 0 0.172796 0 0 0 0 0 0 0 0 0 0 0 0 0 0 0 0 0 0 0 0 0 0 0 0 0 0 0 0 0 0 0 0 0 0 0 0 0 0 0 0 0 0 0 0.671759 0 0 0 0 0.705367 0 0 0 0 0 0 0 0 0
0 0 0 0 0 0 0 0 0 0 0 0 0.4379 0 0.318543 0 0 0.820334 0 0 0 0 0 0 0.829107 0 0 0 0 0.900073 0.646312 0 0 0 0 0.781952 0 0 0 0 0 0 0 0 0 0 0 0 0 0 0 0 0 0 0 0.551725 0 0 0 0 0 0 0 0 0 0 0 0 0 0 0 0 0 0 0 0 0.114087 0.34983 0 0 0 0 0 0 0 0 0 0 0 0 0 0 0 0 0 0 0 0 0 0
0 0 0 0 0 0 0 0 0 0 0 0 0 0 0 0 0 0.733461 0 0 0 0 0 0.0638432 0 1.01679 0 0 0 0.095602 0 0 0 0 0 0 0 0 0.0759922 0 0 0 0.660891 0 0 0 0 0 0 0 0 0 0 0 0 0 0 0 0 0 0 0 0 0 0 0 0 0 0 0 0 0 0 0.67668 0 0 0 0 0 0 0 0 0 0 0 0 0 0 0 0 0 0 0 0 0 0 0 0 0 0
0 0 0 0 0 0 0 0 0 0 1.00337 0 0 0 0 0 0 0 0 0.555448 0.898522 0 0 0 0 0 0 0 0 0 0 0 0 0 0 0 0 0.0759922 0 0 0 0 0 0 1.16612 0.487753 0 0 0.988694 0 0.336782 0 0 0 0 0 0.903038 0 0.038211 0 0 0 0 0 0 0.758129 0 0 0 0 0 0 0 0 0 0 0 0 0 0 0 0 0 0 0 0 0 0 0 0 0 0 0 0 0 0 0 0 0 0
0 0.590223 0 0 0 0 0 0 0 0 0 0 0 0.353225 0 0 0 0 0 0 0 0 0 0 0 0 0 0 0 0 0 0 0 0 0 0 0 0 0 0 0 0 0 0 0 0 0 0 0 0 0 0 0.421224 0 0 0 0 0 0 0 0 0 0 0 0 0.313593 0 0 0 0 0 0 0 0 0 0 0 0 0 0 0 0 0.40638 0.898697 0 0 0 0 0 0 0 0 0 0 0 0 0 0.582751 0 0
0 0 0 0 0.643624 0 0 0 0 0 0 0 0 0 0 0 0 0 0 0 0 0 0 0 0 0 0 0 0 0 0 0 0 0 0 0 0 0 0 0 0 0 0 0.633125 0 0 0 0 0 0.343539 0 0 0 0 0 0 0 0 0 0 0 0 0 0 0 0 0 0 0 0 0 0 0 0.465567 0 0 0 0 0 0 0 0 0 0 0 0 0 0 0 0 0 0 0 0 0 0 0 0 0 0
0 0 0 0 0 0 0 0 0 0 0 0 0 0 0 0 0.227097 0 0 0 0 0 0 0 0.328751 0 0 0 0 0 0.827171 0 0 0 0 0.172796 0 0 0 0 0 0 0 0 0 0 0 0 0.721225 0 0 0 0 0 0 0 0 0 0 0 0 0 0 0 0.603802 0 0 0 0 0 0 0 0 0 0 0 0 0.582798 0 0 0 0 0 0 0 0 0 0 0 0 0 0 0 0 0 0 0 0 0 0
0 0 0 0 0 0 0 0 0 0 0 0 0 0 0 0 0 0 0.461088 0 0 0 0.338585 0 0 0 0 0 0 0 0 0 0 0 0 0 0 0.660891 0 0 0 0 0 0 0 0 0 0 0 0 0 0 0 0 0 0 0 0 0 0 0.32191 0 0 0 0 0 0 0 0 0 0 0.550787 0 0 0 0 0 0 0 0 0 0.37024 0 0 0 0 0 0 0 0 0 0 0.375903 0 0 0 0 0 0 0
0.731832 0 0 0 0 0 0 0 0 0.168568 0.735667 0 0 0 0 0 0.524493 0 0 0 0.536392 0 0 0 0 0 0 0.348224 0 0 0 0 0 0 0 0 0 0 0 0 0.633125 0 0 0 0 0 0 0.530074 0 0 0 0.135105 0 0 0 0 0 0 0 0 0 0 0 0 0 0.610599 0 0 0 0 0 0 0 0 0 0 0 0 0.582158 0 0 0 0 0 0 0 0 0 0 0 0 0 0 0.605444 0 0 0 0 0 0
0 0 0 0 0.422766 0 0 0 0 0 0 0 0 0 0 0 0 0 0 0 0 0 0 0 0 0 0 0 0 0 0 0 0.437365 0 0 0 0 0 1.16612 0 0 0 0 0 0 0 0 0 0 0.834997 0 0 0 0 0 0.625587 0 0 0 0 0 0 0 0 0 0.606163 0 0 0 0 0 0 0 0 0 0 0.665469 0 0 0 0 0.281059 0 0 0 0 0 0 0 0.777346 0 0 0.891418 0 0 0 0 0 0 0
0 0 0 0 0 0.373266 0 0 0 0 0.529889 0 0.458831 0 0 0 0 0 0 0 0 0 0 0 0 0 0 0 0.424539 0 0 0 0 0 0 0 0 0 0.487753 0 0 0 0 0 0 0 0 0.357306 0 0 0 0.379028 0 0 0 0 0 0 0 0 0 0 0 0 0 0 0 0 0 0 0 0 0 0 0 0 0 0 0 0 0 0 0 0 0 0 0 0 0 0 0 0 0 0 0 0 0 0 0.410561 0.44478
0 0 0 0 0 0 0 0 0 0 0 0 0 0 0 0 0 0 0 0 0 0 0 0 0 0 0 0 0 0 0.868236 0 0 0.65738 0 0 0 0 0 0 0 0 0 0 0 0 0 0 0 0 0 0 0 0 0 0 0 0 0 0 0.838442 0 0.87355 0 0 0 0 0 0.332673 0 0 0 0 0 0 0 0 0.788208 0 0 0.660953 0 0 0 0 0 0 0 0 0 0 0 0 0 0 0 0.751905 0.413219 0 0
0 0 0 0 0 0 0.589701 0 0 0 0 0.739257 0 0 0.886081 0 0 0 0 0 0 0 0 0 0 0 0 0 0 0 0 0 0 0 0 0 0 0 0 0 0 0 0 0.530074 0 0.357306 0 0 0 0 0.20652 0 0 0 0 0 0 0 0 0 0 0 0 0 0 0 0 0 0 0 0 0 0 0 0.446269 0.501536 0 0 0 0 0 0 0 0 0 0 0 0 0 0 0 0.820185 0 0 0 0.738912 0 0 0 0
0 0 0 0 0 0 0 0 0 0 0 0 0.73007 0 0 0 0 0 0 0.885371 0 0 0 0 0 0.0703307 0 0.373455 0.146097 0 0 0 0 0 0 0 0 0 0.988694 0 0 0.721225 0 0 0 0 0 0 0 0 0 0 0 0 0 0 0 0 0 0 0 0 0 0 0 0 0 0 0 0 0 0 0 0 0 0 0 0 0 0 0 0 0 0 0 0 0 0 0 0 0.814789 0 0 0 0.350536 0 0 0 0 0
0 0 0 0.744406 0 0 0 0 0 0 0 0 0 0 0 0 0.249234 0 0 0 0 0 0 0 0 0 0 0 0 0 0 0.287375 0 0 0 0 0 0 0 0 0.343539 0 0 0 0.834997 0 0 0 0 0 0 0 0 0 0 0 0 0 0.702801 0.847068 0 0 0 0 0 0 0 0 0 0 0 0 0 0 0 0 0 0 0 0.624094 0 0 0 0 0 0 0 0 0 0 0 0 0 0 0 0 0 0 0 0.729615
0 0 0 0 0 0 0 0 0 0 0 0 0.48293 0 0.869573 0.610847 0 0 0 0 0 0 0 0 0 0 0 0 0 0 0 0 0 0 0 0 0 0 0.336782 0 0 0 0 0 0 0 0 0.20652 0 0 0 0 0 0 0.58996 0.388581 0 0.587285 0 0 0.806344 0 0 0 0 0 0 0 0 0 0.51382 0 0 0 0 0 0 0 0.701538 0 0 0 0 0 0 0 0 0 0.310319 0 0 0 0 0.152824 0 0.542757 0 0 0 0
0 0 0 0 0 0 0 0 0 0 0 0 0 0 0 0 0 0.458291 0 0.375157 0 0 0 0 0 0 0 0 0 0 0 0 0 0 0 0 0 0 0 0 0 0 0 0.135105 0 0.379028 0 0 0 0 0 0 0 0 0 0 0 0 0 0 0 0.610863 0 0 0 0 0 0 0 0.601415 0 0.564405 0 0 0 0 0 0 0 0 0 0 0 0.340122 0 0 0 0 0 0.144629 0 0 0 0 0 0 0 0 0 0
0 0 0.278061 0 0 0 0 0.324828 0 0 0 0 0 0.128785 0 0 0 0 0 0 0 0 0.611666 0 0.205532 0 0 0 0 0 0 0 0 0 0 0 0 0 0 0.421224 0 0 0 0 0 0 0 0 0 0 0 0 0 0 0 0 0 0 0 0 0 0 0.472087 0 0 0 0 0 0 0 0 0 0 0 0.591002 0 0.572192 0 0 0 0 0 0 0 0 0 0 0 0 0 0 0 0 0.364485 0.078476 0 0 0 0 0.527289
0 0 0.829859 0 0 0 0 0 0 0 0 0 0 0 0 0.861936 0 0 0 0 0 0 0 0 0 0 0 0 0 0 0 0.728403 0 0 0 0 0 0 0 0 0 0 0 0 0 0 0 0 0 0 0 0 0 0 0.773963 0.411557 0 0 0 0 0 0 0 0 0.812819 0 0 0 0 0 0 0 0 0 0 0 0.597632 0 0 0 0 0 0 0 0 0 0 0.137616 0 0 0 0 0 0 0 0 0 0 0 0
0 0 0 0 0 0 0 0 0 0 0.143315 0 0 0 0 0 0 0 0 0 0 0 0 0 0 0 0 0 0 0 0 0 0 0.420189 0 0 0 0 0 0 0 0 0 0 0 0 0 0 0 0 0.58996 0 0 0.773963 0 0 0 0.42549 0 0 0 0 0 0 0 0 0 0 0 0 0 0 0 0 0 0 0.78757 0 0 0 0 0 0 0 0 0 0 0 0 0 0 0 0 0.449401 0 0 0 0 0 0
0 0 0 0 0 0 0.469678 0 0 0 0 0 0.313137 0 0 0 0 0 0 0 0 0 0.485784 0 0 0 0 0.374212 0 0 0 0 0 0 0 0 0.551725 0 0 0 0 0 0 0 0.625587 0 0 0 0 0 0.388581 0 0 0.411557 0 0 0 0 0.538212 0 0 0 0 0 0 0 0 0.345086 0 0 0 0 0 0 0 0 0 0 0 0 0 0 0 0 0 0 0 0 0.40352 0 0 0 0 0 0 0 0 0 0 0
0 0 0 0 0 0 0 0 0 0 0 0 0 0 0 0 0 0 0.499207 0 0 0.746771 0 0 0 0 0 0 0 0.797485 0 0 0 0 0 0 0 0 0.903038 0 0 0 0 0 0 0 0 0 0 0 0 0 0 0 0 0 0 0 0 0 0 0 0 0 0 0 0 0 0 0 0 0 0 0 0 0 0 0 0 0 0 0 0 0 0 0 0 0 0 0 0 0 0 0 0 0 0.570122 0 0 0
0 0 0 0 0.0348523 0 0 0.548357 0 0 0 0 0 0 0 0.634635 0 0 0 0 0 0 0 0 0 0 0 0 0 0 0 0 0 0 0 0 0 0 0 0 0 0 0 0 0 0 0 0 0 0 0.587285 0 0 0 0.42549 0 0 0 0 0 0 0 0.253259 0 0 0 0 0 0 0 0 0 0 0 0.471985 0 0 0 0 0 0 0 0 0 0 0 0 0 0 0 0 0 0 0 0 0 0 0 0.546601 0.461526
0 0 0 0 0 0.739767 0 0 0 0.58664 0 0 0 0 0 0 0 0 0 0 0 0 0 0 0 0 0 0 0 0 0 0.81286 0 0 0 0 0 0 0.038211 0 0 0 0 0 0 0 0 0 0 0.702801 0 0 0 0 0 0.538212 0 0 0 0 0.930368 0 0 0 0 0 0 0 0 0 0 0.68538 0 0 0 0 0 0 0 0.878636 0 0 0 0.878299 0 0 0 0 0 0 0 0 0 0 0 0 0 0 0 0
0 0 0 0 0 0 0 0 0 0 0 0 0 0 0 0 0 0 0 0 0 0 0 0 0 0 0 0 0.371816 1.00662 0 0 0.370091 0 0 0 0 0 0 0 0 0 0 0 0 0 0 0 0 0.847068 0 0 0 0 0 0 0 0 0 0 0 1.05419 0 0 0 0 0 0 0 0 0 0 0 0.446146 0 0.69179 0 0.663423 0.37574 0 0 0.304782 0 0 0 0 0 0 0 0 0 0 0 0 0 0 0 0 0 0
0 0 0 0 0 0 0 0 0.565528 0 0.496895 0 0 0 0 0 0 0 0 0 0 0 0 0 0 0.26674 0 0 0 0 0 0 0 0 0 0 0 0 0 0 0 0 0.32191 0 0 0 0.838442 0 0 0 0.806344 0 0 0 0 0 0 0 0.930368 0 0 0 0.143518 0 0 0 0 0 0 0 0 0 0 0 0 0 0 0 0 0 0 0 0 0.192461 0 0 0 0 0.773695 0 0 0 0 0 0 0 0 0.973082 0 0
0 0 0 0 0 0 0 0 0 0 0 0 0 0 0 0 0 0 0 0 0 0 0 0 0 0 0 0 0 0 0 0.762883 0 0 0 0 0 0 0 0 0 0 0 0 0 0 0 0 0 0 0 0.610863 0 0 0 0 0 0 0 1.05419 0 0 0.959431 0 0 0 0 0 0 0 0 0.599316 0 0 0 0 0 0 0 0 0 0 0.66196 0 0.963343 0 0 0 0 0 0.807996 0 0 0 0 0 0 0 0 0
0 0 0 0 0 0 0 0.786999 0 0 0 0 0.494293 0 0 0 0 0 0 0 0.407014 0 0 0 0.66987 0.40575 0 0.1015 0 0 0 0 0 0 0 0 0 0 0 0 0 0 0 0 0 0 0.87355 0 0 0 0 0 0.472087 0 0 0 0 0.253259 0 0 0.143518 0.959431 0 0 0 0 0 0 0 0.744519 0 0 0 0 0 0.675276 0 0 0 0 0 0 0 0 0 0 0 0 0.730461 0 0 0 0 0 0.54661 0 0 0 0 0
0 0 0 0 0 0 0 0 0 0 0 0 0 0 0 0 0 0 0.805845 0 0 0 0 0 0 0 0 0 0 0 0 0 0 0.501079 0 0 0 0 0 0 0 0 0 0 0 0 0 0 0 0 0 0 0 0 0 0 0 0 0 0 0 0 0 0 0 0 0 0 0 0 0.822881 0 0 0 0 0 0 0 0 0 0 0 0 0 0 0 0 0 0 0.163466 0 0 0.44811 0 0 0 0 0 0 0
0 0 0 0 0 0 0 0 0 0 0 0 0 0 0 0 0 0.189127 0 0 0 0 0 0 0 0 0 0 0 0 0 0 0 0 0 0 0 0 0 0 0 0.603802 0 0 0 0 0 0 0 0 0 0 0 0.812819 0 0 0 0 0 0 0 0 0 0 0 0.155913 0 0 0 0.0847289 0 0 0 0.400243 0 0 0 0 0 0 0 0 0 0 0 0 0 0 0 0 0 0 0 0 0 0 0 0 0.812027 0
0 0 0 0 0 0.350809 0 0 0 0 0 0 0 0 0 0 0 0 0 0 0 0.472664 0 0.834203 0 0 0 0 0 0 0 0 0.266577 0 0 0 0 0 0.758129 0.313593 0 0 0 0.610599 0.606163 0 0 0 0 0 0 0 0 0 0 0 0 0 0 0 0 0 0 0 0.155913 0 0 0 0 0 0.0698786 0.165869 0 0.263985 0 0 0 0 0 0 0 0 0 0 0 0 0 0 0 0.59065 0.825808 0 0 0 0 0 0 0 0 0.652194
0.874099 0 0 0 0 0 0 0 0 0 0.635311 0 0 0.413174 0 0 0 0 0 0 0 0 0 0 0 0 0 0 0 0 0 0.456048 0 0 0 0 0 0 0 0 0 0 0 0 0 0 0 0 0 0 0 0 0 0 0 0 0 0 0 0 0 0 0 0 0 0 0 0 0 0 0 0 0 0 0 0 0 0 0 0 0 0 0.441496 0 0 0.810886 0 0 0.515287 0 0 0.722053 0 0 0 0 0 0 0.541556 0
0 0.684042 0 0 0 0 0 0 0 0 0 0 0 0.0790333 0 0 0 0.0422977 0 0 0 0.498258 0 0 0 0 0 0 0 0 0 0 0 0 0 0 0 0 0 0 0 0 0 0 0 0 0 0 0 0 0 0 0 0 0 0.345086 0 0 0 0 0 0 0 0 0 0 0 0 0 0 0 0 0 0 0 0 0 0 0 0 0 0 0 0 0 0 0 0 0 0 0 0.404862 0.461267 0 0 0 0 0 0 0
0 0 0 0 0 0.630344 0 0.721451 0 0.696134 0 0 0 0.698846 0 0 0 0 0 0 0 0 0 0 0 0 0 0.913515 0 0.0622317 0 0 0 0 0 0 0 0 0 0 0 0 0 0 0 0 0.332673 0 0 0 0 0 0 0 0 0 0 0 0 0 0 0 0 0 0 0 0 0 0 0 0 0.606681 0 0.634838 0 0 0 0 0 0 0 0.906543 0 0 0 0 0 0 0 0 0 0 0 0 0 0.759999 0 0.0905005 0 0
0.532729 0 0.167871 0 0 0 0 0 0 0 0 0 0 0 0 0 0 0 0 0 0 0 0 0.910401 0 0 0 0 0 0 0 0 0 0 0 0 0 0 0 0 0 0 0 0 0 0 0 0 0 0 0 0.601415 0 0 0 0 0 0 0 0 0 0 0.744519 0 0.0847289 0 0 0 0 0 0.0607791 0 0 0 0 0 0 0 0 0 0.251771 0 0 0 0 0 0 0 0 0 0 0 0 0.378055 0 0 0 0 0 0.767017
0 0 0 0 0 0 0 0 0 0 0 0.117168 0.704382 0 0 0 0 0 0 0.91632 0 0 0 0 0 0 0 0 0 0 0 0 0 0 0 0 0 0 0 0 0 0 0 0 0 0 0 0 0 0 0.51382 0 0 0 0 0 0 0 0 0 0 0 0 0.822881 0 0.0698786 0 0 0 0.0607791 0 0 0 0.330662 0 0 0.805439 0 0 0 0.225179 0 0 0 0.93617 0 0 0 0 0 0.893587 0 0 0 0 0 0 0 0 0
0 0 0 0 0 0 0 0 0 0 0 0 0.685486 0 0 0 0 0 0 0 0.459506 0 0.889081 0 0 0 0 0 0 0 0 0 0 0 0.368374 0 0 0 0 0 0 0 0.550787 0 0 0 0 0 0 0 0 0.564405 0 0 0 0 0 0 0.68538 0 0 0.599316 0 0 0 0.165869 0 0 0.606681 0 0 0 0 0 0 0 0 0 0 0 0 0 0.288229 0 0 0 0 0 0 0 0 0 0.437999 0.233829 0 0 0 0 0 0
0.692914 0 0 0 0 0 0 0 0 0 0 0 0 0 0 0 0 0 0 0 0.505265 0 0 0 0 0 0 0 0 0 0 0 0 0 0 0 0 0 0 0 0 0 0 0 0 0 0 0 0 0 0 0 0 0 0 0 0 0 0 0 0 0 0 0 0 0 0 0 0 0 0 0 0 0 0 0 0 0 0 0 0 0 0 0 0 0 0.475415 0 0 0 0 0 0 0 0 0 0 0 0 0
0 0 0 0 0 0 0 0 0 0 0 0.29687 0 0 0 0 0 0 0 0 0 0 0 0 0 0 0 0 0 0.604802 0 0 0 0 0 0 0 0.67668 0 0 0.465567 0 0 0 0 0 0 0 0 0 0 0 0 0 0 0 0 0 0 0.446146 0 0 0 0 0.400243 0.263985 0 0 0.634838 0 0.330662 0 0 0 0 0 0 0 0 0 0 0 0 0 0.611411 0 0 0 0 0 0 0 0 0 0.150765 0 0 0 0 0
0 0 0 0 0.484375 0 0 0 0.315991 0 0 0 0 0 0.596821 0.978506 0 0.710113 0 0 0.716926 0.33752 0 0 0 0 0 0 0 0 0.819342 0 0 0 0 0 0 0 0 0 0 0 0 0 0 0 0 0.446269 0 0 0 0 0.591002 0 0 0 0 0.471985 0 0 0 0 0 0 0 0 0 0 0 0 0 0 0 0 0 0 0 0 0 0 0 0 0 0 0 0 0 0 0 0 0 0 0 0 0 0 0 0 0 0
0 0 0 0 0 0 0 0 0 0 0 0 0 0 0 0 0 0 0 0 0 0 0 0 0 0 0.0883675 0 0 0 0 0 0 0 0 0 0 0 0 0 0 0 0 0 0 0 0 0.501536 0 0 0 0 0 0 0 0 0 0 0 0.69179 0 0 0.675276 0 0 0 0 0 0 0 0 0 0 0 0 0 0.735386 0 0 0 0.391698 0.439017 0 0 0.869277 0 0 0 0 0 0 0 0 0 0 0 0 0 0.550895 0
0 0.659854 0.81649 0 0 0 0.199097 0 0 0 0 0 0 0 0 0 0 0 0 0 0 0.271499 0 0 0 0 0 0 0 0 0 0 0 0 0 0 0.114087 0 0 0 0 0 0 0 0.665469 0 0 0 0 0 0 0 0.572192 0.597632 0.78757 0 0 0 0 0 0 0 0 0 0 0 0 0 0 0 0.805439 0 0 0 0 0.735386 0 0.266115 0 0 0 0 0 0 0 0 0 0 0 0 0 0 0 0 0 0 0 0 0 0
0 0 0 0 0 0 0 0 0 0 0 0 0 0 0 1.05159 0 0 0 0 0.753844 0 0 0 0 0 0 0 0 0 0 0 0 0.533939 0.501884 0 0.34983 0 0 0 0 0.582798 0 0 0 0 0.788208 0 0 0 0 0 0 0 0 0 0 0 0 0.663423 0 0 0 0 0 0 0 0 0 0 0 0 0 0 0 0 0.266115 0 0 0 0 0 0 0 0 0 0 0 0 0 0 0 0 0 0.681548 0 0 0 0.363108 0
0 0 0 0 0 0 0 0 0 0 0 0 0 0 0 0 0 0 0 0 0 0.428878 0 0 0 0 0 0 0 0 0 0 0.197627 0 0 0 0 0 0 0 0 0 0 0.582158 0 0 0 0 0 0 0.701538 0 0 0 0 0 0 0 0 0.37574 0 0 0 0 0 0 0 0 0 0 0 0 0 0 0 0 0 0 0 0 0 0 0 0 0 0 0.651141 0 0 0 0 0 0 0 0 0 0 0 0 0
0 0 0 0 0 0 0 0 0 0.609463 0 0 0 0 0 0 0 0 0 0 0 0 0 0.983424 0 0 0 0 0 0 0 0 0 0 0 0 0 0 0 0 0 0 0 0 0 0 0 0 0 0.624094 0 0 0 0 0 0 0 0 0.878636 0 0 0 0 0 0 0 0 0 0 0 0 0 0 0 0 0 0 0 0 0 0 0 0 0 0 0 0.625418 0 0.734879 0 0 0 0 0 0 0.597565 0 0 0 0
0 0 0 0 0 0 0 0 0 0.895636 0 0 0 0 0 0.307667 0 0 0 0 0 0 0 0 0 0 0 0 0 0 0 0 0 0 0 0 0 0 0 0 0 0 0 0 0 0 0.660953 0 0 0 0 0 0 0 0 0 0 0 0 0 0 0 0 0 0 0 0 0 0 0.251771 0.225179 0 0 0 0 0.391698 0 0 0 0 0 0 0.305554 0 0 0 0 0 0 0 0 0.291214 0 0 0.328568 0 0 0 0 0
0 0 0 0 0 0 0 0 0 0 0 0 0 0.29078 0 0 0 0 0 0 0 0 0 0 0 0 0 0 0 0 0 0 0 0.212717 0.465149 0 0 0 0 0 0 0 0.37024 0 0.281059 0 0 0 0 0 0 0 0 0 0 0 0 0 0 0.304782 0 0 0 0 0 0 0 0 0.906543 0 0 0 0 0 0 0.439017 0 0 0 0 0 0 0.255887 0 0.689046 0 0 0 0.774922 0 0 0 0 0 0 0.521957 0 0 0 0
0 0 0 0 0 0 0 0 0 0 0 0 0 0 0 0 0 0 0 0 0 0 0 0 0 0 0.247639 0 0 0 0 0 0 0 0 0 0 0 0 0.40638 0 0 0 0 0 0 0 0 0 0 0 0 0 0 0 0 0 0 0 0 0 0.66196 0 0 0 0 0.441496 0 0 0 0 0.288229 0 0 0 0 0 0 0 0 0.305554 0.255887 0 0 0 0 0 0 0 0 0 0 0 0 0 0 0 0 0 0
0 0 0 0 0 0 0 0 0 0 0 0 0 0 0 0 0 0 0 0.488676 0 0 0 0 0.690034 0 0 0.144075 0.449761 0 0 0 0 0 0 0 0 0 0 0.898697 0 0 0 0 0 0 0 0 0 0 0 0.340122 0 0 0 0 0 0 0.878299 0 0.192461 0 0 0 0 0 0 0 0 0 0 0 0 0 0 0 0 0 0 0 0 0 0 0 0 0 0 0 0 0 0 0 0 0.791858 0 0 0 0 0 0
0 0 0 0 0 0 0.247312 0 0 0 0 0 0 0 0 0 0 0 0 0 0 0 0 0 0 0 0 0 0 0 0 0 0 0 0 0 0 0 0 0 0 0 0 0 0 0 0 0 0 0 0 0 0 0 0 0 0 0 0 0 0 0.963343 0 0 0 0 0 0 0 0 0.93617 0 0 0.611411 0 0.869277 0 0 0 0 0 0.689046 0 0 0 0 0 0 0 0 0 0 0 0 0 0 0 0 0 0
0 0 0 0 0.419583 0.753598 0 0 0.727305 0 0 0 0.822437 0 0 0 0 0 0 0.963886 0 0 0 0 0 0 0 0 0 0 0 0 0 0.395535 0 0.671759 0 0 0 0 0 0 0 0 0 0 0 0 0 0 0 0 0 0 0 0 0 0 0 0 0 0 0 0 0 0 0.810886 0 0 0 0 0 0 0 0 0 0 0 0 0 0 0 0 0 0 0 0 0 0 0.767128 0 0 0.800155 0 0 0.559002 0 0 0 0
0 0 0 0 0 0.545535 0 0 0 0 0 0.576034 0.328397 0 0 0 0 0 0 0 0 0 0 0 0 0 0 0 0 0 0 0 0.474146 0 0.179613 0 0 0 0 0 0 0 0 0 0 0 0 0 0 0 0 0 0 0 0 0 0 0 0 0 0 0 0 0 0 0 0 0 0 0 0 0 0.475415 0 0 0 0 0 0.651141 0.625418 0 0 0 0 0 0 0 0 0 0 0 0 0 0 0 0 0 0 0 0
0 0 0 0 0 0 0 0 0 0 0.955462 0 0 0 0 0 0 0 0.923188 0 0 0.600482 0 0.134334 0.580734 0 0 0 0 0 0 0 0 0 0 0 0 0 0 0 0 0 0 0 0 0 0 0 0 0 0 0 0 0.137616 0 0 0 0 0 0 0 0 0 0 0 0 0 0 0 0 0 0 0 0 0 0 0 0 0 0 0 0 0 0 0 0 0 0 0 0 0 0 0 0 0 0 0 0.078869 0 0
0 0 0 0 0 0 0 0 0.22997 0 0 0 0 0 0 0 0 0 0 0 0 0 0 0 0 0 0 0 0 0 0.919169 0 0 0 0 0 0 0 0 0 0 0 0 0 0 0 0 0 0 0 0.310319 0 0 0 0 0.40352 0 0 0 0 0.773695 0 0.730461 0 0 0 0.515287 0 0 0 0 0 0 0 0 0 0 0 0 0.734879 0 0.774922 0 0 0 0 0 0 0 0 0 0 0 0 0.547837 0 0 0 0 0
0 0 0 0 0 0 0 0 0 0 0 0 0 0 0 0 0 0.566633 0 0 0 0 0 0 0 0 0 0 0 0 0 0 0 0 0 0 0 0 0 0 0 0 0 0 0.777346 0 0 0 0 0 0 0.144629 0 0 0 0 0 0 0 0 0 0 0 0.163466 0 0.59065 0 0 0 0 0 0 0 0 0 0 0 0 0 0 0 0 0 0 0 0.767128 0 0 0 0 0 0 0 0 0 0 0 0 0 0
0 0 0 0 0 0 0.0742836 0 0 0 0 0 0 0 0 0 0 0 0.815757 0 0 0 0 0.759821 0 0 0 0 0 0 0 0 0 0 0 0.705367 0 0 0 0 0 0 0 0 0 0 0 0 0.814789 0 0 0 0 0 0 0 0 0 0 0 0 0.807996 0 0 0 0.825808 0 0 0 0 0.893587 0 0 0 0 0 0 0 0 0 0 0 0 0 0 0 0 0 0 0 0 0 0 0 0 0 0 0 0 0
0 0 0 0 0 0 0 0 0 0 0 0 0 0.328309 0 0 0 0 0 0 0 0 0.584353 0 0 0 0 0 0 0 0 0.333609 0.182603 0 0 0 0 0 0 0 0 0 0 0 0 0 0 0.820185 0 0 0 0 0 0 0 0 0 0 0 0 0 0 0 0 0 0 0.722053 0.404862 0 0 0 0 0 0 0 0 0 0 0 0 0.291214 0 0 0 0 0 0 0 0 0 0 0 0 0 0.344555 0 0.110789 0 0 0
0 0 0 0 0 0 0.532541 0 0 0 0 0 0 0 0.731778 0 0 0 0 0 0 0 0 0 0 0 0 0 0 0 0.784967 0 0 0 0 0 0 0 0 0 0 0 0.375903 0 0.891418 0 0 0 0 0 0 0 0 0 0 0 0 0 0 0 0 0 0 0.44811 0 0 0 0.461267 0 0 0 0.437999 0 0 0 0 0 0 0 0 0 0 0 0 0 0.800155 0 0 0 0 0 0 0 0 0 0 0.701266 0 0.215403 0
0 0 0 0 0 0 0 0 0 0 0 0 0 0 0 0 0.122861 0 0 0 0 0 0 0 0 0 0 0 0 0 0 0 0 0.563339 0 0 0 0 0 0 0 0 0 0.605444 0 0 0 0 0 0 0.152824 0 0.364485 0 0.449401 0 0 0 0 0 0 0 0 0 0 0 0 0 0 0.378055 0 0.233829 0 0 0 0 0 0 0 0 0 0 0 0.791858 0 0 0 0 0 0 0 0 0 0 0 0 0 0 0 0
0 0 0 0 0 0 0.670786 0 0 0 0 0 0 0 0 0 0 0 0.320951 0 0 0 0.667585 0 0 0.368716 0 0 0 0 0 0 0 0 0 0 0 0 0 0 0 0 0 0 0 0 0 0 0.350536 0 0 0 0.078476 0 0 0 0 0 0 0 0 0 0.54661 0 0 0 0 0 0 0 0 0 0 0.150765 0 0 0 0.681548 0 0 0.328568 0 0 0 0 0 0 0 0.547837 0 0 0.344555 0 0 0 0 0 0 0 0
0 0 0 0 0 0 0 0 0 0 0 0 0 0 0 0 0.357287 0 0 0 0 0 0 0 0.264897 0 0 0 0 0.770996 0 0 0 0 0 0 0 0 0 0 0 0 0 0 0 0 0 0.738912 0 0 0.542757 0 0 0 0 0 0 0 0 0 0 0 0 0 0 0 0 0 0.759999 0 0 0 0 0 0 0 0 0 0 0.597565 0 0.521957 0 0 0 0.559002 0 0 0 0 0 0 0 0 0 0 0 0 0 0
0 0.906982 0 0.473996 0 0.700194 0 0 0 0.779776 0 0 0 0 0 0 0 0 0.0709212 0 0 0 0 0 0 0 0 0 0 0 0 0 0.25214 0 0 0 0 0 0 0 0 0 0 0 0 0 0.751905 0 0 0 0 0 0 0 0 0 0.570122 0 0 0 0 0 0 0 0 0 0 0 0 0 0 0 0 0 0 0 0 0 0 0 0 0 0 0 0 0 0 0 0 0 0 0.110789 0.701266 0 0 0 0 0 0 0
0 0 0 0 0 0 0 0.790136 0 0 0 0 0 0 0 0 0 0 0 0 0.913603 0 0.830047 0 0 0 0.67496 0 0 0.0623141 0 0 0 0 0 0 0 0 0 0.582751 0 0 0 0 0 0 0.413219 0 0 0 0 0 0 0 0 0 0 0 0 0 0.973082 0 0 0 0 0 0 0 0.0905005 0 0 0 0 0 0 0 0 0 0 0 0 0 0 0 0 0 0 0.078869 0 0 0 0 0 0 0 0 0 0 0 0
0 0 0 0 0 0 0 0 0.218975 0 0 0 0 0 0 0 0.452702 0 0 0 0 0 0 0 0 0 0 0 0 0 0.899776 0 0 0 0 0 0 0 0 0 0 0 0 0 0 0.410561 0 0 0 0 0 0 0 0 0 0 0 0.546601 0 0 0 0 0 0 0.812027 0 0.541556 0 0 0 0 0 0 0 0 0.550895 0 0.363108 0 0 0 0 0 0 0 0 0 0 0 0 0 0 0.215403 0 0 0 0 0 0 0
0.91366 0 0 0 0 0 0.278618 0 0 0 0 0 0 0 0 0 0 0 0 0 0 0 0.427057 0 0 0 0 0 0 0 0 0 0 0 0.319831 0 0 0 0 0 0 0 0 0 0 0.44478 0 0 0 0.729615 0 0 0.527289 0 0 0 0 0.461526 0 0 0 0 0 0 0 0.652194 0 0 0 0.767017 0 0 0 0 0 0 0 0 0 0 0 0 0 0 0 0 0 0 0 0 0 0 0 0 0 0 0 0 0 0
