100
0 0 0 0.584131 0 0 0 0 0 0 0 0 0 0 0 0 0 0 0 0 0 0 0.499382 0 0 0 0.600773 0.60892 0.556761 0 0.547351 0 0 0 0 0.603714 0 0 0.495136 0 0 0 0.534939 0.485525 0 0 0 0 0 0 0 0 0 0 0 0 0 0 0 0 0 0 0 0 0.598945 0.568346 0.567395 0 0 0 0 0 0 0.594726 0.518555 0 0 0 0 0 0 0 0 0 0 0 0 0 0 0 0 0 0 0 0.612629 0 0 0 0 0.465904
0 0 0.480283 0 0.609576 0.610757 0.564675 0 0 0 0.469218 0 0.515051 0.556039 0 0 0 0 0.5536 0 0 0 0 0.497602 0.532783 0.485144 0 0.576979 0 0 0 0 0 0.577581 0 0 0 0 0 0 0.614636 0.49187 0 0 0 0 0 0 0 0 0 0 0 0 0 0 0.534388 0 0 0.612979 0 0 0 0.599864 0.507852 0 0 0 0 0 0.513656 0 0 0.51959 0 0.465417 0 0 0 0 0 0 0.489579 0 0 0 0 0 0 0 0 0 0 0.580566 0 0 0.59757 0 0 0
0 0.480283 0 0 0 0 0 0 0 0 0 0 0.483134 0 0 0 0 0 0.595259 0 0.518347 0 0 0.572982 0 0.548033 0 0 0 0 0 0 0 0 0 0 0 0 0 0 0 0.482256 0 0.595167 0.516106 0 0 0 0 0 0 0 0 0 0 0 0 0.488174 0 0 0 0.570608 0 0 0 0 0 0.513127 0 0 0.604442 0 0 0 0 0.545336 0 0 0 0 0 0.507255 0 0 0 0.540828 0 0.571229 0 0 0 0 0.595336 0 0 0 0 0 0 0
0.584131 0 0 0 0.55902 0 0.497649 0.47564 0 0 0 0 0 0 0 0 0 0 0 0.533845 0 0 0 0 0 0 0 0 0 0 0.515402 0 0 0 0 0 0 0.463921 0 0 0.561859 0 0 0.49199 0 0 0 0 0 0 0.559746 0 0 0 0 0 0 0.541765 0.520023 0 0 0.569031 0 0 0.56741 0 0.545305 0 0 0 0 0 0.502045 0 0 0 0 0 0 0 0 0 0.571681 0.490935 0 0 0 0 0 0 0 0 0 0 0 0.549448 0.514558 0 0 0
0 0.609576 0 0.55902 0 0 0 0 0.494506 0.608543 0 0 0 0.54913 0 0 0 0.463286 0 0.525426 0 0 0.613735 0 0 0 0 0 0 0.560318 0 0 0 0 0.484309 0 0 0.582855 0 0 0.612179 0 0 0 0 0 0.504654 0 0 0 0 0 0 0 0 0 0 0.497293 0.484492 0 0 0 0 0 0 0 0 0 0 0 0 0 0 0 0 0 0.529819 0.57453 0 0.563105 0 0 0.598939 0 0 0 0.570838 0.601067 0 0 0 0.478958 0 0 0 0 0 0 0 0
0 0.610757 0 0 0 0 0 0 0 0 0 0 0 0 0 0.556112 0 0 0.603372 0 0 0.545613 0.479794 0.582843 0.562783 0 0 0.465311 0.480213 0 0 0 0 0 0 0 0 0 0 0.539219 0.614222 0 0 0.581698 0.584793 0.574877 0 0 0.470916 0 0 0 0.523236 0 0 0.488238 0 0 0 0 0 0 0 0.495753 0 0 0 0 0 0 0 0 0.520221 0 0 0 0 0 0 0 0 0 0 0.536277 0 0.555753 0 0.561637 0 0.494739 0.576232 0 0.589679 0 0 0 0 0 0 0
0 0.564675 0 0.497649 0 0 0 0 0 0 0 0 0 0 0 0 0 0 0 0 0 0 0 0.516824 0 0 0 0 0 0 0 0.549045 0 0 0 0 0 0 0 0 0 0 0 0.529512 0.555503 0 0 0 0 0 0 0 0.481371 0 0 0 0 0 0 0.598821 0 0 0 0 0.540593 0 0 0 0.474951 0 0 0 0 0 0 0 0 0 0.463923 0 0 0.569107 0 0 0 0 0 0 0 0 0 0 0 0.561914 0.596574 0.463548 0 0.590855 0 0
0 0 0 0.47564 0 0 0 0 0.612193 0.53083 0.469938 0 0 0 0.515358 0 0 0 0 0 0.558002 0 0 0 0 0 0 0.589235 0.485086 0 0 0 0 0 0.604702 0 0 0 0 0 0 0.478596 0 0 0 0 0 0 0 0.463866 0 0 0 0 0 0 0 0 0 0.539491 0 0 0.516257 0 0 0 0 0.527364 0 0 0 0 0 0 0.464907 0 0 0 0 0 0 0 0 0 0 0.474279 0 0 0.601423 0 0 0 0 0 0 0 0 0.482432 0 0.56048
0 0 0 0 0.494506 0 0 0.612193 0 0.483075 0 0 0 0 0 0 0 0.578167 0 0.576747 0 0.557679 0 0 0.463937 0 0 0 0 0 0.595419 0 0.607846 0.601367 0 0 0 0 0 0 0 0 0 0 0.51526 0 0 0.494543 0 0 0 0 0.462837 0 0.580444 0.557098 0 0 0 0 0.587946 0 0 0 0 0 0 0 0 0 0 0 0 0 0.552607 0 0 0 0 0 0 0 0 0.565965 0 0 0 0.562167 0.549644 0 0 0 0 0 0 0 0 0 0 0
0 0 0 0 0.608543 0 0 0.53083 0.483075 0 0 0 0 0 0 0 0.546424 0 0 0.472493 0 0 0 0.500524 0 0 0 0 0 0 0 0 0 0 0 0.502481 0 0 0 0.60975 0 0 0.608701 0 0.611566 0 0 0 0 0 0 0 0 0 0.495214 0 0 0 0 0 0.524244 0 0 0 0 0 0 0 0 0 0.601294 0 0.469659 0 0 0 0.595965 0 0.600289 0.508601 0 0 0 0 0 0 0 0.469339 0 0.497516 0 0.491234 0 0 0 0 0 0.465859 0.464874 0
0 0.469218 0 0 0 0 0 0.469938 0 0 0 0 0 0 0.49221 0.472871 0 0 0 0 0.463029 0 0 0 0 0 0 0.504744 0 0.52374 0 0 0.527687 0 0 0.473948 0 0 0 0 0 0 0 0 0 0 0 0.52503 0 0 0 0 0 0 0 0 0 0 0 0.461974 0 0.613459 0 0.52112 0 0 0 0 0 0 0.613766 0 0.540178 0.602194 0 0.536615 0 0 0 0 0 0 0 0 0 0 0.488372 0 0 0.579067 0 0 0 0 0 0.54886 0 0 0 0
0 0 0 0 0 0 0 0 0 0 0 0 0 0 0.549052 0.60666 0 0 0 0.552916 0 0 0.547038 0.520471 0.57574 0 0 0 0 0 0 0 0.584293 0 0 0 0 0.55253 0 0.564299 0 0 0 0 0 0 0 0 0 0 0 0 0 0 0 0 0 0.516939 0 0 0 0 0 0.499552 0 0 0 0 0 0 0 0 0.465 0.528324 0 0 0 0 0 0 0 0.52198 0.464551 0 0 0 0 0 0 0 0 0 0 0 0 0 0 0 0 0
0 0.515051 0.483134 0 0 0 0 0 0 0 0 0 0 0 0 0 0 0 0 0 0 0.583357 0 0 0 0 0.48319 0.577055 0.510923 0 0.538109 0 0.54137 0 0 0 0 0 0 0 0.574398 0 0 0 0 0 0 0 0.606338 0 0 0 0 0 0 0 0 0 0.568255 0 0 0 0 0 0 0 0.53166 0 0.498153 0 0 0.611282 0 0 0 0 0.603919 0 0 0.547369 0.580915 0 0 0.50423 0 0 0.591458 0 0 0 0 0 0 0 0.459323 0 0 0.592614 0.555689 0
0 0.556039 0 0 0.54913 0 0 0 0 0 0 0 0 0 0 0 0 0 0 0.464527 0 0 0 0 0 0 0 0 0 0 0 0 0 0 0 0.570152 0 0.52966 0 0.593073 0 0 0 0 0 0.59834 0.494599 0 0 0 0 0.519316 0 0 0.543204 0 0 0 0 0 0 0 0 0 0 0 0 0 0 0 0.572403 0 0 0.498592 0 0.46736 0 0 0 0 0 0 0 0 0 0 0 0 0 0 0.473003 0.558461 0 0 0 0 0 0.467693 0 0
0 0 0 0 0 0 0 0.515358 0 0 0.49221 0.549052 0 0 0 0 0 0 0 0.575374 0 0 0 0 0 0 0 0 0 0 0.603311 0 0 0 0 0.591801 0 0 0.484138 0 0 0 0 0 0 0 0.581136 0 0 0 0 0 0 0 0.523392 0 0.601469 0 0.581939 0 0 0 0 0 0 0 0 0 0 0 0 0 0 0.464835 0 0.548595 0 0.592167 0.516628 0 0.53099 0 0 0 0 0.485961 0 0 0 0 0 0 0.516455 0 0 0 0 0 0 0.611893
0 0 0 0 0 0.556112 0 0 0 0 0.472871 0.60666 0 0 0 0 0 0 0 0 0.59888 0 0 0 0 0 0 0.485145 0.566912 0 0 0 0 0 0.595637 0 0.554009 0.528034 0 0 0 0.539182 0.517415 0 0.486699 0 0 0 0 0.458 0 0 0.543912 0 0 0 0 0 0 0.472591 0 0 0 0.496488 0 0 0 0 0 0 0 0 0.511531 0.5083 0 0 0 0 0 0 0 0.572297 0 0.478267 0 0 0 0 0 0 0 0 0 0 0 0 0 0 0.475137 0
0 0 0 0 0 0 0 0 0 0.546424 0 0 0 0 0 0 0 0 0 0 0.53497 0 0 0 0 0 0.502862 0 0 0 0 0 0 0 0 0 0 0 0 0 0 0 0 0 0 0 0 0 0 0 0.614262 0 0.598448 0 0 0.591391 0 0 0 0.572209 0 0 0 0 0 0.489954 0 0.611113 0 0 0 0 0 0.53191 0 0 0 0 0 0 0 0.566382 0 0.571479 0 0 0 0.484452 0 0 0 0.535182 0 0 0.53866 0 0 0 0 0
0 0 0 0 0.463286 0 0 0 0.578167 0 0 0 0 0 0 0 0 0 0 0.611259 0 0 0.580721 0 0 0 0 0 0 0 0 0 0 0.549542 0 0 0 0.565646 0 0 0 0 0 0 0 0 0.463619 0 0 0 0 0 0 0.482417 0 0 0 0 0 0 0 0 0.534534 0 0 0 0 0 0.571542 0 0.46862 0 0 0 0.564267 0 0.570831 0 0 0 0 0 0 0 0 0.582846 0 0 0 0.545038 0 0 0 0.556421 0 0 0 0 0 0
0 0.5536 0.595259 0 0 0.603372 0 0 0 0 0 0 0 0 0 0 0 0 0 0 0 0.473628 0 0 0.46729 0.594918 0 0 0 0 0 0 0 0 0 0.536419 0 0.469947 0 0 0 0 0.487649 0 0 0 0.521011 0 0 0 0 0 0 0 0 0 0 0 0 0 0 0 0 0 0.597721 0 0 0 0 0 0.563454 0 0 0 0 0 0 0 0.581426 0 0 0 0 0 0 0.589853 0 0.53711 0 0 0 0 0.513078 0 0 0 0 0 0.549577 0
0 0 0 0.533845 0.525426 0 0 0 0.576747 0.472493 0 0.552916 0 0.464527 0.575374 0 0 0.611259 0 0 0 0 0 0 0 0 0 0 0.578745 0 0 0 0 0 0 0 0 0.544267 0 0 0 0 0 0 0 0 0 0 0 0 0.599652 0 0 0 0 0 0 0 0 0 0 0 0 0 0 0.596378 0 0.488896 0.488822 0 0 0 0.519851 0 0.572524 0 0 0 0.471068 0 0 0 0 0 0 0.532281 0 0 0 0 0 0 0 0 0 0 0 0 0 0
0 0 0.518347 0 0 0 0 0.558002 0 0 0.463029 0 0 0 0 0.59888 0.53497 0 0 0 0 0 0 0 0.600389 0.579662 0 0 0.550916 0 0 0 0.59528 0 0 0 0 0 0 0 0 0 0.606515 0 0 0 0.459027 0 0.470048 0 0.511959 0 0 0 0 0 0 0 0.611415 0 0 0 0 0.519874 0 0 0 0 0 0 0 0 0 0 0 0 0 0 0 0 0 0.542877 0 0 0 0 0.592254 0 0 0.511485 0 0 0 0 0 0 0 0 0 0
0 0 0 0 0 0.545613 0 0 0.557679 0 0 0 0.583357 0 0 0 0 0 0.473628 0 0 0 0 0 0 0 0 0 0.490047 0.612093 0.470113 0 0 0 0 0.549006 0 0 0 0 0 0 0 0 0 0 0 0 0.567239 0 0 0 0 0 0.51011 0 0.499333 0 0 0 0 0 0.554875 0 0 0 0 0 0 0 0 0 0 0 0 0 0 0.471365 0 0 0 0.612462 0.491868 0 0 0 0 0 0 0 0.531082 0 0 0 0 0 0 0 0 0
0.499382 0 0 0 0.613735 0.479794 0 0 0 0 0 0.547038 0 0 0 0 0 0.580721 0 0 0 0 0 0 0 0 0.518287 0 0 0 0 0.585012 0 0 0.54569 0 0 0 0 0 0 0 0 0 0 0 0 0 0 0 0 0 0 0 0 0 0 0 0 0.492168 0 0 0 0 0 0 0 0 0.479733 0.529453 0 0 0 0 0 0 0 0 0 0 0 0 0.497585 0 0 0.49729 0.586291 0 0 0 0 0 0 0 0 0 0 0 0.543343 0
0 0.497602 0.572982 0 0 0.582843 0.516824 0 0 0.500524 0 0.520471 0 0 0 0 0 0 0 0 0 0 0 0 0 0 0.578502 0.55913 0.600264 0 0 0 0 0 0 0.563822 0 0 0.602645 0 0 0 0 0 0 0 0 0 0 0.529698 0 0 0 0 0 0.608247 0 0 0.483822 0 0 0.476066 0.544621 0 0 0 0 0 0 0 0.4994 0 0 0.546959 0 0.48415 0 0.597526 0.524413 0 0.484737 0 0 0 0 0 0 0.601065 0 0 0 0.606044 0 0 0 0 0 0 0 0
0 0.532783 0 0 0 0.562783 0 0 0.463937 0 0 0.57574 0 0 0 0 0 0 0.46729 0 0.600389 0 0 0 0 0 0 0 0 0 0.492315 0 0 0 0 0 0 0 0.547391 0.558058 0 0 0 0 0 0 0 0 0 0 0 0 0.550756 0 0 0 0 0.548981 0 0 0 0 0 0 0 0 0 0 0 0 0.476071 0 0 0 0 0.603174 0 0 0 0 0 0 0 0 0 0 0 0 0.590038 0.488149 0 0.544793 0 0 0 0 0 0 0 0
0 0.485144 0.548033 0 0 0 0 0 0 0 0 0 0 0 0 0 0 0 0.594918 0 0.579662 0 0 0 0 0 0 0 0 0 0 0 0 0 0.568528 0 0.547963 0 0 0 0.474598 0 0 0 0 0 0 0 0.52184 0 0 0 0 0 0 0 0 0 0 0 0 0 0.484038 0 0.542852 0 0 0 0.473236 0.599983 0 0.583702 0 0.553499 0.592178 0 0 0 0.498925 0 0 0 0 0 0 0 0.577792 0.55662 0.540152 0.466797 0 0 0 0 0 0 0 0 0 0
0.600773 0 0 0 0 0 0 0 0 0 0 0 0.48319 0 0 0 0.502862 0 0 0 0 0 0.518287 0.578502 0 0 0 0 0.541298 0.589404 0.465113 0.612069 0 0 0 0 0 0.478475 0 0.479729 0 0 0.519197 0 0.506381 0 0 0.460041 0 0 0 0 0.540624 0 0 0 0 0 0 0.477432 0 0 0 0 0.591087 0 0 0 0 0 0 0.497903 0.51267 0.529227 0 0 0 0 0 0 0.570384 0.547219 0.522851 0 0.526503 0 0 0 0 0 0 0 0 0 0 0 0 0 0.488151 0.553694
0.60892 0.576979 0 0 0 0.465311 0 0.589235 0 0 0.504744 0 0.577055 0 0 0.485145 0 0 0 0 0 0 0 0.55913 0 0 0 0 0 0.514448 0 0 0.476519 0 0 0 0 0 0.472826 0.552831 0 0 0.613004 0 0 0 0 0 0 0.604067 0 0 0 0 0 0 0 0 0 0 0 0.512721 0 0.581932 0.465696 0 0 0 0 0.460988 0 0 0.551462 0 0 0 0 0 0 0.478542 0 0 0 0 0 0 0 0 0 0 0 0 0 0 0 0 0.538916 0 0.544987 0
0.556761 0 0 0 0 0.480213 0 0.485086 0 0 0 0 0.510923 0 0 0.566912 0 0 0 0.578745 0.550916 0.490047 0 0.600264 0 0 0.541298 0 0 0 0 0 0 0 0 0 0.488225 0 0.55757 0 0 0.482884 0 0 0 0 0 0 0 0 0.580024 0 0.542925 0 0.478605 0 0 0 0 0 0 0 0 0 0 0.542956 0 0.472073 0 0 0 0.555156 0 0 0 0 0 0 0 0.516198 0 0 0.581595 0.515281 0.565938 0 0 0.472232 0 0 0 0 0.541612 0 0.582592 0.604755 0 0.598954 0 0
0 0 0 0 0.560318 0 0 0 0 0 0.52374 0 0 0 0 0 0 0 0 0 0 0.612093 0 0 0 0 0.589404 0.514448 0 0 0 0 0 0 0.512803 0 0 0 0 0 0 0.471757 0 0 0 0 0 0 0 0.527111 0 0 0 0 0 0 0 0 0 0 0 0 0 0 0 0.610841 0 0.52143 0 0.574679 0 0 0 0 0 0.493316 0 0 0 0 0 0 0.581603 0.610734 0 0 0 0 0 0.556962 0 0 0.581569 0.566437 0 0 0 0 0.538188 0
0.547351 0 0 0.515402 0 0 0 0 0.595419 0 0 0 0.538109 0 0.603311 0 0 0 0 0 0 0.470113 0 0 0.492315 0 0.465113 0 0 0 0 0 0.554587 0.465821 0 0 0.539457 0 0 0 0 0 0 0 0.584289 0 0.568565 0 0 0.518033 0 0 0 0 0 0 0 0 0 0 0 0 0 0 0 0 0 0 0 0 0 0 0.512427 0 0 0 0 0 0 0 0 0.511428 0 0 0 0 0.602569 0 0 0 0 0.606282 0 0 0 0 0 0 0 0
0 0 0 0 0 0 0.549045 0 0 0 0 0 0 0 0 0 0 0 0 0 0 0 0.585012 0 0 0 0.612069 0 0 0 0 0 0 0 0 0 0.485646 0 0 0 0 0 0.5721 0 0 0.605454 0 0.462845 0 0.56646 0 0 0 0 0 0 0 0 0 0 0 0 0 0.549233 0 0 0.504784 0.50302 0 0 0 0 0 0 0 0 0.526222 0 0 0 0 0.511231 0 0.585607 0 0 0 0 0 0 0 0 0 0.48331 0 0 0 0 0 0
0 0 0 0 0 0 0 0 0.607846 0 0.527687 0.584293 0.54137 0 0 0 0 0 0 0 0.59528 0 0 0 0 0 0 0.476519 0 0 0.554587 0 0 0 0 0 0.515577 0.60715 0 0.597474 0 0 0 0 0 0 0 0 0 0.477709 0 0.514592 0 0.492912 0 0.46054 0 0.486967 0 0 0.581807 0 0.487756 0 0 0 0.572541 0 0 0 0 0 0 0 0 0.474849 0 0.561576 0.567256 0 0 0.490881 0 0 0 0 0.486058 0 0 0 0 0 0 0 0 0 0 0 0 0
0 0.577581 0 0 0 0 0 0 0.601367 0 0 0 0 0 0 0 0 0.549542 0 0 0 0 0 0 0 0 0 0 0 0 0.465821 0 0 0 0 0 0 0 0 0 0.60301 0 0 0 0 0 0 0.573264 0 0 0 0.503044 0.595355 0 0.600797 0 0.57299 0 0 0 0 0.470492 0 0 0 0 0 0.502524 0 0.489062 0 0 0 0.587112 0 0 0.579324 0 0 0 0 0 0 0 0 0 0.574891 0 0 0 0 0.501614 0 0 0 0 0 0.520987 0.533822 0
0 0 0 0 0.484309 0 0 0.604702 0 0 0 0 0 0 0 0.595637 0 0 0 0 0 0 0.54569 0 0 0.568528 0 0 0 0.512803 0 0 0 0 0 0 0 0.550361 0 0.603675 0 0 0 0 0 0 0 0 0 0 0 0 0 0 0.496452 0.549268 0 0 0.466332 0.534018 0 0 0 0 0.597884 0 0 0 0 0 0 0 0 0 0.462454 0 0 0 0 0 0.565134 0 0 0 0.517234 0.472818 0 0 0 0.510707 0 0.490065 0 0 0.575309 0 0 0 0 0
0.603714 0 0 0 0 0 0 0 0 0.502481 0.473948 0 0 0.570152 0.591801 0 0 0 0.536419 0 0 0.549006 0 0.563822 0 0 0 0 0 0 0 0 0 0 0 0 0 0 0 0 0 0 0 0 0 0 0.547438 0 0 0 0 0 0.528991 0 0 0 0 0.500509 0 0.469162 0 0.466791 0 0 0 0 0 0 0 0 0.605664 0 0 0 0 0.473914 0 0 0 0 0 0 0 0.567544 0 0 0 0 0.548654 0 0 0 0 0 0.513967 0 0.579091 0.481919 0.572043 0
0 0 0 0 0 0 0 0 0 0 0 0 0 0 0 0.554009 0 0 0 0 0 0 0 0 0 0.547963 0 0 0.488225 0 0.539457 0.485646 0.515577 0 0 0 0 0 0 0 0.556258 0 0 0.58437 0 0.45987 0 0 0 0 0 0 0.586695 0.584019 0 0.490071 0 0 0 0 0 0 0.516106 0 0 0 0 0 0.462307 0 0 0 0 0 0 0 0 0 0 0 0 0 0.501949 0 0.49735 0 0.590548 0 0.591917 0 0.469262 0 0.554469 0 0 0.552174 0.521426 0 0 0
0 0 0 0.463921 0.582855 0 0 0 0 0 0 0.55253 0 0.52966 0 0.528034 0 0.565646 0.469947 0.544267 0 0 0 0 0 0 0.478475 0 0 0 0 0 0.60715 0 0.550361 0 0 0 0 0.582847 0 0 0 0 0 0 0 0 0 0 0 0 0.600599 0.516198 0 0 0.49417 0 0 0 0 0 0 0 0 0.561945 0 0 0 0 0 0.506187 0 0 0 0 0 0 0 0 0 0 0 0 0 0 0.525834 0 0 0 0 0 0 0 0 0 0.492732 0 0 0
0.495136 0 0 0 0 0 0 0 0 0 0 0 0 0 0.484138 0 0 0 0 0 0 0 0 0.602645 0.547391 0 0 0.472826 0.55757 0 0 0 0 0 0 0 0 0 0 0 0 0 0 0 0 0 0 0 0.5015 0 0 0 0 0 0 0 0.509767 0 0 0 0 0 0.520779 0 0.570223 0 0 0 0 0 0 0 0 0.583232 0.590606 0 0 0.500386 0 0.492354 0 0 0 0 0.539216 0 0.609979 0 0 0 0.5276 0 0 0 0 0 0 0 0 0
0 0 0 0 0 0.539219 0 0 0 0.60975 0 0.564299 0 0.593073 0 0 0 0 0 0 0 0 0 0 0.558058 0 0.479729 0.552831 0 0 0 0 0.597474 0 0.603675 0 0 0.582847 0 0 0 0.569455 0 0.520503 0 0.488458 0.555622 0 0 0 0 0 0.594553 0 0.523791 0 0 0 0 0 0 0 0 0 0.546653 0 0 0 0.580061 0 0 0 0 0 0 0 0 0 0 0.493539 0 0 0 0 0 0.534743 0 0 0 0 0 0 0 0 0 0 0 0 0 0.558828
0 0.614636 0 0.561859 0.612179 0.614222 0 0 0 0 0 0 0.574398 0 0 0 0 0 0 0 0 0 0 0 0 0.474598 0 0 0 0 0 0 0 0.60301 0 0 0.556258 0 0 0 0 0 0.59475 0 0 0 0 0.516765 0 0 0 0 0 0.481517 0 0.468471 0 0 0.522049 0 0 0.542945 0 0 0 0.554556 0 0 0 0.599042 0 0 0 0 0 0 0 0.51913 0.60827 0 0 0 0.475607 0 0 0 0 0 0 0.557691 0 0 0 0 0 0.459253 0 0 0 0
0 0.49187 0.482256 0 0 0 0 0.478596 0 0 0 0 0 0 0 0.539182 0 0 0 0 0 0 0 0 0 0 0 0 0.482884 0.471757 0 0 0 0 0 0 0 0 0 0.569455 0 0 0.592781 0.464773 0.511048 0.586982 0 0 0 0 0 0 0 0.564036 0.541838 0 0 0 0.477705 0 0 0 0 0 0.596793 0 0.502144 0 0 0.595663 0 0 0 0.569154 0 0 0 0.468586 0 0 0 0 0.54546 0 0.518384 0 0 0 0.469258 0 0 0 0 0.497413 0 0 0 0 0 0
0.534939 0 0 0 0 0 0 0 0 0.608701 0 0 0 0 0 0.517415 0 0 0.487649 0 0.606515 0 0 0 0 0 0.519197 0.613004 0 0 0 0.5721 0 0 0 0 0 0 0 0 0.59475 0.592781 0 0 0 0 0 0 0 0 0.575537 0.571914 0 0.48729 0 0 0 0 0 0.463436 0 0 0 0 0 0 0 0 0 0 0.56935 0.518122 0 0 0 0.52192 0.557299 0 0 0 0 0 0.573104 0 0.54928 0 0 0 0 0.608604 0 0 0 0 0 0 0 0 0 0
0.485525 0 0.595167 0.49199 0 0.581698 0.529512 0 0 0 0 0 0 0 0 0 0 0 0 0 0 0 0 0 0 0 0 0 0 0 0 0 0 0 0 0 0.58437 0 0 0.520503 0 0.464773 0 0 0 0 0 0 0.561955 0 0 0.612813 0 0.607551 0.502984 0 0 0.516625 0 0 0 0 0 0 0 0 0 0 0.563161 0 0 0 0 0.523402 0 0.583973 0 0.510306 0 0 0.57254 0 0 0 0 0.472937 0.561485 0 0 0 0 0 0 0 0 0 0 0 0 0
0 0 0.516106 0 0 0.584793 0.555503 0 0.51526 0.611566 0 0 0 0 0 0.486699 0 0 0 0 0 0 0 0 0 0 0.506381 0 0 0 0.584289 0 0 0 0 0 0 0 0 0 0 0.511048 0 0 0 0 0.485743 0 0 0 0 0 0 0 0 0 0 0 0 0 0 0 0 0 0 0 0 0 0 0 0.592117 0.467321 0.610418 0 0.463224 0.590873 0 0 0 0.508646 0 0 0 0 0 0 0 0.567395 0.543598 0 0 0 0.586377 0 0 0.527986 0 0 0 0
0 0 0 0 0 0.574877 0 0 0 0 0 0 0 0.59834 0 0 0 0 0 0 0 0 0 0 0 0 0 0 0 0 0 0.605454 0 0 0 0 0.45987 0 0 0.488458 0 0.586982 0 0 0 0 0 0 0 0.555333 0 0.574889 0 0 0 0 0 0.572454 0 0 0 0 0 0 0 0 0 0 0 0.611486 0 0 0.478741 0 0 0 0.492904 0.595833 0.603177 0.599722 0 0.539607 0 0 0 0 0 0 0 0.563068 0 0 0 0 0.546713 0 0 0 0 0
0 0 0 0 0.504654 0 0 0 0 0 0 0 0 0.494599 0.581136 0 0 0.463619 0.521011 0 0.459027 0 0 0 0 0 0 0 0 0 0.568565 0 0 0 0 0.547438 0 0 0 0.555622 0 0 0 0 0.485743 0 0 0.494263 0.541824 0 0 0 0 0.530125 0 0 0.583882 0 0.512577 0 0 0 0.500307 0 0 0 0.48517 0.593145 0 0 0 0 0 0 0.5554 0 0.568274 0 0 0.512135 0 0.584852 0 0 0 0.505948 0 0 0 0 0 0 0 0 0.530141 0 0 0 0 0.614693
0 0 0 0 0 0 0 0 0.494543 0 0.52503 0 0 0 0 0 0 0 0 0 0 0 0 0 0 0 0.460041 0 0 0 0 0.462845 0 0.573264 0 0 0 0 0 0 0.516765 0 0 0 0 0 0.494263 0 0 0 0 0.551055 0.47916 0 0.478688 0 0.481039 0 0.541336 0 0.579785 0 0 0.588858 0.479859 0 0 0.472648 0 0 0 0 0 0 0 0 0 0 0 0 0 0 0 0.462882 0 0 0.523029 0.474929 0 0 0 0 0 0.595062 0 0 0 0 0 0.466082
0 0 0 0 0 0.470916 0 0 0 0 0 0 0.606338 0 0 0 0 0 0 0 0.470048 0.567239 0 0 0 0.52184 0 0 0 0 0 0 0 0 0 0 0 0 0.5015 0 0 0 0 0.561955 0 0 0.541824 0 0 0 0 0 0 0.539978 0 0 0 0 0 0 0 0 0 0.54552 0 0 0 0 0 0.502278 0 0 0.47829 0.513461 0 0.493232 0 0 0 0 0.612596 0 0.613248 0 0 0 0.556356 0 0 0 0 0.481161 0 0.611584 0 0 0.522843 0 0.56983 0
0 0 0 0 0 0 0 0.463866 0 0 0 0 0 0 0 0.458 0 0 0 0 0 0 0 0.529698 0 0 0 0.604067 0 0.527111 0.518033 0.56646 0.477709 0 0 0 0 0 0 0 0 0 0 0 0 0.555333 0 0 0 0 0 0.55416 0 0 0 0 0.563606 0.498292 0 0 0.54777 0 0 0.597792 0 0 0 0 0 0 0.487329 0 0.56726 0 0 0.529881 0.528321 0 0.461214 0 0.607882 0 0.59902 0 0 0 0 0 0.603073 0 0 0.505843 0 0 0 0 0 0 0 0
0 0 0 0.559746 0 0 0 0 0 0 0 0 0 0 0 0 0.614262 0 0 0.599652 0.511959 0 0 0 0 0 0 0 0.580024 0 0 0 0 0 0 0 0 0 0 0 0 0 0.575537 0 0 0 0 0 0 0 0 0.52307 0 0 0 0 0 0 0.555257 0 0.577562 0 0 0.571238 0 0 0 0 0 0.58425 0 0 0 0 0 0.557369 0 0.514274 0 0 0 0 0 0.605687 0 0 0.613204 0 0 0 0 0 0 0.50705 0 0 0 0 0 0
0 0 0 0 0 0 0 0 0 0 0 0 0 0.519316 0 0 0 0 0 0 0 0 0 0 0 0 0 0 0 0 0 0 0.514592 0.503044 0 0 0 0 0 0 0 0 0.571914 0.612813 0 0.574889 0 0.551055 0 0.55416 0.52307 0 0.496292 0 0.569721 0 0 0 0 0 0 0.51292 0 0 0.573229 0 0 0 0 0 0 0 0 0 0 0 0 0 0.507887 0 0 0 0 0 0 0 0.472094 0.539843 0.574035 0 0.584981 0 0 0 0.495836 0 0 0 0.463462 0
0 0 0 0 0 0.523236 0.481371 0 0.462837 0 0 0 0 0 0 0.543912 0.598448 0 0 0 0 0 0 0 0.550756 0 0.540624 0 0.542925 0 0 0 0 0.595355 0 0.528991 0.586695 0.600599 0 0.594553 0 0 0 0 0 0 0 0.47916 0 0 0 0.496292 0 0 0 0 0 0 0 0 0 0 0 0 0 0 0 0 0.463231 0 0.578754 0 0 0 0.600142 0 0.471402 0 0 0 0.487515 0 0 0 0 0 0 0 0.475306 0 0 0.523026 0 0.560896 0.562344 0 0 0 0 0
0 0 0 0 0 0 0 0 0 0 0 0 0 0 0 0 0 0.482417 0 0 0 0 0 0 0 0 0 0 0 0 0 0 0.492912 0 0 0 0.584019 0.516198 0 0 0.481517 0.564036 0.48729 0.607551 0 0 0.530125 0 0.539978 0 0 0 0 0 0 0 0 0 0 0.572742 0 0 0.546964 0 0 0 0 0 0.530267 0 0 0 0 0 0.463083 0 0 0 0 0 0 0.548282 0 0 0 0 0 0 0 0 0 0 0 0 0 0.520392 0 0 0 0
0 0 0 0 0 0 0 0 0.580444 0.495214 0 0 0 0.543204 0.523392 0 0 0 0 0 0 0.51011 0 0 0 0 0 0 0.478605 0 0 0 0 0.600797 0.496452 0 0 0 0 0.523791 0 0.541838 0 0.502984 0 0 0 0.478688 0 0 0 0.569721 0 0 0 0 0 0 0.536748 0 0 0 0 0 0 0 0 0 0 0 0 0 0.600084 0 0 0 0.478008 0 0 0 0.485006 0 0.611981 0 0.533644 0 0 0 0 0 0 0 0 0 0 0 0 0 0 0
0 0 0 0 0 0.488238 0 0 0.557098 0 0 0 0 0 0 0 0.591391 0 0 0 0 0 0 0.608247 0 0 0 0 0 0 0 0 0.46054 0 0.549268 0 0.490071 0 0 0 0.468471 0 0 0 0 0 0 0 0 0 0 0 0 0 0 0 0 0 0 0 0 0.498379 0 0 0 0.467238 0 0 0 0 0 0 0 0 0 0 0.532652 0 0 0 0 0 0 0.509293 0 0 0.468488 0 0 0 0 0 0.517236 0 0.566145 0 0 0 0 0.557551
0 0.534388 0 0 0 0 0 0 0 0 0 0 0 0 0.601469 0 0 0 0 0 0 0.499333 0 0 0 0 0 0 0 0 0 0 0 0.57299 0 0 0 0.49417 0.509767 0 0 0 0 0 0 0 0.583882 0.481039 0 0.563606 0 0 0 0 0 0 0 0 0 0.539534 0 0 0 0 0 0 0 0 0.51252 0 0 0 0 0 0 0 0 0 0 0 0 0 0 0 0 0.474047 0.537823 0 0.529092 0 0 0 0 0 0 0 0 0 0 0
0 0 0.488174 0.541765 0.497293 0 0 0 0 0 0 0.516939 0 0 0 0 0 0 0 0 0 0 0 0 0.548981 0 0 0 0 0 0 0 0.486967 0 0 0.500509 0 0 0 0 0 0 0 0.516625 0 0.572454 0 0 0 0.498292 0 0 0 0 0 0 0 0 0.557496 0.514218 0.559509 0 0 0 0 0 0 0 0.50252 0 0 0 0 0 0 0 0.574794 0.556924 0 0 0 0 0 0 0 0 0.558121 0.476392 0 0 0 0 0.485911 0 0 0.476382 0 0 0 0
0 0 0 0.520023 0.484492 0 0 0 0 0 0 0 0.568255 0 0.581939 0 0 0 0 0 0.611415 0 0 0.483822 0 0 0 0 0 0 0 0 0 0 0.466332 0 0 0 0 0 0.522049 0.477705 0 0 0 0 0.512577 0.541336 0 0 0.555257 0 0 0 0.536748 0 0 0.557496 0 0.61322 0.524725 0 0 0 0.527766 0 0 0.502522 0 0.525178 0.494886 0.497514 0.580918 0 0.520773 0 0.556187 0 0 0.607387 0 0 0 0 0 0.571954 0 0.572824 0.494195 0 0 0 0 0 0 0 0 0 0 0.477705
0 0.612979 0 0 0 0 0.598821 0.539491 0 0 0.461974 0 0 0 0 0.472591 0.572209 0 0 0 0 0 0.492168 0 0 0 0.477432 0 0 0 0 0 0 0 0.534018 0.469162 0 0 0 0 0 0 0.463436 0 0 0 0 0 0 0 0 0 0 0.572742 0 0 0.539534 0.514218 0.61322 0 0.479725 0 0 0 0 0 0 0 0.542302 0 0.476771 0 0 0.494432 0 0 0 0 0 0 0 0 0 0 0.567595 0.552506 0 0 0 0 0 0 0 0 0 0 0 0 0.61185 0.595951
0 0 0 0 0 0 0 0 0.587946 0.524244 0 0 0 0 0 0 0 0 0 0 0 0 0 0 0 0 0 0 0 0 0 0 0.581807 0 0 0 0 0 0 0 0 0 0 0 0 0 0 0.579785 0 0.54777 0.577562 0 0 0 0 0 0 0.559509 0.524725 0.479725 0 0 0 0 0 0 0 0 0.573439 0 0.589045 0.571819 0 0 0 0 0 0 0 0 0 0 0 0 0 0.461425 0 0 0.515952 0.526921 0 0.585748 0.52136 0 0.476185 0 0.54408 0.613976 0.519472 0
0 0 0.570608 0.569031 0 0 0 0 0 0 0.613459 0 0 0 0 0 0 0 0 0 0 0 0 0.476066 0 0 0 0.512721 0 0 0 0 0 0.470492 0 0.466791 0 0 0 0 0.542945 0 0 0 0 0 0 0 0 0 0 0.51292 0 0 0 0.498379 0 0 0 0 0 0 0 0.490812 0 0 0 0 0 0 0.600786 0 0.460843 0 0 0 0 0 0.555038 0.587173 0 0 0 0.477776 0 0 0 0 0 0 0 0.519472 0 0 0 0.497724 0 0 0 0
0 0 0 0 0 0 0 0.516257 0 0 0 0 0 0 0 0 0 0.534534 0 0 0 0.554875 0 0.544621 0 0.484038 0 0 0 0 0 0 0.487756 0 0 0 0.516106 0 0.520779 0 0 0 0 0 0 0 0.500307 0 0 0 0 0 0 0.546964 0 0 0 0 0 0 0 0 0 0 0 0.601602 0 0 0.465541 0 0.545767 0 0 0 0 0 0.546618 0.562084 0 0 0 0 0 0 0 0 0 0 0.595187 0 0 0.589108 0 0 0 0 0.544193 0.595936 0 0
0 0.599864 0 0 0 0.495753 0 0 0 0 0.52112 0.499552 0 0 0 0.496488 0 0 0 0 0.519874 0 0 0 0 0 0 0.581932 0 0 0 0.549233 0 0 0 0 0 0 0 0 0 0 0 0 0 0 0 0.588858 0.54552 0.597792 0.571238 0 0 0 0 0 0 0 0 0 0 0.490812 0 0 0.52306 0 0 0 0 0 0 0 0 0 0.608021 0.581434 0.535071 0 0 0 0 0.581338 0 0 0 0 0.531673 0 0 0 0 0.557613 0.539846 0.613481 0 0 0 0 0 0
0.598945 0.507852 0 0.56741 0 0 0.540593 0 0 0 0 0 0 0 0 0 0 0 0.597721 0 0 0 0 0 0 0.542852 0.591087 0.465696 0 0 0 0 0 0 0.597884 0 0 0 0.570223 0.546653 0 0.596793 0 0 0 0 0 0.479859 0 0 0 0.573229 0 0 0 0 0 0 0.527766 0 0 0 0 0.52306 0 0 0 0 0.541445 0 0.600529 0 0.585508 0 0 0 0 0 0 0.478751 0 0 0 0.57476 0 0 0 0 0 0 0 0.526 0.490102 0 0 0 0.459935 0.520386 0 0
0.568346 0 0 0 0 0 0 0 0 0 0 0 0 0 0 0 0.489954 0 0 0.596378 0 0 0 0 0 0 0 0 0.542956 0.610841 0 0 0 0 0 0 0 0.561945 0 0 0.554556 0 0 0 0 0 0 0 0 0 0 0 0 0 0 0.467238 0 0 0 0 0 0 0.601602 0 0 0 0 0 0 0 0 0 0 0 0 0 0 0.462393 0 0.46433 0 0 0 0 0 0 0 0.602301 0 0.488075 0 0 0.574514 0 0 0 0 0.492816 0 0
0.567395 0 0 0.545305 0 0 0 0 0 0 0 0 0.53166 0 0 0 0 0 0 0 0 0 0 0 0 0 0 0 0 0 0 0.504784 0.572541 0 0 0 0 0 0 0 0 0.502144 0 0 0 0 0.48517 0 0 0 0 0 0 0 0 0 0 0 0 0 0 0 0 0 0 0 0 0 0 0.573899 0 0 0 0.496166 0 0 0 0 0 0 0.503875 0.535475 0 0 0.602543 0 0 0.53446 0 0 0 0 0 0.554789 0 0 0 0 0 0.493272
0 0 0.513127 0 0 0 0 0.527364 0 0 0 0 0 0 0 0 0.611113 0 0 0.488896 0 0 0 0 0 0 0 0 0.472073 0.52143 0 0.50302 0 0.502524 0 0 0 0 0 0 0 0 0 0 0 0 0.593145 0.472648 0 0 0 0 0 0 0 0 0 0 0.502522 0 0 0 0 0 0 0 0 0 0 0.483189 0.576733 0 0.550667 0 0 0.600956 0 0 0 0 0 0 0 0.477023 0 0 0 0.609415 0 0 0 0 0 0 0 0 0 0.563447 0 0.570592
0 0 0 0 0 0 0.474951 0 0 0 0 0 0.498153 0 0 0 0 0.571542 0 0.488822 0 0 0.479733 0 0 0.473236 0 0 0 0 0 0 0 0 0 0 0.462307 0 0 0.580061 0 0 0 0.563161 0 0 0 0 0 0 0 0 0.463231 0.530267 0 0 0.51252 0.50252 0 0.542302 0.573439 0 0.465541 0 0.541445 0 0 0 0 0 0 0 0 0 0 0 0 0 0 0 0 0 0 0 0 0 0 0 0 0 0 0 0 0 0.495702 0 0 0 0 0
0 0 0 0 0 0 0 0 0 0 0 0 0 0 0 0 0 0 0 0 0 0 0.529453 0 0 0.599983 0 0.460988 0 0.574679 0 0 0 0.489062 0 0 0 0 0 0 0.599042 0.595663 0 0 0 0.611486 0 0 0.502278 0 0.58425 0 0 0 0 0 0 0 0.525178 0 0 0 0 0 0 0 0.573899 0.483189 0 0 0 0.603531 0 0 0 0 0 0 0 0 0 0 0 0 0.459131 0.512157 0 0.56574 0 0 0 0.573452 0 0.596978 0 0 0.542937 0 0 0
0 0.513656 0.604442 0 0 0 0 0 0 0.601294 0.613766 0 0 0.572403 0 0 0 0.46862 0.563454 0 0 0 0 0.4994 0.476071 0 0 0 0 0 0 0 0 0 0 0.605664 0 0 0 0 0 0 0.56935 0 0.592117 0 0 0 0 0.487329 0 0 0.578754 0 0 0 0 0 0.494886 0.476771 0.589045 0.600786 0.545767 0 0.600529 0 0 0.576733 0 0 0 0.555145 0 0.480617 0 0 0 0 0 0 0 0 0 0.594119 0 0 0.490991 0.613096 0 0 0 0 0 0.554011 0.521294 0 0.52767 0 0.507049 0
0 0 0 0 0 0 0 0 0 0 0 0 0.611282 0 0 0 0 0 0 0 0 0 0 0 0 0.583702 0.497903 0 0.555156 0 0 0 0 0 0 0 0 0.506187 0 0 0 0 0.518122 0 0.467321 0 0 0 0 0 0 0 0 0 0 0 0 0 0.497514 0 0.571819 0 0 0 0 0 0 0 0 0.603531 0.555145 0 0 0 0 0 0.5025 0.489751 0 0.475332 0 0 0.566565 0 0 0 0 0 0 0 0 0.520469 0 0 0 0 0 0 0 0
0 0 0 0.502045 0 0.520221 0 0 0 0.469659 0.540178 0.465 0 0 0 0.511531 0 0 0 0.519851 0 0 0 0 0 0 0.51267 0.551462 0 0 0.512427 0 0 0 0 0 0 0 0 0 0 0 0 0 0.610418 0.478741 0 0 0.47829 0.56726 0 0 0 0 0.600084 0 0 0 0.580918 0 0 0.460843 0 0 0.585508 0 0 0.550667 0 0 0 0 0 0.534804 0 0.529359 0 0 0 0 0 0 0 0 0.572231 0 0 0.550951 0 0 0.587124 0 0.590287 0 0.56992 0 0 0 0 0
0.594726 0.51959 0 0 0 0 0 0 0 0 0.602194 0.528324 0 0.498592 0.464835 0.5083 0.53191 0 0 0 0 0 0 0.546959 0 0.553499 0.529227 0 0 0 0 0 0 0.587112 0 0 0 0 0.583232 0 0 0.569154 0 0.523402 0 0 0 0 0.513461 0 0 0 0 0 0 0 0 0 0 0.494432 0 0 0 0 0 0 0.496166 0 0 0 0.480617 0 0.534804 0 0 0 0 0.485727 0 0 0 0 0 0 0.549124 0.594716 0 0 0.527013 0 0.59315 0 0 0.489516 0 0 0.552748 0 0 0
0.518555 0 0 0 0 0 0 0.464907 0.552607 0 0 0 0 0 0 0 0 0.564267 0 0.572524 0 0 0 0 0 0.592178 0 0 0 0 0 0 0 0 0.462454 0 0 0 0.590606 0 0 0 0 0 0.463224 0 0.5554 0 0 0 0 0 0.600142 0.463083 0 0 0 0 0.520773 0 0 0 0 0.608021 0 0 0 0 0 0 0 0 0 0 0 0 0 0 0 0 0 0 0 0 0 0 0 0 0 0 0 0 0 0 0.572751 0 0 0 0 0
0 0.465417 0.545336 0 0 0 0 0 0 0 0.536615 0 0 0.46736 0.548595 0 0 0 0 0 0 0 0 0.48415 0.603174 0 0 0 0 0.493316 0 0 0.474849 0 0 0.473914 0 0 0 0 0 0 0.52192 0.583973 0.590873 0 0 0 0.493232 0.529881 0.557369 0 0 0 0 0 0 0 0 0 0 0 0 0.581434 0 0 0 0.600956 0 0 0 0 0.529359 0 0 0 0 0 0 0 0 0 0 0.482877 0 0 0 0 0 0.467353 0 0 0 0 0 0 0.491364 0 0.564446 0
0 0 0 0 0.529819 0 0 0 0 0.595965 0 0 0.603919 0 0 0 0 0.570831 0 0 0 0 0 0 0 0 0 0 0 0 0 0.526222 0 0.579324 0 0 0 0 0 0 0 0 0.557299 0 0 0.492904 0.568274 0 0 0.528321 0 0 0.471402 0 0.478008 0.532652 0 0.574794 0.556187 0 0 0 0.546618 0.535071 0 0 0 0 0 0 0 0.5025 0 0 0 0 0 0.570755 0 0.533023 0.558571 0 0.482534 0 0 0 0 0 0.590032 0 0 0 0 0 0 0 0.575335 0 0 0
0 0 0 0 0.57453 0 0 0 0 0 0 0 0 0 0.592167 0 0 0 0 0 0 0.471365 0 0.597526 0 0 0 0 0 0 0 0 0.561576 0 0 0 0 0 0.500386 0 0.51913 0.468586 0 0.510306 0 0.595833 0 0 0 0 0.514274 0 0 0 0 0 0 0.556924 0 0 0 0 0.562084 0 0 0.462393 0 0 0 0 0 0.489751 0 0.485727 0 0 0.570755 0 0.504623 0 0.581249 0 0.549422 0 0.500914 0 0.557249 0 0.560894 0.608211 0 0 0 0 0 0 0 0 0.549337 0.573728
0 0 0 0 0 0 0.463923 0 0 0.600289 0 0 0 0 0.516628 0 0 0 0.581426 0.471068 0 0 0 0.524413 0 0.498925 0 0 0 0 0 0 0.567256 0 0 0 0 0 0 0 0.60827 0 0 0 0 0.603177 0 0 0 0.461214 0 0.507887 0 0 0 0 0 0 0 0 0 0.555038 0 0 0 0 0 0 0 0 0 0 0 0 0 0 0 0.504623 0 0 0 0 0 0 0 0 0 0 0.605596 0 0 0.47401 0 0 0 0 0 0.494648 0 0
0 0 0 0 0.563105 0 0 0 0 0.508601 0 0 0.547369 0 0 0 0 0 0 0 0 0 0 0 0 0 0 0.478542 0.516198 0 0 0 0 0 0 0 0 0 0.492354 0.493539 0 0 0 0 0.508646 0.599722 0.512135 0 0 0 0 0 0 0 0 0 0 0 0.607387 0 0 0.587173 0 0 0.478751 0.46433 0 0 0 0 0 0.475332 0 0 0 0 0.533023 0 0 0 0 0 0 0 0.541918 0 0 0 0 0 0 0 0 0 0 0 0 0 0 0
0 0 0 0 0 0 0 0 0 0 0 0 0.580915 0 0.53099 0 0 0 0 0 0 0 0 0.484737 0 0 0.570384 0 0 0 0 0 0 0 0.565134 0 0 0 0 0 0 0 0 0.57254 0 0 0 0 0.612596 0.607882 0 0 0.487515 0 0.485006 0 0 0 0 0 0 0 0 0 0 0 0.503875 0 0 0 0 0 0 0 0 0 0.558571 0.581249 0 0 0 0.576339 0 0 0 0 0.542707 0 0 0 0 0 0 0 0 0.463167 0.52163 0 0 0
0 0 0.507255 0 0 0 0.569107 0 0 0 0 0.52198 0 0 0 0.572297 0.566382 0 0 0 0.542877 0.612462 0 0 0 0 0.547219 0 0 0 0.511428 0.511231 0.490881 0 0 0 0 0 0 0 0 0 0 0 0 0.539607 0.584852 0 0 0 0 0 0 0.548282 0 0 0 0 0 0 0 0 0 0.581338 0 0 0.535475 0 0 0 0 0 0 0 0 0 0 0 0 0 0.576339 0 0 0 0 0 0 0 0 0 0 0 0 0 0 0 0 0 0 0
0 0.489579 0 0.571681 0.598939 0 0 0 0 0 0 0.464551 0 0 0 0 0 0 0 0 0 0.491868 0.497585 0 0 0 0.522851 0 0.581595 0.581603 0 0 0 0 0 0 0.501949 0 0 0 0.475607 0.54546 0.573104 0 0 0 0 0 0.613248 0.59902 0 0 0 0 0.611981 0 0 0 0 0 0 0 0 0 0 0 0 0 0 0 0 0.566565 0 0 0 0 0.482534 0.549422 0 0 0 0 0 0 0.489281 0 0 0 0 0.493503 0 0 0.520747 0 0 0 0 0 0.552671 0
0 0 0 0.490935 0 0.536277 0 0 0.565965 0 0 0 0.50423 0 0 0.478267 0.571479 0 0 0 0 0 0 0 0 0 0 0 0.515281 0.610734 0 0.585607 0 0 0 0.567544 0 0 0 0 0 0 0 0 0 0 0 0.462882 0 0 0.605687 0 0 0 0 0.509293 0 0 0 0 0 0.477776 0 0 0.57476 0 0 0.477023 0 0 0.594119 0 0 0 0 0.482877 0 0 0 0 0 0 0 0 0.525367 0 0.516181 0 0 0 0 0 0 0 0 0 0 0.472861 0 0
0 0 0 0 0 0 0 0 0 0 0 0 0 0 0 0 0 0 0 0 0 0 0 0 0 0 0.526503 0 0.565938 0 0 0 0 0 0.517234 0 0.49735 0 0.539216 0 0 0.518384 0.54928 0 0 0 0 0 0 0 0 0 0 0 0.533644 0 0 0 0 0.567595 0 0 0 0 0 0 0.602543 0 0 0.459131 0 0 0.572231 0.549124 0 0 0 0.500914 0 0.541918 0 0 0.489281 0.525367 0 0.576576 0 0 0 0 0.604316 0 0 0.477422 0 0 0 0 0 0
0 0 0.540828 0 0 0.555753 0 0.474279 0 0 0 0 0 0 0.485961 0 0 0.582846 0.589853 0.532281 0 0 0.49729 0 0 0 0 0 0 0 0 0 0 0 0.472818 0 0 0 0 0.534743 0 0 0 0.472937 0 0 0.505948 0 0 0 0 0 0 0 0 0 0.474047 0 0.571954 0.552506 0.461425 0 0 0 0 0 0 0 0 0.512157 0 0 0 0.594716 0 0 0 0 0 0 0 0 0 0 0.576576 0 0 0 0 0 0.492801 0.460907 0 0.599878 0 0.57391 0 0 0.557194 0.471737
0 0 0 0 0.570838 0 0 0 0 0 0.488372 0 0.591458 0 0 0 0 0 0 0 0.592254 0 0.586291 0 0 0.577792 0 0 0 0 0.602569 0 0.486058 0.574891 0 0 0.590548 0.525834 0.609979 0 0 0 0 0.561485 0 0 0 0.523029 0.556356 0 0.613204 0.472094 0 0 0 0.468488 0.537823 0.558121 0 0 0 0 0 0.531673 0 0 0 0 0 0 0.490991 0 0 0 0 0 0 0.557249 0 0 0.542707 0 0 0.516181 0 0 0 0 0 0 0 0 0 0 0.480162 0 0 0.605458 0 0
0 0 0.571229 0 0.601067 0.561637 0 0 0.562167 0.469339 0 0 0 0 0 0 0.484452 0 0.53711 0 0 0 0 0.601065 0 0.55662 0 0 0.472232 0 0 0 0 0 0 0 0 0 0 0 0 0 0 0 0.567395 0 0 0.474929 0 0 0 0.539843 0 0 0 0 0 0.476392 0.572824 0 0 0 0 0 0 0.602301 0.53446 0.609415 0 0.56574 0.613096 0 0.550951 0 0 0 0 0 0 0 0 0 0 0 0 0 0 0 0.534953 0 0.56161 0 0 0 0 0 0 0 0 0
0 0 0 0 0 0 0 0.601423 0.549644 0 0 0 0 0 0 0 0 0 0 0 0 0 0 0 0.590038 0.540152 0 0 0 0 0 0 0 0 0 0.548654 0.591917 0 0 0 0 0.469258 0 0 0.543598 0 0 0 0 0.603073 0 0.574035 0.475306 0 0 0 0.529092 0 0.494195 0 0.515952 0 0.595187 0 0 0 0 0 0 0 0 0 0 0.527013 0 0 0.590032 0.560894 0.605596 0 0 0 0 0 0 0 0 0.534953 0 0 0 0.459765 0 0 0 0 0 0 0.539717 0
0 0 0 0 0 0.494739 0 0 0 0.497516 0.579067 0 0 0 0 0 0 0.545038 0 0 0.511485 0 0 0 0.488149 0.466797 0 0 0 0.556962 0 0 0 0 0.510707 0 0 0 0 0 0.557691 0 0.608604 0 0 0.563068 0 0 0 0 0 0 0 0 0 0 0 0 0 0 0.526921 0 0 0 0 0.488075 0 0 0 0 0 0 0 0 0 0.467353 0 0.608211 0 0 0 0 0.493503 0 0 0 0 0 0 0 0 0 0 0 0 0 0 0 0 0
0 0 0 0 0 0.576232 0 0 0 0 0 0 0 0.473003 0 0 0 0 0 0 0 0.531082 0 0 0 0 0 0 0 0 0 0 0 0 0 0 0.469262 0 0.5276 0 0 0 0 0 0 0 0 0 0 0 0 0.584981 0 0 0 0 0 0 0 0 0 0 0 0 0 0 0 0 0 0 0 0 0.587124 0.59315 0 0 0 0 0 0 0 0 0 0 0.604316 0.492801 0 0.56161 0 0 0 0.568573 0 0 0 0.561351 0.471223 0 0.570939 0
0 0 0 0 0.478958 0 0 0 0 0.491234 0 0 0 0.558461 0 0 0.535182 0 0 0 0 0 0 0.606044 0.544793 0 0 0 0 0 0.606282 0 0 0.501614 0.490065 0 0 0 0 0 0 0 0 0 0 0 0 0 0.481161 0.505843 0 0 0.523026 0 0 0 0 0 0 0 0.585748 0.519472 0.589108 0.557613 0.526 0 0 0 0 0.573452 0 0.520469 0 0 0 0 0 0 0.47401 0 0 0 0 0 0 0.460907 0 0 0.459765 0 0.568573 0 0 0 0 0 0.555811 0 0.606025 0
0 0 0.595336 0 0 0.589679 0 0 0 0 0 0 0 0 0.516455 0 0 0 0.513078 0 0 0 0 0 0 0 0 0 0.541612 0.581569 0 0 0 0 0 0 0.554469 0 0 0 0 0 0 0 0.586377 0 0 0 0 0 0 0 0 0 0 0.517236 0 0.485911 0 0 0.52136 0 0 0.539846 0.490102 0.574514 0 0 0 0 0 0 0.590287 0 0 0 0 0 0 0 0 0 0.520747 0 0 0 0 0 0 0 0 0 0 0 0.59314 0 0.46448 0 0 0
0 0.580566 0 0 0 0 0.561914 0 0 0 0 0 0 0 0 0 0 0.556421 0 0 0 0 0 0 0 0 0 0 0 0.566437 0 0.48331 0 0 0 0 0 0 0 0 0 0.497413 0 0 0 0 0 0.595062 0.611584 0 0.50705 0 0.560896 0 0 0 0 0 0 0 0 0 0 0.613481 0 0 0.554789 0 0 0.596978 0.554011 0 0 0.489516 0 0 0 0 0 0 0 0 0 0 0.477422 0.599878 0 0 0 0 0 0 0 0 0 0 0 0 0.466111 0
0.612629 0 0 0 0 0 0.596574 0 0 0 0 0 0.459323 0 0 0 0.53866 0 0 0 0 0 0 0 0 0 0 0 0.582592 0 0 0 0 0 0.575309 0.513967 0 0 0 0 0 0 0 0 0 0.546713 0.530141 0 0 0 0 0.495836 0.562344 0 0 0.566145 0 0 0 0 0.476185 0 0 0 0 0 0 0 0.495702 0 0.521294 0 0.56992 0 0.572751 0 0 0 0 0 0 0 0 0 0 0 0.480162 0 0 0 0 0 0.59314 0 0 0 0 0.517973 0.512958 0
0 0 0 0.549448 0 0 0.463548 0 0 0 0.54886 0 0 0 0 0 0 0 0 0 0 0 0 0 0 0 0 0 0.604755 0 0 0 0 0 0 0 0.552174 0 0 0 0.459253 0 0 0 0.527986 0 0 0 0 0 0 0 0 0.520392 0 0 0 0.476382 0 0 0 0.497724 0 0 0 0 0 0 0 0 0 0 0 0 0 0 0 0 0 0 0.463167 0 0 0 0 0.57391 0 0 0 0 0.561351 0 0 0 0 0 0 0.505907 0 0.470365
0 0.59757 0 0.514558 0 0 0 0 0 0 0 0 0 0 0 0 0 0 0 0 0 0 0 0 0 0 0 0.538916 0 0 0 0 0 0 0 0.579091 0.521426 0.492732 0 0 0 0 0 0 0 0 0 0 0.522843 0 0 0 0 0 0 0 0 0 0 0 0.54408 0 0.544193 0 0.459935 0 0 0 0 0.542937 0.52767 0 0 0.552748 0 0.491364 0.575335 0 0 0 0.52163 0 0 0 0 0 0 0 0 0 0.471223 0.555811 0.46448 0 0 0 0 0.595226 0 0
0 0 0 0 0 0 0.590855 0.482432 0 0.465859 0 0 0.592614 0.467693 0 0 0 0 0 0 0 0 0 0 0 0 0 0 0.598954 0 0 0 0 0.520987 0 0.481919 0 0 0 0 0 0 0 0 0 0 0 0 0 0 0 0 0 0 0 0 0 0 0 0 0.613976 0 0.595936 0 0.520386 0.492816 0 0.563447 0 0 0 0 0 0 0 0 0 0 0.494648 0 0 0 0 0.472861 0 0 0.605458 0 0 0 0 0 0 0 0.517973 0.505907 0.595226 0 0 0.602601
0 0 0 0 0 0 0 0 0 0.464874 0 0 0.555689 0 0 0.475137 0 0 0.549577 0 0 0 0.543343 0 0 0 0.488151 0.544987 0 0.538188 0 0 0 0.533822 0 0.572043 0 0 0 0 0 0 0 0 0 0 0 0 0.56983 0 0 0.463462 0 0 0 0 0 0 0 0.61185 0.519472 0 0 0 0 0 0 0 0 0 0.507049 0 0 0 0 0.564446 0 0.549337 0 0 0 0 0.552671 0 0 0.557194 0 0 0.539717 0 0.570939 0.606025 0 0.466111 0.512958 0 0 0 0 0
0.465904 0 0 0 0 0 0 0.56048 0 0 0 0 0 0 0.611893 0 0 0 0 0 0 0 0 0 0 0 0.553694 0 0 0 0 0 0 0 0 0 0 0 0 0.558828 0 0 0 0 0 0 0.614693 0.466082 0 0 0 0 0 0 0 0.557551 0 0 0.477705 0.595951 0 0 0 0 0 0 0.493272 0.570592 0 0 0 0 0 0 0 0 0 0.573728 0 0 0 0 0 0 0 0.471737 0 0 0 0 0 0 0 0 0 0.470365 0 0.602601 0 0
