100
0 0 0 0.606085 0 0 0 0 0 0 0 0 0 0 0 0 0 0 0 0 0 0 0.475878 0 0 0.558883 0 0 0 0 0 0 0 0 0 0.643966 0 0 0 0 0 0 0.53248 0 0 0 0 0 0 0 0 0 0 0 0 0 0 0 0 0 0 0 0 0 0 0 0.513422 0 0 0 0 0 0 0.583846 0.475947 0 0 0 0 0 0 0 0 0 0 0 0 0 0 0 0 0 0 0 0 0 0 0 0 0
0 0 0 0 0.631533 0.617474 0 0 0 0 0.46968 0 0 0 0 0 0 0 0.479326 0 0 0 0 0.509281 0.565115 0 0 0 0 0 0 0 0 0 0 0 0 0 0 0 0.606055 0.552354 0 0 0 0 0 0 0 0 0 0 0 0 0 0 0 0 0 0.655836 0 0 0 0 0 0 0 0 0 0 0 0 0 0 0 0 0 0 0 0 0 0 0 0 0 0 0 0 0 0 0 0 0 0.509634 0 0 0 0 0 0
0 0 0 0 0 0 0.581555 0 0 0 0 0 0.508112 0 0 0 0 0 0 0 0.581343 0.471919 0 0 0 0.560237 0 0 0 0 0 0 0 0 0 0 0 0 0 0 0 0.564472 0 0.546611 0 0 0 0 0 0 0 0 0 0 0 0 0 0.484481 0 0 0 0.626635 0 0 0 0 0 0.513712 0 0 0 0 0 0 0 0.495491 0 0 0 0 0 0 0 0 0 0.524602 0 0.59522 0 0 0 0 0.602409 0 0 0 0 0 0 0
0.606085 0 0 0 0 0 0 0 0 0 0 0 0 0 0 0 0 0 0 0 0 0 0 0 0 0 0 0 0 0 0.569416 0 0 0 0 0 0 0.449818 0 0 0 0 0 0 0 0 0 0 0 0 0 0 0 0 0 0 0 0 0.534868 0 0 0.574505 0 0 0.480743 0 0 0 0 0 0 0 0 0 0 0 0 0 0 0 0.480985 0 0.613449 0 0 0 0 0 0 0 0 0 0 0 0 0.550972 0.533124 0 0 0
0 0.631533 0 0 0 0 0 0 0 0 0 0 0 0.511215 0 0 0 0 0 0.493118 0 0 0 0 0 0 0 0 0 0.581226 0 0 0 0 0.511758 0 0 0 0 0 0.608167 0 0 0 0 0 0.54695 0 0 0 0 0 0 0 0 0 0 0.507717 0.481337 0 0 0 0 0 0 0 0 0 0 0 0 0 0 0 0 0 0 0 0 0.621001 0 0 0.674303 0 0 0 0.605535 0.559501 0 0 0 0.467892 0 0 0 0 0 0 0 0
0 0.617474 0 0 0 0 0 0 0 0 0 0 0 0 0 0 0 0 0.613954 0 0 0 0 0 0.564807 0 0 0 0.449006 0 0 0 0 0 0 0 0 0 0 0 0.567811 0 0 0.575694 0.583677 0 0 0 0.455631 0 0 0 0 0 0 0 0 0 0 0 0 0 0 0.572671 0 0 0 0 0 0 0 0 0.560046 0 0 0 0 0 0 0 0 0 0 0.468935 0 0 0 0 0 0 0 0 0.603443 0 0 0 0 0 0 0
0 0 0.581555 0 0 0 0 0 0 0.64902 0 0 0 0 0 0 0 0 0 0 0 0 0 0.496271 0 0 0 0 0 0 0 0 0 0 0 0 0 0 0 0 0 0 0 0.578599 0.538448 0 0 0 0 0 0 0 0.536284 0 0 0 0 0 0 0.64591 0 0 0 0 0 0 0 0 0.474179 0 0 0 0 0 0 0 0 0 0.543965 0 0 0.638911 0 0 0 0 0 0 0 0 0 0 0 0.572097 0.598892 0.388743 0 0 0 0
0 0 0 0 0 0 0 0 0 0 0 0 0 0 0.511584 0 0 0 0 0 0 0 0 0 0 0 0 0.57528 0 0 0 0 0 0 0 0 0 0 0 0 0 0 0 0 0 0 0 0 0 0 0 0 0 0 0 0 0 0 0 0.603214 0 0 0.507565 0 0 0 0 0.514756 0 0 0 0 0 0 0.40331 0 0 0 0 0 0 0 0 0 0 0.443156 0 0 0.673543 0 0 0 0 0 0 0 0 0 0 0.54223
0 0 0 0 0 0 0 0 0 0 0 0 0 0 0 0 0 0 0 0 0 0.53551 0 0 0 0 0 0 0 0 0.514179 0 0.675208 0 0 0 0 0 0 0 0 0 0 0 0.514139 0 0 0.55266 0 0 0.466695 0 0.505975 0 0.595508 0.623405 0 0 0 0 0.681849 0 0 0 0 0 0 0 0 0 0 0 0 0 0.538447 0 0 0 0 0 0 0 0 0 0 0 0 0.51115 0 0 0 0 0 0 0 0 0 0 0 0
0 0 0 0 0 0 0.64902 0 0 0 0 0 0 0 0 0 0.508193 0 0 0.516681 0 0 0 0 0 0 0 0 0 0 0 0 0 0 0 0 0 0 0 0 0 0 0.616814 0 0.613128 0 0 0 0 0 0 0 0 0 0 0 0 0 0 0 0.485317 0 0 0 0 0 0 0 0 0 0 0 0.470415 0 0 0 0.641688 0 0 0 0 0 0 0 0 0 0 0 0 0.494452 0 0 0 0 0 0 0 0.426178 0 0
0 0.46968 0 0 0 0 0 0 0 0 0 0 0 0 0 0.52691 0 0 0 0 0.506329 0 0 0 0 0 0 0.486238 0 0.479257 0 0.650655 0 0 0 0.458832 0 0 0 0 0 0 0 0 0 0 0 0 0 0 0 0 0 0 0 0 0 0 0 0 0 0 0 0 0 0 0 0 0 0 0 0 0 0 0 0 0 0 0 0 0 0 0 0 0 0 0 0 0 0.609478 0 0 0 0 0 0.576194 0 0 0 0
0 0 0 0 0 0 0 0 0 0 0 0 0 0 0.567784 0 0 0 0 0.579335 0 0 0 0.469395 0 0 0 0 0 0 0 0 0 0 0 0 0 0.604263 0 0 0 0 0 0 0 0 0 0 0 0 0 0 0 0 0 0 0 0 0 0 0 0 0 0.459784 0 0 0 0 0 0 0 0 0.464817 0.552832 0 0 0 0 0 0 0 0 0 0 0 0 0.50856 0 0 0 0 0 0 0 0 0 0 0 0 0
0 0 0.508112 0 0 0 0 0 0 0 0 0 0 0 0 0 0 0 0 0 0 0 0 0 0 0 0 0 0 0 0 0 0 0 0 0 0 0 0 0 0.60241 0 0 0 0 0 0 0 0.60231 0 0 0 0 0 0 0 0.521718 0 0 0 0 0 0 0 0 0 0.512096 0 0.417885 0 0 0 0 0 0 0 0.635547 0 0 0 0.529823 0 0 0.482626 0 0.47441 0.578553 0 0 0 0 0 0 0 0.516526 0 0 0 0 0
0 0 0 0 0.511215 0 0 0 0 0 0 0 0 0 0 0 0 0 0 0.509066 0 0 0 0 0 0 0 0 0 0 0 0 0 0 0 0.556918 0 0 0 0.64113 0 0 0 0 0 0 0 0 0 0 0 0.489721 0 0 0 0 0 0 0 0 0 0 0 0 0 0 0 0 0 0 0.545824 0 0 0.556211 0 0 0 0 0 0 0 0 0 0 0 0 0 0 0 0 0.436467 0 0 0 0 0 0 0.471133 0 0
0 0 0 0 0 0 0 0.511584 0 0 0 0.567784 0 0 0 0 0 0 0 0 0 0.51696 0 0 0 0 0 0 0 0 0.512495 0 0 0 0 0.54149 0 0 0 0 0 0 0 0 0 0 0 0 0 0 0 0 0 0 0 0 0 0 0.519908 0 0 0 0 0 0 0 0 0 0 0 0 0 0 0.466227 0 0.45854 0 0 0.487868 0 0.588618 0 0 0 0 0.492443 0 0 0 0 0 0 0.536086 0 0 0 0 0 0 0
0 0 0 0 0 0 0 0 0 0 0.52691 0 0 0 0 0 0 0 0 0 0 0 0 0 0 0 0 0 0 0 0 0 0 0 0 0 0 0.54223 0 0 0 0.533989 0 0 0 0 0 0 0 0 0 0 0 0 0 0 0 0 0 0 0 0 0 0.537453 0 0 0 0 0 0 0 0 0 0.525149 0 0 0 0 0 0 0 0.522932 0 0.445223 0 0 0 0 0 0 0 0 0 0 0 0 0 0 0 0
0 0 0 0 0 0 0 0 0 0.508193 0 0 0 0 0 0 0 0 0 0 0 0 0 0 0 0 0.478796 0 0 0 0 0 0 0 0 0 0 0 0 0 0 0 0 0 0 0 0 0 0 0 0.674233 0 0 0 0 0 0 0 0.464061 0.645597 0 0 0 0 0 0.538914 0 0 0 0 0 0 0 0 0 0 0 0 0 0 0 0 0 0.57498 0 0 0 0.473613 0 0 0 0 0 0 0 0 0.56605 0 0 0
0 0 0 0 0 0 0 0 0 0 0 0 0 0 0 0 0 0 0 0.634313 0 0 0.511982 0 0 0 0.514219 0 0 0 0 0 0 0.579518 0 0.51338 0 0.570116 0 0 0 0 0 0 0 0 0 0 0 0 0 0 0 0.47586 0 0 0 0 0 0.589976 0 0 0.501176 0 0 0 0 0 0 0 0 0 0 0 0 0 0 0 0 0.502631 0 0.581322 0 0 0 0.575883 0 0 0 0 0 0 0 0 0 0 0 0 0 0
0 0.479326 0 0 0 0.613954 0 0 0 0 0 0 0 0 0 0 0 0 0 0 0 0 0 0 0.506516 0.552753 0 0 0 0 0 0 0 0 0 0.5049 0 0 0 0 0 0 0.477854 0 0 0 0 0 0 0 0 0 0 0 0 0 0 0 0 0 0 0 0 0 0 0 0 0 0 0 0.586614 0 0 0 0 0 0 0 0 0 0 0 0 0 0 0 0 0.503136 0 0 0 0 0 0 0 0 0 0 0 0
0 0 0 0 0.493118 0 0 0 0 0.516681 0 0.579335 0 0.509066 0 0 0 0.634313 0 0 0 0 0 0 0 0 0 0 0.547913 0 0 0 0 0 0 0 0 0 0 0 0 0 0 0 0 0 0 0 0 0 0.602399 0 0 0 0 0 0 0 0 0 0 0 0 0 0 0.59347 0 0 0.545641 0 0 0 0.516242 0 0.599298 0 0 0 0.445343 0 0 0 0 0 0 0 0 0 0 0 0 0 0 0 0 0 0 0 0 0
0 0 0.581343 0 0 0 0 0 0 0 0.506329 0 0 0 0 0 0 0 0 0 0 0 0 0 0.578998 0.58984 0 0 0.584154 0 0 0 0 0 0 0.626788 0 0 0 0 0 0 0.551864 0 0 0 0 0 0 0 0.397516 0 0 0 0 0 0 0 0 0 0 0 0 0.495014 0 0 0 0 0 0 0 0 0 0 0 0 0 0 0 0 0 0.561616 0 0 0 0 0.582666 0.532131 0 0.422841 0 0 0 0 0 0 0 0 0 0
0 0 0.471919 0 0 0 0 0 0.53551 0 0 0 0 0 0.51696 0 0 0 0 0 0 0 0 0 0 0 0 0 0 0.613691 0 0 0 0 0 0 0 0 0 0.567979 0 0 0 0 0 0 0 0 0.638594 0 0 0 0 0 0.521218 0 0 0 0 0 0 0 0.494232 0 0 0 0 0 0 0 0 0 0 0 0 0 0 0.430628 0 0 0 0.586436 0 0 0 0 0 0 0 0.399783 0.533563 0 0 0 0 0 0 0 0 0
0.475878 0 0 0 0 0 0 0 0 0 0 0 0 0 0 0 0 0.511982 0 0 0 0 0 0 0 0 0 0 0 0 0 0.564391 0 0 0.529095 0.527909 0 0 0 0 0 0 0 0 0 0 0 0 0 0 0 0 0 0 0 0 0 0 0 0.480005 0 0 0 0 0 0 0 0 0.496234 0 0 0 0 0 0 0 0 0 0 0 0 0 0 0 0 0.459477 0.623836 0 0 0 0 0 0 0 0 0 0 0 0 0
0 0.509281 0 0 0 0 0.496271 0 0 0 0 0.469395 0 0 0 0 0 0 0 0 0 0 0 0 0 0 0 0 0.567088 0 0 0 0 0 0 0.568815 0 0 0 0 0 0.616801 0 0 0 0 0 0 0 0 0 0 0 0 0 0.575152 0 0 0 0 0 0.476359 0 0 0 0 0 0 0 0 0.542377 0 0 0.528123 0 0.487828 0 0.605863 0 0 0 0 0 0 0 0 0 0.489173 0 0 0 0.585046 0 0 0 0 0 0 0 0
0 0.565115 0 0 0 0.564807 0 0 0 0 0 0 0 0 0 0 0 0 0.506516 0 0.578998 0 0 0 0 0 0 0 0 0 0.522477 0 0 0 0 0 0 0 0 0.534525 0 0 0 0 0 0 0 0 0 0 0 0 0.52963 0 0 0 0 0.55458 0 0 0 0 0 0 0 0 0 0 0 0 0.466249 0 0 0 0 0 0 0 0 0 0 0 0 0 0 0 0 0 0.614054 0 0 0.562074 0 0 0 0 0 0 0 0
0.558883 0 0.560237 0 0 0 0 0 0 0 0 0 0 0 0 0 0 0 0.552753 0 0.58984 0 0 0 0 0 0 0 0 0 0 0 0 0 0 0 0 0 0 0 0.466869 0 0 0 0 0 0 0 0 0 0 0 0 0 0 0 0 0 0 0 0 0 0 0 0 0 0 0 0 0.592067 0 0 0 0 0.574531 0 0 0 0 0 0 0 0 0 0 0 0 0.515393 0 0.452612 0 0 0 0 0 0 0 0 0 0
0 0 0 0 0 0 0 0 0 0 0 0 0 0 0 0 0.478796 0.514219 0 0 0 0 0 0 0 0 0 0 0.563498 0.575526 0.455932 0 0 0 0 0 0 0 0 0 0 0 0.534351 0 0.495448 0 0 0 0 0 0 0 0 0 0 0 0 0 0 0 0 0 0 0 0 0 0 0 0 0 0 0 0.557117 0.556778 0 0 0 0 0 0 0.533246 0 0 0 0 0 0 0 0 0 0 0 0 0 0 0 0 0 0 0.552789
0 0 0 0 0 0 0 0.57528 0 0 0.486238 0 0 0 0 0 0 0 0 0 0 0 0 0 0 0 0 0 0 0 0 0 0.491349 0 0 0 0 0 0.436473 0.4793 0 0 0.544611 0 0 0 0 0 0 0.624874 0 0 0 0 0 0 0 0 0 0 0 0.538658 0 0.569887 0 0 0 0 0 0 0 0 0.589321 0 0 0 0 0 0 0 0 0 0 0 0 0 0 0 0 0 0 0 0 0 0 0 0.504447 0 0 0
0 0 0 0 0 0.449006 0 0 0 0 0 0 0 0 0 0 0 0 0 0.547913 0.584154 0 0 0.567088 0 0 0.563498 0 0 0 0 0 0 0 0 0 0 0 0.54809 0 0 0.485046 0 0 0 0.606447 0 0 0 0 0 0 0.575785 0 0 0 0 0 0 0 0 0 0 0 0 0.581564 0 0 0 0 0 0.567097 0 0 0 0 0 0 0 0 0 0 0 0 0 0 0 0.42257 0 0 0 0 0.511287 0 0.61224 0.577243 0 0 0 0
0 0 0 0 0.581226 0 0 0 0 0 0.479257 0 0 0 0 0 0 0 0 0 0 0.613691 0 0 0 0 0.575526 0 0 0 0 0 0 0.441366 0.458891 0 0 0 0 0 0 0.401203 0.499407 0 0 0 0 0 0 0.465926 0 0 0 0 0 0 0 0 0 0 0 0 0 0 0 0 0 0.578239 0 0.635585 0 0 0 0 0 0 0 0 0 0 0 0 0 0.588472 0 0 0 0 0 0 0 0 0 0.568907 0 0 0 0 0.503442 0
0 0 0 0.569416 0 0 0 0 0.514179 0 0 0 0 0 0.512495 0 0 0 0 0 0 0 0 0 0.522477 0 0.455932 0 0 0 0 0 0 0 0 0 0.607652 0 0 0 0 0 0 0 0 0 0.526 0 0 0.475533 0 0 0 0 0 0 0 0 0 0 0 0 0 0 0 0 0 0 0 0 0 0 0 0 0 0 0 0 0 0 0 0 0 0 0 0 0.590851 0 0 0 0 0.542596 0 0 0 0 0 0 0 0
0 0 0 0 0 0 0 0 0 0 0.650655 0 0 0 0 0 0 0 0 0 0 0 0.564391 0 0 0 0 0 0 0 0 0 0 0 0 0 0 0 0 0 0 0 0.544292 0 0 0 0 0.493141 0.615145 0 0 0 0 0 0 0 0 0.499678 0 0 0 0 0 0 0 0 0 0.49148 0 0 0 0 0 0 0 0 0.486441 0 0 0 0 0.510555 0 0 0 0 0 0 0 0 0 0 0 0 0 0 0 0 0 0
0 0 0 0 0 0 0 0 0.675208 0 0 0 0 0 0 0 0 0 0 0 0 0 0 0 0 0 0 0.491349 0 0 0 0 0 0 0 0 0 0.634329 0 0.638829 0 0 0 0 0 0 0 0 0 0 0 0 0 0.579786 0 0.495532 0 0 0 0 0 0 0 0 0 0 0.532922 0 0 0 0 0 0 0 0 0 0 0 0 0 0 0.524391 0 0 0 0 0.532459 0 0 0 0 0 0 0 0 0 0 0 0 0
0 0 0 0 0 0 0 0 0 0 0 0 0 0 0 0 0 0.579518 0 0 0 0 0 0 0 0 0 0 0 0.441366 0 0 0 0 0 0 0 0.487825 0 0 0.558794 0 0 0 0 0 0 0 0 0 0 0 0 0 0.638414 0 0.539021 0 0 0 0 0 0 0 0 0 0 0.482086 0 0 0 0 0 0.552167 0 0 0 0 0 0 0 0.640465 0 0 0 0 0 0 0 0 0 0 0 0 0 0 0 0 0 0
0 0 0 0 0.511758 0 0 0 0 0 0 0 0 0 0 0 0 0 0 0 0 0 0.529095 0 0 0 0 0 0 0.458891 0 0 0 0 0 0 0 0 0 0.57862 0 0 0 0 0 0 0 0 0 0 0 0 0 0 0 0 0 0 0 0 0 0 0.491496 0 0.53335 0 0 0 0 0 0 0 0 0 0.448682 0 0 0 0 0 0 0 0 0 0.504168 0 0 0 0 0 0 0 0 0 0.538774 0 0 0 0 0
0.643966 0 0 0 0 0 0 0 0 0 0.458832 0 0 0.556918 0.54149 0 0 0.51338 0.5049 0 0.626788 0 0.527909 0.568815 0 0 0 0 0 0 0 0 0 0 0 0 0 0.4659 0 0 0 0 0 0 0 0 0.621565 0 0 0 0.592698 0 0.553174 0 0 0 0 0 0 0 0 0 0 0 0 0 0 0 0 0 0 0 0 0 0 0.442198 0 0 0 0 0 0 0 0 0 0 0 0 0 0 0 0 0 0 0.564733 0 0.520587 0 0 0
0 0 0 0 0 0 0 0 0 0 0 0 0 0 0 0 0 0 0 0 0 0 0 0 0 0 0 0 0 0 0.607652 0 0 0 0 0 0 0 0 0 0 0 0 0.63244 0 0.418014 0 0 0 0 0 0 0.583564 0.589891 0 0.407779 0 0 0 0 0 0 0 0 0 0 0 0 0 0 0 0 0 0 0 0 0 0 0 0 0 0 0.467322 0 0 0 0.610803 0.589398 0 0 0.468387 0 0.518042 0 0 0.542181 0.500844 0.538828 0 0
0 0 0 0.449818 0 0 0 0 0 0 0 0.604263 0 0 0 0.54223 0 0.570116 0 0 0 0 0 0 0 0 0 0 0 0 0 0 0.634329 0.487825 0 0.4659 0 0 0 0 0 0 0 0 0 0 0 0 0 0 0 0 0.580202 0.534289 0 0 0 0 0 0 0 0 0 0 0 0 0 0 0 0 0 0.547647 0 0 0 0 0 0 0 0 0 0 0 0 0 0 0.532959 0 0 0 0 0 0 0 0 0 0.486494 0 0 0
0 0 0 0 0 0 0 0 0 0 0 0 0 0 0 0 0 0 0 0 0 0 0 0 0 0 0 0.436473 0.54809 0 0 0 0 0 0 0 0 0 0 0 0 0 0 0 0 0 0 0 0 0 0 0 0 0 0 0 0 0 0 0 0 0 0 0 0.569267 0 0 0 0 0 0 0 0 0 0.593895 0 0 0 0 0.483285 0 0 0 0 0 0 0.598555 0.493247 0 0 0.588357 0 0 0 0 0 0 0 0 0
0 0 0 0 0 0 0 0 0 0 0 0 0 0.64113 0 0 0 0 0 0 0 0.567979 0 0 0.534525 0 0 0.4793 0 0 0 0 0.638829 0 0.57862 0 0 0 0 0 0 0.54597 0 0.50114 0 0.547732 0 0 0 0 0 0 0 0 0 0 0 0 0 0 0 0 0 0 0.547415 0 0 0 0 0 0 0 0 0 0 0 0 0 0 0.521652 0 0 0 0 0 0.505601 0 0 0 0 0 0 0 0 0 0 0.530095 0 0 0.582473
0 0.606055 0 0 0.608167 0.567811 0 0 0 0 0 0 0.60241 0 0 0 0 0 0 0 0 0 0 0 0 0.466869 0 0 0 0 0 0 0 0.558794 0 0 0 0 0 0 0 0 0.52905 0 0 0 0 0 0 0 0 0 0 0 0 0 0 0.526294 0 0 0 0.551502 0 0 0 0.54706 0 0 0 0.676235 0 0 0 0 0 0 0 0 0.599846 0 0.57418 0 0 0 0 0 0 0 0 0 0 0 0 0 0 0.403093 0 0 0 0
0 0.552354 0.564472 0 0 0 0 0 0 0 0 0 0 0 0 0.533989 0 0 0 0 0 0 0 0.616801 0 0 0 0 0.485046 0.401203 0 0 0 0 0 0 0 0 0 0.54597 0 0 0.619643 0 0.551072 0 0 0 0 0 0 0 0 0 0 0 0 0 0 0 0 0 0 0 0.615246 0 0.488589 0 0 0 0 0 0 0 0 0 0 0.493522 0 0 0 0 0.520303 0 0.555752 0 0 0 0.465939 0 0 0 0 0.452802 0 0 0 0 0 0
0.53248 0 0 0 0 0 0 0 0 0.616814 0 0 0 0 0 0 0 0 0.477854 0 0.551864 0 0 0 0 0 0.534351 0.544611 0 0.499407 0 0.544292 0 0 0 0 0 0 0 0 0.52905 0.619643 0 0 0 0 0 0 0 0 0 0.563493 0 0.524611 0 0 0 0 0 0.50518 0 0 0 0 0.431549 0 0 0 0 0 0 0.490717 0 0 0 0.529622 0 0 0 0 0 0 0 0 0.527278 0 0 0 0 0.611248 0 0 0 0 0 0 0 0 0 0
0 0 0.546611 0 0 0.575694 0.578599 0 0 0 0 0 0 0 0 0 0 0 0 0 0 0 0 0 0 0 0 0 0 0 0 0 0 0 0 0 0.63244 0 0 0.50114 0 0 0 0 0 0 0 0 0.550101 0 0 0.613343 0 0 0 0 0 0 0 0 0 0 0 0 0 0 0 0 0 0 0 0 0 0 0 0 0 0 0 0 0.538435 0 0 0 0 0.429861 0.553667 0 0 0 0 0.598373 0 0 0 0 0 0 0 0
0 0 0 0 0 0.583677 0.538448 0 0.514139 0.613128 0 0 0 0 0 0 0 0 0 0 0 0 0 0 0 0 0.495448 0 0 0 0 0 0 0 0 0 0 0 0 0 0 0.551072 0 0 0 0 0 0 0 0 0 0 0 0 0 0 0 0 0 0 0 0 0 0 0 0 0 0 0 0 0.498924 0.464677 0.603069 0 0 0 0 0 0 0.542691 0 0 0 0 0 0 0 0.646396 0.514105 0 0 0 0 0 0 0 0 0 0 0
0 0 0 0 0 0 0 0 0 0 0 0 0 0 0 0 0 0 0 0 0 0 0 0 0 0 0 0 0.606447 0 0 0 0 0 0 0 0.418014 0 0 0.547732 0 0 0 0 0 0 0 0.537181 0 0.531433 0 0.565313 0 0 0 0 0 0.531536 0 0 0 0 0 0 0 0 0 0 0 0.593156 0 0 0.497556 0 0 0 0 0 0 0.62981 0 0.522348 0 0 0 0 0 0 0 0.559984 0 0 0 0 0 0 0 0 0 0
0 0 0 0 0.54695 0 0 0 0 0 0 0 0 0 0 0 0 0 0 0 0 0 0 0 0 0 0 0 0 0 0.526 0 0 0 0 0.621565 0 0 0 0 0 0 0 0 0 0 0 0.542259 0 0 0 0 0 0.590886 0 0 0 0 0.531291 0 0 0 0.477647 0 0 0 0.460649 0 0 0 0 0 0 0 0.574239 0 0 0 0 0.52618 0 0 0 0 0 0 0 0 0 0 0 0 0 0 0.621119 0 0 0 0 0
0 0 0 0 0 0 0 0 0.55266 0 0 0 0 0 0 0 0 0 0 0 0 0 0 0 0 0 0 0 0 0 0 0.493141 0 0 0 0 0 0 0 0 0 0 0 0 0 0.537181 0.542259 0 0 0 0 0.545665 0 0 0 0 0.374762 0 0.534114 0 0.537683 0 0 0.523741 0 0 0 0.468189 0 0 0 0 0 0 0 0 0 0 0 0 0 0.498976 0 0.521897 0 0 0.493129 0.468137 0 0 0 0 0 0 0 0 0 0 0 0
0 0 0 0 0 0.455631 0 0 0 0 0 0 0.60231 0 0 0 0 0 0 0 0 0.638594 0 0 0 0 0 0 0 0 0 0.615145 0 0 0 0 0 0 0 0 0 0 0 0.550101 0 0 0 0 0 0 0 0 0 0 0 0.469877 0 0 0 0 0 0 0 0.565101 0 0 0 0 0 0 0 0 0.474786 0.473448 0 0 0 0 0 0 0.632346 0 0.527298 0 0 0.437455 0.575843 0 0 0 0 0.500251 0 0.660063 0 0 0.519175 0 0 0
0 0 0 0 0 0 0 0 0 0 0 0 0 0 0 0 0 0 0 0 0 0 0 0 0 0 0 0.624874 0 0.465926 0.475533 0 0 0 0 0 0 0 0 0 0 0 0 0 0 0.531433 0 0 0 0 0 0.547368 0 0 0 0 0 0 0 0 0.517913 0 0 0.536467 0 0 0 0 0 0 0 0 0.594774 0 0 0.509559 0 0 0 0 0 0 0.545053 0 0 0 0 0 0 0 0 0.488747 0 0 0 0 0 0 0 0
0 0 0 0 0 0 0 0 0.466695 0 0 0 0 0 0 0 0.674233 0 0 0.602399 0.397516 0 0 0 0 0 0 0 0 0 0 0 0 0 0 0.592698 0 0 0 0 0 0 0 0 0 0 0 0 0 0 0 0 0 0 0.618439 0 0 0 0 0 0 0 0 0.568198 0 0 0 0 0 0.589151 0 0 0 0 0 0.527871 0 0 0 0 0 0 0 0 0 0 0.570759 0 0 0 0 0 0 0 0 0 0 0 0 0
0 0 0 0 0 0 0 0 0 0 0 0 0 0.489721 0 0 0 0 0 0 0 0 0 0 0 0 0 0 0 0 0 0 0 0 0 0 0 0 0 0 0 0 0.563493 0.613343 0 0.565313 0 0.545665 0 0.547368 0 0 0.541457 0 0.530982 0 0 0 0 0 0 0 0 0 0 0 0 0.510937 0 0 0 0 0 0 0 0 0 0 0.498251 0 0 0 0 0 0 0 0 0 0 0 0 0 0 0.495314 0.535669 0 0 0 0.408755 0
0 0 0 0 0 0 0.536284 0 0.505975 0 0 0 0 0 0 0 0 0 0 0 0 0 0 0 0.52963 0 0 0 0.575785 0 0 0 0 0 0 0.553174 0.583564 0.580202 0 0 0 0 0 0 0 0 0 0 0 0 0 0.541457 0 0 0 0 0 0 0 0 0 0 0 0 0 0 0 0 0 0 0.634126 0 0 0 0 0 0 0.558611 0 0 0.440739 0 0 0 0 0 0 0 0.396848 0 0 0 0 0.534721 0 0 0 0 0 0
0 0 0 0 0 0 0 0 0 0 0 0 0 0 0 0 0 0.47586 0 0 0 0 0 0 0 0 0 0 0 0 0 0 0.579786 0 0 0 0.589891 0.534289 0 0 0 0 0.524611 0 0 0 0.590886 0 0 0 0 0 0 0 0 0 0 0 0 0 0 0 0.572294 0 0 0 0 0 0 0 0 0 0 0 0.470187 0 0 0 0 0 0 0.59458 0 0 0 0 0 0 0 0 0 0 0 0 0 0.546451 0 0 0 0
0 0 0 0 0 0 0 0 0.595508 0 0 0 0 0 0 0 0 0 0 0 0 0.521218 0 0 0 0 0 0 0 0 0 0 0 0.638414 0 0 0 0 0 0 0 0 0 0 0 0 0 0 0 0 0.618439 0.530982 0 0 0 0 0 0 0 0 0 0 0 0 0 0 0 0 0 0 0 0 0.512733 0 0 0 0 0 0 0 0.441492 0 0.632882 0 0 0 0 0 0 0 0 0 0 0 0 0 0 0 0 0
0 0 0 0 0 0 0 0 0.623405 0 0 0 0 0 0 0 0 0 0 0 0 0 0 0.575152 0 0 0 0 0 0 0 0 0.495532 0 0 0 0.407779 0 0 0 0 0 0 0 0 0 0 0 0.469877 0 0 0 0 0 0 0 0 0 0 0 0 0.569416 0 0 0 0.458105 0.515965 0 0 0 0 0 0 0 0 0 0 0 0 0 0 0 0 0 0 0 0 0 0 0 0 0 0 0 0 0 0 0 0 0.552919
0 0 0 0 0 0 0 0 0 0 0 0 0.521718 0 0 0 0 0 0 0 0 0 0 0 0 0 0 0 0 0 0 0 0 0.539021 0 0 0 0 0 0 0 0 0 0 0 0 0 0.374762 0 0 0 0 0 0 0 0 0 0 0 0 0 0 0 0 0 0 0 0 0 0 0 0 0 0 0 0 0 0 0 0 0 0 0 0 0 0 0.556492 0 0.576599 0 0 0 0 0 0 0 0 0 0 0
0 0 0.484481 0 0.507717 0 0 0 0 0 0 0 0 0 0 0 0 0 0 0 0 0 0 0 0.55458 0 0 0 0 0 0 0.499678 0 0 0 0 0 0 0 0 0.526294 0 0 0 0 0.531536 0 0 0 0 0 0 0 0 0 0 0 0 0.529279 0 0 0 0 0 0 0 0 0 0.526256 0 0 0.454001 0 0 0.521123 0 0.594825 0.613097 0 0 0 0 0 0 0 0 0 0 0 0 0 0 0.511562 0 0 0.511994 0 0 0 0
0 0 0 0.534868 0.481337 0 0 0 0 0 0 0 0 0 0.519908 0 0.464061 0 0 0 0 0 0 0 0 0 0 0 0 0 0 0 0 0 0 0 0 0 0 0 0 0 0 0 0 0 0.531291 0.534114 0 0 0 0 0 0 0 0 0 0.529279 0 0 0 0 0 0 0 0 0 0.50322 0 0.571328 0.486399 0 0 0 0 0 0 0 0 0 0 0 0 0 0 0 0 0 0.501966 0 0 0 0 0 0 0.502925 0 0 0 0.546212
0 0.655836 0 0 0 0 0.64591 0.603214 0 0 0 0 0 0 0 0 0.645597 0.589976 0 0 0 0 0.480005 0 0 0 0 0 0 0 0 0 0 0 0 0 0 0 0 0 0 0 0.50518 0 0 0 0 0 0 0 0 0 0 0 0 0 0 0 0 0 0 0 0 0 0 0 0 0 0 0 0.520577 0 0 0 0 0 0 0 0 0 0 0 0 0 0 0 0 0 0 0 0 0 0 0 0 0 0 0 0.583223 0.59475
0 0 0 0 0 0 0 0 0.681849 0.485317 0 0 0 0 0 0 0 0 0 0 0 0 0 0 0 0 0 0 0 0 0 0 0 0 0 0 0 0 0 0 0 0 0 0 0 0 0 0.537683 0 0.517913 0 0 0 0 0 0 0 0 0 0 0 0 0 0 0 0 0 0 0.568792 0 0.614235 0.659145 0 0 0.467359 0 0 0 0 0 0 0 0 0 0 0.5558 0 0 0.590828 0.560791 0 0.607551 0 0 0.402098 0 0.564456 0 0.467074 0
0 0 0.626635 0.574505 0 0 0 0 0 0 0 0 0 0 0 0 0 0 0 0 0 0 0 0.476359 0 0 0 0.538658 0 0 0 0 0 0 0 0 0 0 0 0 0.551502 0 0 0 0 0 0 0 0 0 0 0 0 0 0 0.569416 0 0 0 0 0 0 0 0.482228 0 0 0 0 0 0 0.656081 0 0 0 0 0 0 0 0 0 0 0 0 0.455912 0 0 0 0 0 0 0 0 0 0.481768 0 0.493412 0 0 0 0
0 0 0 0 0 0 0 0.507565 0 0 0 0 0 0 0 0 0 0.501176 0 0 0 0.494232 0 0 0 0 0 0 0 0 0 0 0 0 0.491496 0 0 0 0 0 0 0 0 0 0 0 0.477647 0 0 0 0 0 0 0.572294 0 0 0 0 0 0 0 0 0 0 0 0 0 0 0.451839 0 0.565915 0 0 0.521938 0 0 0 0 0 0 0 0 0 0 0 0 0 0 0.576839 0 0 0.597424 0 0 0 0 0.563054 0 0 0
0 0 0 0 0 0.572671 0 0 0 0 0 0.459784 0 0 0 0.537453 0 0 0 0 0.495014 0 0 0 0 0 0 0.569887 0 0 0 0 0 0 0 0 0 0 0 0 0 0 0 0 0 0 0 0.523741 0.565101 0.536467 0.568198 0 0 0 0 0 0 0 0 0 0 0.482228 0 0 0 0 0 0 0 0 0 0 0 0 0 0.676101 0 0 0 0 0 0.622309 0 0 0 0 0 0 0 0 0 0 0 0 0 0 0 0 0 0
0 0 0 0.480743 0 0 0 0 0 0 0 0 0 0 0 0 0 0 0 0 0 0 0 0 0 0 0 0 0 0 0 0 0 0 0.53335 0 0 0 0.569267 0.547415 0 0.615246 0.431549 0 0 0 0 0 0 0 0 0 0 0 0 0 0 0 0 0 0 0 0 0 0 0 0 0 0.568997 0 0.623361 0 0.595812 0 0 0 0 0 0 0.541002 0 0 0 0 0 0 0 0 0 0 0 0 0.491307 0 0 0 0.413329 0 0 0
0 0 0 0 0 0 0 0 0 0 0 0 0 0 0 0 0.538914 0 0 0.59347 0 0 0 0 0 0 0 0 0.581564 0 0 0 0 0 0 0 0 0 0 0 0.54706 0 0 0 0 0 0 0 0 0 0 0 0 0 0 0.458105 0 0 0 0 0 0 0 0 0 0 0 0 0 0 0 0 0 0 0 0 0 0 0 0 0 0 0 0 0 0 0 0.566634 0 0 0 0 0 0 0 0 0 0 0 0
0.513422 0 0 0 0 0 0 0 0 0 0 0 0.512096 0 0 0 0 0 0 0 0 0 0 0 0 0 0 0 0 0 0 0 0.532922 0 0 0 0 0 0 0 0 0.488589 0 0 0 0 0.460649 0 0 0 0 0 0 0 0 0.515965 0 0 0 0 0 0 0 0 0 0 0 0 0 0 0 0 0 0.543441 0 0 0 0 0 0 0.504921 0 0 0 0.649479 0 0 0.616624 0 0 0 0 0 0.509017 0 0 0 0 0 0
0 0 0.513712 0 0 0 0 0.514756 0 0 0 0 0 0 0 0 0 0 0 0 0 0 0 0 0 0 0 0 0 0.578239 0 0.49148 0 0.482086 0 0 0 0 0 0 0 0 0 0 0 0 0 0.468189 0 0 0 0.510937 0 0 0 0 0 0 0.50322 0 0 0 0 0 0 0 0 0 0 0 0 0 0 0 0 0 0 0 0 0 0 0 0 0.445529 0 0 0 0.58677 0 0 0 0 0 0 0 0 0 0.546628 0 0.61634
0 0 0 0 0 0 0.474179 0 0 0 0 0 0.417885 0 0 0 0 0 0 0.545641 0 0 0.496234 0 0 0 0 0 0 0 0 0 0 0 0 0 0 0 0 0 0 0 0 0 0 0 0 0 0 0 0 0 0 0 0 0 0 0.526256 0 0 0.568792 0 0.451839 0 0.568997 0 0 0 0 0 0 0 0 0 0 0 0 0 0 0 0 0 0 0 0 0 0 0 0 0 0 0 0 0 0 0 0 0 0 0
0 0 0 0 0 0 0 0 0 0 0 0 0 0 0 0 0 0 0 0 0 0 0 0 0 0.592067 0 0 0 0.635585 0 0 0 0 0 0 0 0 0 0 0.676235 0 0 0 0 0.593156 0 0 0 0 0.589151 0 0 0 0 0 0 0 0.571328 0 0 0 0 0 0 0 0 0 0 0 0 0 0 0 0 0 0 0 0 0 0 0 0 0 0.432272 0.497985 0 0.547948 0 0 0 0.521758 0 0.586039 0 0 0 0 0 0
0 0 0 0 0 0 0 0 0 0 0 0 0 0.545824 0 0 0 0 0.586614 0 0 0 0 0.542377 0.466249 0 0 0 0 0 0 0 0 0 0 0 0 0 0 0 0 0 0 0 0.498924 0 0 0 0 0 0 0 0.634126 0 0 0 0 0 0.486399 0.520577 0.614235 0.656081 0.565915 0 0.623361 0 0 0 0 0 0 0.578342 0 0.580412 0 0 0 0 0 0 0 0 0 0.589097 0 0 0.514571 0 0 0 0 0 0 0 0.511512 0 0.491393 0 0 0
0 0 0 0 0 0 0 0 0 0 0 0 0 0 0 0 0 0 0 0 0 0 0 0 0 0 0 0 0.567097 0 0 0 0 0 0 0 0 0.547647 0 0 0 0 0.490717 0 0.464677 0 0 0 0 0 0 0 0 0 0 0 0 0.454001 0 0 0.659145 0 0 0 0 0 0 0 0 0 0.578342 0 0 0 0 0 0.532858 0 0 0 0 0 0.618015 0 0 0 0 0 0 0 0 0 0 0 0 0 0 0 0 0
0 0 0 0 0 0.560046 0 0 0 0.470415 0 0.464817 0 0 0 0 0 0 0 0.516242 0 0 0 0 0 0 0.557117 0.589321 0 0 0 0 0 0 0 0 0 0 0 0 0 0 0 0 0.603069 0.497556 0 0 0.474786 0.594774 0 0 0 0 0.512733 0 0 0 0 0 0 0 0 0 0.595812 0 0 0 0 0 0 0 0 0.52037 0 0 0 0 0 0 0 0 0 0 0.594825 0 0 0.533062 0 0 0 0 0.634633 0 0.477698 0 0 0 0 0
0.583846 0 0 0 0 0 0 0 0 0 0 0.552832 0 0.556211 0.466227 0.525149 0 0 0 0 0 0 0 0.528123 0 0 0.556778 0 0 0 0 0 0 0.552167 0 0 0 0 0 0 0 0 0 0 0 0 0 0 0.473448 0 0 0 0 0 0 0 0 0 0 0 0 0 0.521938 0 0 0 0.543441 0 0 0 0.580412 0 0.52037 0 0 0 0 0 0 0 0 0 0 0 0 0 0 0 0 0 0.61942 0 0 0 0 0 0 0 0 0
0.475947 0 0 0 0 0 0 0.40331 0.538447 0 0 0 0 0 0 0 0 0 0 0.599298 0 0 0 0 0 0.574531 0 0 0 0 0 0 0 0 0.448682 0 0 0 0.593895 0 0 0 0 0 0 0 0.574239 0 0 0 0 0 0 0.470187 0 0 0 0.521123 0 0 0.467359 0 0 0 0 0 0 0 0 0 0 0 0 0 0 0 0 0 0 0 0 0 0 0 0 0 0 0 0 0 0 0 0 0 0 0 0 0 0 0
0 0 0.495491 0 0 0 0 0 0 0 0 0 0 0 0.45854 0 0 0 0 0 0 0 0 0.487828 0 0 0 0 0 0 0 0 0 0 0 0.442198 0 0 0 0 0 0 0.529622 0 0 0 0 0 0 0.509559 0.527871 0 0 0 0 0 0 0 0 0 0 0 0 0.676101 0 0 0 0 0 0 0 0 0 0 0 0 0 0 0 0 0 0 0 0 0 0 0 0 0.479323 0.48813 0 0 0 0 0 0 0.469823 0 0.551881 0
0 0 0 0 0 0 0 0 0 0.641688 0 0 0.635547 0 0 0 0 0 0 0 0 0 0 0 0 0 0 0 0 0 0 0.486441 0 0 0 0 0 0 0 0 0 0 0 0 0 0 0 0 0 0 0 0 0 0 0 0 0 0.594825 0 0 0 0 0 0 0 0 0 0 0 0 0 0.532858 0 0 0 0 0 0 0 0.512713 0 0 0 0 0 0 0 0 0 0 0 0 0 0 0 0 0 0 0 0
0 0 0 0 0 0 0 0 0 0 0 0 0 0 0 0 0 0 0 0 0 0.430628 0 0.605863 0 0 0 0 0 0 0 0 0 0 0 0 0 0 0 0 0 0.493522 0 0 0 0 0 0 0 0 0 0 0.558611 0 0 0 0 0.613097 0 0 0 0 0 0 0 0 0 0 0 0 0 0 0 0 0 0 0 0 0 0 0.563066 0 0 0 0.480029 0 0 0 0.587575 0 0 0 0 0 0 0 0 0 0.515672 0.631611
0 0 0 0 0 0 0.543965 0 0 0 0 0 0 0 0.487868 0 0 0 0 0.445343 0 0 0 0 0 0 0 0 0 0 0 0 0 0 0 0 0 0 0 0 0.599846 0 0 0 0 0 0 0 0 0 0 0.498251 0 0 0 0 0 0 0 0 0 0 0 0 0 0 0 0 0 0 0 0 0 0 0 0 0 0 0 0 0 0 0 0 0 0 0 0 0.559248 0 0 0 0 0 0 0 0 0.457124 0 0
0 0 0 0 0.621001 0 0 0 0 0 0 0 0 0 0 0 0 0.502631 0 0 0 0 0 0 0 0 0 0 0 0 0 0 0 0 0 0 0 0 0.483285 0.521652 0 0 0 0 0.542691 0.62981 0.52618 0 0 0 0 0 0 0 0 0 0 0 0 0 0 0 0 0 0.541002 0 0 0 0 0 0 0 0 0 0 0 0.512713 0 0 0 0 0 0 0 0.498782 0 0 0 0 0 0 0 0 0 0 0 0 0 0 0
0 0 0 0.480985 0 0 0 0 0 0 0 0 0.529823 0 0.588618 0 0 0 0 0 0 0 0 0 0 0 0.533246 0 0 0 0 0 0 0 0 0 0 0 0 0 0.57418 0 0 0.538435 0 0 0 0 0.632346 0 0 0 0.440739 0 0.441492 0 0 0 0 0 0 0 0 0 0 0 0.504921 0 0 0 0 0 0 0 0 0 0 0.563066 0 0 0 0 0 0 0 0 0.559879 0 0 0 0 0 0 0 0 0.398086 0 0 0 0
0 0 0 0 0 0 0.638911 0 0 0 0 0 0 0 0 0.522932 0 0.581322 0 0 0.561616 0.586436 0 0 0 0 0 0 0 0 0 0.510555 0.524391 0.640465 0 0 0 0 0 0 0 0 0 0 0 0.522348 0 0.498976 0 0 0 0 0 0.59458 0 0 0 0 0 0 0 0 0 0.622309 0 0 0 0 0 0 0 0 0 0 0 0 0 0 0 0 0 0 0 0 0 0 0 0 0 0 0 0 0 0 0 0 0 0 0 0
0 0 0 0.613449 0.674303 0 0 0 0 0 0 0 0 0 0 0 0 0 0 0 0 0 0 0 0 0 0 0 0 0 0 0 0 0 0 0 0.467322 0 0 0 0 0.520303 0 0 0 0 0 0 0.527298 0.545053 0 0 0 0 0.632882 0 0 0 0 0 0 0 0 0 0 0 0 0 0 0 0 0.618015 0 0 0 0 0 0 0 0 0 0 0 0 0 0 0 0 0 0.50375 0 0 0 0 0 0 0 0 0.640637 0
0 0 0 0 0 0.468935 0 0 0 0 0 0 0.482626 0 0 0.445223 0.57498 0 0 0 0 0 0 0 0 0 0 0 0 0.588472 0 0 0 0 0 0 0 0 0 0 0 0 0 0 0 0 0 0.521897 0 0 0 0 0 0 0 0 0 0 0 0 0 0.455912 0 0 0 0 0 0.445529 0 0 0.589097 0 0 0 0 0 0 0 0 0 0 0 0 0 0 0 0.537835 0 0 0.557311 0 0 0 0 0 0 0 0 0 0
0 0 0 0 0 0 0 0 0 0 0 0 0 0 0 0 0 0 0 0 0 0 0 0 0 0 0 0 0 0 0 0 0 0 0.504168 0 0 0 0 0 0 0.555752 0.527278 0 0 0 0 0 0 0 0 0 0 0 0 0 0 0 0 0 0 0 0 0 0 0 0.649479 0 0 0.432272 0 0 0.594825 0 0 0 0 0.480029 0 0.498782 0 0 0 0 0 0 0 0 0 0 0 0 0 0.462489 0 0 0 0 0 0
0 0 0.524602 0 0 0 0 0.443156 0 0 0 0 0.47441 0 0.492443 0 0 0.575883 0 0 0 0 0.459477 0 0 0 0 0 0 0 0 0 0 0 0 0 0 0 0 0.505601 0 0 0 0.429861 0 0 0 0 0.437455 0 0 0 0 0 0 0 0 0 0 0 0.5558 0 0 0 0 0 0 0 0 0.497985 0 0 0 0 0 0 0 0 0 0 0 0 0 0 0 0 0 0 0 0 0 0 0 0 0 0 0 0 0.576246 0.501867
0 0 0 0 0.605535 0 0 0 0 0 0 0.50856 0.578553 0 0 0 0 0 0 0 0.582666 0 0.623836 0 0 0 0 0 0 0 0.590851 0 0.532459 0 0 0 0.610803 0.532959 0.598555 0 0 0 0 0.553667 0 0 0 0.493129 0.575843 0 0.570759 0 0 0 0 0 0.556492 0 0 0 0 0 0 0 0 0 0 0 0 0 0.514571 0 0 0 0 0 0 0 0 0 0.559879 0 0 0.537835 0 0 0 0 0 0 0 0 0 0 0.507715 0 0 0 0 0
0 0 0.59522 0 0.559501 0 0 0 0.51115 0 0 0 0 0 0 0 0.473613 0 0.503136 0 0.532131 0 0 0.489173 0 0.515393 0 0 0.42257 0 0 0 0 0 0 0 0.589398 0 0.493247 0 0 0 0 0 0.646396 0 0 0.468137 0 0 0 0 0 0 0 0 0 0 0 0 0 0 0 0 0 0.566634 0.616624 0.58677 0 0.547948 0 0 0.533062 0 0 0 0 0 0 0 0 0 0 0 0 0 0 0 0.534714 0 0.438619 0 0 0 0 0 0 0 0 0
0 0 0 0 0 0 0 0.673543 0 0 0 0 0 0 0 0 0 0 0 0 0 0 0 0 0.614054 0 0 0 0 0 0 0 0 0 0 0 0 0 0 0 0 0.465939 0 0 0.514105 0 0 0 0 0 0 0 0.396848 0 0 0 0.576599 0 0.501966 0 0.590828 0 0.576839 0 0 0 0 0 0 0 0 0 0 0 0 0.479323 0 0.587575 0.559248 0 0 0 0 0 0 0 0 0.534714 0 0 0 0 0.45641 0.444835 0 0 0 0 0.498111 0
0 0 0 0 0 0 0 0 0 0.494452 0.609478 0 0 0 0 0 0 0 0 0 0.422841 0.399783 0 0 0 0.452612 0 0 0 0 0 0 0 0 0 0 0 0 0 0 0 0 0.611248 0 0 0.559984 0 0 0 0 0 0 0 0 0 0 0 0 0 0 0.560791 0 0 0 0 0 0 0 0 0 0 0 0 0 0 0.48813 0 0 0 0 0 0 0.50375 0.557311 0 0 0 0 0 0 0 0 0 0 0 0 0 0 0 0
0 0 0 0 0 0 0 0 0 0 0 0 0 0.436467 0 0 0 0 0 0 0 0.533563 0 0 0 0 0 0 0 0 0 0 0 0 0 0 0.468387 0 0.588357 0 0 0 0 0 0 0 0 0 0 0 0 0 0 0 0 0 0 0 0 0 0 0 0 0 0 0 0 0 0 0 0 0 0 0.61942 0 0 0 0 0 0 0 0 0 0 0 0 0 0.438619 0 0 0 0 0 0 0 0 0.456567 0 0 0
0 0 0 0 0.467892 0 0 0 0 0 0 0 0 0 0 0 0 0 0 0 0 0 0 0.585046 0.562074 0 0 0 0 0 0.542596 0 0 0 0 0 0 0 0 0 0 0 0 0.598373 0 0 0 0 0.500251 0.488747 0 0 0 0 0 0 0 0 0 0 0.607551 0 0.597424 0 0 0 0 0 0 0.521758 0 0 0 0 0 0 0 0 0 0 0 0 0 0 0 0 0 0 0 0 0 0 0 0 0 0 0 0 0.536943 0
0 0 0.602409 0 0 0.603443 0 0 0 0 0 0 0 0 0.536086 0 0 0 0 0 0 0 0 0 0 0 0 0 0.511287 0 0 0 0 0 0 0 0.518042 0 0 0 0 0 0 0 0 0 0 0 0 0 0 0 0 0 0 0 0 0.511562 0 0 0 0 0 0 0.491307 0 0 0 0 0 0 0 0.634633 0 0 0 0 0 0 0 0 0 0 0 0 0 0 0 0.45641 0 0 0 0 0 0.555251 0 0.483986 0 0 0
0 0.509634 0 0 0 0 0.572097 0 0 0 0 0 0 0 0 0 0 0 0 0 0 0 0 0 0 0 0 0 0 0.568907 0 0 0 0 0 0 0 0 0 0 0 0.452802 0 0 0 0 0 0 0.660063 0 0 0.495314 0.534721 0 0 0 0 0 0 0 0 0.481768 0 0 0 0 0.509017 0 0 0.586039 0 0 0 0 0 0 0 0 0 0 0 0 0 0 0.462489 0 0 0 0.444835 0 0 0 0 0 0 0 0 0 0 0
0 0 0 0 0 0 0.598892 0 0 0 0 0 0.516526 0 0 0 0 0 0 0 0 0 0 0 0 0 0 0 0.61224 0 0 0 0 0 0.538774 0.564733 0 0 0 0 0 0 0 0 0 0 0.621119 0 0 0 0 0.535669 0 0 0 0 0 0 0 0 0.402098 0 0 0 0 0 0 0 0 0 0.511512 0 0.477698 0 0 0 0 0 0 0 0 0 0 0 0 0 0.507715 0 0 0 0 0 0.555251 0 0 0 0 0 0 0
0 0 0 0.550972 0 0 0.388743 0 0 0 0.576194 0 0 0 0 0 0 0 0 0 0 0 0 0 0 0 0 0 0.577243 0 0 0 0 0 0 0 0.542181 0 0 0 0.403093 0 0 0 0 0 0 0 0 0 0 0 0 0.546451 0 0 0 0.511994 0.502925 0 0 0.493412 0 0 0 0 0 0 0 0 0 0 0 0 0 0 0 0 0 0 0.398086 0 0 0 0 0 0 0 0 0 0 0 0 0 0 0 0 0 0 0.402427
0 0 0 0.533124 0 0 0 0 0 0 0 0 0 0 0 0 0.56605 0 0 0 0 0 0 0 0 0 0 0.504447 0 0 0 0 0 0 0 0.520587 0.500844 0.486494 0 0.530095 0 0 0 0 0 0 0 0 0.519175 0 0 0 0 0 0 0 0 0 0 0 0.564456 0 0.563054 0 0.413329 0 0 0 0 0 0.491393 0 0 0 0 0.469823 0 0 0 0 0 0 0 0 0 0 0 0 0 0 0.456567 0 0.483986 0 0 0 0 0 0 0
0 0 0 0 0 0 0 0 0 0.426178 0 0 0 0.471133 0 0 0 0 0 0 0 0 0 0 0 0 0 0 0 0 0 0 0 0 0 0 0.538828 0 0 0 0 0 0 0 0 0 0 0 0 0 0 0 0 0 0 0 0 0 0 0 0 0 0 0 0 0 0 0.546628 0 0 0 0 0 0 0 0 0 0 0.457124 0 0 0 0 0 0 0 0 0 0 0 0 0 0 0 0 0 0 0 0 0.583465
0 0 0 0 0 0 0 0 0 0 0 0 0 0 0 0 0 0 0 0 0 0 0 0 0 0 0 0 0 0.503442 0 0 0 0 0 0 0 0 0 0 0 0 0 0 0 0 0 0 0 0 0 0.408755 0 0 0 0 0 0 0 0.583223 0.467074 0 0 0 0 0 0 0 0 0 0 0 0 0 0 0.551881 0 0.515672 0 0 0 0 0.640637 0 0 0.576246 0 0 0.498111 0 0 0.536943 0 0 0 0 0 0 0 0
0 0 0 0 0 0 0 0.54223 0 0 0 0 0 0 0 0 0 0 0 0 0 0 0 0 0 0 0.552789 0 0 0 0 0 0 0 0 0 0 0 0 0.582473 0 0 0 0 0 0 0 0 0 0 0 0 0 0 0 0.552919 0 0 0.546212 0.59475 0 0 0 0 0 0 0 0.61634 0 0 0 0 0 0 0 0 0 0.631611 0 0 0 0 0 0 0 0.501867 0 0 0 0 0 0 0 0 0 0.402427 0 0.583465 0 0
