100
0 0 0 0.591493 0 0 0 0 0 0 0 0 0 0 0 0 0 0 0 0 0 0 0.547788 0 0 0.629262 0 0 0 0 0 0 0 0 0 0.5636 0 0 0 0 0 0 0.531655 0 0 0 0 0 0 0 0 0 0 0 0 0 0 0 0 0 0 0 0 0 0 0 0.641533 0 0 0 0 0 0 0.55364 0.496606 0 0 0 0 0 0 0 0 0 0 0 0 0 0 0 0 0 0 0 0 0 0 0 0 0
0 0 0 0 0.540358 0.628553 0 0 0 0 0.438359 0 0 0 0 0 0 0 0.614927 0 0 0 0 0.497376 0.570923 0 0 0 0 0 0 0 0 0 0 0 0 0 0 0 0.635105 0.565039 0 0 0 0 0 0 0 0 0 0 0 0 0 0 0 0 0 0.657186 0 0 0 0 0 0 0 0 0 0 0 0 0 0 0 0 0 0 0 0 0 0 0 0 0 0 0 0 0 0 0 0 0 0.579751 0 0 0 0 0 0
0 0 0 0 0 0 0.577405 0 0 0 0 0 0.54045 0 0 0 0 0 0 0 0.520476 0.533911 0 0 0 0.647436 0 0 0 0 0 0 0 0 0 0 0 0 0 0 0 0.50341 0 0.624421 0 0 0 0 0 0 0 0 0 0 0 0 0 0.525105 0 0 0 0.642394 0 0 0 0 0 0.55211 0 0 0 0 0 0 0 0.533183 0 0 0 0 0 0 0 0 0 0.578511 0 0.536412 0 0 0 0 0.560601 0 0 0 0 0 0 0
0.591493 0 0 0 0 0 0 0 0 0 0 0 0 0 0 0 0 0 0 0 0 0 0 0 0 0 0 0 0 0 0.545651 0 0 0 0 0 0 0.442704 0 0 0 0 0 0 0 0 0 0 0 0 0 0 0 0 0 0 0 0 0.50696 0 0 0.595227 0 0 0.535853 0 0 0 0 0 0 0 0 0 0 0 0 0 0 0 0.543403 0 0.629092 0 0 0 0 0 0 0 0 0 0 0 0 0.547595 0.6053 0 0 0
0 0.540358 0 0 0 0 0 0 0 0 0 0 0 0.537925 0 0 0 0 0 0.46707 0 0 0 0 0 0 0 0 0 0.536299 0 0 0 0 0.462033 0 0 0 0 0 0.72395 0 0 0 0 0 0.470292 0 0 0 0 0 0 0 0 0 0 0.456302 0.53554 0 0 0 0 0 0 0 0 0 0 0 0 0 0 0 0 0 0 0 0 0.567211 0 0 0.634265 0 0 0 0.609368 0.608043 0 0 0 0.515027 0 0 0 0 0 0 0 0
0 0.628553 0 0 0 0 0 0 0 0 0 0 0 0 0 0 0 0 0.608726 0 0 0 0 0 0.559991 0 0 0 0.504488 0 0 0 0 0 0 0 0 0 0 0 0.646791 0 0 0.565223 0.622241 0 0 0 0.449437 0 0 0 0 0 0 0 0 0 0 0 0 0 0 0.48173 0 0 0 0 0 0 0 0 0.538134 0 0 0 0 0 0 0 0 0 0 0.490387 0 0 0 0 0 0 0 0 0.643438 0 0 0 0 0 0 0
0 0 0.577405 0 0 0 0 0 0 0.569875 0 0 0 0 0 0 0 0 0 0 0 0 0 0.501813 0 0 0 0 0 0 0 0 0 0 0 0 0 0 0 0 0 0 0 0.49561 0.466916 0 0 0 0 0 0 0 0.555857 0 0 0 0 0 0 0.668861 0 0 0 0 0 0 0 0 0.535911 0 0 0 0 0 0 0 0 0 0.467875 0 0 0.571004 0 0 0 0 0 0 0 0 0 0 0 0.592677 0.629269 0.444206 0 0 0 0
0 0 0 0 0 0 0 0 0 0 0 0 0 0 0.488516 0 0 0 0 0 0 0 0 0 0 0 0 0.641937 0 0 0 0 0 0 0 0 0 0 0 0 0 0 0 0 0 0 0 0 0 0 0 0 0 0 0 0 0 0 0 0.532108 0 0 0.520816 0 0 0 0 0.53255 0 0 0 0 0 0 0.463284 0 0 0 0 0 0 0 0 0 0 0.501425 0 0 0.649985 0 0 0 0 0 0 0 0 0 0 0.485196
0 0 0 0 0 0 0 0 0 0 0 0 0 0 0 0 0 0 0 0 0 0.573011 0 0 0 0 0 0 0 0 0.532918 0 0.602223 0 0 0 0 0 0 0 0 0 0 0 0.520234 0 0 0.496137 0 0 0.444255 0 0.462687 0 0.620148 0.524165 0 0 0 0 0.548563 0 0 0 0 0 0 0 0 0 0 0 0 0 0.634763 0 0 0 0 0 0 0 0 0 0 0 0 0.559517 0 0 0 0 0 0 0 0 0 0 0 0
0 0 0 0 0 0 0.569875 0 0 0 0 0 0 0 0 0 0.547694 0 0 0.494375 0 0 0 0 0 0 0 0 0 0 0 0 0 0 0 0 0 0 0 0 0 0 0.59196 0 0.622006 0 0 0 0 0 0 0 0 0 0 0 0 0 0 0 0.510677 0 0 0 0 0 0 0 0 0 0 0 0.417558 0 0 0 0.60424 0 0 0 0 0 0 0 0 0 0 0 0 0.501436 0 0 0 0 0 0 0 0.519626 0 0
0 0.438359 0 0 0 0 0 0 0 0 0 0 0 0 0 0.525132 0 0 0 0 0.452894 0 0 0 0 0 0 0.501869 0 0.505196 0 0.570882 0 0 0 0.524474 0 0 0 0 0 0 0 0 0 0 0 0 0 0 0 0 0 0 0 0 0 0 0 0 0 0 0 0 0 0 0 0 0 0 0 0 0 0 0 0 0 0 0 0 0 0 0 0 0 0 0 0 0 0.634799 0 0 0 0 0 0.57085 0 0 0 0
0 0 0 0 0 0 0 0 0 0 0 0 0 0 0.54202 0 0 0 0 0.642443 0 0 0 0.569062 0 0 0 0 0 0 0 0 0 0 0 0 0 0.594867 0 0 0 0 0 0 0 0 0 0 0 0 0 0 0 0 0 0 0 0 0 0 0 0 0 0.46579 0 0 0 0 0 0 0 0 0.441285 0.510348 0 0 0 0 0 0 0 0 0 0 0 0 0.573547 0 0 0 0 0 0 0 0 0 0 0 0 0
0 0 0.54045 0 0 0 0 0 0 0 0 0 0 0 0 0 0 0 0 0 0 0 0 0 0 0 0 0 0 0 0 0 0 0 0 0 0 0 0 0 0.536834 0 0 0 0 0 0 0 0.598413 0 0 0 0 0 0 0 0.503412 0 0 0 0 0 0 0 0 0 0.535942 0 0.522848 0 0 0 0 0 0 0 0.538611 0 0 0 0.578951 0 0 0.490411 0 0.517467 0.590603 0 0 0 0 0 0 0 0.390547 0 0 0 0 0
0 0 0 0 0.537925 0 0 0 0 0 0 0 0 0 0 0 0 0 0 0.49791 0 0 0 0 0 0 0 0 0 0 0 0 0 0 0 0.540657 0 0 0 0.546037 0 0 0 0 0 0 0 0 0 0 0 0.470274 0 0 0 0 0 0 0 0 0 0 0 0 0 0 0 0 0 0 0.570221 0 0 0.504602 0 0 0 0 0 0 0 0 0 0 0 0 0 0 0 0 0.586042 0 0 0 0 0 0 0.432313 0 0
0 0 0 0 0 0 0 0.488516 0 0 0 0.54202 0 0 0 0 0 0 0 0 0 0.5161 0 0 0 0 0 0 0 0 0.58838 0 0 0 0 0.607883 0 0 0 0 0 0 0 0 0 0 0 0 0 0 0 0 0 0 0 0 0 0 0.579008 0 0 0 0 0 0 0 0 0 0 0 0 0 0 0.426722 0 0.563526 0 0 0.490268 0 0.521451 0 0 0 0 0.486191 0 0 0 0 0 0 0.447415 0 0 0 0 0 0 0
0 0 0 0 0 0 0 0 0 0 0.525132 0 0 0 0 0 0 0 0 0 0 0 0 0 0 0 0 0 0 0 0 0 0 0 0 0 0 0.544879 0 0 0 0.604936 0 0 0 0 0 0 0 0 0 0 0 0 0 0 0 0 0 0 0 0 0 0.488145 0 0 0 0 0 0 0 0 0 0.447276 0 0 0 0 0 0 0 0.581084 0 0.4293 0 0 0 0 0 0 0 0 0 0 0 0 0 0 0 0
0 0 0 0 0 0 0 0 0 0.547694 0 0 0 0 0 0 0 0 0 0 0 0 0 0 0 0 0.430633 0 0 0 0 0 0 0 0 0 0 0 0 0 0 0 0 0 0 0 0 0 0 0 0.560124 0 0 0 0 0 0 0 0.521589 0.533 0 0 0 0 0 0.521968 0 0 0 0 0 0 0 0 0 0 0 0 0 0 0 0 0 0.605578 0 0 0 0.437087 0 0 0 0 0 0 0 0 0.594315 0 0 0
0 0 0 0 0 0 0 0 0 0 0 0 0 0 0 0 0 0 0 0.534493 0 0 0.601755 0 0 0 0.442902 0 0 0 0 0 0 0.535893 0 0.527828 0 0.533515 0 0 0 0 0 0 0 0 0 0 0 0 0 0 0 0.485288 0 0 0 0 0 0.569975 0 0 0.526603 0 0 0 0 0 0 0 0 0 0 0 0 0 0 0 0 0.509164 0 0.589589 0 0 0 0.542099 0 0 0 0 0 0 0 0 0 0 0 0 0 0
0 0.614927 0 0 0 0.608726 0 0 0 0 0 0 0 0 0 0 0 0 0 0 0 0 0 0 0.47887 0.576475 0 0 0 0 0 0 0 0 0 0.56837 0 0 0 0 0 0 0.448174 0 0 0 0 0 0 0 0 0 0 0 0 0 0 0 0 0 0 0 0 0 0 0 0 0 0 0 0.614539 0 0 0 0 0 0 0 0 0 0 0 0 0 0 0 0 0.60205 0 0 0 0 0 0 0 0 0 0 0 0
0 0 0 0 0.46707 0 0 0 0 0.494375 0 0.642443 0 0.49791 0 0 0 0.534493 0 0 0 0 0 0 0 0 0 0 0.622198 0 0 0 0 0 0 0 0 0 0 0 0 0 0 0 0 0 0 0 0 0 0.599123 0 0 0 0 0 0 0 0 0 0 0 0 0 0 0.672354 0 0 0.478737 0 0 0 0.517436 0 0.510415 0 0 0 0.486756 0 0 0 0 0 0 0 0 0 0 0 0 0 0 0 0 0 0 0 0 0
0 0 0.520476 0 0 0 0 0 0 0 0.452894 0 0 0 0 0 0 0 0 0 0 0 0 0 0.5642 0.579648 0 0 0.564292 0 0 0 0 0 0 0.531161 0 0 0 0 0 0 0.552301 0 0 0 0 0 0 0 0.608675 0 0 0 0 0 0 0 0 0 0 0 0 0.559596 0 0 0 0 0 0 0 0 0 0 0 0 0 0 0 0 0 0.600596 0 0 0 0 0.621043 0.614101 0 0.514681 0 0 0 0 0 0 0 0 0 0
0 0 0.533911 0 0 0 0 0 0.573011 0 0 0 0 0 0.5161 0 0 0 0 0 0 0 0 0 0 0 0 0 0 0.639213 0 0 0 0 0 0 0 0 0 0.592388 0 0 0 0 0 0 0 0 0.585194 0 0 0 0 0 0.521848 0 0 0 0 0 0 0 0.577532 0 0 0 0 0 0 0 0 0 0 0 0 0 0 0.43837 0 0 0 0.518131 0 0 0 0 0 0 0 0.485304 0.573115 0 0 0 0 0 0 0 0 0
0.547788 0 0 0 0 0 0 0 0 0 0 0 0 0 0 0 0 0.601755 0 0 0 0 0 0 0 0 0 0 0 0 0 0.580487 0 0 0.572126 0.652014 0 0 0 0 0 0 0 0 0 0 0 0 0 0 0 0 0 0 0 0 0 0 0 0.551892 0 0 0 0 0 0 0 0 0.511682 0 0 0 0 0 0 0 0 0 0 0 0 0 0 0 0 0.472387 0.629422 0 0 0 0 0 0 0 0 0 0 0 0 0
0 0.497376 0 0 0 0 0.501813 0 0 0 0 0.569062 0 0 0 0 0 0 0 0 0 0 0 0 0 0 0 0 0.589342 0 0 0 0 0 0 0.55991 0 0 0 0 0 0.568195 0 0 0 0 0 0 0 0 0 0 0 0 0 0.572964 0 0 0 0 0 0.380495 0 0 0 0 0 0 0 0 0.559493 0 0 0.59836 0 0.537174 0 0.551569 0 0 0 0 0 0 0 0 0 0.647611 0 0 0 0.647671 0 0 0 0 0 0 0 0
0 0.570923 0 0 0 0.559991 0 0 0 0 0 0 0 0 0 0 0 0 0.47887 0 0.5642 0 0 0 0 0 0 0 0 0 0.417916 0 0 0 0 0 0 0 0 0.528304 0 0 0 0 0 0 0 0 0 0 0 0 0.580003 0 0 0 0 0.532624 0 0 0 0 0 0 0 0 0 0 0 0 0.416086 0 0 0 0 0 0 0 0 0 0 0 0 0 0 0 0 0 0.577329 0 0 0.570326 0 0 0 0 0 0 0 0
0.629262 0 0.647436 0 0 0 0 0 0 0 0 0 0 0 0 0 0 0 0.576475 0 0.579648 0 0 0 0 0 0 0 0 0 0 0 0 0 0 0 0 0 0 0 0.428317 0 0 0 0 0 0 0 0 0 0 0 0 0 0 0 0 0 0 0 0 0 0 0 0 0 0 0 0 0.593316 0 0 0 0 0.592164 0 0 0 0 0 0 0 0 0 0 0 0 0.593662 0 0.451835 0 0 0 0 0 0 0 0 0 0
0 0 0 0 0 0 0 0 0 0 0 0 0 0 0 0 0.430633 0.442902 0 0 0 0 0 0 0 0 0 0 0.542134 0.575819 0.413312 0 0 0 0 0 0 0 0 0 0 0 0.508139 0 0.566034 0 0 0 0 0 0 0 0 0 0 0 0 0 0 0 0 0 0 0 0 0 0 0 0 0 0 0 0.543731 0.552833 0 0 0 0 0 0 0.559453 0 0 0 0 0 0 0 0 0 0 0 0 0 0 0 0 0 0 0.537979
0 0 0 0 0 0 0 0.641937 0 0 0.501869 0 0 0 0 0 0 0 0 0 0 0 0 0 0 0 0 0 0 0 0 0 0.533981 0 0 0 0 0 0.440934 0.593772 0 0 0.579826 0 0 0 0 0 0 0.630731 0 0 0 0 0 0 0 0 0 0 0 0.550068 0 0.602868 0 0 0 0 0 0 0 0 0.526093 0 0 0 0 0 0 0 0 0 0 0 0 0 0 0 0 0 0 0 0 0 0 0 0.539911 0 0 0
0 0 0 0 0 0.504488 0 0 0 0 0 0 0 0 0 0 0 0 0 0.622198 0.564292 0 0 0.589342 0 0 0.542134 0 0 0 0 0 0 0 0 0 0 0 0.52562 0 0 0.491601 0 0 0 0.691796 0 0 0 0 0 0 0.520167 0 0 0 0 0 0 0 0 0 0 0 0 0.547564 0 0 0 0 0 0.601291 0 0 0 0 0 0 0 0 0 0 0 0 0 0 0 0.452785 0 0 0 0 0.61206 0 0.618881 0.679595 0 0 0 0
0 0 0 0 0.536299 0 0 0 0 0 0.505196 0 0 0 0 0 0 0 0 0 0 0.639213 0 0 0 0 0.575819 0 0 0 0 0 0 0.497001 0.516216 0 0 0 0 0 0 0.510494 0.567045 0 0 0 0 0 0 0.528537 0 0 0 0 0 0 0 0 0 0 0 0 0 0 0 0 0 0.506354 0 0.579206 0 0 0 0 0 0 0 0 0 0 0 0 0 0.552774 0 0 0 0 0 0 0 0 0 0.600419 0 0 0 0 0.455297 0
0 0 0 0.545651 0 0 0 0 0.532918 0 0 0 0 0 0.58838 0 0 0 0 0 0 0 0 0 0.417916 0 0.413312 0 0 0 0 0 0 0 0 0 0.488072 0 0 0 0 0 0 0 0 0 0.572658 0 0 0.528869 0 0 0 0 0 0 0 0 0 0 0 0 0 0 0 0 0 0 0 0 0 0 0 0 0 0 0 0 0 0 0 0 0 0 0 0 0.642297 0 0 0 0 0.648707 0 0 0 0 0 0 0 0
0 0 0 0 0 0 0 0 0 0 0.570882 0 0 0 0 0 0 0 0 0 0 0 0.580487 0 0 0 0 0 0 0 0 0 0 0 0 0 0 0 0 0 0 0 0.597338 0 0 0 0 0.477103 0.599828 0 0 0 0 0 0 0 0 0.521774 0 0 0 0 0 0 0 0 0 0.496595 0 0 0 0 0 0 0 0 0.558913 0 0 0 0 0.434559 0 0 0 0 0 0 0 0 0 0 0 0 0 0 0 0 0 0
0 0 0 0 0 0 0 0 0.602223 0 0 0 0 0 0 0 0 0 0 0 0 0 0 0 0 0 0 0.533981 0 0 0 0 0 0 0 0 0 0.568254 0 0.574029 0 0 0 0 0 0 0 0 0 0 0 0 0 0.429676 0 0.490826 0 0 0 0 0 0 0 0 0 0 0.572297 0 0 0 0 0 0 0 0 0 0 0 0 0 0 0.499448 0 0 0 0 0.527962 0 0 0 0 0 0 0 0 0 0 0 0 0
0 0 0 0 0 0 0 0 0 0 0 0 0 0 0 0 0 0.535893 0 0 0 0 0 0 0 0 0 0 0 0.497001 0 0 0 0 0 0 0 0.536246 0 0 0.695155 0 0 0 0 0 0 0 0 0 0 0 0 0 0.643286 0 0.567531 0 0 0 0 0 0 0 0 0 0 0.472878 0 0 0 0 0 0.544158 0 0 0 0 0 0 0 0.64068 0 0 0 0 0 0 0 0 0 0 0 0 0 0 0 0 0 0
0 0 0 0 0.462033 0 0 0 0 0 0 0 0 0 0 0 0 0 0 0 0 0 0.572126 0 0 0 0 0 0 0.516216 0 0 0 0 0 0 0 0 0 0.652186 0 0 0 0 0 0 0 0 0 0 0 0 0 0 0 0 0 0 0 0 0 0 0.539022 0 0.569547 0 0 0 0 0 0 0 0 0 0.421557 0 0 0 0 0 0 0 0 0 0.464073 0 0 0 0 0 0 0 0 0 0.65164 0 0 0 0 0
0.5636 0 0 0 0 0 0 0 0 0 0.524474 0 0 0.540657 0.607883 0 0 0.527828 0.56837 0 0.531161 0 0.652014 0.55991 0 0 0 0 0 0 0 0 0 0 0 0 0 0.48895 0 0 0 0 0 0 0 0 0.536673 0 0 0 0.578233 0 0.564144 0 0 0 0 0 0 0 0 0 0 0 0 0 0 0 0 0 0 0 0 0 0 0.419992 0 0 0 0 0 0 0 0 0 0 0 0 0 0 0 0 0 0 0.487237 0 0.563804 0 0 0
0 0 0 0 0 0 0 0 0 0 0 0 0 0 0 0 0 0 0 0 0 0 0 0 0 0 0 0 0 0 0.488072 0 0 0 0 0 0 0 0 0 0 0 0 0.651596 0 0.444242 0 0 0 0 0 0 0.615444 0.549821 0 0.444163 0 0 0 0 0 0 0 0 0 0 0 0 0 0 0 0 0 0 0 0 0 0 0 0 0 0 0.407257 0 0 0 0.571589 0.416412 0 0 0.48743 0 0.630127 0 0 0.505205 0.566237 0.494585 0 0
0 0 0 0.442704 0 0 0 0 0 0 0 0.594867 0 0 0 0.544879 0 0.533515 0 0 0 0 0 0 0 0 0 0 0 0 0 0 0.568254 0.536246 0 0.48895 0 0 0 0 0 0 0 0 0 0 0 0 0 0 0 0 0.568099 0.501202 0 0 0 0 0 0 0 0 0 0 0 0 0 0 0 0 0 0.487807 0 0 0 0 0 0 0 0 0 0 0 0 0 0 0.463241 0 0 0 0 0 0 0 0 0 0.439254 0 0 0
0 0 0 0 0 0 0 0 0 0 0 0 0 0 0 0 0 0 0 0 0 0 0 0 0 0 0 0.440934 0.52562 0 0 0 0 0 0 0 0 0 0 0 0 0 0 0 0 0 0 0 0 0 0 0 0 0 0 0 0 0 0 0 0 0 0 0 0.543751 0 0 0 0 0 0 0 0 0 0.546317 0 0 0 0 0.571709 0 0 0 0 0 0 0.636986 0.451095 0 0 0.49525 0 0 0 0 0 0 0 0 0
0 0 0 0 0 0 0 0 0 0 0 0 0 0.546037 0 0 0 0 0 0 0 0.592388 0 0 0.528304 0 0 0.593772 0 0 0 0 0.574029 0 0.652186 0 0 0 0 0 0 0.531022 0 0.547905 0 0.526581 0 0 0 0 0 0 0 0 0 0 0 0 0 0 0 0 0 0 0.545251 0 0 0 0 0 0 0 0 0 0 0 0 0 0 0.526289 0 0 0 0 0 0.466747 0 0 0 0 0 0 0 0 0 0 0.468064 0 0 0.538948
0 0.635105 0 0 0.72395 0.646791 0 0 0 0 0 0 0.536834 0 0 0 0 0 0 0 0 0 0 0 0 0.428317 0 0 0 0 0 0 0 0.695155 0 0 0 0 0 0 0 0 0.599872 0 0 0 0 0 0 0 0 0 0 0 0 0 0 0.52644 0 0 0 0.498043 0 0 0 0.558608 0 0 0 0.592587 0 0 0 0 0 0 0 0 0.606466 0 0.552838 0 0 0 0 0 0 0 0 0 0 0 0 0 0 0.432317 0 0 0 0
0 0.565039 0.50341 0 0 0 0 0 0 0 0 0 0 0 0 0.604936 0 0 0 0 0 0 0 0.568195 0 0 0 0 0.491601 0.510494 0 0 0 0 0 0 0 0 0 0.531022 0 0 0.616732 0 0.512365 0 0 0 0 0 0 0 0 0 0 0 0 0 0 0 0 0 0 0 0.5753 0 0.515336 0 0 0 0 0 0 0 0 0 0 0.428404 0 0 0 0 0.539127 0 0.548341 0 0 0 0.532057 0 0 0 0 0.522498 0 0 0 0 0 0
0.531655 0 0 0 0 0 0 0 0 0.59196 0 0 0 0 0 0 0 0 0.448174 0 0.552301 0 0 0 0 0 0.508139 0.579826 0 0.567045 0 0.597338 0 0 0 0 0 0 0 0 0.599872 0.616732 0 0 0 0 0 0 0 0 0 0.596319 0 0.505004 0 0 0 0 0 0.492866 0 0 0 0 0.459041 0 0 0 0 0 0 0.549244 0 0 0 0.561472 0 0 0 0 0 0 0 0 0.57513 0 0 0 0 0.615384 0 0 0 0 0 0 0 0 0 0
0 0 0.624421 0 0 0.565223 0.49561 0 0 0 0 0 0 0 0 0 0 0 0 0 0 0 0 0 0 0 0 0 0 0 0 0 0 0 0 0 0.651596 0 0 0.547905 0 0 0 0 0 0 0 0 0.572041 0 0 0.618645 0 0 0 0 0 0 0 0 0 0 0 0 0 0 0 0 0 0 0 0 0 0 0 0 0 0 0 0 0.518444 0 0 0 0 0.484907 0.619845 0 0 0 0 0.565892 0 0 0 0 0 0 0 0
0 0 0 0 0 0.622241 0.466916 0 0.520234 0.622006 0 0 0 0 0 0 0 0 0 0 0 0 0 0 0 0 0.566034 0 0 0 0 0 0 0 0 0 0 0 0 0 0 0.512365 0 0 0 0 0 0 0 0 0 0 0 0 0 0 0 0 0 0 0 0 0 0 0 0 0 0 0 0 0.705657 0.404928 0.595567 0 0 0 0 0 0 0.606395 0 0 0 0 0 0 0 0.551734 0.583961 0 0 0 0 0 0 0 0 0 0 0
0 0 0 0 0 0 0 0 0 0 0 0 0 0 0 0 0 0 0 0 0 0 0 0 0 0 0 0 0.691796 0 0 0 0 0 0 0 0.444242 0 0 0.526581 0 0 0 0 0 0 0 0.474208 0 0.538457 0 0.556446 0 0 0 0 0 0.583171 0 0 0 0 0 0 0 0 0 0 0 0.587924 0 0 0.537915 0 0 0 0 0 0 0.604815 0 0.520949 0 0 0 0 0 0 0 0.627416 0 0 0 0 0 0 0 0 0 0
0 0 0 0 0.470292 0 0 0 0 0 0 0 0 0 0 0 0 0 0 0 0 0 0 0 0 0 0 0 0 0 0.572658 0 0 0 0 0.536673 0 0 0 0 0 0 0 0 0 0 0 0.444334 0 0 0 0 0 0.507429 0 0 0 0 0.481257 0 0 0 0.47384 0 0 0 0.463757 0 0 0 0 0 0 0 0.567592 0 0 0 0 0.530147 0 0 0 0 0 0 0 0 0 0 0 0 0 0 0.489617 0 0 0 0 0
0 0 0 0 0 0 0 0 0.496137 0 0 0 0 0 0 0 0 0 0 0 0 0 0 0 0 0 0 0 0 0 0 0.477103 0 0 0 0 0 0 0 0 0 0 0 0 0 0.474208 0.444334 0 0 0 0 0.542157 0 0 0 0 0.517843 0 0.51758 0 0.563166 0 0 0.624635 0 0 0 0.48559 0 0 0 0 0 0 0 0 0 0 0 0 0 0.5225 0 0.536999 0 0 0.490746 0.491304 0 0 0 0 0 0 0 0 0 0 0 0
0 0 0 0 0 0.449437 0 0 0 0 0 0 0.598413 0 0 0 0 0 0 0 0 0.585194 0 0 0 0 0 0 0 0 0 0.599828 0 0 0 0 0 0 0 0 0 0 0 0.572041 0 0 0 0 0 0 0 0 0 0 0 0.455225 0 0 0 0 0 0 0 0.480309 0 0 0 0 0 0 0 0 0.438574 0.537927 0 0 0 0 0 0 0.48347 0 0.654323 0 0 0.454814 0.563089 0 0 0 0 0.442324 0 0.652158 0 0 0.500237 0 0 0
0 0 0 0 0 0 0 0 0 0 0 0 0 0 0 0 0 0 0 0 0 0 0 0 0 0 0 0.630731 0 0.528537 0.528869 0 0 0 0 0 0 0 0 0 0 0 0 0 0 0.538457 0 0 0 0 0 0.545396 0 0 0 0 0 0 0 0 0.584609 0 0 0.597237 0 0 0 0 0 0 0 0 0.503726 0 0 0.479786 0 0 0 0 0 0 0.618715 0 0 0 0 0 0 0 0 0.537814 0 0 0 0 0 0 0 0
0 0 0 0 0 0 0 0 0.444255 0 0 0 0 0 0 0 0.560124 0 0 0.599123 0.608675 0 0 0 0 0 0 0 0 0 0 0 0 0 0 0.578233 0 0 0 0 0 0 0 0 0 0 0 0 0 0 0 0 0 0 0.590621 0 0 0 0 0 0 0 0 0.623167 0 0 0 0 0 0.648732 0 0 0 0 0 0.524349 0 0 0 0 0 0 0 0 0 0 0.538211 0 0 0 0 0 0 0 0 0 0 0 0 0
0 0 0 0 0 0 0 0 0 0 0 0 0 0.470274 0 0 0 0 0 0 0 0 0 0 0 0 0 0 0 0 0 0 0 0 0 0 0 0 0 0 0 0 0.596319 0.618645 0 0.556446 0 0.542157 0 0.545396 0 0 0.484867 0 0.55886 0 0 0 0 0 0 0 0 0 0 0 0 0.425064 0 0 0 0 0 0 0 0 0 0 0.541429 0 0 0 0 0 0 0 0 0 0 0 0 0 0 0.556708 0.452953 0 0 0 0.432844 0
0 0 0 0 0 0 0.555857 0 0.462687 0 0 0 0 0 0 0 0 0 0 0 0 0 0 0 0.580003 0 0 0 0.520167 0 0 0 0 0 0 0.564144 0.615444 0.568099 0 0 0 0 0 0 0 0 0 0 0 0 0 0.484867 0 0 0 0 0 0 0 0 0 0 0 0 0 0 0 0 0 0 0.488065 0 0 0 0 0 0 0.547259 0 0 0.537379 0 0 0 0 0 0 0 0.490953 0 0 0 0 0.474586 0 0 0 0 0 0
0 0 0 0 0 0 0 0 0 0 0 0 0 0 0 0 0 0.485288 0 0 0 0 0 0 0 0 0 0 0 0 0 0 0.429676 0 0 0 0.549821 0.501202 0 0 0 0 0.505004 0 0 0 0.507429 0 0 0 0 0 0 0 0 0 0 0 0 0 0 0 0.558011 0 0 0 0 0 0 0 0 0 0 0 0.522682 0 0 0 0 0 0 0.520051 0 0 0 0 0 0 0 0 0 0 0 0 0 0.497184 0 0 0 0
0 0 0 0 0 0 0 0 0.620148 0 0 0 0 0 0 0 0 0 0 0 0 0.521848 0 0 0 0 0 0 0 0 0 0 0 0.643286 0 0 0 0 0 0 0 0 0 0 0 0 0 0 0 0 0.590621 0.55886 0 0 0 0 0 0 0 0 0 0 0 0 0 0 0 0 0 0 0 0 0.565763 0 0 0 0 0 0 0 0.546889 0 0.615564 0 0 0 0 0 0 0 0 0 0 0 0 0 0 0 0 0
0 0 0 0 0 0 0 0 0.524165 0 0 0 0 0 0 0 0 0 0 0 0 0 0 0.572964 0 0 0 0 0 0 0 0 0.490826 0 0 0 0.444163 0 0 0 0 0 0 0 0 0 0 0 0.455225 0 0 0 0 0 0 0 0 0 0 0 0 0.475825 0 0 0 0.526269 0.515192 0 0 0 0 0 0 0 0 0 0 0 0 0 0 0 0 0 0 0 0 0 0 0 0 0 0 0 0 0 0 0 0 0.54646
0 0 0 0 0 0 0 0 0 0 0 0 0.503412 0 0 0 0 0 0 0 0 0 0 0 0 0 0 0 0 0 0 0 0 0.567531 0 0 0 0 0 0 0 0 0 0 0 0 0 0.517843 0 0 0 0 0 0 0 0 0 0 0 0 0 0 0 0 0 0 0 0 0 0 0 0 0 0 0 0 0 0 0 0 0 0 0 0 0 0 0.500416 0 0.491057 0 0 0 0 0 0 0 0 0 0 0
0 0 0.525105 0 0.456302 0 0 0 0 0 0 0 0 0 0 0 0 0 0 0 0 0 0 0 0.532624 0 0 0 0 0 0 0.521774 0 0 0 0 0 0 0 0 0.52644 0 0 0 0 0.583171 0 0 0 0 0 0 0 0 0 0 0 0 0.558415 0 0 0 0 0 0 0 0 0 0.466191 0 0 0.475821 0 0 0.497636 0 0.496213 0.56008 0 0 0 0 0 0 0 0 0 0 0 0 0 0 0.513271 0 0 0.503293 0 0 0 0
0 0 0 0.50696 0.53554 0 0 0 0 0 0 0 0 0 0.579008 0 0.521589 0 0 0 0 0 0 0 0 0 0 0 0 0 0 0 0 0 0 0 0 0 0 0 0 0 0 0 0 0 0.481257 0.51758 0 0 0 0 0 0 0 0 0 0.558415 0 0 0 0 0 0 0 0 0 0.56572 0 0.529619 0.492861 0 0 0 0 0 0 0 0 0 0 0 0 0 0 0 0 0 0.529344 0 0 0 0 0 0 0.485832 0 0 0 0.459442
0 0.657186 0 0 0 0 0.668861 0.532108 0 0 0 0 0 0 0 0 0.533 0.569975 0 0 0 0 0.551892 0 0 0 0 0 0 0 0 0 0 0 0 0 0 0 0 0 0 0 0.492866 0 0 0 0 0 0 0 0 0 0 0 0 0 0 0 0 0 0 0 0 0 0 0 0 0 0 0 0.454319 0 0 0 0 0 0 0 0 0 0 0 0 0 0 0 0 0 0 0 0 0 0 0 0 0 0 0 0.646621 0.60714
0 0 0 0 0 0 0 0 0.548563 0.510677 0 0 0 0 0 0 0 0 0 0 0 0 0 0 0 0 0 0 0 0 0 0 0 0 0 0 0 0 0 0 0 0 0 0 0 0 0 0.563166 0 0.584609 0 0 0 0 0 0 0 0 0 0 0 0 0 0 0 0 0 0 0.568891 0 0.586485 0.579891 0 0 0.538616 0 0 0 0 0 0 0 0 0 0 0.420934 0 0 0.538139 0.54309 0 0.51241 0 0 0.496819 0 0.491878 0 0.509865 0
0 0 0.642394 0.595227 0 0 0 0 0 0 0 0 0 0 0 0 0 0 0 0 0 0 0 0.380495 0 0 0 0.550068 0 0 0 0 0 0 0 0 0 0 0 0 0.498043 0 0 0 0 0 0 0 0 0 0 0 0 0 0 0.475825 0 0 0 0 0 0 0 0.562884 0 0 0 0 0 0 0.601705 0 0 0 0 0 0 0 0 0 0 0 0 0.50066 0 0 0 0 0 0 0 0 0 0.521048 0 0.43295 0 0 0 0
0 0 0 0 0 0 0 0.520816 0 0 0 0 0 0 0 0 0 0.526603 0 0 0 0.577532 0 0 0 0 0 0 0 0 0 0 0 0 0.539022 0 0 0 0 0 0 0 0 0 0 0 0.47384 0 0 0 0 0 0 0.558011 0 0 0 0 0 0 0 0 0 0 0 0 0 0 0.448557 0 0.543283 0 0 0.456696 0 0 0 0 0 0 0 0 0 0 0 0 0 0 0.659112 0 0 0.632061 0 0 0 0 0.532074 0 0 0
0 0 0 0 0 0.48173 0 0 0 0 0 0.46579 0 0 0 0.488145 0 0 0 0 0.559596 0 0 0 0 0 0 0.602868 0 0 0 0 0 0 0 0 0 0 0 0 0 0 0 0 0 0 0 0.624635 0.480309 0.597237 0.623167 0 0 0 0 0 0 0 0 0 0 0.562884 0 0 0 0 0 0 0 0 0 0 0 0 0 0.550205 0 0 0 0 0 0.544391 0 0 0 0 0 0 0 0 0 0 0 0 0 0 0 0 0 0
0 0 0 0.535853 0 0 0 0 0 0 0 0 0 0 0 0 0 0 0 0 0 0 0 0 0 0 0 0 0 0 0 0 0 0 0.569547 0 0 0 0.543751 0.545251 0 0.5753 0.459041 0 0 0 0 0 0 0 0 0 0 0 0 0 0 0 0 0 0 0 0 0 0 0 0 0 0.569441 0 0.534935 0 0.57906 0 0 0 0 0 0 0.459138 0 0 0 0 0 0 0 0 0 0 0 0 0.530121 0 0 0 0.418656 0 0 0
0 0 0 0 0 0 0 0 0 0 0 0 0 0 0 0 0.521968 0 0 0.672354 0 0 0 0 0 0 0 0 0.547564 0 0 0 0 0 0 0 0 0 0 0 0.558608 0 0 0 0 0 0 0 0 0 0 0 0 0 0 0.526269 0 0 0 0 0 0 0 0 0 0 0 0 0 0 0 0 0 0 0 0 0 0 0 0 0 0 0 0 0 0 0 0.598363 0 0 0 0 0 0 0 0 0 0 0 0
0.641533 0 0 0 0 0 0 0 0 0 0 0 0.535942 0 0 0 0 0 0 0 0 0 0 0 0 0 0 0 0 0 0 0 0.572297 0 0 0 0 0 0 0 0 0.515336 0 0 0 0 0.463757 0 0 0 0 0 0 0 0 0.515192 0 0 0 0 0 0 0 0 0 0 0 0 0 0 0 0 0 0.465735 0 0 0 0 0 0 0.465136 0 0 0 0.604446 0 0 0.553772 0 0 0 0 0 0.567086 0 0 0 0 0 0
0 0 0.55211 0 0 0 0 0.53255 0 0 0 0 0 0 0 0 0 0 0 0 0 0 0 0 0 0 0 0 0 0.506354 0 0.496595 0 0.472878 0 0 0 0 0 0 0 0 0 0 0 0 0 0.48559 0 0 0 0.425064 0 0 0 0 0 0 0.56572 0 0 0 0 0 0 0 0 0 0 0 0 0 0 0 0 0 0 0 0 0 0 0 0 0.474793 0 0 0 0.596823 0 0 0 0 0 0 0 0 0 0.502549 0 0.500442
0 0 0 0 0 0 0.535911 0 0 0 0 0 0.522848 0 0 0 0 0 0 0.478737 0 0 0.511682 0 0 0 0 0 0 0 0 0 0 0 0 0 0 0 0 0 0 0 0 0 0 0 0 0 0 0 0 0 0 0 0 0 0 0.466191 0 0 0.568891 0 0.448557 0 0.569441 0 0 0 0 0 0 0 0 0 0 0 0 0 0 0 0 0 0 0 0 0 0 0 0 0 0 0 0 0 0 0 0 0 0 0
0 0 0 0 0 0 0 0 0 0 0 0 0 0 0 0 0 0 0 0 0 0 0 0 0 0.593316 0 0 0 0.579206 0 0 0 0 0 0 0 0 0 0 0.592587 0 0 0 0 0.587924 0 0 0 0 0.648732 0 0 0 0 0 0 0 0.529619 0 0 0 0 0 0 0 0 0 0 0 0 0 0 0 0 0 0 0 0 0 0 0 0 0 0.515554 0.490964 0 0.595373 0 0 0 0.606113 0 0.629321 0 0 0 0 0 0
0 0 0 0 0 0 0 0 0 0 0 0 0 0.570221 0 0 0 0 0.614539 0 0 0 0 0.559493 0.416086 0 0 0 0 0 0 0 0 0 0 0 0 0 0 0 0 0 0 0 0.705657 0 0 0 0 0 0 0 0.488065 0 0 0 0 0 0.492861 0.454319 0.586485 0.601705 0.543283 0 0.534935 0 0 0 0 0 0 0.525919 0 0.51462 0 0 0 0 0 0 0 0 0 0.57959 0 0 0.462147 0 0 0 0 0 0 0 0.528784 0 0.552922 0 0 0
0 0 0 0 0 0 0 0 0 0 0 0 0 0 0 0 0 0 0 0 0 0 0 0 0 0 0 0 0.601291 0 0 0 0 0 0 0 0 0.487807 0 0 0 0 0.549244 0 0.404928 0 0 0 0 0 0 0 0 0 0 0 0 0.475821 0 0 0.579891 0 0 0 0 0 0 0 0 0 0.525919 0 0 0 0 0 0.533533 0 0 0 0 0 0.59845 0 0 0 0 0 0 0 0 0 0 0 0 0 0 0 0 0
0 0 0 0 0 0.538134 0 0 0 0.417558 0 0.441285 0 0 0 0 0 0 0 0.517436 0 0 0 0 0 0 0.543731 0.526093 0 0 0 0 0 0 0 0 0 0 0 0 0 0 0 0 0.595567 0.537915 0 0 0.438574 0.503726 0 0 0 0 0.565763 0 0 0 0 0 0 0 0 0 0.57906 0 0 0 0 0 0 0 0 0.534635 0 0 0 0 0 0 0 0 0 0 0.575195 0 0 0.540039 0 0 0 0 0.577218 0 0.648913 0 0 0 0 0
0.55364 0 0 0 0 0 0 0 0 0 0 0.510348 0 0.504602 0.426722 0.447276 0 0 0 0 0 0 0 0.59836 0 0 0.552833 0 0 0 0 0 0 0.544158 0 0 0 0 0 0 0 0 0 0 0 0 0 0 0.537927 0 0 0 0 0 0 0 0 0 0 0 0 0 0.456696 0 0 0 0.465735 0 0 0 0.51462 0 0.534635 0 0 0 0 0 0 0 0 0 0 0 0 0 0 0 0 0 0.56991 0 0 0 0 0 0 0 0 0
0.496606 0 0 0 0 0 0 0.463284 0.634763 0 0 0 0 0 0 0 0 0 0 0.510415 0 0 0 0 0 0.592164 0 0 0 0 0 0 0 0 0.421557 0 0 0 0.546317 0 0 0 0 0 0 0 0.567592 0 0 0 0 0 0 0.522682 0 0 0 0.497636 0 0 0.538616 0 0 0 0 0 0 0 0 0 0 0 0 0 0 0 0 0 0 0 0 0 0 0 0 0 0 0 0 0 0 0 0 0 0 0 0 0 0 0
0 0 0.533183 0 0 0 0 0 0 0 0 0 0 0 0.563526 0 0 0 0 0 0 0 0 0.537174 0 0 0 0 0 0 0 0 0 0 0 0.419992 0 0 0 0 0 0 0.561472 0 0 0 0 0 0 0.479786 0.524349 0 0 0 0 0 0 0 0 0 0 0 0 0.550205 0 0 0 0 0 0 0 0 0 0 0 0 0 0 0 0 0 0 0 0 0 0 0 0 0.532849 0.408044 0 0 0 0 0 0 0.512171 0 0.558511 0
0 0 0 0 0 0 0 0 0 0.60424 0 0 0.538611 0 0 0 0 0 0 0 0 0 0 0 0 0 0 0 0 0 0 0.558913 0 0 0 0 0 0 0 0 0 0 0 0 0 0 0 0 0 0 0 0 0 0 0 0 0 0.496213 0 0 0 0 0 0 0 0 0 0 0 0 0 0.533533 0 0 0 0 0 0 0 0.549315 0 0 0 0 0 0 0 0 0 0 0 0 0 0 0 0 0 0 0 0
0 0 0 0 0 0 0 0 0 0 0 0 0 0 0 0 0 0 0 0 0 0.43837 0 0.551569 0 0 0 0 0 0 0 0 0 0 0 0 0 0 0 0 0 0.428404 0 0 0 0 0 0 0 0 0 0 0.547259 0 0 0 0 0.56008 0 0 0 0 0 0 0 0 0 0 0 0 0 0 0 0 0 0 0 0 0 0 0.539384 0 0 0 0.510067 0 0 0 0.498145 0 0 0 0 0 0 0 0 0 0.575919 0.527719
0 0 0 0 0 0 0.467875 0 0 0 0 0 0 0 0.490268 0 0 0 0 0.486756 0 0 0 0 0 0 0 0 0 0 0 0 0 0 0 0 0 0 0 0 0.606466 0 0 0 0 0 0 0 0 0 0 0.541429 0 0 0 0 0 0 0 0 0 0 0 0 0 0 0 0 0 0 0 0 0 0 0 0 0 0 0 0 0 0 0 0 0 0 0 0 0.60221 0 0 0 0 0 0 0 0 0.448915 0 0
0 0 0 0 0.567211 0 0 0 0 0 0 0 0 0 0 0 0 0.509164 0 0 0 0 0 0 0 0 0 0 0 0 0 0 0 0 0 0 0 0 0.571709 0.526289 0 0 0 0 0.606395 0.604815 0.530147 0 0 0 0 0 0 0 0 0 0 0 0 0 0 0 0 0 0.459138 0 0 0 0 0 0 0 0 0 0 0 0.549315 0 0 0 0 0 0 0 0.537998 0 0 0 0 0 0 0 0 0 0 0 0 0 0 0
0 0 0 0.543403 0 0 0 0 0 0 0 0 0.578951 0 0.521451 0 0 0 0 0 0 0 0 0 0 0 0.559453 0 0 0 0 0 0 0 0 0 0 0 0 0 0.552838 0 0 0.518444 0 0 0 0 0.48347 0 0 0 0.537379 0 0.546889 0 0 0 0 0 0 0 0 0 0 0 0.465136 0 0 0 0 0 0 0 0 0 0 0.539384 0 0 0 0 0 0 0 0 0.605468 0 0 0 0 0 0 0 0 0.421233 0 0 0 0
0 0 0 0 0 0 0.571004 0 0 0 0 0 0 0 0 0.581084 0 0.589589 0 0 0.600596 0.518131 0 0 0 0 0 0 0 0 0 0.434559 0.499448 0.64068 0 0 0 0 0 0 0 0 0 0 0 0.520949 0 0.5225 0 0 0 0 0 0.520051 0 0 0 0 0 0 0 0 0 0.544391 0 0 0 0 0 0 0 0 0 0 0 0 0 0 0 0 0 0 0 0 0 0 0 0 0 0 0 0 0 0 0 0 0 0 0 0
0 0 0 0.629092 0.634265 0 0 0 0 0 0 0 0 0 0 0 0 0 0 0 0 0 0 0 0 0 0 0 0 0 0 0 0 0 0 0 0.407257 0 0 0 0 0.539127 0 0 0 0 0 0 0.654323 0.618715 0 0 0 0 0.615564 0 0 0 0 0 0 0 0 0 0 0 0 0 0 0 0 0.59845 0 0 0 0 0 0 0 0 0 0 0 0 0 0 0 0 0 0.561799 0 0 0 0 0 0 0 0 0.531406 0
0 0 0 0 0 0.490387 0 0 0 0 0 0 0.490411 0 0 0.4293 0.605578 0 0 0 0 0 0 0 0 0 0 0 0 0.552774 0 0 0 0 0 0 0 0 0 0 0 0 0 0 0 0 0 0.536999 0 0 0 0 0 0 0 0 0 0 0 0 0 0.50066 0 0 0 0 0 0.474793 0 0 0.57959 0 0 0 0 0 0 0 0 0 0 0 0 0 0 0 0.521211 0 0 0.533311 0 0 0 0 0 0 0 0 0 0
0 0 0 0 0 0 0 0 0 0 0 0 0 0 0 0 0 0 0 0 0 0 0 0 0 0 0 0 0 0 0 0 0 0 0.464073 0 0 0 0 0 0 0.548341 0.57513 0 0 0 0 0 0 0 0 0 0 0 0 0 0 0 0 0 0 0 0 0 0 0 0.604446 0 0 0.515554 0 0 0.575195 0 0 0 0 0.510067 0 0.537998 0 0 0 0 0 0 0 0 0 0 0 0 0 0.525875 0 0 0 0 0 0
0 0 0.578511 0 0 0 0 0.501425 0 0 0 0 0.517467 0 0.486191 0 0 0.542099 0 0 0 0 0.472387 0 0 0 0 0 0 0 0 0 0 0 0 0 0 0 0 0.466747 0 0 0 0.484907 0 0 0 0 0.454814 0 0 0 0 0 0 0 0 0 0 0 0.420934 0 0 0 0 0 0 0 0 0.490964 0 0 0 0 0 0 0 0 0 0 0 0 0 0 0 0 0 0 0 0 0 0 0 0 0 0 0 0 0.545509 0.510693
0 0 0 0 0.609368 0 0 0 0 0 0 0.573547 0.590603 0 0 0 0 0 0 0 0.621043 0 0.629422 0 0 0 0 0 0 0 0.642297 0 0.527962 0 0 0 0.571589 0.463241 0.636986 0 0 0 0 0.619845 0 0 0 0.490746 0.563089 0 0.538211 0 0 0 0 0 0.500416 0 0 0 0 0 0 0 0 0 0 0 0 0 0.462147 0 0 0 0 0 0 0 0 0 0.605468 0 0 0.521211 0 0 0 0 0 0 0 0 0 0 0.431068 0 0 0 0 0
0 0 0.536412 0 0.608043 0 0 0 0.559517 0 0 0 0 0 0 0 0.437087 0 0.60205 0 0.614101 0 0 0.647611 0 0.593662 0 0 0.452785 0 0 0 0 0 0 0 0.416412 0 0.451095 0 0 0 0 0 0.551734 0 0 0.491304 0 0 0 0 0 0 0 0 0 0 0 0 0 0 0 0 0 0.598363 0.553772 0.596823 0 0.595373 0 0 0.540039 0 0 0 0 0 0 0 0 0 0 0 0 0 0 0 0.546935 0 0.626369 0 0 0 0 0 0 0 0 0
0 0 0 0 0 0 0 0.649985 0 0 0 0 0 0 0 0 0 0 0 0 0 0 0 0 0.577329 0 0 0 0 0 0 0 0 0 0 0 0 0 0 0 0 0.532057 0 0 0.583961 0 0 0 0 0 0 0 0.490953 0 0 0 0.491057 0 0.529344 0 0.538139 0 0.659112 0 0 0 0 0 0 0 0 0 0 0 0 0.532849 0 0.498145 0.60221 0 0 0 0 0 0 0 0 0.546935 0 0 0 0 0.430928 0.536851 0 0 0 0 0.481271 0
0 0 0 0 0 0 0 0 0 0.501436 0.634799 0 0 0 0 0 0 0 0 0 0.514681 0.485304 0 0 0 0.451835 0 0 0 0 0 0 0 0 0 0 0 0 0 0 0 0 0.615384 0 0 0.627416 0 0 0 0 0 0 0 0 0 0 0 0 0 0 0.54309 0 0 0 0 0 0 0 0 0 0 0 0 0 0 0.408044 0 0 0 0 0 0 0.561799 0.533311 0 0 0 0 0 0 0 0 0 0 0 0 0 0 0 0
0 0 0 0 0 0 0 0 0 0 0 0 0 0.586042 0 0 0 0 0 0 0 0.573115 0 0 0 0 0 0 0 0 0 0 0 0 0 0 0.48743 0 0.49525 0 0 0 0 0 0 0 0 0 0 0 0 0 0 0 0 0 0 0 0 0 0 0 0 0 0 0 0 0 0 0 0 0 0 0.56991 0 0 0 0 0 0 0 0 0 0 0 0 0 0.626369 0 0 0 0 0 0 0 0 0.546227 0 0 0
0 0 0 0 0.515027 0 0 0 0 0 0 0 0 0 0 0 0 0 0 0 0 0 0 0.647671 0.570326 0 0 0 0 0 0.648707 0 0 0 0 0 0 0 0 0 0 0 0 0.565892 0 0 0 0 0.442324 0.537814 0 0 0 0 0 0 0 0 0 0 0.51241 0 0.632061 0 0 0 0 0 0 0.606113 0 0 0 0 0 0 0 0 0 0 0 0 0 0 0 0 0 0 0 0 0 0 0 0 0 0 0 0 0.654033 0
0 0 0.560601 0 0 0.643438 0 0 0 0 0 0 0 0 0.447415 0 0 0 0 0 0 0 0 0 0 0 0 0 0.61206 0 0 0 0 0 0 0 0.630127 0 0 0 0 0 0 0 0 0 0 0 0 0 0 0 0 0 0 0 0 0.513271 0 0 0 0 0 0 0.530121 0 0 0 0 0 0 0 0.577218 0 0 0 0 0 0 0 0 0 0 0 0 0 0 0 0.430928 0 0 0 0 0 0.602277 0 0.462347 0 0 0
0 0.579751 0 0 0 0 0.592677 0 0 0 0 0 0 0 0 0 0 0 0 0 0 0 0 0 0 0 0 0 0 0.600419 0 0 0 0 0 0 0 0 0 0 0 0.522498 0 0 0 0 0 0 0.652158 0 0 0.556708 0.474586 0 0 0 0 0 0 0 0 0.521048 0 0 0 0 0.567086 0 0 0.629321 0 0 0 0 0 0 0 0 0 0 0 0 0 0 0.525875 0 0 0 0.536851 0 0 0 0 0 0 0 0 0 0 0
0 0 0 0 0 0 0.629269 0 0 0 0 0 0.390547 0 0 0 0 0 0 0 0 0 0 0 0 0 0 0 0.618881 0 0 0 0 0 0.65164 0.487237 0 0 0 0 0 0 0 0 0 0 0.489617 0 0 0 0 0.452953 0 0 0 0 0 0 0 0 0.496819 0 0 0 0 0 0 0 0 0 0.528784 0 0.648913 0 0 0 0 0 0 0 0 0 0 0 0 0 0.431068 0 0 0 0 0 0.602277 0 0 0 0 0 0 0
0 0 0 0.547595 0 0 0.444206 0 0 0 0.57085 0 0 0 0 0 0 0 0 0 0 0 0 0 0 0 0 0 0.679595 0 0 0 0 0 0 0 0.505205 0 0 0 0.432317 0 0 0 0 0 0 0 0 0 0 0 0 0.497184 0 0 0 0.503293 0.485832 0 0 0.43295 0 0 0 0 0 0 0 0 0 0 0 0 0 0 0 0 0 0 0.421233 0 0 0 0 0 0 0 0 0 0 0 0 0 0 0 0 0 0 0.504537
0 0 0 0.6053 0 0 0 0 0 0 0 0 0 0 0 0 0.594315 0 0 0 0 0 0 0 0 0 0 0.539911 0 0 0 0 0 0 0 0.563804 0.566237 0.439254 0 0.468064 0 0 0 0 0 0 0 0 0.500237 0 0 0 0 0 0 0 0 0 0 0 0.491878 0 0.532074 0 0.418656 0 0 0 0 0 0.552922 0 0 0 0 0.512171 0 0 0 0 0 0 0 0 0 0 0 0 0 0 0.546227 0 0.462347 0 0 0 0 0 0 0
0 0 0 0 0 0 0 0 0 0.519626 0 0 0 0.432313 0 0 0 0 0 0 0 0 0 0 0 0 0 0 0 0 0 0 0 0 0 0 0.494585 0 0 0 0 0 0 0 0 0 0 0 0 0 0 0 0 0 0 0 0 0 0 0 0 0 0 0 0 0 0 0.502549 0 0 0 0 0 0 0 0 0 0 0.448915 0 0 0 0 0 0 0 0 0 0 0 0 0 0 0 0 0 0 0 0 0.510831
0 0 0 0 0 0 0 0 0 0 0 0 0 0 0 0 0 0 0 0 0 0 0 0 0 0 0 0 0 0.455297 0 0 0 0 0 0 0 0 0 0 0 0 0 0 0 0 0 0 0 0 0 0.432844 0 0 0 0 0 0 0 0.646621 0.509865 0 0 0 0 0 0 0 0 0 0 0 0 0 0 0.558511 0 0.575919 0 0 0 0 0.531406 0 0 0.545509 0 0 0.481271 0 0 0.654033 0 0 0 0 0 0 0 0
0 0 0 0 0 0 0 0.485196 0 0 0 0 0 0 0 0 0 0 0 0 0 0 0 0 0 0 0.537979 0 0 0 0 0 0 0 0 0 0 0 0 0.538948 0 0 0 0 0 0 0 0 0 0 0 0 0 0 0 0.54646 0 0 0.459442 0.60714 0 0 0 0 0 0 0 0.500442 0 0 0 0 0 0 0 0 0 0.527719 0 0 0 0 0 0 0 0.510693 0 0 0 0 0 0 0 0 0 0.504537 0 0.510831 0 0
