100
0 0 0 0.5441 0 0 0 0 0 0 0 0 0 0 0 0 0 0 0 0 0 0 0.472632 0 0 0.554103 0 0 0 0 0 0 0 0 0 0.636543 0 0 0 0 0 0 0.535837 0 0 0 0 0 0 0 0 0 0 0 0 0 0 0 0 0 0 0 0 0 0 0 0.650058 0 0 0 0 0 0 0.570433 0.542252 0 0 0 0 0 0 0 0 0 0 0 0 0 0 0 0 0 0 0 0 0 0 0 0 0
0 0 0 0 0.611822 0.592024 0 0 0 0 0.566448 0 0 0 0 0 0 0 0.635993 0 0 0 0 0.506418 0.527455 0 0 0 0 0 0 0 0 0 0 0 0 0 0 0 0.598634 0.564854 0 0 0 0 0 0 0 0 0 0 0 0 0 0 0 0 0 0.547959 0 0 0 0 0 0 0 0 0 0 0 0 0 0 0 0 0 0 0 0 0 0 0 0 0 0 0 0 0 0 0 0 0 0.599853 0 0 0 0 0 0
0 0 0 0 0 0 0.564862 0 0 0 0 0 0.50785 0 0 0 0 0 0 0 0.548744 0.511334 0 0 0 0.543458 0 0 0 0 0 0 0 0 0 0 0 0 0 0 0 0.542919 0 0.639213 0 0 0 0 0 0 0 0 0 0 0 0 0 0.493447 0 0 0 0.56086 0 0 0 0 0 0.538981 0 0 0 0 0 0 0 0.527762 0 0 0 0 0 0 0 0 0 0.492729 0 0.574555 0 0 0 0 0.638843 0 0 0 0 0 0 0
0.5441 0 0 0 0 0 0 0 0 0 0 0 0 0 0 0 0 0 0 0 0 0 0 0 0 0 0 0 0 0 0.469834 0 0 0 0 0 0 0.486608 0 0 0 0 0 0 0 0 0 0 0 0 0 0 0 0 0 0 0 0 0.478834 0 0 0.568272 0 0 0.574316 0 0 0 0 0 0 0 0 0 0 0 0 0 0 0 0.545523 0 0.567821 0 0 0 0 0 0 0 0 0 0 0 0 0.54177 0.468458 0 0 0
0 0.611822 0 0 0 0 0 0 0 0 0 0 0 0.495559 0 0 0 0 0 0.599926 0 0 0 0 0 0 0 0 0 0.633225 0 0 0 0 0.517838 0 0 0 0 0 0.581785 0 0 0 0 0 0.564014 0 0 0 0 0 0 0 0 0 0 0.436232 0.494369 0 0 0 0 0 0 0 0 0 0 0 0 0 0 0 0 0 0 0 0 0.512454 0 0 0.62525 0 0 0 0.502261 0.564103 0 0 0 0.448269 0 0 0 0 0 0 0 0
0 0.592024 0 0 0 0 0 0 0 0 0 0 0 0 0 0 0 0 0.594993 0 0 0 0 0 0.56387 0 0 0 0.425702 0 0 0 0 0 0 0 0 0 0 0 0.624665 0 0 0.570515 0.573291 0 0 0 0.46484 0 0 0 0 0 0 0 0 0 0 0 0 0 0 0.484002 0 0 0 0 0 0 0 0 0.514666 0 0 0 0 0 0 0 0 0 0 0.511624 0 0 0 0 0 0 0 0 0.628404 0 0 0 0 0 0 0
0 0 0.564862 0 0 0 0 0 0 0.608791 0 0 0 0 0 0 0 0 0 0 0 0 0 0.462589 0 0 0 0 0 0 0 0 0 0 0 0 0 0 0 0 0 0 0 0.558258 0.593535 0 0 0 0 0 0 0 0.445763 0 0 0 0 0 0 0.534517 0 0 0 0 0 0 0 0 0.515079 0 0 0 0 0 0 0 0 0 0.421355 0 0 0.462856 0 0 0 0 0 0 0 0 0 0 0 0.501883 0.551949 0.471592 0 0 0 0
0 0 0 0 0 0 0 0 0 0 0 0 0 0 0.536476 0 0 0 0 0 0 0 0 0 0 0 0 0.567789 0 0 0 0 0 0 0 0 0 0 0 0 0 0 0 0 0 0 0 0 0 0 0 0 0 0 0 0 0 0 0 0.531232 0 0 0.434096 0 0 0 0 0.564334 0 0 0 0 0 0 0.515604 0 0 0 0 0 0 0 0 0 0 0.523395 0 0 0.610623 0 0 0 0 0 0 0 0 0 0 0.549854
0 0 0 0 0 0 0 0 0 0 0 0 0 0 0 0 0 0 0 0 0 0.488222 0 0 0 0 0 0 0 0 0.622873 0 0.652126 0 0 0 0 0 0 0 0 0 0 0 0.541835 0 0 0.497205 0 0 0.432029 0 0.510504 0 0.567215 0.534422 0 0 0 0 0.624509 0 0 0 0 0 0 0 0 0 0 0 0 0 0.507211 0 0 0 0 0 0 0 0 0 0 0 0 0.542736 0 0 0 0 0 0 0 0 0 0 0 0
0 0 0 0 0 0 0.608791 0 0 0 0 0 0 0 0 0 0.596648 0 0 0.504782 0 0 0 0 0 0 0 0 0 0 0 0 0 0 0 0 0 0 0 0 0 0 0.70692 0 0.638041 0 0 0 0 0 0 0 0 0 0 0 0 0 0 0 0.530077 0 0 0 0 0 0 0 0 0 0 0 0.450631 0 0 0 0.637551 0 0 0 0 0 0 0 0 0 0 0 0 0.477423 0 0 0 0 0 0 0 0.428513 0 0
0 0.566448 0 0 0 0 0 0 0 0 0 0 0 0 0 0.55556 0 0 0 0 0.485534 0 0 0 0 0 0 0.541395 0 0.532009 0 0.600048 0 0 0 0.456704 0 0 0 0 0 0 0 0 0 0 0 0 0 0 0 0 0 0 0 0 0 0 0 0 0 0 0 0 0 0 0 0 0 0 0 0 0 0 0 0 0 0 0 0 0 0 0 0 0 0 0 0 0 0.512576 0 0 0 0 0 0.561118 0 0 0 0
0 0 0 0 0 0 0 0 0 0 0 0 0 0 0.560083 0 0 0 0 0.486873 0 0 0 0.493846 0 0 0 0 0 0 0 0 0 0 0 0 0 0.595516 0 0 0 0 0 0 0 0 0 0 0 0 0 0 0 0 0 0 0 0 0 0 0 0 0 0.4975 0 0 0 0 0 0 0 0 0.453415 0.537369 0 0 0 0 0 0 0 0 0 0 0 0 0.580338 0 0 0 0 0 0 0 0 0 0 0 0 0
0 0 0.50785 0 0 0 0 0 0 0 0 0 0 0 0 0 0 0 0 0 0 0 0 0 0 0 0 0 0 0 0 0 0 0 0 0 0 0 0 0 0.562665 0 0 0 0 0 0 0 0.53939 0 0 0 0 0 0 0 0.471779 0 0 0 0 0 0 0 0 0 0.573977 0 0.510441 0 0 0 0 0 0 0 0.564089 0 0 0 0.540445 0 0 0.537999 0 0.453154 0.599371 0 0 0 0 0 0 0 0.458924 0 0 0 0 0
0 0 0 0 0.495559 0 0 0 0 0 0 0 0 0 0 0 0 0 0 0.376458 0 0 0 0 0 0 0 0 0 0 0 0 0 0 0 0.586944 0 0 0 0.684709 0 0 0 0 0 0 0 0 0 0 0 0.531796 0 0 0 0 0 0 0 0 0 0 0 0 0 0 0 0 0 0 0.618022 0 0 0.505162 0 0 0 0 0 0 0 0 0 0 0 0 0 0 0 0 0.446608 0 0 0 0 0 0 0.460257 0 0
0 0 0 0 0 0 0 0.536476 0 0 0 0.560083 0 0 0 0 0 0 0 0 0 0.572096 0 0 0 0 0 0 0 0 0.626527 0 0 0 0 0.549918 0 0 0 0 0 0 0 0 0 0 0 0 0 0 0 0 0 0 0 0 0 0 0.535575 0 0 0 0 0 0 0 0 0 0 0 0 0 0 0.532004 0 0.497929 0 0 0.582203 0 0.541692 0 0 0 0 0.451857 0 0 0 0 0 0 0.537123 0 0 0 0 0 0 0
0 0 0 0 0 0 0 0 0 0 0.55556 0 0 0 0 0 0 0 0 0 0 0 0 0 0 0 0 0 0 0 0 0 0 0 0 0 0 0.541984 0 0 0 0.626402 0 0 0 0 0 0 0 0 0 0 0 0 0 0 0 0 0 0 0 0 0 0.486405 0 0 0 0 0 0 0 0 0 0.499564 0 0 0 0 0 0 0 0.52086 0 0.504499 0 0 0 0 0 0 0 0 0 0 0 0 0 0 0 0
0 0 0 0 0 0 0 0 0 0.596648 0 0 0 0 0 0 0 0 0 0 0 0 0 0 0 0 0.52075 0 0 0 0 0 0 0 0 0 0 0 0 0 0 0 0 0 0 0 0 0 0 0 0.633193 0 0 0 0 0 0 0 0.488044 0.533122 0 0 0 0 0 0.489185 0 0 0 0 0 0 0 0 0 0 0 0 0 0 0 0 0 0.565174 0 0 0 0.474342 0 0 0 0 0 0 0 0 0.602943 0 0 0
0 0 0 0 0 0 0 0 0 0 0 0 0 0 0 0 0 0 0 0.589496 0 0 0.526487 0 0 0 0.48516 0 0 0 0 0 0 0.610098 0 0.558145 0 0.517311 0 0 0 0 0 0 0 0 0 0 0 0 0 0 0 0.45767 0 0 0 0 0 0.636633 0 0 0.566603 0 0 0 0 0 0 0 0 0 0 0 0 0 0 0 0 0.519814 0 0.551265 0 0 0 0.597054 0 0 0 0 0 0 0 0 0 0 0 0 0 0
0 0.635993 0 0 0 0.594993 0 0 0 0 0 0 0 0 0 0 0 0 0 0 0 0 0 0 0.441736 0.596042 0 0 0 0 0 0 0 0 0 0.524262 0 0 0 0 0 0 0.476494 0 0 0 0 0 0 0 0 0 0 0 0 0 0 0 0 0 0 0 0 0 0 0 0 0 0 0 0.548863 0 0 0 0 0 0 0 0 0 0 0 0 0 0 0 0 0.543221 0 0 0 0 0 0 0 0 0 0 0 0
0 0 0 0 0.599926 0 0 0 0 0.504782 0 0.486873 0 0.376458 0 0 0 0.589496 0 0 0 0 0 0 0 0 0 0 0.47652 0 0 0 0 0 0 0 0 0 0 0 0 0 0 0 0 0 0 0 0 0 0.576114 0 0 0 0 0 0 0 0 0 0 0 0 0 0 0.554144 0 0 0.478169 0 0 0 0.491963 0 0.504241 0 0 0 0.497247 0 0 0 0 0 0 0 0 0 0 0 0 0 0 0 0 0 0 0 0 0
0 0 0.548744 0 0 0 0 0 0 0 0.485534 0 0 0 0 0 0 0 0 0 0 0 0 0 0.553028 0.592312 0 0 0.553476 0 0 0 0 0 0 0.521454 0 0 0 0 0 0 0.631682 0 0 0 0 0 0 0 0.526935 0 0 0 0 0 0 0 0 0 0 0 0 0.412374 0 0 0 0 0 0 0 0 0 0 0 0 0 0 0 0 0 0.598387 0 0 0 0 0.609944 0.605824 0 0.495225 0 0 0 0 0 0 0 0 0 0
0 0 0.511334 0 0 0 0 0 0.488222 0 0 0 0 0 0.572096 0 0 0 0 0 0 0 0 0 0 0 0 0 0 0.670534 0 0 0 0 0 0 0 0 0 0.542341 0 0 0 0 0 0 0 0 0.568612 0 0 0 0 0 0.556698 0 0 0 0 0 0 0 0.558027 0 0 0 0 0 0 0 0 0 0 0 0 0 0 0.475897 0 0 0 0.592933 0 0 0 0 0 0 0 0.482719 0.605205 0 0 0 0 0 0 0 0 0
0.472632 0 0 0 0 0 0 0 0 0 0 0 0 0 0 0 0 0.526487 0 0 0 0 0 0 0 0 0 0 0 0 0 0.55365 0 0 0.487781 0.570496 0 0 0 0 0 0 0 0 0 0 0 0 0 0 0 0 0 0 0 0 0 0 0 0.580801 0 0 0 0 0 0 0 0 0.524452 0 0 0 0 0 0 0 0 0 0 0 0 0 0 0 0 0.494301 0.614632 0 0 0 0 0 0 0 0 0 0 0 0 0
0 0.506418 0 0 0 0 0.462589 0 0 0 0 0.493846 0 0 0 0 0 0 0 0 0 0 0 0 0 0 0 0 0.596104 0 0 0 0 0 0 0.517821 0 0 0 0 0 0.549412 0 0 0 0 0 0 0 0 0 0 0 0 0 0.554966 0 0 0 0 0 0.497576 0 0 0 0 0 0 0 0 0.396935 0 0 0.521945 0 0.509512 0 0.63274 0 0 0 0 0 0 0 0 0 0.639215 0 0 0 0.517334 0 0 0 0 0 0 0 0
0 0.527455 0 0 0 0.56387 0 0 0 0 0 0 0 0 0 0 0 0 0.441736 0 0.553028 0 0 0 0 0 0 0 0 0 0.526375 0 0 0 0 0 0 0 0 0.592706 0 0 0 0 0 0 0 0 0 0 0 0 0.527271 0 0 0 0 0.514926 0 0 0 0 0 0 0 0 0 0 0 0 0.519584 0 0 0 0 0 0 0 0 0 0 0 0 0 0 0 0 0 0.605633 0 0 0.539787 0 0 0 0 0 0 0 0
0.554103 0 0.543458 0 0 0 0 0 0 0 0 0 0 0 0 0 0 0 0.596042 0 0.592312 0 0 0 0 0 0 0 0 0 0 0 0 0 0 0 0 0 0 0 0.498271 0 0 0 0 0 0 0 0 0 0 0 0 0 0 0 0 0 0 0 0 0 0 0 0 0 0 0 0 0.645913 0 0 0 0 0.610212 0 0 0 0 0 0 0 0 0 0 0 0 0.564713 0 0.511258 0 0 0 0 0 0 0 0 0 0
0 0 0 0 0 0 0 0 0 0 0 0 0 0 0 0 0.52075 0.48516 0 0 0 0 0 0 0 0 0 0 0.529594 0.640106 0.390979 0 0 0 0 0 0 0 0 0 0 0 0.520942 0 0.57976 0 0 0 0 0 0 0 0 0 0 0 0 0 0 0 0 0 0 0 0 0 0 0 0 0 0 0 0.491148 0.535532 0 0 0 0 0 0 0.547093 0 0 0 0 0 0 0 0 0 0 0 0 0 0 0 0 0 0 0.58456
0 0 0 0 0 0 0 0.567789 0 0 0.541395 0 0 0 0 0 0 0 0 0 0 0 0 0 0 0 0 0 0 0 0 0 0.426672 0 0 0 0 0 0.543595 0.542889 0 0 0.529205 0 0 0 0 0 0 0.64987 0 0 0 0 0 0 0 0 0 0 0 0.522666 0 0.549938 0 0 0 0 0 0 0 0 0.576898 0 0 0 0 0 0 0 0 0 0 0 0 0 0 0 0 0 0 0 0 0 0 0 0.500254 0 0 0
0 0 0 0 0 0.425702 0 0 0 0 0 0 0 0 0 0 0 0 0 0.47652 0.553476 0 0 0.596104 0 0 0.529594 0 0 0 0 0 0 0 0 0 0 0 0.556892 0 0 0.450512 0 0 0 0.579088 0 0 0 0 0 0 0.4939 0 0 0 0 0 0 0 0 0 0 0 0 0.541943 0 0 0 0 0 0.604342 0 0 0 0 0 0 0 0 0 0 0 0 0 0 0 0.485582 0 0 0 0 0.530451 0 0.581835 0.709548 0 0 0 0
0 0 0 0 0.633225 0 0 0 0 0 0.532009 0 0 0 0 0 0 0 0 0 0 0.670534 0 0 0 0 0.640106 0 0 0 0 0 0 0.483172 0.537469 0 0 0 0 0 0 0.446477 0.46525 0 0 0 0 0 0 0.481353 0 0 0 0 0 0 0 0 0 0 0 0 0 0 0 0 0 0.494778 0 0.668751 0 0 0 0 0 0 0 0 0 0 0 0 0 0.586089 0 0 0 0 0 0 0 0 0 0.585624 0 0 0 0 0.506316 0
0 0 0 0.469834 0 0 0 0 0.622873 0 0 0 0 0 0.626527 0 0 0 0 0 0 0 0 0 0.526375 0 0.390979 0 0 0 0 0 0 0 0 0 0.639358 0 0 0 0 0 0 0 0 0 0.640139 0 0 0.539561 0 0 0 0 0 0 0 0 0 0 0 0 0 0 0 0 0 0 0 0 0 0 0 0 0 0 0 0 0 0 0 0 0 0 0 0 0.544629 0 0 0 0 0.620987 0 0 0 0 0 0 0 0
0 0 0 0 0 0 0 0 0 0 0.600048 0 0 0 0 0 0 0 0 0 0 0 0.55365 0 0 0 0 0 0 0 0 0 0 0 0 0 0 0 0 0 0 0 0.580402 0 0 0 0 0.386922 0.660914 0 0 0 0 0 0 0 0 0.46489 0 0 0 0 0 0 0 0 0 0.460864 0 0 0 0 0 0 0 0 0.528578 0 0 0 0 0.449658 0 0 0 0 0 0 0 0 0 0 0 0 0 0 0 0 0 0
0 0 0 0 0 0 0 0 0.652126 0 0 0 0 0 0 0 0 0 0 0 0 0 0 0 0 0 0 0.426672 0 0 0 0 0 0 0 0 0 0.602503 0 0.577576 0 0 0 0 0 0 0 0 0 0 0 0 0 0.446578 0 0.458074 0 0 0 0 0 0 0 0 0 0 0.567565 0 0 0 0 0 0 0 0 0 0 0 0 0 0 0.501261 0 0 0 0 0.509232 0 0 0 0 0 0 0 0 0 0 0 0 0
0 0 0 0 0 0 0 0 0 0 0 0 0 0 0 0 0 0.610098 0 0 0 0 0 0 0 0 0 0 0 0.483172 0 0 0 0 0 0 0 0.535626 0 0 0.629757 0 0 0 0 0 0 0 0 0 0 0 0 0 0.590928 0 0.546438 0 0 0 0 0 0 0 0 0 0 0.520561 0 0 0 0 0 0.652231 0 0 0 0 0 0 0 0.679937 0 0 0 0 0 0 0 0 0 0 0 0 0 0 0 0 0 0
0 0 0 0 0.517838 0 0 0 0 0 0 0 0 0 0 0 0 0 0 0 0 0 0.487781 0 0 0 0 0 0 0.537469 0 0 0 0 0 0 0 0 0 0.621057 0 0 0 0 0 0 0 0 0 0 0 0 0 0 0 0 0 0 0 0 0 0 0.505171 0 0.605571 0 0 0 0 0 0 0 0 0 0.40897 0 0 0 0 0 0 0 0 0 0.442115 0 0 0 0 0 0 0 0 0 0.635828 0 0 0 0 0
0.636543 0 0 0 0 0 0 0 0 0 0.456704 0 0 0.586944 0.549918 0 0 0.558145 0.524262 0 0.521454 0 0.570496 0.517821 0 0 0 0 0 0 0 0 0 0 0 0 0 0.466863 0 0 0 0 0 0 0 0 0.448113 0 0 0 0.570806 0 0.567904 0 0 0 0 0 0 0 0 0 0 0 0 0 0 0 0 0 0 0 0 0 0 0.489982 0 0 0 0 0 0 0 0 0 0 0 0 0 0 0 0 0 0 0.497069 0 0.596489 0 0 0
0 0 0 0 0 0 0 0 0 0 0 0 0 0 0 0 0 0 0 0 0 0 0 0 0 0 0 0 0 0 0.639358 0 0 0 0 0 0 0 0 0 0 0 0 0.631394 0 0.528546 0 0 0 0 0 0 0.483132 0.557124 0 0.47171 0 0 0 0 0 0 0 0 0 0 0 0 0 0 0 0 0 0 0 0 0 0 0 0 0 0 0.449638 0 0 0 0.550265 0.580057 0 0 0.426238 0 0.544162 0 0 0.541812 0.50312 0.545119 0 0
0 0 0 0.486608 0 0 0 0 0 0 0 0.595516 0 0 0 0.541984 0 0.517311 0 0 0 0 0 0 0 0 0 0 0 0 0 0 0.602503 0.535626 0 0.466863 0 0 0 0 0 0 0 0 0 0 0 0 0 0 0 0 0.654977 0.509383 0 0 0 0 0 0 0 0 0 0 0 0 0 0 0 0 0 0.437438 0 0 0 0 0 0 0 0 0 0 0 0 0 0 0.527519 0 0 0 0 0 0 0 0 0 0.488571 0 0 0
0 0 0 0 0 0 0 0 0 0 0 0 0 0 0 0 0 0 0 0 0 0 0 0 0 0 0 0.543595 0.556892 0 0 0 0 0 0 0 0 0 0 0 0 0 0 0 0 0 0 0 0 0 0 0 0 0 0 0 0 0 0 0 0 0 0 0 0.604584 0 0 0 0 0 0 0 0 0 0.569492 0 0 0 0 0.575122 0 0 0 0 0 0 0.664075 0.368512 0 0 0.464827 0 0 0 0 0 0 0 0 0
0 0 0 0 0 0 0 0 0 0 0 0 0 0.684709 0 0 0 0 0 0 0 0.542341 0 0 0.592706 0 0 0.542889 0 0 0 0 0.577576 0 0.621057 0 0 0 0 0 0 0.538723 0 0.567958 0 0.495988 0 0 0 0 0 0 0 0 0 0 0 0 0 0 0 0 0 0 0.541693 0 0 0 0 0 0 0 0 0 0 0 0 0 0 0.526154 0 0 0 0 0 0.510928 0 0 0 0 0 0 0 0 0 0 0.530159 0 0 0.621455
0 0.598634 0 0 0.581785 0.624665 0 0 0 0 0 0 0.562665 0 0 0 0 0 0 0 0 0 0 0 0 0.498271 0 0 0 0 0 0 0 0.629757 0 0 0 0 0 0 0 0 0.598654 0 0 0 0 0 0 0 0 0 0 0 0 0 0 0.587344 0 0 0 0.518678 0 0 0 0.415646 0 0 0 0.670591 0 0 0 0 0 0 0 0 0.619589 0 0.536616 0 0 0 0 0 0 0 0 0 0 0 0 0 0 0.358688 0 0 0 0
0 0.564854 0.542919 0 0 0 0 0 0 0 0 0 0 0 0 0.626402 0 0 0 0 0 0 0 0.549412 0 0 0 0 0.450512 0.446477 0 0 0 0 0 0 0 0 0 0.538723 0 0 0.596227 0 0.504169 0 0 0 0 0 0 0 0 0 0 0 0 0 0 0 0 0 0 0 0.578248 0 0.482879 0 0 0 0 0 0 0 0 0 0 0.457437 0 0 0 0 0.52292 0 0.483049 0 0 0 0.530347 0 0 0 0 0.51282 0 0 0 0 0 0
0.535837 0 0 0 0 0 0 0 0 0.70692 0 0 0 0 0 0 0 0 0.476494 0 0.631682 0 0 0 0 0 0.520942 0.529205 0 0.46525 0 0.580402 0 0 0 0 0 0 0 0 0.598654 0.596227 0 0 0 0 0 0 0 0 0 0.60657 0 0.480872 0 0 0 0 0 0.447114 0 0 0 0 0.479983 0 0 0 0 0 0 0.520638 0 0 0 0.545385 0 0 0 0 0 0 0 0 0.529474 0 0 0 0 0.582514 0 0 0 0 0 0 0 0 0 0
0 0 0.639213 0 0 0.570515 0.558258 0 0 0 0 0 0 0 0 0 0 0 0 0 0 0 0 0 0 0 0 0 0 0 0 0 0 0 0 0 0.631394 0 0 0.567958 0 0 0 0 0 0 0 0 0.67229 0 0 0.734035 0 0 0 0 0 0 0 0 0 0 0 0 0 0 0 0 0 0 0 0 0 0 0 0 0 0 0 0 0.575396 0 0 0 0 0.52369 0.498252 0 0 0 0 0.567005 0 0 0 0 0 0 0 0
0 0 0 0 0 0.573291 0.593535 0 0.541835 0.638041 0 0 0 0 0 0 0 0 0 0 0 0 0 0 0 0 0.57976 0 0 0 0 0 0 0 0 0 0 0 0 0 0 0.504169 0 0 0 0 0 0 0 0 0 0 0 0 0 0 0 0 0 0 0 0 0 0 0 0 0 0 0 0 0.623789 0.455317 0.623417 0 0 0 0 0 0 0.507069 0 0 0 0 0 0 0 0.488925 0.483397 0 0 0 0 0 0 0 0 0 0 0
0 0 0 0 0 0 0 0 0 0 0 0 0 0 0 0 0 0 0 0 0 0 0 0 0 0 0 0 0.579088 0 0 0 0 0 0 0 0.528546 0 0 0.495988 0 0 0 0 0 0 0 0.57026 0 0.638393 0 0.580232 0 0 0 0 0 0.552605 0 0 0 0 0 0 0 0 0 0 0 0.54385 0 0 0.563704 0 0 0 0 0 0 0.584811 0 0.582272 0 0 0 0 0 0 0 0.576459 0 0 0 0 0 0 0 0 0 0
0 0 0 0 0.564014 0 0 0 0 0 0 0 0 0 0 0 0 0 0 0 0 0 0 0 0 0 0 0 0 0 0.640139 0 0 0 0 0.448113 0 0 0 0 0 0 0 0 0 0 0 0.499668 0 0 0 0 0 0.612368 0 0 0 0 0.490664 0 0 0 0.474224 0 0 0 0.456487 0 0 0 0 0 0 0 0.646585 0 0 0 0 0.528645 0 0 0 0 0 0 0 0 0 0 0 0 0 0 0.468762 0 0 0 0 0
0 0 0 0 0 0 0 0 0.497205 0 0 0 0 0 0 0 0 0 0 0 0 0 0 0 0 0 0 0 0 0 0 0.386922 0 0 0 0 0 0 0 0 0 0 0 0 0 0.57026 0.499668 0 0 0 0 0.514181 0 0 0 0 0.439527 0 0.580649 0 0.594925 0 0 0.547258 0 0 0 0.408489 0 0 0 0 0 0 0 0 0 0 0 0 0 0.550177 0 0.434761 0 0 0.542145 0.43695 0 0 0 0 0 0 0 0 0 0 0 0
0 0 0 0 0 0.46484 0 0 0 0 0 0 0.53939 0 0 0 0 0 0 0 0 0.568612 0 0 0 0 0 0 0 0 0 0.660914 0 0 0 0 0 0 0 0 0 0 0 0.67229 0 0 0 0 0 0 0 0 0 0 0 0.560619 0 0 0 0 0 0 0 0.53654 0 0 0 0 0 0 0 0 0.427267 0.510078 0 0 0 0 0 0 0.6475 0 0.542283 0 0 0.49334 0.550842 0 0 0 0 0.441105 0 0.533187 0 0 0.511016 0 0 0
0 0 0 0 0 0 0 0 0 0 0 0 0 0 0 0 0 0 0 0 0 0 0 0 0 0 0 0.64987 0 0.481353 0.539561 0 0 0 0 0 0 0 0 0 0 0 0 0 0 0.638393 0 0 0 0 0 0.48109 0 0 0 0 0 0 0 0 0.566091 0 0 0.586294 0 0 0 0 0 0 0 0 0.612005 0 0 0.544514 0 0 0 0 0 0 0.665615 0 0 0 0 0 0 0 0 0.561781 0 0 0 0 0 0 0 0
0 0 0 0 0 0 0 0 0.432029 0 0 0 0 0 0 0 0.633193 0 0 0.576114 0.526935 0 0 0 0 0 0 0 0 0 0 0 0 0 0 0.570806 0 0 0 0 0 0 0 0 0 0 0 0 0 0 0 0 0 0 0.688202 0 0 0 0 0 0 0 0 0.540113 0 0 0 0 0 0.607166 0 0 0 0 0 0.491139 0 0 0 0 0 0 0 0 0 0 0.668989 0 0 0 0 0 0 0 0 0 0 0 0 0
0 0 0 0 0 0 0 0 0 0 0 0 0 0.531796 0 0 0 0 0 0 0 0 0 0 0 0 0 0 0 0 0 0 0 0 0 0 0 0 0 0 0 0 0.60657 0.734035 0 0.580232 0 0.514181 0 0.48109 0 0 0.539827 0 0.606514 0 0 0 0 0 0 0 0 0 0 0 0 0.459105 0 0 0 0 0 0 0 0 0 0 0.470345 0 0 0 0 0 0 0 0 0 0 0 0 0 0 0.466026 0.49333 0 0 0 0.481803 0
0 0 0 0 0 0 0.445763 0 0.510504 0 0 0 0 0 0 0 0 0 0 0 0 0 0 0 0.527271 0 0 0 0.4939 0 0 0 0 0 0 0.567904 0.483132 0.654977 0 0 0 0 0 0 0 0 0 0 0 0 0 0.539827 0 0 0 0 0 0 0 0 0 0 0 0 0 0 0 0 0 0 0.590601 0 0 0 0 0 0 0.574256 0 0 0.544795 0 0 0 0 0 0 0 0.477505 0 0 0 0 0.557585 0 0 0 0 0 0
0 0 0 0 0 0 0 0 0 0 0 0 0 0 0 0 0 0.45767 0 0 0 0 0 0 0 0 0 0 0 0 0 0 0.446578 0 0 0 0.557124 0.509383 0 0 0 0 0.480872 0 0 0 0.612368 0 0 0 0 0 0 0 0 0 0 0 0 0 0 0 0.574106 0 0 0 0 0 0 0 0 0 0 0 0.43984 0 0 0 0 0 0 0.514584 0 0 0 0 0 0 0 0 0 0 0 0 0 0.504128 0 0 0 0
0 0 0 0 0 0 0 0 0.567215 0 0 0 0 0 0 0 0 0 0 0 0 0.556698 0 0 0 0 0 0 0 0 0 0 0 0.590928 0 0 0 0 0 0 0 0 0 0 0 0 0 0 0 0 0.688202 0.606514 0 0 0 0 0 0 0 0 0 0 0 0 0 0 0 0 0 0 0 0 0.616208 0 0 0 0 0 0 0 0.508507 0 0.587485 0 0 0 0 0 0 0 0 0 0 0 0 0 0 0 0 0
0 0 0 0 0 0 0 0 0.534422 0 0 0 0 0 0 0 0 0 0 0 0 0 0 0.554966 0 0 0 0 0 0 0 0 0.458074 0 0 0 0.47171 0 0 0 0 0 0 0 0 0 0 0 0.560619 0 0 0 0 0 0 0 0 0 0 0 0 0.431893 0 0 0 0.499597 0.596745 0 0 0 0 0 0 0 0 0 0 0 0 0 0 0 0 0 0 0 0 0 0 0 0 0 0 0 0 0 0 0 0 0.609411
0 0 0 0 0 0 0 0 0 0 0 0 0.471779 0 0 0 0 0 0 0 0 0 0 0 0 0 0 0 0 0 0 0 0 0.546438 0 0 0 0 0 0 0 0 0 0 0 0 0 0.439527 0 0 0 0 0 0 0 0 0 0 0 0 0 0 0 0 0 0 0 0 0 0 0 0 0 0 0 0 0 0 0 0 0 0 0 0 0 0 0.46819 0 0.565879 0 0 0 0 0 0 0 0 0 0 0
0 0 0.493447 0 0.436232 0 0 0 0 0 0 0 0 0 0 0 0 0 0 0 0 0 0 0 0.514926 0 0 0 0 0 0 0.46489 0 0 0 0 0 0 0 0 0.587344 0 0 0 0 0.552605 0 0 0 0 0 0 0 0 0 0 0 0 0.553347 0 0 0 0 0 0 0 0 0 0.565125 0 0 0.502951 0 0 0.542619 0 0.538829 0.569514 0 0 0 0 0 0 0 0 0 0 0 0 0 0 0.417179 0 0 0.429894 0 0 0 0
0 0 0 0.478834 0.494369 0 0 0 0 0 0 0 0 0 0.535575 0 0.488044 0 0 0 0 0 0 0 0 0 0 0 0 0 0 0 0 0 0 0 0 0 0 0 0 0 0 0 0 0 0.490664 0.580649 0 0 0 0 0 0 0 0 0 0.553347 0 0 0 0 0 0 0 0 0 0.487252 0 0.576504 0.502828 0 0 0 0 0 0 0 0 0 0 0 0 0 0 0 0 0 0.534722 0 0 0 0 0 0 0.479663 0 0 0 0.474019
0 0.547959 0 0 0 0 0.534517 0.531232 0 0 0 0 0 0 0 0 0.533122 0.636633 0 0 0 0 0.580801 0 0 0 0 0 0 0 0 0 0 0 0 0 0 0 0 0 0 0 0.447114 0 0 0 0 0 0 0 0 0 0 0 0 0 0 0 0 0 0 0 0 0 0 0 0 0 0 0 0.393099 0 0 0 0 0 0 0 0 0 0 0 0 0 0 0 0 0 0 0 0 0 0 0 0 0 0 0 0.597715 0.686895
0 0 0 0 0 0 0 0 0.624509 0.530077 0 0 0 0 0 0 0 0 0 0 0 0 0 0 0 0 0 0 0 0 0 0 0 0 0 0 0 0 0 0 0 0 0 0 0 0 0 0.594925 0 0.566091 0 0 0 0 0 0 0 0 0 0 0 0 0 0 0 0 0 0 0.594191 0 0.562983 0.565276 0 0 0.515269 0 0 0 0 0 0 0 0 0 0 0.456968 0 0 0.538039 0.559299 0 0.496723 0 0 0.457571 0 0.530939 0 0.508413 0
0 0 0.56086 0.568272 0 0 0 0 0 0 0 0 0 0 0 0 0 0 0 0 0 0 0 0.497576 0 0 0 0.522666 0 0 0 0 0 0 0 0 0 0 0 0 0.518678 0 0 0 0 0 0 0 0 0 0 0 0 0 0 0.431893 0 0 0 0 0 0 0 0.458383 0 0 0 0 0 0 0.602381 0 0 0 0 0 0 0 0 0 0 0 0 0.418186 0 0 0 0 0 0 0 0 0 0.535167 0 0.518879 0 0 0 0
0 0 0 0 0 0 0 0.434096 0 0 0 0 0 0 0 0 0 0.566603 0 0 0 0.558027 0 0 0 0 0 0 0 0 0 0 0 0 0.505171 0 0 0 0 0 0 0 0 0 0 0 0.474224 0 0 0 0 0 0 0.574106 0 0 0 0 0 0 0 0 0 0 0 0 0 0 0.489803 0 0.569597 0 0 0.491896 0 0 0 0 0 0 0 0 0 0 0 0 0 0 0.572387 0 0 0.582159 0 0 0 0 0.503977 0 0 0
0 0 0 0 0 0.484002 0 0 0 0 0 0.4975 0 0 0 0.486405 0 0 0 0 0.412374 0 0 0 0 0 0 0.549938 0 0 0 0 0 0 0 0 0 0 0 0 0 0 0 0 0 0 0 0.547258 0.53654 0.586294 0.540113 0 0 0 0 0 0 0 0 0 0 0.458383 0 0 0 0 0 0 0 0 0 0 0 0 0 0.548324 0 0 0 0 0 0.605818 0 0 0 0 0 0 0 0 0 0 0 0 0 0 0 0 0 0
0 0 0 0.574316 0 0 0 0 0 0 0 0 0 0 0 0 0 0 0 0 0 0 0 0 0 0 0 0 0 0 0 0 0 0 0.605571 0 0 0 0.604584 0.541693 0 0.578248 0.479983 0 0 0 0 0 0 0 0 0 0 0 0 0 0 0 0 0 0 0 0 0 0 0 0 0 0.575794 0 0.607091 0 0.591908 0 0 0 0 0 0 0.403758 0 0 0 0 0 0 0 0 0 0 0 0 0.491184 0 0 0 0.530147 0 0 0
0 0 0 0 0 0 0 0 0 0 0 0 0 0 0 0 0.489185 0 0 0.554144 0 0 0 0 0 0 0 0 0.541943 0 0 0 0 0 0 0 0 0 0 0 0.415646 0 0 0 0 0 0 0 0 0 0 0 0 0 0 0.499597 0 0 0 0 0 0 0 0 0 0 0 0 0 0 0 0 0 0 0 0 0 0 0 0 0 0 0 0 0 0 0 0.540782 0 0 0 0 0 0 0 0 0 0 0 0
0.650058 0 0 0 0 0 0 0 0 0 0 0 0.573977 0 0 0 0 0 0 0 0 0 0 0 0 0 0 0 0 0 0 0 0.567565 0 0 0 0 0 0 0 0 0.482879 0 0 0 0 0.456487 0 0 0 0 0 0 0 0 0.596745 0 0 0 0 0 0 0 0 0 0 0 0 0 0 0 0 0 0.415075 0 0 0 0 0 0 0.499554 0 0 0 0.64068 0 0 0.514237 0 0 0 0 0 0.57708 0 0 0 0 0 0
0 0 0.538981 0 0 0 0 0.564334 0 0 0 0 0 0 0 0 0 0 0 0 0 0 0 0 0 0 0 0 0 0.494778 0 0.460864 0 0.520561 0 0 0 0 0 0 0 0 0 0 0 0 0 0.408489 0 0 0 0.459105 0 0 0 0 0 0 0.487252 0 0 0 0 0 0 0 0 0 0 0 0 0 0 0 0 0 0 0 0 0 0 0 0 0.432879 0 0 0 0.614011 0 0 0 0 0 0 0 0 0 0.570629 0 0.580293
0 0 0 0 0 0 0.515079 0 0 0 0 0 0.510441 0 0 0 0 0 0 0.478169 0 0 0.524452 0 0 0 0 0 0 0 0 0 0 0 0 0 0 0 0 0 0 0 0 0 0 0 0 0 0 0 0 0 0 0 0 0 0 0.565125 0 0 0.594191 0 0.489803 0 0.575794 0 0 0 0 0 0 0 0 0 0 0 0 0 0 0 0 0 0 0 0 0 0 0 0 0 0 0 0 0 0 0 0 0 0 0
0 0 0 0 0 0 0 0 0 0 0 0 0 0 0 0 0 0 0 0 0 0 0 0 0 0.645913 0 0 0 0.668751 0 0 0 0 0 0 0 0 0 0 0.670591 0 0 0 0 0.54385 0 0 0 0 0.607166 0 0 0 0 0 0 0 0.576504 0 0 0 0 0 0 0 0 0 0 0 0 0 0 0 0 0 0 0 0 0 0 0 0 0 0.394235 0.497658 0 0.551966 0 0 0 0.594975 0 0.644465 0 0 0 0 0 0
0 0 0 0 0 0 0 0 0 0 0 0 0 0.618022 0 0 0 0 0.548863 0 0 0 0 0.396935 0.519584 0 0 0 0 0 0 0 0 0 0 0 0 0 0 0 0 0 0 0 0.623789 0 0 0 0 0 0 0 0.590601 0 0 0 0 0 0.502828 0.393099 0.562983 0.602381 0.569597 0 0.607091 0 0 0 0 0 0 0.564987 0 0.446134 0 0 0 0 0 0 0 0 0 0.567853 0 0 0.493036 0 0 0 0 0 0 0 0.505961 0 0.511174 0 0 0
0 0 0 0 0 0 0 0 0 0 0 0 0 0 0 0 0 0 0 0 0 0 0 0 0 0 0 0 0.604342 0 0 0 0 0 0 0 0 0.437438 0 0 0 0 0.520638 0 0.455317 0 0 0 0 0 0 0 0 0 0 0 0 0.502951 0 0 0.565276 0 0 0 0 0 0 0 0 0 0.564987 0 0 0 0 0 0.5046 0 0 0 0 0 0.569783 0 0 0 0 0 0 0 0 0 0 0 0 0 0 0 0 0
0 0 0 0 0 0.514666 0 0 0 0.450631 0 0.453415 0 0 0 0 0 0 0 0.491963 0 0 0 0 0 0 0.491148 0.576898 0 0 0 0 0 0 0 0 0 0 0 0 0 0 0 0 0.623417 0.563704 0 0 0.427267 0.612005 0 0 0 0 0.616208 0 0 0 0 0 0 0 0 0 0.591908 0 0 0 0 0 0 0 0 0.557289 0 0 0 0 0 0 0 0 0 0 0.579928 0 0 0.471097 0 0 0 0 0.546794 0 0.551999 0 0 0 0 0
0.570433 0 0 0 0 0 0 0 0 0 0 0.537369 0 0.505162 0.532004 0.499564 0 0 0 0 0 0 0 0.521945 0 0 0.535532 0 0 0 0 0 0 0.652231 0 0 0 0 0 0 0 0 0 0 0 0 0 0 0.510078 0 0 0 0 0 0 0 0 0 0 0 0 0 0.491896 0 0 0 0.415075 0 0 0 0.446134 0 0.557289 0 0 0 0 0 0 0 0 0 0 0 0 0 0 0 0 0 0.551079 0 0 0 0 0 0 0 0 0
0.542252 0 0 0 0 0 0 0.515604 0.507211 0 0 0 0 0 0 0 0 0 0 0.504241 0 0 0 0 0 0.610212 0 0 0 0 0 0 0 0 0.40897 0 0 0 0.569492 0 0 0 0 0 0 0 0.646585 0 0 0 0 0 0 0.43984 0 0 0 0.542619 0 0 0.515269 0 0 0 0 0 0 0 0 0 0 0 0 0 0 0 0 0 0 0 0 0 0 0 0 0 0 0 0 0 0 0 0 0 0 0 0 0 0 0
0 0 0.527762 0 0 0 0 0 0 0 0 0 0 0 0.497929 0 0 0 0 0 0 0 0 0.509512 0 0 0 0 0 0 0 0 0 0 0 0.489982 0 0 0 0 0 0 0.545385 0 0 0 0 0 0 0.544514 0.491139 0 0 0 0 0 0 0 0 0 0 0 0 0.548324 0 0 0 0 0 0 0 0 0 0 0 0 0 0 0 0 0 0 0 0 0 0 0 0 0.51751 0.47698 0 0 0 0 0 0 0.576708 0 0.562765 0
0 0 0 0 0 0 0 0 0 0.637551 0 0 0.564089 0 0 0 0 0 0 0 0 0 0 0 0 0 0 0 0 0 0 0.528578 0 0 0 0 0 0 0 0 0 0 0 0 0 0 0 0 0 0 0 0 0 0 0 0 0 0.538829 0 0 0 0 0 0 0 0 0 0 0 0 0 0.5046 0 0 0 0 0 0 0 0.557186 0 0 0 0 0 0 0 0 0 0 0 0 0 0 0 0 0 0 0 0
0 0 0 0 0 0 0 0 0 0 0 0 0 0 0 0 0 0 0 0 0 0.475897 0 0.63274 0 0 0 0 0 0 0 0 0 0 0 0 0 0 0 0 0 0.457437 0 0 0 0 0 0 0 0 0 0 0.574256 0 0 0 0 0.569514 0 0 0 0 0 0 0 0 0 0 0 0 0 0 0 0 0 0 0 0 0 0 0.528803 0 0 0 0.497538 0 0 0 0.535317 0 0 0 0 0 0 0 0 0 0.519175 0.588267
0 0 0 0 0 0 0.421355 0 0 0 0 0 0 0 0.582203 0 0 0 0 0.497247 0 0 0 0 0 0 0 0 0 0 0 0 0 0 0 0 0 0 0 0 0.619589 0 0 0 0 0 0 0 0 0 0 0.470345 0 0 0 0 0 0 0 0 0 0 0 0 0 0 0 0 0 0 0 0 0 0 0 0 0 0 0 0 0 0 0 0 0 0 0 0 0.630009 0 0 0 0 0 0 0 0 0.453959 0 0
0 0 0 0 0.512454 0 0 0 0 0 0 0 0 0 0 0 0 0.519814 0 0 0 0 0 0 0 0 0 0 0 0 0 0 0 0 0 0 0 0 0.575122 0.526154 0 0 0 0 0.507069 0.584811 0.528645 0 0 0 0 0 0 0 0 0 0 0 0 0 0 0 0 0 0.403758 0 0 0 0 0 0 0 0 0 0 0 0.557186 0 0 0 0 0 0 0 0.56372 0 0 0 0 0 0 0 0 0 0 0 0 0 0 0
0 0 0 0.545523 0 0 0 0 0 0 0 0 0.540445 0 0.541692 0 0 0 0 0 0 0 0 0 0 0 0.547093 0 0 0 0 0 0 0 0 0 0 0 0 0 0.536616 0 0 0.575396 0 0 0 0 0.6475 0 0 0 0.544795 0 0.508507 0 0 0 0 0 0 0 0 0 0 0 0.499554 0 0 0 0 0 0 0 0 0 0 0.528803 0 0 0 0 0 0 0 0 0.496869 0 0 0 0 0 0 0 0 0.473834 0 0 0 0
0 0 0 0 0 0 0.462856 0 0 0 0 0 0 0 0 0.52086 0 0.551265 0 0 0.598387 0.592933 0 0 0 0 0 0 0 0 0 0.449658 0.501261 0.679937 0 0 0 0 0 0 0 0 0 0 0 0.582272 0 0.550177 0 0 0 0 0 0.514584 0 0 0 0 0 0 0 0 0 0.605818 0 0 0 0 0 0 0 0 0 0 0 0 0 0 0 0 0 0 0 0 0 0 0 0 0 0 0 0 0 0 0 0 0 0 0 0
0 0 0 0.567821 0.62525 0 0 0 0 0 0 0 0 0 0 0 0 0 0 0 0 0 0 0 0 0 0 0 0 0 0 0 0 0 0 0 0.449638 0 0 0 0 0.52292 0 0 0 0 0 0 0.542283 0.665615 0 0 0 0 0.587485 0 0 0 0 0 0 0 0 0 0 0 0 0 0 0 0 0.569783 0 0 0 0 0 0 0 0 0 0 0 0 0 0 0 0 0 0.421493 0 0 0 0 0 0 0 0 0.554869 0
0 0 0 0 0 0.511624 0 0 0 0 0 0 0.537999 0 0 0.504499 0.565174 0 0 0 0 0 0 0 0 0 0 0 0 0.586089 0 0 0 0 0 0 0 0 0 0 0 0 0 0 0 0 0 0.434761 0 0 0 0 0 0 0 0 0 0 0 0 0 0.418186 0 0 0 0 0 0.432879 0 0 0.567853 0 0 0 0 0 0 0 0 0 0 0 0 0 0 0 0.504838 0 0 0.571996 0 0 0 0 0 0 0 0 0 0
0 0 0 0 0 0 0 0 0 0 0 0 0 0 0 0 0 0 0 0 0 0 0 0 0 0 0 0 0 0 0 0 0 0 0.442115 0 0 0 0 0 0 0.483049 0.529474 0 0 0 0 0 0 0 0 0 0 0 0 0 0 0 0 0 0 0 0 0 0 0 0.64068 0 0 0.394235 0 0 0.579928 0 0 0 0 0.497538 0 0.56372 0 0 0 0 0 0 0 0 0 0 0 0 0 0.472241 0 0 0 0 0 0
0 0 0.492729 0 0 0 0 0.523395 0 0 0 0 0.453154 0 0.451857 0 0 0.597054 0 0 0 0 0.494301 0 0 0 0 0 0 0 0 0 0 0 0 0 0 0 0 0.510928 0 0 0 0.52369 0 0 0 0 0.49334 0 0 0 0 0 0 0 0 0 0 0 0.456968 0 0 0 0 0 0 0 0 0.497658 0 0 0 0 0 0 0 0 0 0 0 0 0 0 0 0 0 0 0 0 0 0 0 0 0 0 0 0 0.604823 0.452172
0 0 0 0 0.502261 0 0 0 0 0 0 0.580338 0.599371 0 0 0 0 0 0 0 0.609944 0 0.614632 0 0 0 0 0 0 0 0.544629 0 0.509232 0 0 0 0.550265 0.527519 0.664075 0 0 0 0 0.498252 0 0 0 0.542145 0.550842 0 0.668989 0 0 0 0 0 0.46819 0 0 0 0 0 0 0 0 0 0 0 0 0 0.493036 0 0 0 0 0 0 0 0 0 0.496869 0 0 0.504838 0 0 0 0 0 0 0 0 0 0 0.489493 0 0 0 0 0
0 0 0.574555 0 0.564103 0 0 0 0.542736 0 0 0 0 0 0 0 0.474342 0 0.543221 0 0.605824 0 0 0.639215 0 0.564713 0 0 0.485582 0 0 0 0 0 0 0 0.580057 0 0.368512 0 0 0 0 0 0.488925 0 0 0.43695 0 0 0 0 0 0 0 0 0 0 0 0 0 0 0 0 0 0.540782 0.514237 0.614011 0 0.551966 0 0 0.471097 0 0 0 0 0 0 0 0 0 0 0 0 0 0 0 0.524369 0 0.605183 0 0 0 0 0 0 0 0 0
0 0 0 0 0 0 0 0.610623 0 0 0 0 0 0 0 0 0 0 0 0 0 0 0 0 0.605633 0 0 0 0 0 0 0 0 0 0 0 0 0 0 0 0 0.530347 0 0 0.483397 0 0 0 0 0 0 0 0.477505 0 0 0 0.565879 0 0.534722 0 0.538039 0 0.572387 0 0 0 0 0 0 0 0 0 0 0 0 0.51751 0 0.535317 0.630009 0 0 0 0 0 0 0 0 0.524369 0 0 0 0 0.458901 0.615704 0 0 0 0 0.589251 0
0 0 0 0 0 0 0 0 0 0.477423 0.512576 0 0 0 0 0 0 0 0 0 0.495225 0.482719 0 0 0 0.511258 0 0 0 0 0 0 0 0 0 0 0 0 0 0 0 0 0.582514 0 0 0.576459 0 0 0 0 0 0 0 0 0 0 0 0 0 0 0.559299 0 0 0 0 0 0 0 0 0 0 0 0 0 0 0.47698 0 0 0 0 0 0 0.421493 0.571996 0 0 0 0 0 0 0 0 0 0 0 0 0 0 0 0
0 0 0 0 0 0 0 0 0 0 0 0 0 0.446608 0 0 0 0 0 0 0 0.605205 0 0 0 0 0 0 0 0 0 0 0 0 0 0 0.426238 0 0.464827 0 0 0 0 0 0 0 0 0 0 0 0 0 0 0 0 0 0 0 0 0 0 0 0 0 0 0 0 0 0 0 0 0 0 0.551079 0 0 0 0 0 0 0 0 0 0 0 0 0 0.605183 0 0 0 0 0 0 0 0 0.538753 0 0 0
0 0 0 0 0.448269 0 0 0 0 0 0 0 0 0 0 0 0 0 0 0 0 0 0 0.517334 0.539787 0 0 0 0 0 0.620987 0 0 0 0 0 0 0 0 0 0 0 0 0.567005 0 0 0 0 0.441105 0.561781 0 0 0 0 0 0 0 0 0 0 0.496723 0 0.582159 0 0 0 0 0 0 0.594975 0 0 0 0 0 0 0 0 0 0 0 0 0 0 0 0 0 0 0 0 0 0 0 0 0 0 0 0 0.599691 0
0 0 0.638843 0 0 0.628404 0 0 0 0 0 0 0 0 0.537123 0 0 0 0 0 0 0 0 0 0 0 0 0 0.530451 0 0 0 0 0 0 0 0.544162 0 0 0 0 0 0 0 0 0 0 0 0 0 0 0 0 0 0 0 0 0.417179 0 0 0 0 0 0 0.491184 0 0 0 0 0 0 0 0.546794 0 0 0 0 0 0 0 0 0 0 0 0 0 0 0 0.458901 0 0 0 0 0 0.602961 0 0.426912 0 0 0
0 0.599853 0 0 0 0 0.501883 0 0 0 0 0 0 0 0 0 0 0 0 0 0 0 0 0 0 0 0 0 0 0.585624 0 0 0 0 0 0 0 0 0 0 0 0.51282 0 0 0 0 0 0 0.533187 0 0 0.466026 0.557585 0 0 0 0 0 0 0 0 0.535167 0 0 0 0 0.57708 0 0 0.644465 0 0 0 0 0 0 0 0 0 0 0 0 0 0 0.472241 0 0 0 0.615704 0 0 0 0 0 0 0 0 0 0 0
0 0 0 0 0 0 0.551949 0 0 0 0 0 0.458924 0 0 0 0 0 0 0 0 0 0 0 0 0 0 0 0.581835 0 0 0 0 0 0.635828 0.497069 0 0 0 0 0 0 0 0 0 0 0.468762 0 0 0 0 0.49333 0 0 0 0 0 0 0 0 0.457571 0 0 0 0 0 0 0 0 0 0.505961 0 0.551999 0 0 0 0 0 0 0 0 0 0 0 0 0 0.489493 0 0 0 0 0 0.602961 0 0 0 0 0 0 0
0 0 0 0.54177 0 0 0.471592 0 0 0 0.561118 0 0 0 0 0 0 0 0 0 0 0 0 0 0 0 0 0 0.709548 0 0 0 0 0 0 0 0.541812 0 0 0 0.358688 0 0 0 0 0 0 0 0 0 0 0 0 0.504128 0 0 0 0.429894 0.479663 0 0 0.518879 0 0 0 0 0 0 0 0 0 0 0 0 0 0 0 0 0 0 0.473834 0 0 0 0 0 0 0 0 0 0 0 0 0 0 0 0 0 0 0.425231
0 0 0 0.468458 0 0 0 0 0 0 0 0 0 0 0 0 0.602943 0 0 0 0 0 0 0 0 0 0 0.500254 0 0 0 0 0 0 0 0.596489 0.50312 0.488571 0 0.530159 0 0 0 0 0 0 0 0 0.511016 0 0 0 0 0 0 0 0 0 0 0 0.530939 0 0.503977 0 0.530147 0 0 0 0 0 0.511174 0 0 0 0 0.576708 0 0 0 0 0 0 0 0 0 0 0 0 0 0 0.538753 0 0.426912 0 0 0 0 0 0 0
0 0 0 0 0 0 0 0 0 0.428513 0 0 0 0.460257 0 0 0 0 0 0 0 0 0 0 0 0 0 0 0 0 0 0 0 0 0 0 0.545119 0 0 0 0 0 0 0 0 0 0 0 0 0 0 0 0 0 0 0 0 0 0 0 0 0 0 0 0 0 0 0.570629 0 0 0 0 0 0 0 0 0 0 0.453959 0 0 0 0 0 0 0 0 0 0 0 0 0 0 0 0 0 0 0 0 0.602213
0 0 0 0 0 0 0 0 0 0 0 0 0 0 0 0 0 0 0 0 0 0 0 0 0 0 0 0 0 0.506316 0 0 0 0 0 0 0 0 0 0 0 0 0 0 0 0 0 0 0 0 0 0.481803 0 0 0 0 0 0 0 0.597715 0.508413 0 0 0 0 0 0 0 0 0 0 0 0 0 0 0.562765 0 0.519175 0 0 0 0 0.554869 0 0 0.604823 0 0 0.589251 0 0 0.599691 0 0 0 0 0 0 0 0
0 0 0 0 0 0 0 0.549854 0 0 0 0 0 0 0 0 0 0 0 0 0 0 0 0 0 0 0.58456 0 0 0 0 0 0 0 0 0 0 0 0 0.621455 0 0 0 0 0 0 0 0 0 0 0 0 0 0 0 0.609411 0 0 0.474019 0.686895 0 0 0 0 0 0 0 0.580293 0 0 0 0 0 0 0 0 0 0.588267 0 0 0 0 0 0 0 0.452172 0 0 0 0 0 0 0 0 0 0.425231 0 0.602213 0 0
