100
0 0.528282 0 0.584131 0 0 0 0 0 0 0 0 0 0 0 0.533803 0 0.493669 0 0.49469 0 0 0.499382 0 0 0.582417 0 0 0 0 0.585673 0 0 0 0 0.603714 0 0 0 0 0 0 0.534939 0 0 0 0 0 0 0 0.577949 0 0 0 0 0 0 0 0.472393 0 0 0 0 0 0.484689 0 0 0 0 0 0 0 0 0.594726 0.518555 0 0.495952 0 0 0.484159 0 0 0 0 0 0 0 0 0 0 0 0 0 0 0 0 0 0 0 0
0.528282 0 0 0 0.609576 0.610757 0 0 0 0.540877 0.469218 0 0 0 0 0.572875 0 0 0.5536 0 0 0 0 0.497602 0.532783 0 0 0 0 0 0.595357 0 0 0 0 0 0 0 0 0.46347 0 0.49187 0 0 0 0 0.579593 0 0 0 0 0.547697 0 0 0 0 0 0 0 0.612979 0 0.558536 0 0 0 0 0 0 0.494564 0 0 0 0 0.546198 0 0 0 0 0 0 0 0 0.584376 0 0 0 0 0 0 0 0 0 0 0.580566 0 0 0 0 0 0
0 0 0 0 0 0 0.570919 0 0 0 0 0.537951 0.483134 0 0 0 0 0 0 0 0.518347 0.497699 0 0.53354 0 0.548033 0 0 0 0 0.536274 0.480747 0 0 0 0 0.504088 0 0 0 0 0.482256 0 0 0.591989 0.53333 0 0 0 0 0 0 0 0 0 0.544582 0 0 0 0 0 0.570608 0 0 0 0 0 0.513127 0 0 0 0 0 0 0 0.545336 0 0 0 0 0 0 0 0 0 0.540828 0 0.571229 0 0 0.464292 0.556733 0 0 0 0 0 0 0 0
0.584131 0 0 0 0 0 0.505002 0 0 0 0 0 0 0 0 0 0 0 0 0 0 0 0 0 0 0 0 0 0 0 0.515402 0 0 0 0 0 0.530665 0.463921 0 0 0 0 0 0 0 0 0 0 0 0.568156 0 0 0 0 0 0 0 0 0.520023 0 0 0.569031 0 0 0 0.474139 0 0.494329 0 0 0 0 0 0 0 0 0 0 0 0 0.537799 0 0.571681 0 0 0 0 0 0 0 0 0 0 0 0 0.549448 0.514558 0 0 0
0 0.609576 0 0 0 0 0 0 0 0 0 0 0 0 0 0 0 0 0 0.525426 0.529491 0 0 0 0.563987 0 0 0 0 0.560318 0 0 0 0 0.484309 0 0 0 0 0 0 0.548407 0 0 0 0 0.504654 0 0 0 0 0 0 0 0 0 0 0.497293 0.484492 0 0 0 0 0 0 0 0.460181 0 0 0.478153 0 0.464334 0.516948 0 0 0 0.501565 0 0 0.563105 0 0 0.598939 0 0 0 0.570838 0 0 0 0 0.478958 0 0.463027 0 0 0 0 0 0
0 0.610757 0 0 0 0 0 0 0 0 0.588634 0 0 0 0 0 0 0 0.603372 0 0 0 0 0 0.562783 0 0 0 0.480213 0 0 0 0.559592 0 0 0 0 0 0 0.46141 0.614222 0 0 0.581698 0.584793 0.541134 0 0 0.470916 0 0 0.463469 0 0.46263 0.536686 0 0 0 0 0 0 0 0 0.495753 0 0 0 0 0 0 0 0.540232 0.520221 0 0 0 0 0 0 0 0 0 0 0.536277 0 0 0 0 0 0 0 0 0.589679 0 0 0 0.548557 0 0 0
0 0 0.570919 0.505002 0 0 0 0 0 0.594299 0 0.613366 0 0 0 0 0 0 0 0 0 0 0.571008 0.516824 0 0.49801 0 0.500909 0 0.503653 0.458973 0 0 0 0.603662 0 0 0 0 0 0 0 0 0.529512 0.555503 0 0 0 0 0 0 0 0.481371 0 0.576423 0 0 0 0 0.598821 0 0 0 0 0.588071 0 0 0 0.474951 0 0 0 0 0 0 0 0 0 0 0.571848 0 0.569107 0 0 0.482663 0 0 0 0 0 0 0 0 0.561914 0.596574 0.463548 0.605685 0.519184 0 0.486919
0 0 0 0 0 0 0 0 0 0 0 0 0 0 0.515358 0 0 0 0 0 0.506444 0 0 0 0 0 0 0.589235 0 0 0.472102 0 0 0 0 0 0 0 0 0 0 0 0 0 0 0 0.584481 0.485431 0 0 0 0 0 0 0 0 0 0 0 0.539491 0.52335 0 0.516257 0.519827 0 0 0 0.527364 0 0 0 0 0 0 0.464907 0 0.526124 0 0 0 0 0 0 0 0 0.474279 0 0 0.601423 0 0 0.56697 0 0 0 0 0 0 0 0.56048
0 0 0 0 0 0 0 0 0 0 0 0 0 0 0.542431 0 0 0 0 0.511619 0 0.557679 0 0 0 0 0.575614 0 0 0 0.595419 0 0.607846 0 0 0.475424 0 0 0 0 0.532191 0 0 0 0.51526 0 0 0.494543 0 0.506607 0.479232 0 0.462837 0.576563 0.580444 0.557098 0 0 0 0 0.587946 0 0 0 0 0 0 0 0.603445 0 0 0 0 0 0.552607 0 0 0 0 0 0 0 0 0 0 0 0 0.562167 0 0 0 0 0 0 0 0 0 0 0 0
0 0.540877 0 0 0 0 0.594299 0 0 0 0 0 0 0 0 0 0.546424 0 0 0.472493 0 0.56504 0 0 0 0 0 0 0 0 0 0 0 0 0 0 0 0 0 0 0 0.550177 0.608701 0 0.611566 0 0 0 0 0 0 0 0 0 0 0 0.459733 0 0 0 0.524244 0 0 0 0 0 0 0 0 0 0 0 0.469659 0 0.540092 0 0.595965 0 0.480328 0 0 0.546042 0 0 0 0 0 0 0 0.497516 0.5209 0 0 0 0 0 0.589329 0.465859 0 0
0 0.469218 0 0 0 0.588634 0 0 0 0 0 0 0 0 0 0.472871 0 0 0 0 0.463029 0 0 0 0 0 0 0 0.541262 0 0 0.585645 0 0.462495 0.559919 0.473948 0 0.503346 0 0 0 0.491525 0 0.472772 0 0.581291 0 0 0 0 0 0 0 0 0 0 0 0 0 0 0 0 0.545409 0 0 0 0.536104 0 0 0 0 0 0 0 0 0 0 0 0 0 0 0 0 0 0 0 0 0 0.503066 0.579067 0 0 0 0 0.547188 0.54886 0 0.535887 0 0
0 0 0.537951 0 0 0 0.613366 0 0 0 0 0 0 0 0.549052 0 0 0 0 0.552916 0 0 0 0.520471 0 0 0 0 0 0 0 0 0 0 0 0 0.498666 0.55253 0 0 0 0 0 0 0 0 0 0 0 0 0 0 0 0 0 0 0 0 0.501475 0 0 0 0 0.499552 0 0 0 0 0 0 0 0 0.465 0.528324 0 0 0 0.555586 0 0 0 0.603359 0.610971 0 0 0 0.588529 0 0 0 0 0 0 0 0 0 0 0 0 0
0 0 0.483134 0 0 0 0 0 0 0 0 0 0 0.465024 0 0 0 0 0 0 0 0 0 0 0 0 0.553449 0 0 0 0.587235 0 0 0 0.517636 0 0 0 0.559985 0 0.574398 0 0 0 0 0 0 0 0.606338 0 0.514176 0 0 0 0 0 0.515703 0 0 0 0.600868 0 0.55854 0 0 0 0.53166 0 0.498153 0 0 0 0 0 0 0 0.603919 0 0 0 0.580915 0 0 0 0 0.48876 0.591458 0 0 0 0 0 0 0 0.459323 0 0 0 0.53494 0
0 0 0 0 0 0 0 0 0 0 0 0 0.465024 0 0 0 0 0 0 0.464527 0 0 0 0 0 0 0 0 0 0 0 0 0 0 0 0.570152 0 0 0 0.593073 0.592187 0 0 0 0 0 0 0 0.579857 0 0 0.519316 0 0.578788 0 0 0 0.556742 0 0 0 0 0 0.526996 0 0 0 0 0 0 0.572403 0 0.532446 0.498592 0 0 0 0 0.47662 0 0 0 0 0 0 0 0 0 0 0.501546 0.473003 0 0.584935 0 0 0.579873 0 0.467693 0 0
0 0 0 0 0 0 0 0.515358 0.542431 0 0 0.549052 0 0 0 0 0 0 0.539169 0 0 0 0 0 0 0 0 0 0.521035 0 0.603311 0 0 0 0 0.591801 0 0 0 0 0 0 0 0 0 0 0 0 0 0 0 0 0 0 0 0 0 0 0.581939 0 0 0 0 0 0 0 0 0 0 0 0 0 0 0 0 0.548595 0.614739 0 0.516628 0 0.53099 0 0 0 0 0.485961 0 0.542115 0 0 0 0 0 0 0 0 0.606305 0 0 0
0.533803 0.572875 0 0 0 0 0 0 0 0 0.472871 0 0 0 0 0 0.609637 0 0 0 0 0 0 0 0 0 0 0 0 0 0 0 0 0 0 0 0 0 0.545895 0 0 0.539182 0 0 0 0 0 0 0 0 0 0 0 0 0 0 0.556079 0 0 0 0.571342 0 0 0.496488 0 0 0 0 0 0 0 0 0 0.5083 0 0 0 0 0 0 0 0.572297 0 0.478267 0 0 0 0 0 0 0 0 0 0 0 0.602586 0.595935 0 0 0
0 0 0 0 0 0 0 0 0 0.546424 0 0 0 0 0 0.609637 0 0 0 0 0 0 0 0 0 0 0.502862 0 0.544734 0 0 0 0.52222 0 0 0 0 0 0 0 0 0 0 0 0 0 0 0 0 0 0.614262 0 0.576519 0 0 0 0 0 0.478754 0.572209 0.610876 0 0 0 0 0.489954 0 0 0 0 0 0 0 0 0 0 0 0 0 0 0.508023 0 0 0.571479 0 0.501404 0 0.484452 0 0 0 0 0.539959 0 0 0 0.588013 0 0 0
0.493669 0 0 0 0 0 0 0 0 0 0 0 0 0 0 0 0 0 0 0.611259 0 0 0.580721 0 0 0 0.48734 0 0 0.553403 0 0 0 0.549542 0 0.562032 0 0.565646 0 0 0 0 0 0 0 0 0 0.537784 0 0 0 0 0 0.482417 0 0 0.534169 0 0 0.573506 0 0 0.534534 0 0 0 0 0 0 0 0 0 0 0 0 0 0 0 0 0.494135 0.488887 0.575991 0 0 0.490444 0.582846 0 0 0 0 0 0 0 0 0.560712 0 0 0 0 0
0 0.5536 0 0 0 0.603372 0 0 0 0 0 0 0 0 0.539169 0 0 0 0 0.538088 0 0 0 0 0 0.594918 0 0 0 0 0 0 0 0 0 0.536419 0 0 0 0 0 0 0.487649 0 0 0 0 0 0 0 0 0 0 0 0 0 0 0 0 0 0.491265 0 0 0 0 0 0 0 0 0 0.563454 0 0 0 0 0 0 0 0.493744 0 0 0 0 0 0 0 0.507602 0.53711 0 0 0 0 0 0 0 0 0.604711 0 0 0
0.49469 0 0 0 0.525426 0 0 0 0.511619 0.472493 0 0.552916 0 0.464527 0 0 0 0.611259 0.538088 0 0 0 0 0 0 0 0 0 0.578745 0 0 0 0 0 0 0 0.518535 0 0 0 0 0 0 0 0 0.481946 0 0 0 0 0.599652 0 0 0.59003 0 0 0 0 0.547418 0 0 0 0 0 0 0.596378 0.459958 0 0.488822 0 0 0.584498 0.519851 0 0.572524 0 0 0 0.471068 0 0 0 0.566319 0 0 0 0 0 0 0 0.601496 0 0 0.478447 0 0 0 0.541905 0 0
0 0 0.518347 0 0.529491 0 0 0.506444 0 0 0.463029 0 0 0 0 0 0 0 0 0 0 0 0 0.532295 0.600389 0 0 0 0.550916 0 0.548542 0 0.54128 0 0 0.559998 0 0 0 0 0 0 0.606515 0 0 0.471476 0 0 0 0 0.511959 0 0 0 0 0 0.579435 0 0.484163 0 0 0 0 0.519874 0 0 0 0 0 0 0 0 0 0 0 0 0 0 0.572865 0 0 0.542877 0 0 0 0 0.592254 0.585942 0 0.511485 0 0 0 0 0.467415 0 0 0 0 0
0 0 0.497699 0 0 0 0 0 0.557679 0.56504 0 0 0 0 0 0 0 0 0 0 0 0 0 0 0 0 0 0 0 0.612093 0 0 0 0 0 0 0 0 0 0.565288 0 0 0 0 0 0 0 0 0 0 0 0.586406 0 0 0.51011 0 0 0 0 0 0.531433 0 0.554875 0 0 0 0 0 0 0 0 0 0.521921 0 0 0 0.569913 0.471365 0 0 0 0.612462 0 0 0 0 0 0 0 0.46732 0.531082 0 0 0 0 0 0 0.49228 0 0
0.499382 0 0 0 0 0 0.571008 0 0 0 0 0 0 0 0 0 0 0.580721 0 0 0 0 0 0 0 0 0 0 0 0.538431 0 0.585012 0 0 0.54569 0.614149 0 0 0 0 0 0 0 0 0 0 0.570505 0 0 0 0 0 0 0 0 0 0 0 0 0.492168 0 0 0 0 0 0 0 0.593746 0.479733 0 0 0.610834 0 0 0 0 0 0 0 0.596631 0 0 0 0.466027 0 0.49729 0.586291 0 0 0 0 0 0 0 0 0.544953 0 0 0 0
0 0.497602 0.53354 0 0 0 0.516824 0 0 0 0 0.520471 0 0 0 0 0 0 0 0 0.532295 0 0 0 0 0 0 0 0 0.582162 0 0 0 0.55847 0 0.563822 0 0 0 0 0 0 0 0 0.611243 0 0 0 0 0 0 0 0 0 0 0.608247 0 0.542656 0 0.552299 0 0.476066 0.47882 0 0 0 0 0 0 0 0.4994 0.579161 0 0.546959 0 0 0 0.597526 0 0 0 0 0 0 0 0 0 0.601065 0 0 0 0.606044 0 0 0 0 0 0 0 0
0 0.532783 0 0 0.563987 0.562783 0 0 0 0 0 0 0 0 0 0 0 0 0 0 0.600389 0 0 0 0 0 0 0.539064 0 0 0.492315 0 0 0 0 0 0 0 0.599308 0.558058 0 0.569338 0 0 0.46628 0 0 0 0 0 0 0 0.550756 0 0 0 0.499982 0.548981 0 0 0 0.611943 0 0 0 0 0.536631 0 0 0 0.476071 0 0 0 0 0 0 0 0 0 0 0 0 0 0 0 0 0 0.590038 0.505513 0 0.544793 0 0 0 0 0 0 0 0
0.582417 0 0.548033 0 0 0 0.49801 0 0 0 0 0 0 0 0 0 0 0 0.594918 0 0 0 0 0 0 0 0 0 0 0 0 0 0 0 0 0 0.540722 0 0 0 0.474598 0 0 0 0 0 0 0 0 0 0 0 0 0 0.553309 0 0 0 0 0 0.580518 0 0 0 0 0 0 0 0 0.599983 0 0 0 0 0.592178 0 0 0 0 0 0 0 0 0 0.491486 0 0 0.55662 0 0.466797 0 0 0 0 0 0 0 0 0 0.49467
0 0 0 0 0 0 0 0 0.575614 0 0 0 0.553449 0 0 0 0.502862 0.48734 0 0 0 0 0 0 0 0 0 0 0.541298 0.589404 0.465113 0 0 0 0 0 0 0 0 0 0 0 0.519197 0 0.506381 0 0 0 0 0 0 0 0 0 0 0 0 0 0 0 0 0 0 0.604812 0 0.602061 0 0 0 0 0 0.567471 0.51267 0.529227 0.485691 0 0 0 0.488064 0 0.570384 0 0 0 0 0 0 0 0 0 0 0 0 0 0 0 0.515757 0 0 0.553694
0 0 0 0 0 0 0.500909 0.589235 0 0 0 0 0 0 0 0 0 0 0 0 0 0 0 0 0.539064 0 0 0 0 0 0 0.557383 0.476519 0 0.463105 0 0 0 0.472826 0 0 0 0 0.598777 0 0 0 0 0.58709 0.604067 0 0 0 0 0 0 0.560547 0 0 0 0 0.512721 0 0.581932 0 0 0 0 0 0 0 0 0.551462 0 0.547606 0 0.491182 0 0 0 0.594098 0 0 0 0 0 0.495889 0 0.596037 0 0 0 0 0 0 0 0.538916 0 0 0
0 0 0 0 0 0.480213 0 0 0 0 0.541262 0 0 0 0.521035 0 0.544734 0 0 0.578745 0.550916 0 0 0 0 0 0.541298 0 0 0 0 0 0.52832 0 0 0 0.514444 0 0.55757 0 0 0.482884 0 0 0 0.595382 0 0 0 0 0 0 0.542925 0 0 0 0 0 0.495684 0 0 0 0 0 0 0.542956 0 0 0 0 0 0.555156 0 0 0.599522 0 0 0 0 0 0 0 0 0 0 0 0 0.472232 0.483146 0 0 0 0.541612 0 0.582592 0.604755 0 0 0 0
0 0 0 0 0.560318 0 0.503653 0 0 0 0 0 0 0 0 0 0 0.553403 0 0 0 0.612093 0.538431 0.582162 0 0 0.589404 0 0 0 0.510012 0 0 0.495681 0.512803 0 0 0 0 0.596086 0 0.471757 0.506321 0 0 0 0 0 0 0.527111 0 0 0.579224 0 0 0.571005 0.589182 0 0.511335 0 0 0 0 0 0 0 0 0.52143 0 0.574679 0 0.589608 0 0 0 0 0 0 0 0 0 0 0.477141 0 0 0 0 0 0.594746 0.490272 0 0 0 0 0 0 0 0 0.538188 0
0.585673 0.595357 0.536274 0.515402 0 0 0.458973 0.472102 0.595419 0 0 0 0.587235 0 0.603311 0 0 0 0 0 0.548542 0 0 0 0.492315 0 0.465113 0 0 0.510012 0 0.514951 0 0 0 0 0.539457 0 0 0 0 0.602959 0.522979 0 0.52455 0.480452 0 0.605234 0 0.518033 0 0 0 0.489513 0 0 0 0 0 0 0.562682 0 0 0 0 0 0 0 0.609578 0 0.486185 0 0 0.470795 0 0 0 0 0 0 0 0 0.479254 0.576562 0 0 0.602569 0 0 0 0.537178 0.606282 0 0 0 0 0 0 0 0
0 0 0.480747 0 0 0 0 0 0 0 0.585645 0 0 0 0 0 0 0 0 0 0 0 0.585012 0 0 0 0 0.557383 0 0 0.514951 0 0 0 0 0 0.528423 0 0 0 0 0 0.5721 0 0 0 0 0.462845 0.589225 0 0 0 0 0 0 0 0 0.478213 0.476587 0 0 0 0 0 0 0 0.585644 0.50302 0 0 0 0 0 0 0 0 0 0 0 0 0 0.511231 0 0.471323 0 0 0.600425 0 0 0 0 0 0 0 0 0 0.518317 0 0 0
0 0 0 0 0 0.559592 0 0 0.607846 0 0 0 0 0 0 0 0.52222 0 0 0 0.54128 0 0 0 0 0 0 0.476519 0.52832 0 0 0 0 0 0 0.579739 0 0.60715 0 0.597474 0.494274 0.485552 0 0 0 0 0 0.603901 0 0 0 0.463031 0 0.492912 0 0.46054 0 0.589215 0 0 0 0 0 0 0 0.507086 0.572541 0 0 0.479692 0 0 0 0 0 0 0 0 0 0.487023 0 0.490881 0 0 0 0 0.486058 0 0 0 0 0 0 0 0 0 0 0 0 0
0 0 0 0 0 0 0 0 0 0 0.462495 0 0 0 0 0 0 0.549542 0 0 0 0 0 0.55847 0 0 0 0 0 0.495681 0 0 0 0 0 0 0 0.546306 0 0.493702 0.60301 0 0 0 0.488501 0 0 0 0 0.591991 0 0 0 0 0 0 0.57299 0 0 0 0 0 0 0 0 0.465478 0 0 0 0.534837 0 0 0 0.587112 0 0 0 0.573032 0 0 0 0.609573 0 0 0.519578 0 0 0 0 0 0 0 0.485858 0 0 0.53047 0 0.607685 0 0
0 0 0 0 0.484309 0 0.603662 0 0 0 0.559919 0 0.517636 0 0 0 0 0 0 0 0 0 0.54569 0 0 0 0 0.463105 0 0.512803 0 0 0 0 0 0.561243 0 0 0 0.603675 0 0 0 0 0 0 0 0 0 0 0 0 0 0 0 0 0 0 0 0 0 0 0.492617 0 0 0 0 0 0 0 0.548208 0 0 0 0.462454 0.572125 0 0 0 0 0.466026 0 0 0 0 0 0 0 0 0 0 0 0 0 0.575309 0 0.559716 0 0 0.497835
0.603714 0 0 0 0 0 0 0 0.475424 0 0.473948 0 0 0.570152 0.591801 0 0 0.562032 0.536419 0 0.559998 0 0.614149 0.563822 0 0 0 0 0 0 0 0 0.579739 0 0.561243 0 0 0.481386 0.573129 0 0 0 0 0 0 0.578262 0.547438 0 0 0 0.569633 0 0.528991 0 0 0 0 0 0 0 0 0 0.549865 0 0 0 0.52067 0 0 0 0 0.485731 0 0 0 0.473914 0.526433 0 0.515073 0 0.531569 0 0 0 0 0 0 0 0 0.487085 0.462409 0 0 0 0.513967 0 0.579091 0 0 0.559066
0 0 0.504088 0.530665 0 0 0 0 0 0 0 0.498666 0 0 0 0 0 0 0 0.518535 0 0 0 0 0 0.540722 0 0 0.514444 0 0.539457 0.528423 0 0 0 0 0 0 0.577984 0 0 0.523626 0 0.58437 0 0.45987 0 0.582544 0 0 0 0 0.586695 0.584019 0 0.490071 0 0 0 0 0.585895 0 0 0.590764 0 0 0 0 0 0 0 0 0 0.594501 0 0 0 0 0 0 0 0 0 0 0 0 0.590548 0.516239 0.579892 0 0.469262 0 0.554469 0 0 0.552174 0.521426 0.516894 0 0.595062
0 0 0 0.463921 0 0 0 0 0 0 0.503346 0.55253 0 0 0 0 0 0.565646 0 0 0 0 0 0 0 0 0 0 0 0 0 0 0.60715 0.546306 0 0.481386 0 0 0.601234 0 0 0 0 0 0 0 0 0.56106 0 0 0 0 0.600599 0.516198 0 0 0 0.459922 0 0 0 0.505708 0 0 0 0 0 0 0 0 0.509688 0.506187 0 0 0 0 0 0 0 0 0 0 0 0 0 0 0.525834 0 0 0 0 0 0 0 0 0.468599 0.492732 0 0 0
0 0 0 0 0 0 0 0 0 0 0 0 0.559985 0 0 0.545895 0 0 0 0 0 0 0 0 0.599308 0 0 0.472826 0.55757 0 0 0 0 0 0 0.573129 0.577984 0.601234 0 0 0.51175 0 0 0 0 0 0 0 0 0.458502 0 0 0 0 0 0 0 0 0 0 0.592754 0 0.551445 0 0.570223 0 0 0 0 0.558575 0.500218 0.596734 0 0 0.590606 0 0 0.573397 0 0.492354 0 0 0.566284 0 0 0 0.609979 0.473964 0 0.614557 0.5276 0.487795 0 0 0 0 0 0 0 0
0 0.46347 0 0 0 0.46141 0 0 0 0 0 0 0 0.593073 0 0 0 0 0 0 0 0.565288 0 0 0.558058 0 0 0 0 0.596086 0 0 0.597474 0.493702 0.603675 0 0 0 0 0 0 0.569455 0 0.520503 0 0.488458 0 0 0 0 0 0 0 0 0.561689 0 0 0 0 0 0 0 0.484046 0 0.546653 0 0.514942 0 0 0 0 0.486486 0 0 0 0.529295 0 0 0 0.493539 0 0 0 0 0 0.534743 0 0 0 0 0 0 0 0.500586 0 0 0.497657 0 0 0
0 0 0 0 0 0.614222 0 0 0.532191 0 0 0 0.574398 0.592187 0 0 0 0 0 0 0 0 0 0 0 0.474598 0 0 0 0 0 0 0.494274 0.60301 0 0 0 0 0.51175 0 0 0 0.59475 0 0 0 0 0 0 0 0 0 0 0.601759 0 0 0 0.550774 0 0.593308 0.522368 0.542945 0 0 0 0.554556 0.477223 0 0 0.599042 0.58223 0 0 0.47095 0 0 0 0 0.60827 0 0.545 0 0 0.582766 0 0 0 0 0 0.566287 0 0 0 0 0 0.459253 0 0 0 0.513131
0 0.49187 0.482256 0 0.548407 0 0 0 0 0.550177 0.491525 0 0 0 0 0.539182 0 0 0 0 0 0 0 0 0.569338 0 0 0 0.482884 0.471757 0.602959 0 0.485552 0 0 0 0.523626 0 0 0.569455 0 0 0.592781 0 0 0 0 0 0 0.501738 0 0 0 0 0 0 0 0 0 0 0.512985 0 0 0 0.596793 0 0.502144 0.553132 0 0 0 0 0 0 0 0 0 0.468586 0 0 0 0 0.54546 0 0 0 0 0 0.469258 0 0.548127 0 0 0.497413 0 0.58371 0 0 0 0
0.534939 0 0 0 0 0 0 0 0 0.608701 0 0 0 0 0 0 0 0 0.487649 0 0.606515 0 0 0 0 0 0.519197 0 0 0.506321 0.522979 0.5721 0 0 0 0 0 0 0 0 0.59475 0.592781 0 0 0 0 0 0.53798 0 0 0 0.571914 0 0.48729 0 0 0 0 0 0.463436 0.588431 0 0 0 0.476591 0 0 0 0.585739 0 0 0.518122 0 0 0 0.52192 0.548845 0 0 0 0 0 0 0 0.54928 0 0.607807 0 0 0.608604 0 0 0 0 0 0 0 0.520034 0 0
0 0 0 0 0 0.581698 0.529512 0 0 0 0.472772 0 0 0 0 0 0 0 0 0 0 0 0 0 0 0 0 0.598777 0 0 0 0 0 0 0 0 0.58437 0 0 0.520503 0 0 0 0 0 0 0 0 0 0 0 0.612813 0 0 0 0 0 0 0 0 0 0 0 0 0 0.468219 0 0 0 0 0 0 0.59065 0 0 0 0 0 0 0 0.57254 0 0 0 0 0 0 0 0 0 0 0.583685 0.612486 0 0 0 0 0 0 0
0 0 0.591989 0 0 0.584793 0.555503 0 0.51526 0.611566 0 0 0 0 0 0 0 0 0 0 0 0 0 0.611243 0.46628 0 0.506381 0 0 0 0.52455 0 0 0.488501 0 0 0 0 0 0 0 0 0 0 0 0 0 0 0 0 0 0 0.498737 0 0 0 0 0 0 0 0 0 0 0 0 0 0 0.57197 0.613333 0 0.592117 0.467321 0.610418 0 0 0 0 0 0.575562 0.508646 0 0 0 0 0.609784 0 0 0.567395 0.543598 0 0 0 0 0 0 0 0 0 0 0
0 0 0.53333 0 0 0.541134 0 0 0 0 0.581291 0 0 0 0 0 0 0 0 0.481946 0.471476 0 0 0 0 0 0 0 0.595382 0 0.480452 0 0 0 0 0.578262 0.45987 0 0 0.488458 0 0 0 0 0 0 0 0.531467 0 0.555333 0 0.574889 0 0 0 0 0 0.572454 0 0 0.56135 0 0 0 0 0 0.464994 0 0 0.611486 0 0 0.478741 0 0 0 0 0 0 0 0 0.539607 0.590766 0 0 0 0 0 0 0.563068 0 0.603923 0 0 0 0 0 0 0 0
0 0.579593 0 0 0.504654 0 0 0.584481 0 0 0 0 0 0 0 0 0 0 0 0 0 0 0.570505 0 0 0 0 0 0 0 0 0 0 0 0 0.547438 0 0 0 0 0 0 0 0 0 0 0 0.494263 0 0 0 0 0 0.530125 0 0 0 0 0.512577 0 0 0 0.500307 0 0 0 0.48517 0 0 0 0 0 0 0 0.5554 0 0 0 0 0.512135 0.459662 0.587453 0 0 0 0 0 0 0 0 0 0 0 0 0.530141 0 0 0 0 0
0 0 0 0 0 0 0 0.485431 0.494543 0 0 0 0 0 0 0 0 0.537784 0 0 0 0 0 0 0 0 0 0 0 0 0.605234 0.462845 0.603901 0 0 0 0.582544 0.56106 0 0 0 0 0.53798 0 0 0.531467 0.494263 0 0 0.58077 0.499376 0.551055 0.545575 0 0 0 0.481039 0 0.541336 0 0.579785 0.542612 0 0.588858 0 0.553485 0 0.472648 0 0 0 0 0 0 0 0 0 0 0 0 0 0 0.592033 0.462882 0 0 0.523029 0.474929 0 0.541843 0 0 0 0 0 0 0.472433 0 0 0
0 0 0 0 0 0.470916 0 0 0 0 0 0 0.606338 0.579857 0 0 0 0 0 0 0 0 0 0 0 0 0 0.58709 0 0 0 0.589225 0 0 0 0 0 0 0 0 0 0 0 0 0 0 0 0 0 0 0 0.606756 0 0 0 0.526844 0 0 0 0 0 0.502351 0 0.54552 0 0 0 0 0 0 0 0 0.47829 0.513461 0 0 0 0 0 0 0.612596 0 0 0.520731 0 0.483772 0.556356 0.510153 0 0 0 0.481161 0 0 0 0 0.522843 0 0 0
0 0 0 0.568156 0 0 0 0 0.506607 0 0 0 0 0 0 0 0 0 0 0 0 0 0 0 0 0 0 0.604067 0 0.527111 0.518033 0 0 0.591991 0 0 0 0 0.458502 0 0 0.501738 0 0 0 0.555333 0 0.58077 0 0 0 0 0.499923 0 0 0 0 0 0 0 0.54777 0 0 0.597792 0 0 0 0 0 0 0 0 0.56726 0 0 0.529881 0 0 0.589559 0 0.558735 0 0.59902 0 0 0 0 0 0 0 0 0.505843 0 0 0 0 0.506441 0 0 0
0.577949 0 0 0 0 0 0 0 0.479232 0 0 0 0.514176 0 0 0 0.614262 0 0 0.599652 0.511959 0 0 0 0 0 0 0 0 0 0 0 0 0 0 0.569633 0 0 0 0 0 0 0 0 0 0 0 0.499376 0 0 0 0 0 0 0.600213 0 0 0 0 0 0 0 0 0 0 0 0 0 0.584496 0 0.478172 0 0 0 0 0.557369 0 0 0 0.498649 0 0 0 0 0 0 0.613204 0 0 0.498347 0 0.48122 0 0 0 0 0 0 0 0
0 0.547697 0 0 0 0.463469 0 0 0 0 0 0 0 0.519316 0 0 0 0 0 0 0 0.586406 0 0 0 0 0 0 0 0 0 0 0.463031 0 0 0 0 0 0 0 0 0 0.571914 0.612813 0 0.574889 0 0.551055 0.606756 0 0 0 0.496292 0 0.569721 0 0 0 0 0 0 0 0 0 0 0 0 0.472778 0.515005 0 0 0 0 0 0 0.565554 0 0 0.507887 0 0 0 0.460067 0 0 0 0 0 0 0 0.470614 0.612234 0.519883 0.530342 0.495836 0 0 0 0.463462 0.516951
0 0 0 0 0 0 0.481371 0 0.462837 0 0 0 0 0 0 0 0.576519 0 0 0 0 0 0 0 0.550756 0 0 0 0.542925 0.579224 0 0 0 0 0 0.528991 0.586695 0.600599 0 0 0 0 0 0 0.498737 0 0 0.545575 0 0.499923 0 0.496292 0 0 0 0 0 0.58023 0 0 0 0 0 0 0 0 0 0 0 0 0.578754 0 0 0 0 0 0 0.566464 0 0 0.487515 0 0 0 0 0 0 0 0.475306 0 0 0 0 0.560896 0 0 0 0 0 0
0 0 0 0 0 0.46263 0 0 0.576563 0 0 0 0 0.578788 0 0 0 0.482417 0 0.59003 0 0 0 0 0 0 0 0 0 0 0.489513 0 0.492912 0 0 0 0.584019 0.516198 0 0 0.601759 0 0.48729 0 0 0 0.530125 0 0 0 0 0 0 0 0 0 0 0 0 0 0 0 0.546964 0 0 0 0 0 0.608367 0 0 0.553155 0 0 0.463083 0.560599 0 0 0 0 0.55852 0 0 0 0 0 0.551819 0 0 0 0 0 0 0 0 0.520392 0 0 0.513895 0
0 0 0 0 0 0.536686 0.576423 0 0.580444 0 0 0 0 0 0 0 0 0 0 0 0 0.51011 0 0 0 0.553309 0 0 0 0 0 0 0 0 0 0 0 0 0 0.561689 0 0 0 0 0 0 0 0 0 0 0.600213 0.569721 0 0 0 0 0 0 0.492816 0 0 0 0 0.601151 0 0 0 0 0 0 0 0 0.600084 0 0 0 0 0 0.605664 0 0.485006 0.510679 0.611981 0 0.542967 0 0 0 0 0 0 0 0.562141 0 0 0 0 0 0 0.60811
0 0 0.544582 0 0 0 0 0 0.557098 0 0 0 0 0 0 0 0 0 0 0 0 0 0 0.608247 0 0 0 0 0 0.571005 0 0 0.46054 0 0 0 0.490071 0 0 0 0 0 0 0 0 0 0 0 0.526844 0 0 0 0 0 0 0 0 0 0 0 0 0 0 0 0 0.467238 0.561566 0 0.526573 0 0 0 0 0 0 0 0 0 0 0 0 0 0 0 0 0 0 0 0 0 0 0 0 0 0 0.575468 0.579802 0 0 0.557551
0 0 0 0 0 0 0 0 0 0.459733 0 0 0.515703 0 0 0.556079 0 0.534169 0 0 0.579435 0 0 0 0.499982 0 0 0.560547 0 0.589182 0 0 0 0.57299 0 0 0 0 0 0 0 0 0 0 0 0 0 0.481039 0 0 0 0 0 0 0 0 0 0 0 0 0 0 0 0 0 0 0 0 0 0 0 0 0 0 0 0 0 0 0 0 0.565006 0 0 0 0 0 0.537823 0 0.529092 0.506392 0 0 0 0 0 0 0 0 0 0
0 0 0 0 0.497293 0 0 0 0 0 0 0 0 0.556742 0 0 0 0 0 0 0 0 0 0.542656 0.548981 0 0 0 0 0 0 0.478213 0.589215 0 0 0 0 0.459922 0 0 0.550774 0 0 0 0 0.572454 0 0 0 0 0 0 0.58023 0 0 0 0 0 0.557496 0 0 0.479365 0 0 0 0 0 0 0.50252 0 0 0 0 0 0.508262 0 0.574794 0.556924 0 0 0 0 0 0 0 0 0 0 0 0 0 0 0.485911 0 0 0.476382 0 0 0 0
0.472393 0 0 0.520023 0.484492 0 0 0 0 0 0 0.501475 0 0 0.581939 0 0.478754 0 0 0.547418 0.484163 0 0 0 0 0 0 0 0.495684 0.511335 0 0.476587 0 0 0 0 0 0 0 0 0 0 0 0 0 0 0.512577 0.541336 0 0 0 0 0 0 0.492816 0 0 0.557496 0 0 0 0 0 0 0 0 0 0.502522 0 0.525178 0.494886 0 0 0 0 0 0 0.499209 0 0 0 0 0.570842 0 0 0 0 0 0.494195 0 0 0 0 0 0 0.478907 0 0 0 0.477705
0 0.612979 0 0 0 0 0.598821 0.539491 0 0 0 0 0 0 0 0 0.572209 0.573506 0 0 0 0 0.492168 0.552299 0 0 0 0 0 0 0 0 0 0 0 0 0 0 0 0 0.593308 0 0.463436 0 0 0 0 0 0 0 0 0 0 0 0 0 0 0 0 0 0 0 0 0.541537 0 0 0 0 0 0 0.476771 0 0 0.505283 0 0 0 0 0 0 0 0.602449 0 0 0 0 0.509941 0 0 0 0 0.467537 0.536209 0 0 0 0.461415 0.528481 0.61185 0.595951
0 0 0 0 0 0 0 0.52335 0.587946 0.524244 0 0 0.600868 0 0 0.571342 0.610876 0 0.491265 0 0 0.531433 0 0 0 0.580518 0 0 0 0 0.562682 0 0 0 0 0 0.585895 0 0.592754 0 0.522368 0.512985 0.588431 0 0 0.56135 0 0.579785 0 0.54777 0 0 0 0 0 0 0 0 0 0 0 0 0 0 0 0 0.534542 0 0.573439 0 0.589045 0.571819 0 0 0.50579 0 0 0 0 0 0 0.556678 0 0 0 0.461425 0 0 0 0.526921 0 0.585748 0 0 0.476185 0 0 0 0.519472 0.590996
0 0.558536 0.570608 0.569031 0 0 0 0 0 0 0 0 0 0 0 0 0 0 0 0 0 0 0 0.476066 0.611943 0 0 0.512721 0 0 0 0 0 0 0 0 0 0.505708 0 0 0.542945 0 0 0 0 0 0 0.542612 0.502351 0 0 0 0 0 0 0 0 0.479365 0 0 0 0 0 0.490812 0 0 0 0 0 0 0 0 0 0 0 0 0 0 0 0 0 0 0 0.477776 0 0.574196 0 0 0 0 0 0 0 0.537371 0 0.497724 0 0 0 0
0 0 0 0 0 0 0 0.516257 0 0 0.545409 0 0.55854 0 0 0 0 0.534534 0 0 0 0.554875 0 0.47882 0 0 0 0 0 0 0 0 0 0 0.492617 0.549865 0 0 0.551445 0.484046 0 0 0 0 0 0 0.500307 0 0 0 0 0 0 0.546964 0 0 0 0 0 0 0 0 0 0 0 0 0 0 0 0 0.545767 0 0 0.510943 0 0.525347 0 0 0 0 0 0 0.598802 0 0 0.467588 0.581641 0.584781 0.595187 0 0 0.589108 0 0 0.546279 0 0 0 0.510412 0
0 0 0 0 0 0.495753 0 0.519827 0 0 0 0.499552 0 0.526996 0 0.496488 0 0 0 0 0.519874 0 0 0 0 0 0.604812 0.581932 0 0 0 0 0 0 0 0 0.590764 0 0 0 0 0 0 0 0 0 0 0.588858 0.54552 0.597792 0 0 0 0 0.601151 0 0 0 0 0.541537 0 0.490812 0 0 0 0.558413 0 0 0 0 0.532507 0.600146 0 0 0 0.581434 0 0 0 0 0 0.581338 0 0 0 0 0 0 0.486176 0 0 0 0.472358 0 0 0 0 0 0 0
0.484689 0 0 0 0 0 0.588071 0 0 0 0 0 0 0 0 0 0 0 0 0 0 0 0 0 0 0 0 0 0 0 0 0 0 0 0 0 0 0 0.570223 0.546653 0 0.596793 0.476591 0 0 0 0 0 0 0 0 0 0 0 0 0 0 0 0 0 0 0 0 0 0 0 0.612895 0 0.541445 0 0 0 0.585508 0 0 0 0 0 0 0.478751 0 0 0 0 0 0.547093 0 0 0 0 0 0 0.490102 0 0 0 0.459935 0 0.532493 0
0 0 0 0.474139 0 0 0 0 0 0 0 0 0 0 0 0 0.489954 0 0 0.596378 0 0 0 0 0 0 0.602061 0 0.542956 0 0 0 0.507086 0.465478 0 0 0 0 0 0 0.554556 0 0 0.468219 0 0 0 0.553485 0 0 0 0 0 0 0 0.467238 0 0 0 0 0 0 0 0.558413 0 0 0 0.513649 0 0 0 0 0 0.471579 0 0 0 0 0 0.532219 0 0 0 0 0 0 0.56663 0 0 0 0 0 0 0.491383 0 0 0.482713 0 0 0
0 0 0 0 0.460181 0 0 0 0 0 0.536104 0 0.53166 0 0 0 0 0 0 0.459958 0 0 0 0 0.536631 0 0 0 0 0 0 0.585644 0.572541 0 0 0.52067 0 0 0 0.514942 0.477223 0.502144 0 0 0 0.464994 0.48517 0 0 0 0 0 0 0 0 0.561566 0 0 0 0 0.534542 0 0 0 0.612895 0 0 0 0 0 0 0 0 0.496166 0 0 0 0 0 0 0.503875 0 0 0 0.602543 0 0 0.53446 0 0 0 0 0.59526 0.554789 0 0.610445 0 0 0 0
0 0 0.513127 0.494329 0 0 0 0.527364 0 0 0 0 0 0 0 0 0 0 0 0 0 0 0.593746 0 0 0 0 0 0 0.52143 0 0.50302 0 0 0 0 0 0 0 0 0 0.553132 0 0 0.57197 0 0 0.472648 0 0 0 0.472778 0 0 0 0 0 0 0.502522 0 0 0 0 0 0 0.513649 0 0 0 0 0 0 0 0 0 0.478865 0.56115 0 0 0.568825 0.476643 0 0 0.477023 0 0 0 0.609415 0 0.591233 0 0 0 0 0 0 0 0.563447 0.578985 0.570592
0 0.494564 0 0 0 0 0.474951 0 0.603445 0 0 0 0.498153 0 0 0 0 0 0 0.488822 0 0 0.479733 0 0 0 0 0 0 0 0.609578 0 0 0 0 0 0 0 0 0 0 0 0.585739 0 0.613333 0 0 0 0 0 0.584496 0.515005 0 0.608367 0 0.526573 0 0.50252 0 0 0.573439 0 0 0 0.541445 0 0 0 0 0 0 0 0 0 0.601633 0 0 0 0 0.493413 0 0 0 0 0 0 0 0 0 0 0 0 0 0 0 0.522766 0 0 0 0
0 0 0 0 0.478153 0 0 0 0 0 0 0 0 0 0 0 0 0 0 0 0 0 0 0 0 0.599983 0 0 0 0.574679 0 0 0.479692 0.534837 0 0 0 0 0.558575 0 0.599042 0 0 0 0 0.611486 0 0 0 0 0 0 0 0 0 0 0 0 0.525178 0 0 0 0 0 0 0 0 0 0 0 0 0 0 0 0 0 0 0 0 0 0 0 0.57521 0 0.459131 0.512157 0.55958 0.56574 0 0 0 0.573452 0 0.596978 0 0.557642 0 0 0 0
0 0 0 0 0 0 0 0 0 0 0 0 0 0.572403 0 0 0 0 0.563454 0 0 0 0 0.4994 0.476071 0 0 0 0 0 0.486185 0 0 0 0.548208 0 0 0.509688 0.500218 0 0.58223 0 0 0 0.592117 0 0 0 0 0 0.478172 0 0.578754 0 0 0 0 0 0.494886 0.476771 0.589045 0 0.545767 0.532507 0 0 0 0 0 0 0 0.555145 0 0.480617 0 0 0 0 0 0.586921 0 0 0 0.594119 0 0 0.490991 0 0 0 0 0 0 0 0.521294 0 0.52767 0 0 0
0 0 0 0 0.464334 0.540232 0 0 0 0 0 0 0 0 0 0 0 0 0 0.584498 0 0 0.610834 0.579161 0 0 0.567471 0 0.555156 0.589608 0 0 0 0 0 0.485731 0 0.506187 0.596734 0.486486 0 0 0.518122 0 0.467321 0 0 0 0 0 0 0 0 0.553155 0 0 0 0 0 0 0.571819 0 0 0.600146 0 0 0 0 0 0 0.555145 0 0 0 0 0 0.5025 0 0 0 0 0 0.566565 0 0 0 0.598059 0 0 0 0 0 0 0 0 0 0 0 0 0
0 0 0 0 0.516948 0.520221 0 0 0 0.469659 0 0.465 0 0.532446 0 0 0 0 0 0.519851 0 0.521921 0 0 0 0 0.51267 0.551462 0 0 0 0 0 0 0 0 0 0 0 0 0 0 0 0.59065 0.610418 0.478741 0 0 0.47829 0.56726 0 0 0 0 0.600084 0 0 0 0 0 0 0 0 0 0.585508 0 0 0 0 0 0 0 0 0.534804 0.605803 0 0 0 0 0 0 0.585848 0 0.585816 0.572231 0 0 0.550951 0 0 0 0.541945 0.590287 0 0.56992 0 0 0 0 0.5355
0.594726 0.546198 0 0 0 0 0 0 0 0 0 0.528324 0 0.498592 0 0.5083 0 0 0 0 0 0 0 0.546959 0 0 0.529227 0 0 0 0.470795 0 0 0.587112 0 0 0.594501 0 0 0 0.47095 0 0 0 0 0 0 0 0.513461 0 0 0 0 0 0 0 0 0 0 0.505283 0 0 0.510943 0 0 0.471579 0.496166 0 0 0 0.480617 0 0.534804 0 0 0 0 0 0 0 0 0 0 0 0 0 0 0 0 0 0.59315 0 0 0 0 0 0 0 0 0
0.518555 0 0 0 0 0 0 0.464907 0.552607 0.540092 0 0 0 0 0 0 0 0 0 0.572524 0 0 0 0 0 0.592178 0.485691 0.547606 0.599522 0 0 0 0 0 0.462454 0 0 0 0.590606 0 0 0 0 0 0 0 0.5554 0 0 0 0 0 0 0.463083 0 0 0 0.508262 0 0 0.50579 0 0 0 0 0 0 0 0.601633 0 0 0 0.605803 0 0 0 0 0 0 0 0 0 0 0 0.58702 0 0 0 0 0 0 0 0.520833 0 0.53134 0 0 0 0.536128 0
0 0 0.545336 0 0 0 0 0 0 0 0 0 0 0 0.548595 0 0 0 0 0 0 0 0 0 0 0 0 0 0 0 0 0 0 0 0.572125 0.473914 0 0 0 0.529295 0 0 0.52192 0 0 0 0 0 0 0.529881 0.557369 0.565554 0 0.560599 0 0 0 0 0 0 0 0 0.525347 0.581434 0 0 0 0.478865 0 0 0 0 0 0 0 0 0 0 0 0 0 0 0 0 0 0 0 0 0.540807 0.467353 0 0 0 0 0 0.595945 0.491364 0.544065 0.564446 0
0.495952 0 0 0 0.501565 0 0 0.526124 0 0.595965 0 0 0.603919 0 0.614739 0 0 0 0 0 0 0.569913 0 0 0 0 0 0.491182 0 0 0 0 0 0 0 0.526433 0 0 0 0 0 0 0.548845 0 0 0 0 0 0 0 0 0 0 0 0 0 0 0.574794 0 0 0 0 0 0 0 0 0 0.56115 0 0 0 0.5025 0 0 0 0 0 0 0 0.533023 0 0 0 0.553252 0 0 0 0 0 0 0 0 0 0 0 0 0 0 0 0
0 0 0 0 0 0 0 0 0 0 0 0.555586 0 0 0 0 0 0 0 0 0 0.471365 0 0.597526 0 0 0 0 0 0 0 0 0 0.573032 0 0 0 0 0.573397 0 0 0.468586 0 0 0 0 0 0 0 0 0 0 0.566464 0 0 0 0 0.556924 0.499209 0 0 0 0 0 0 0 0 0 0 0 0 0 0 0 0 0 0 0 0 0 0.581249 0 0 0 0.500914 0 0 0 0.560894 0 0 0 0 0 0 0 0 0 0.549337 0.573728
0 0 0 0 0 0 0 0 0 0.480328 0 0 0 0.47662 0.516628 0 0 0 0.493744 0.471068 0.572865 0 0 0 0 0 0.488064 0 0 0 0 0 0 0 0 0.515073 0 0 0 0 0.60827 0 0 0 0.575562 0 0 0 0 0.589559 0 0.507887 0 0 0.605664 0 0 0 0 0 0 0 0 0 0 0 0 0 0 0 0 0 0 0 0 0 0 0 0 0 0 0 0 0 0 0 0 0 0 0 0 0.595672 0 0 0 0 0 0.494648 0 0
0.484159 0 0 0 0.563105 0 0.571848 0 0 0 0 0 0 0 0 0 0 0.494135 0 0 0 0 0.596631 0 0 0 0 0 0 0 0 0 0.487023 0 0 0 0 0 0.492354 0.493539 0 0 0 0 0.508646 0 0.512135 0 0 0 0.498649 0 0 0 0 0 0 0 0 0 0 0 0 0 0.478751 0.532219 0 0.568825 0.493413 0 0.586921 0 0 0 0 0 0.533023 0 0 0 0 0 0 0 0.541918 0 0 0.514455 0 0 0 0 0.593798 0 0 0 0.506746 0 0 0
0 0 0 0.537799 0 0 0 0 0 0 0 0 0.580915 0 0.53099 0 0.508023 0.488887 0 0 0 0 0 0 0 0 0.570384 0.594098 0 0 0 0 0 0 0.466026 0.531569 0 0 0 0 0.545 0 0 0.57254 0 0 0.459662 0 0.612596 0.558735 0 0 0.487515 0.55852 0.485006 0 0.565006 0 0 0 0 0 0 0 0 0 0.503875 0.476643 0 0 0 0 0 0 0 0 0 0.581249 0 0 0 0 0 0 0 0 0.542707 0 0 0.520202 0 0 0 0 0 0.463167 0 0 0 0
0 0 0 0 0 0 0.569107 0 0 0.546042 0 0.603359 0 0 0 0.572297 0 0.575991 0 0 0.542877 0.612462 0 0 0 0 0 0 0 0 0 0.511231 0.490881 0.609573 0 0 0 0 0 0 0 0 0 0 0 0.539607 0.587453 0 0 0 0 0 0 0 0.510679 0 0 0 0 0.602449 0.556678 0 0 0.581338 0 0 0 0 0 0 0 0 0.585848 0 0 0 0 0 0 0 0 0 0 0 0 0 0 0 0.511153 0 0 0.6032 0 0 0 0 0 0 0 0
0 0.584376 0 0.571681 0.598939 0 0 0 0 0 0 0.610971 0 0 0 0 0 0 0 0.566319 0 0 0 0 0 0 0 0 0 0.477141 0.479254 0 0 0 0 0 0 0 0.566284 0 0 0.54546 0 0 0 0.590766 0 0.592033 0 0.59902 0 0.460067 0 0 0.611981 0 0 0 0.570842 0 0 0 0.598802 0 0 0 0 0 0 0.57521 0 0.566565 0 0 0 0 0 0 0 0 0 0 0 0 0 0 0 0 0 0.493503 0 0.572284 0.539199 0 0 0 0 0 0 0
0 0 0 0 0 0.536277 0 0 0 0 0 0 0 0 0 0.478267 0.571479 0 0 0 0 0 0.466027 0 0 0 0 0 0 0 0.576562 0.471323 0 0 0 0 0 0 0 0 0.582766 0 0 0 0 0 0 0.462882 0.520731 0 0 0 0 0 0 0 0 0 0 0 0 0.477776 0 0 0 0 0 0.477023 0 0 0.594119 0 0.585816 0 0 0 0.553252 0 0 0 0 0 0 0 0 0 0.516181 0 0 0.552139 0 0 0 0.464673 0 0 0 0 0 0.54011
0 0 0 0 0 0 0.482663 0 0 0 0 0 0 0 0 0 0 0.490444 0 0 0 0 0 0 0 0.491486 0 0 0 0 0 0 0 0.519578 0 0 0 0 0 0 0 0 0.54928 0 0.609784 0 0 0 0 0 0 0 0 0 0.542967 0 0 0 0 0 0 0 0 0 0 0 0.602543 0 0 0.459131 0 0 0.572231 0 0.58702 0 0 0.500914 0 0.541918 0 0 0 0 0 0 0 0.486427 0 0.500489 0.597061 0 0 0.477422 0 0 0 0 0 0
0 0 0.540828 0 0 0 0 0.474279 0 0 0 0 0.48876 0 0.485961 0 0.501404 0.582846 0 0 0 0 0.49729 0 0 0 0 0 0 0 0 0 0 0 0 0 0 0 0 0.534743 0 0 0 0 0 0 0 0 0.483772 0 0 0 0 0 0 0 0 0 0 0 0.461425 0.574196 0.467588 0 0.547093 0 0 0 0 0.512157 0 0 0 0 0 0 0 0 0 0 0 0 0 0 0 0 0 0 0 0 0 0 0.543885 0 0.50287 0 0.614263 0 0 0.471737
0 0 0 0 0.570838 0 0 0 0 0 0 0.588529 0.591458 0 0 0 0 0 0.507602 0 0.592254 0 0.586291 0 0 0 0 0.495889 0 0 0.602569 0.600425 0.486058 0 0 0 0.590548 0.525834 0.609979 0 0 0 0.607807 0 0 0 0 0.523029 0.556356 0 0.613204 0 0 0.551819 0 0 0.537823 0 0 0.509941 0 0 0.581641 0 0 0.56663 0 0 0 0.55958 0.490991 0.598059 0 0 0 0 0 0 0 0 0.542707 0 0 0.516181 0 0 0 0 0 0 0 0 0 0 0.480162 0 0 0 0 0
0 0 0.571229 0 0 0 0 0 0.562167 0 0 0 0 0 0.542115 0 0.484452 0 0.53711 0 0.585942 0 0 0.601065 0 0.55662 0 0 0.472232 0 0 0 0 0 0 0 0.516239 0 0.473964 0 0 0 0 0 0.567395 0 0 0.474929 0.510153 0 0 0 0 0 0 0 0 0 0 0 0 0 0.584781 0 0 0 0.53446 0.609415 0 0.56574 0 0 0.550951 0 0 0 0 0 0 0.514455 0 0 0 0 0.486427 0 0 0 0.534953 0 0.56161 0 0.590075 0 0 0 0 0.594725 0 0
0 0 0 0 0 0 0 0.601423 0 0 0.503066 0 0 0 0 0 0 0 0 0 0 0 0 0 0.590038 0 0 0.596037 0.483146 0.594746 0 0 0 0 0 0 0.579892 0 0 0 0 0.469258 0 0 0.543598 0 0 0 0 0 0 0 0.475306 0 0 0 0.529092 0 0.494195 0 0 0 0.595187 0.486176 0 0 0 0 0 0 0 0 0 0 0 0.540807 0 0.560894 0 0 0 0.511153 0 0 0 0 0 0.534953 0 0 0 0 0.476067 0.587497 0 0 0 0 0.539717 0
0 0 0 0 0 0 0 0 0 0.497516 0.579067 0 0 0.501546 0 0 0 0 0 0 0.511485 0.46732 0 0 0.505513 0.466797 0 0 0 0.490272 0 0 0 0 0 0.487085 0 0 0.614557 0 0.566287 0 0.608604 0 0 0.563068 0 0.541843 0 0 0.498347 0 0 0 0 0 0.506392 0 0 0 0.526921 0 0 0 0 0 0 0.591233 0 0 0 0 0 0 0 0.467353 0 0 0 0 0.520202 0 0.493503 0.552139 0.500489 0 0 0 0 0 0 0 0 0 0 0 0 0 0 0
0 0 0.464292 0 0 0 0 0 0 0.5209 0 0 0 0.473003 0 0 0 0 0 0.601496 0 0.531082 0 0 0 0 0 0 0 0 0.537178 0 0 0 0 0.462409 0.469262 0 0.5276 0 0 0.548127 0 0 0 0 0 0 0 0 0 0.470614 0 0 0 0 0 0 0 0 0 0 0 0 0 0 0 0 0 0 0 0 0 0.59315 0 0 0 0 0 0 0 0 0 0 0.597061 0 0 0.56161 0 0 0 0 0.528973 0 0 0 0.471223 0 0 0
0 0 0.556733 0 0.478958 0 0 0.56697 0 0 0 0 0 0 0 0 0 0 0 0 0 0 0 0.606044 0.544793 0 0 0 0 0 0.606282 0 0 0 0 0 0 0 0.487795 0 0 0 0 0.583685 0 0.603923 0 0 0.481161 0.505843 0.48122 0.612234 0 0 0 0 0 0 0 0.467537 0.585748 0 0.589108 0 0 0 0 0 0 0.573452 0 0 0.541945 0 0 0 0 0 0.595672 0 0 0.6032 0.572284 0 0 0 0 0 0 0 0 0 0 0 0 0 0 0 0 0.512918
0 0 0 0 0 0.589679 0 0 0 0 0 0 0 0.584935 0 0 0.539959 0 0 0 0 0 0 0 0 0 0 0 0.541612 0 0 0 0 0.485858 0 0 0.554469 0 0 0 0 0 0 0.612486 0 0 0 0 0 0 0 0.519883 0 0 0.562141 0 0 0.485911 0 0.536209 0 0 0 0.472358 0.490102 0 0.59526 0 0 0 0 0 0.590287 0 0.520833 0 0 0 0 0.593798 0 0 0.539199 0 0 0.543885 0 0.590075 0.476067 0 0.528973 0 0 0 0.59314 0 0.46448 0 0 0
0 0.580566 0 0 0.463027 0 0.561914 0 0 0 0 0 0 0 0 0 0 0 0 0.478447 0 0 0 0 0 0 0 0 0 0 0 0 0 0 0 0 0 0 0 0.500586 0 0.497413 0 0 0 0 0 0 0 0 0 0.530342 0.560896 0 0 0 0 0 0 0 0 0.537371 0 0 0 0.491383 0.554789 0 0 0.596978 0 0 0 0 0 0 0 0 0 0 0 0 0 0.464673 0.477422 0 0 0 0.587497 0 0 0 0 0 0 0 0 0 0.580451 0
0 0 0 0 0 0 0.596574 0 0 0 0.547188 0 0.459323 0 0 0 0 0.560712 0 0 0.467415 0 0 0 0 0 0 0 0.582592 0 0 0 0 0 0.575309 0.513967 0 0 0 0 0 0 0 0 0 0 0.530141 0 0 0 0 0.495836 0 0 0 0 0 0 0 0 0.476185 0 0.546279 0 0 0 0 0 0 0 0.521294 0 0.56992 0 0.53134 0 0 0 0 0 0 0 0 0 0 0.50287 0.480162 0 0 0 0 0 0.59314 0 0 0 0 0 0 0
0 0 0 0.549448 0 0 0.463548 0 0 0 0.54886 0 0 0.579873 0 0.602586 0 0 0 0 0 0 0.544953 0 0 0 0 0 0.604755 0 0 0 0 0.53047 0 0 0.552174 0.468599 0 0 0.459253 0.58371 0 0 0 0 0 0 0 0 0 0 0 0.520392 0 0.575468 0 0.476382 0.478907 0 0 0.497724 0 0 0 0 0.610445 0 0.522766 0.557642 0 0 0 0 0 0.595945 0 0 0 0 0.463167 0 0 0 0 0 0 0 0 0 0 0 0 0 0 0 0 0.463835 0 0.470365
0 0 0 0.514558 0 0.548557 0.605685 0 0 0.589329 0 0 0 0 0.606305 0.595935 0.588013 0 0.604711 0 0 0 0 0 0 0 0.515757 0.538916 0 0 0 0.518317 0 0 0.559716 0.579091 0.521426 0.492732 0 0.497657 0 0 0 0 0 0 0 0.472433 0.522843 0.506441 0 0 0 0 0 0.579802 0 0 0 0.461415 0 0 0 0 0.459935 0.482713 0 0 0 0 0.52767 0 0 0 0 0.491364 0 0 0 0.506746 0 0 0 0 0 0.614263 0 0 0 0 0.471223 0 0.46448 0 0 0 0 0 0 0
0 0 0 0 0 0 0.519184 0 0 0.465859 0.535887 0 0 0.467693 0 0 0 0 0 0.541905 0 0.49228 0 0 0 0 0 0 0 0 0 0 0 0.607685 0 0 0.516894 0 0 0 0 0 0.520034 0 0 0 0 0 0 0 0 0 0 0 0 0 0 0 0 0.528481 0 0 0 0 0 0 0 0.563447 0 0 0 0 0 0 0 0.544065 0 0 0.494648 0 0 0 0 0 0 0 0 0.594725 0 0 0 0 0 0 0 0.463835 0 0 0 0.602601
0 0 0 0 0 0 0 0 0 0 0 0 0.53494 0 0 0 0 0 0 0 0 0 0 0 0 0 0 0 0 0.538188 0 0 0 0 0 0 0 0 0 0 0 0 0 0 0 0 0 0 0 0 0 0.463462 0 0.513895 0 0 0 0 0 0.61185 0.519472 0 0.510412 0 0.532493 0 0 0.578985 0 0 0 0 0 0 0.536128 0.564446 0 0.549337 0 0 0 0 0 0 0 0 0 0 0.539717 0 0 0 0 0.580451 0 0 0 0 0 0
0 0 0 0 0 0 0.486919 0.56048 0 0 0 0 0 0 0 0 0 0 0 0 0 0 0 0 0 0.49467 0.553694 0 0 0 0 0 0 0 0.497835 0.559066 0.595062 0 0 0 0.513131 0 0 0 0 0 0 0 0 0 0 0.516951 0 0 0.60811 0.557551 0 0 0.477705 0.595951 0.590996 0 0 0 0 0 0 0.570592 0 0 0 0 0.5355 0 0 0 0 0.573728 0 0 0 0 0 0.54011 0 0.471737 0 0 0 0 0 0.512918 0 0 0 0.470365 0 0.602601 0 0
