100
0 0 0 0.584131 0 0 0 0 0 0 0 0 0 0 0 0 0 0 0 0 0 0 0.499382 0 0 0.582417 0 0 0 0 0 0 0 0 0 0.603714 0 0 0 0 0 0 0.534939 0 0 0 0 0 0 0 0 0 0 0 0 0 0 0 0 0 0 0 0 0 0 0 0.567395 0 0 0 0 0 0 0.594726 0.518555 0 0 0 0 0 0 0 0 0 0 0 0 0 0 0 0 0 0 0 0 0 0 0 0 0
0 0 0 0 0.609576 0.610757 0 0 0 0 0.469218 0 0 0 0 0 0 0 0.5536 0 0 0 0 0.497602 0.532783 0 0 0 0 0 0 0 0 0 0 0 0 0 0 0 0.614636 0.49187 0 0 0 0 0 0 0 0 0 0 0 0 0 0 0 0 0 0.612979 0 0 0 0 0 0 0 0 0 0 0 0 0 0 0 0 0 0 0 0 0 0 0 0 0 0 0 0 0 0 0 0 0 0.580566 0 0 0 0 0 0
0 0 0 0 0 0 0.570919 0 0 0 0 0 0.483134 0 0 0 0 0 0 0 0.518347 0.497699 0 0 0 0.548033 0 0 0 0 0 0 0 0 0 0 0 0 0 0 0 0.482256 0 0.595167 0 0 0 0 0 0 0 0 0 0 0 0 0 0.488174 0 0 0 0.570608 0 0 0 0 0 0.513127 0 0 0 0 0 0 0 0.545336 0 0 0 0 0 0 0 0 0 0.540828 0 0.571229 0 0 0 0 0.595336 0 0 0 0 0 0 0
0.584131 0 0 0 0 0 0 0 0 0 0 0 0 0 0 0 0 0 0 0 0 0 0 0 0 0 0 0 0 0 0.515402 0 0 0 0 0 0 0.463921 0 0 0 0 0 0 0 0 0 0 0 0 0 0 0 0 0 0 0 0 0.520023 0 0 0.569031 0 0 0.56741 0 0 0 0 0 0 0 0 0 0 0 0 0 0 0 0.537799 0 0.571681 0 0 0 0 0 0 0 0 0 0 0 0 0.549448 0.514558 0 0 0
0 0.609576 0 0 0 0 0 0 0 0 0 0 0 0.54913 0 0 0 0 0 0.525426 0 0 0 0 0 0 0 0 0 0.560318 0 0 0 0 0.484309 0 0 0 0 0 0.612179 0 0 0 0 0 0.504654 0 0 0 0 0 0 0 0 0 0 0.497293 0.484492 0 0 0 0 0 0 0 0 0 0 0 0 0 0 0 0 0 0 0 0 0.563105 0 0 0.598939 0 0 0 0.570838 0.601067 0 0 0 0.478958 0 0 0 0 0 0 0 0
0 0.610757 0 0 0 0 0 0 0 0 0 0 0 0 0 0 0 0 0.603372 0 0 0 0 0 0.562783 0 0 0 0.480213 0 0 0 0 0 0 0 0 0 0 0 0.614222 0 0 0.581698 0.584793 0 0 0 0.470916 0 0 0 0 0 0 0 0 0 0 0 0 0 0 0.495753 0 0 0 0 0 0 0 0 0.520221 0 0 0 0 0 0 0 0 0 0 0.536277 0 0 0 0 0 0 0 0 0.589679 0 0 0 0 0 0 0
0 0 0.570919 0 0 0 0 0 0 0.594299 0 0 0 0 0 0 0 0 0 0 0 0 0 0.516824 0 0 0 0 0 0 0 0 0 0 0 0 0 0 0 0 0 0 0 0.529512 0.555503 0 0 0 0 0 0 0 0.481371 0 0 0 0 0 0 0.598821 0 0 0 0 0 0 0 0 0.474951 0 0 0 0 0 0 0 0 0 0.463923 0 0 0.569107 0 0 0 0 0 0 0 0 0 0 0 0.561914 0.596574 0.463548 0 0 0 0
0 0 0 0 0 0 0 0 0 0 0 0 0 0 0.515358 0 0 0 0 0 0 0 0 0 0 0 0 0.589235 0 0 0 0 0 0 0 0 0 0 0 0 0 0 0 0 0 0 0 0 0 0 0 0 0 0 0 0 0 0 0 0.539491 0 0 0.516257 0 0 0 0 0.527364 0 0 0 0 0 0 0.464907 0 0 0 0 0 0 0 0 0 0 0.474279 0 0 0.601423 0 0 0 0 0 0 0 0 0 0 0.56048
0 0 0 0 0 0 0 0 0 0 0 0 0 0 0 0 0 0 0 0 0 0.557679 0 0 0 0 0 0 0 0 0.595419 0 0.607846 0 0 0 0 0 0 0 0 0 0 0 0.51526 0 0 0.494543 0 0 0.479232 0 0.462837 0 0.580444 0.557098 0 0 0 0 0.587946 0 0 0 0 0 0 0 0 0 0 0 0 0 0.552607 0 0 0 0 0 0 0 0 0 0 0 0 0.562167 0 0 0 0 0 0 0 0 0 0 0 0
0 0 0 0 0 0 0.594299 0 0 0 0 0 0 0 0 0 0.546424 0 0 0.472493 0 0 0 0 0 0 0 0 0 0 0 0 0 0 0 0 0 0 0 0 0 0 0.608701 0 0.611566 0 0 0 0 0 0 0 0 0 0 0 0 0 0 0 0.524244 0 0 0 0 0 0 0 0 0 0 0 0.469659 0 0 0 0.595965 0 0 0 0 0 0 0 0 0 0 0 0 0.497516 0 0 0 0 0 0 0 0.465859 0 0
0 0.469218 0 0 0 0 0 0 0 0 0 0 0 0 0 0.472871 0 0 0 0 0.463029 0 0 0 0 0 0 0.504744 0 0.52374 0 0.585645 0 0 0 0.473948 0 0 0 0 0 0 0 0 0 0 0 0 0 0 0 0 0 0 0 0 0 0 0 0 0 0 0 0 0 0 0 0 0 0 0 0 0 0 0 0 0 0 0 0 0 0 0 0 0 0 0 0 0 0.579067 0 0 0 0 0 0.54886 0 0 0 0
0 0 0 0 0 0 0 0 0 0 0 0 0 0 0.549052 0 0 0 0 0.552916 0 0 0 0.520471 0 0 0 0 0 0 0 0 0 0 0 0 0 0.55253 0 0 0 0 0 0 0 0 0 0 0 0 0 0 0 0 0 0 0 0 0 0 0 0 0 0.499552 0 0 0 0 0 0 0 0 0.465 0.528324 0 0 0 0 0 0 0 0 0 0 0 0 0.588529 0 0 0 0 0 0 0 0 0 0 0 0 0
0 0 0.483134 0 0 0 0 0 0 0 0 0 0 0 0 0 0 0 0 0 0 0 0 0 0 0 0 0 0 0 0 0 0 0 0 0 0 0 0 0 0.574398 0 0 0 0 0 0 0 0.606338 0 0 0 0 0 0 0 0.515703 0 0 0 0 0 0 0 0 0 0.53166 0 0.498153 0 0 0 0 0 0 0 0.603919 0 0 0 0.580915 0 0 0.50423 0 0.48876 0.591458 0 0 0 0 0 0 0 0.459323 0 0 0 0 0
0 0 0 0 0.54913 0 0 0 0 0 0 0 0 0 0 0 0 0 0 0.464527 0 0 0 0 0 0 0 0 0 0 0 0 0 0 0 0.570152 0 0 0 0.593073 0 0 0 0 0 0 0 0 0 0 0 0.519316 0 0 0 0 0 0 0 0 0 0 0 0 0 0 0 0 0 0 0.572403 0 0 0.498592 0 0 0 0 0 0 0 0 0 0 0 0 0 0 0 0 0.473003 0 0 0 0 0 0 0.467693 0 0
0 0 0 0 0 0 0 0.515358 0 0 0 0.549052 0 0 0 0 0 0 0 0 0 0.563325 0 0 0 0 0 0 0 0 0.603311 0 0 0 0 0.591801 0 0 0 0 0 0 0 0 0 0 0 0 0 0 0 0 0 0 0 0 0 0 0.581939 0 0 0 0 0 0 0 0 0 0 0 0 0 0 0.464835 0 0.548595 0 0 0.516628 0 0.53099 0 0 0 0 0.485961 0 0 0 0 0 0 0.516455 0 0 0 0 0 0 0
0 0 0 0 0 0 0 0 0 0 0.472871 0 0 0 0 0 0 0 0 0 0 0 0 0 0 0 0 0 0 0 0 0 0 0 0 0 0 0.528034 0 0 0 0.539182 0 0 0 0 0 0 0 0 0 0 0 0 0 0 0 0 0 0 0 0 0 0.496488 0 0 0 0 0 0 0 0 0 0.5083 0 0 0 0 0 0 0 0.572297 0 0.478267 0 0 0 0 0 0 0 0 0 0 0 0 0 0 0 0
0 0 0 0 0 0 0 0 0 0.546424 0 0 0 0 0 0 0 0 0 0 0 0 0 0 0 0 0.502862 0 0 0 0 0 0 0 0 0 0 0 0 0 0 0 0 0 0 0 0 0 0 0 0.614262 0 0 0 0 0 0 0 0.478754 0.572209 0 0 0 0 0 0.489954 0 0 0 0 0 0 0 0 0 0 0 0 0 0 0 0 0 0.571479 0 0 0 0.484452 0 0 0 0 0 0 0 0 0.588013 0 0 0
0 0 0 0 0 0 0 0 0 0 0 0 0 0 0 0 0 0 0 0.611259 0 0 0.580721 0 0 0 0.48734 0 0 0 0 0 0 0.549542 0 0.562032 0 0.565646 0 0 0 0 0 0 0 0 0 0 0 0 0 0 0 0.482417 0 0 0 0 0 0.573506 0 0 0.534534 0 0 0 0 0 0 0 0 0 0 0 0 0 0 0 0 0.494135 0 0.575991 0 0 0 0.582846 0 0 0 0 0 0 0 0 0 0 0 0 0 0
0 0.5536 0 0 0 0.603372 0 0 0 0 0 0 0 0 0 0 0 0 0 0 0 0 0 0 0.46729 0.594918 0 0 0 0 0 0 0 0 0 0.536419 0 0 0 0 0 0 0.487649 0 0 0 0 0 0 0 0 0 0 0 0 0 0 0 0 0 0 0 0 0 0 0 0 0 0 0 0.563454 0 0 0 0 0 0 0 0 0 0 0 0 0 0 0 0 0.53711 0 0 0 0 0 0 0 0 0 0 0 0
0 0 0 0 0.525426 0 0 0 0 0.472493 0 0.552916 0 0.464527 0 0 0 0.611259 0 0 0 0 0 0 0 0 0 0 0.578745 0 0 0 0 0 0 0 0 0 0 0 0 0 0 0 0 0 0 0 0 0 0.599652 0 0 0 0 0 0 0 0 0 0 0 0 0 0 0.596378 0 0 0.488822 0 0 0 0.519851 0 0.572524 0 0 0 0.471068 0 0 0 0 0 0 0 0 0 0 0 0 0 0 0 0 0 0 0 0 0
0 0 0.518347 0 0 0 0 0 0 0 0.463029 0 0 0 0 0 0 0 0 0 0 0 0 0 0.600389 0.579662 0 0 0.550916 0 0 0 0 0 0 0.559998 0 0 0 0 0 0 0.606515 0 0 0 0 0 0 0 0.511959 0 0 0 0 0 0 0 0 0 0 0 0 0.519874 0 0 0 0 0 0 0 0 0 0 0 0 0 0 0 0 0 0.542877 0 0 0 0 0.592254 0.585942 0 0.511485 0 0 0 0 0 0 0 0 0 0
0 0 0.497699 0 0 0 0 0 0.557679 0 0 0 0 0 0.563325 0 0 0 0 0 0 0 0 0 0 0 0 0 0 0.612093 0 0 0 0 0 0 0 0 0 0.565288 0 0 0 0 0 0 0 0 0.567239 0 0 0 0 0 0.51011 0 0 0 0 0 0 0 0.554875 0 0 0 0 0 0 0 0 0 0 0 0 0 0 0.471365 0 0 0 0.612462 0 0 0 0 0 0 0 0.46732 0.531082 0 0 0 0 0 0 0 0 0
0.499382 0 0 0 0 0 0 0 0 0 0 0 0 0 0 0 0 0.580721 0 0 0 0 0 0 0 0 0 0 0 0 0 0.585012 0 0 0.54569 0.614149 0 0 0 0 0 0 0 0 0 0 0 0 0 0 0 0 0 0 0 0 0 0 0 0.492168 0 0 0 0 0 0 0 0 0.479733 0 0 0 0 0 0 0 0 0 0 0 0 0 0 0 0 0.49729 0.586291 0 0 0 0 0 0 0 0 0 0 0 0 0
0 0.497602 0 0 0 0 0.516824 0 0 0 0 0.520471 0 0 0 0 0 0 0 0 0 0 0 0 0 0 0 0 0.600264 0 0 0 0 0 0 0.563822 0 0 0 0 0 0.614384 0 0 0 0 0 0 0 0 0 0 0 0 0 0.608247 0 0 0 0 0 0.476066 0 0 0 0 0 0 0 0 0.4994 0 0 0.546959 0 0.48415 0 0.597526 0 0 0 0 0 0 0 0 0 0.601065 0 0 0 0.606044 0 0 0 0 0 0 0 0
0 0.532783 0 0 0 0.562783 0 0 0 0 0 0 0 0 0 0 0 0 0.46729 0 0.600389 0 0 0 0 0 0 0 0 0 0.492315 0 0 0 0 0 0 0 0 0.558058 0 0 0 0 0 0 0 0 0 0 0 0 0.550756 0 0 0 0 0.548981 0 0 0 0 0 0 0 0 0 0 0 0 0.476071 0 0 0 0 0 0 0 0 0 0 0 0 0 0 0 0 0 0.590038 0 0 0.544793 0 0 0 0 0 0 0 0
0.582417 0 0.548033 0 0 0 0 0 0 0 0 0 0 0 0 0 0 0 0.594918 0 0.579662 0 0 0 0 0 0 0 0 0 0 0 0 0 0 0 0 0 0 0 0.474598 0 0 0 0 0 0 0 0 0 0 0 0 0 0 0 0 0 0 0 0 0 0 0 0 0 0 0 0 0.599983 0 0 0 0 0.592178 0 0 0 0 0 0 0 0 0 0 0 0 0.55662 0 0.466797 0 0 0 0 0 0 0 0 0 0
0 0 0 0 0 0 0 0 0 0 0 0 0 0 0 0 0.502862 0.48734 0 0 0 0 0 0 0 0 0 0 0.541298 0.589404 0.465113 0 0 0 0 0 0 0 0 0 0 0 0.519197 0 0.506381 0 0 0 0 0 0 0 0 0 0 0 0 0 0 0 0 0 0 0 0 0 0 0 0 0 0 0 0.51267 0.529227 0 0 0 0 0 0 0.570384 0 0 0 0 0 0 0 0 0 0 0 0 0 0 0 0 0 0 0.553694
0 0 0 0 0 0 0 0.589235 0 0 0.504744 0 0 0 0 0 0 0 0 0 0 0 0 0 0 0 0 0 0 0 0 0 0.476519 0 0 0 0 0 0.472826 0.552831 0 0 0.613004 0 0 0 0 0 0 0.604067 0 0 0 0 0 0 0 0 0 0 0 0.512721 0 0.581932 0 0 0 0 0 0 0 0 0.551462 0 0 0 0 0 0 0 0 0 0 0 0 0 0 0 0 0 0 0 0 0 0 0 0.538916 0 0 0
0 0 0 0 0 0.480213 0 0 0 0 0 0 0 0 0 0 0 0 0 0.578745 0.550916 0 0 0.600264 0 0 0.541298 0 0 0 0 0 0 0 0 0 0 0 0.55757 0 0 0.482884 0 0 0 0.595382 0 0 0 0 0 0 0.542925 0 0 0 0 0 0 0 0 0 0 0 0 0.542956 0 0 0 0 0 0.555156 0 0 0 0 0 0 0 0 0 0 0 0 0 0 0 0.472232 0 0 0 0 0.541612 0 0.582592 0.604755 0 0 0 0
0 0 0 0 0.560318 0 0 0 0 0 0.52374 0 0 0 0 0 0 0 0 0 0 0.612093 0 0 0 0 0.589404 0 0 0 0 0 0 0.495681 0.512803 0 0 0 0 0 0 0.471757 0.506321 0 0 0 0 0 0 0.527111 0 0 0 0 0 0 0 0 0 0 0 0 0 0 0 0 0 0.52143 0 0.574679 0 0 0 0 0 0 0 0 0 0 0 0 0 0.610734 0 0 0 0 0 0 0 0 0 0.566437 0 0 0 0 0.538188 0
0 0 0 0.515402 0 0 0 0 0.595419 0 0 0 0 0 0.603311 0 0 0 0 0 0 0 0 0 0.492315 0 0.465113 0 0 0 0 0 0 0 0 0 0.539457 0 0 0 0 0 0 0 0 0 0.568565 0 0 0.518033 0 0 0 0 0 0 0 0 0 0 0 0 0 0 0 0 0 0 0 0 0 0 0 0 0 0 0 0 0 0 0 0 0 0 0 0 0.602569 0 0 0 0 0.606282 0 0 0 0 0 0 0 0
0 0 0 0 0 0 0 0 0 0 0.585645 0 0 0 0 0 0 0 0 0 0 0 0.585012 0 0 0 0 0 0 0 0 0 0 0 0 0 0 0 0 0 0 0 0.5721 0 0 0 0 0.462845 0.589225 0 0 0 0 0 0 0 0 0.478213 0 0 0 0 0 0 0 0 0 0.50302 0 0 0 0 0 0 0 0 0.526222 0 0 0 0 0.511231 0 0 0 0 0 0 0 0 0 0 0 0 0 0 0 0 0 0
0 0 0 0 0 0 0 0 0.607846 0 0 0 0 0 0 0 0 0 0 0 0 0 0 0 0 0 0 0.476519 0 0 0 0 0 0 0 0 0 0.60715 0 0.597474 0 0 0 0 0 0 0 0 0 0 0 0 0 0.492912 0 0.46054 0 0 0 0 0 0 0 0 0 0 0.572541 0 0 0 0 0 0 0 0 0 0 0 0 0 0 0.490881 0 0 0 0 0.486058 0 0 0 0 0 0 0 0 0 0 0 0 0
0 0 0 0 0 0 0 0 0 0 0 0 0 0 0 0 0 0.549542 0 0 0 0 0 0 0 0 0 0 0 0.495681 0 0 0 0 0 0 0 0.546306 0 0 0.60301 0 0 0 0 0 0 0 0 0 0 0 0 0 0.600797 0 0.57299 0 0 0 0 0 0 0 0 0 0 0.502524 0 0 0 0 0 0.587112 0 0 0 0 0 0 0 0.609573 0 0 0 0 0 0 0 0 0 0 0 0 0 0 0 0 0 0
0 0 0 0 0.484309 0 0 0 0 0 0 0 0 0 0 0 0 0 0 0 0 0 0.54569 0 0 0 0 0 0 0.512803 0 0 0 0 0 0 0 0 0 0.603675 0 0 0 0 0 0 0 0 0 0 0 0 0 0 0 0 0 0 0 0 0 0 0.492617 0 0.597884 0 0 0 0 0 0 0 0 0 0.462454 0 0 0 0 0 0 0 0 0 0.517234 0 0 0 0 0 0 0 0 0 0.575309 0 0 0 0 0
0.603714 0 0 0 0 0 0 0 0 0 0.473948 0 0 0.570152 0.591801 0 0 0.562032 0.536419 0 0.559998 0 0.614149 0.563822 0 0 0 0 0 0 0 0 0 0 0 0 0 0.481386 0 0 0 0 0 0 0 0 0.547438 0 0 0 0.569633 0 0.528991 0 0 0 0 0 0 0 0 0 0 0 0 0 0 0 0 0 0 0 0 0 0 0.473914 0 0 0 0 0 0 0 0 0 0 0 0 0 0 0 0 0 0 0.513967 0 0.579091 0 0 0
0 0 0 0 0 0 0 0 0 0 0 0 0 0 0 0 0 0 0 0 0 0 0 0 0 0 0 0 0 0 0.539457 0 0 0 0 0 0 0 0 0 0 0 0 0.58437 0 0.45987 0 0 0 0 0 0 0.586695 0.584019 0 0.490071 0 0 0 0 0 0 0 0 0 0 0 0 0 0 0 0 0 0 0 0 0 0 0 0 0 0 0.501949 0 0 0 0.590548 0.516239 0 0 0.469262 0 0.554469 0 0 0.552174 0.521426 0.516894 0 0
0 0 0 0.463921 0 0 0 0 0 0 0 0.55253 0 0 0 0.528034 0 0.565646 0 0 0 0 0 0 0 0 0 0 0 0 0 0 0.60715 0.546306 0 0.481386 0 0 0 0 0 0 0 0 0 0 0 0 0 0 0 0 0.600599 0.516198 0 0 0 0 0 0 0 0 0 0 0 0 0 0 0 0 0 0.506187 0 0 0 0 0 0 0 0 0 0 0 0 0 0 0.525834 0 0 0 0 0 0 0 0 0 0.492732 0 0 0
0 0 0 0 0 0 0 0 0 0 0 0 0 0 0 0 0 0 0 0 0 0 0 0 0 0 0 0.472826 0.55757 0 0 0 0 0 0 0 0 0 0 0 0 0 0 0 0 0 0 0 0 0 0 0 0 0 0 0 0 0 0 0 0 0 0 0 0.570223 0 0 0 0 0 0 0 0 0 0.590606 0 0 0 0 0.492354 0 0 0 0 0 0 0.609979 0.473964 0 0 0.5276 0 0 0 0 0 0 0 0 0
0 0 0 0 0 0 0 0 0 0 0 0 0 0.593073 0 0 0 0 0 0 0 0.565288 0 0 0.558058 0 0 0.552831 0 0 0 0 0.597474 0 0.603675 0 0 0 0 0 0 0.569455 0 0.520503 0 0.488458 0 0 0 0 0 0 0 0 0 0 0 0 0 0 0 0 0 0 0.546653 0 0 0 0 0 0 0 0 0 0 0 0 0 0 0.493539 0 0 0 0 0 0.534743 0 0 0 0 0 0 0 0 0 0 0.497657 0 0 0.558828
0 0.614636 0 0 0.612179 0.614222 0 0 0 0 0 0 0.574398 0 0 0 0 0 0 0 0 0 0 0 0 0.474598 0 0 0 0 0 0 0 0.60301 0 0 0 0 0 0 0 0 0.59475 0 0 0 0 0 0 0 0 0 0 0 0 0 0 0.550774 0 0 0 0.542945 0 0 0 0.554556 0 0 0 0.599042 0 0 0 0 0 0 0 0 0.60827 0 0.545 0 0 0 0 0 0 0 0 0 0 0 0 0 0 0.459253 0 0 0 0
0 0.49187 0.482256 0 0 0 0 0 0 0 0 0 0 0 0 0.539182 0 0 0 0 0 0 0 0.614384 0 0 0 0 0.482884 0.471757 0 0 0 0 0 0 0 0 0 0.569455 0 0 0.592781 0 0.511048 0 0 0 0 0 0 0 0 0 0 0 0 0 0 0 0 0 0 0 0.596793 0 0.502144 0 0 0 0 0 0 0 0 0 0 0.468586 0 0 0 0 0.54546 0 0.518384 0 0 0 0.469258 0 0 0 0 0.497413 0 0 0 0 0 0
0.534939 0 0 0 0 0 0 0 0 0.608701 0 0 0 0 0 0 0 0 0.487649 0 0.606515 0 0 0 0 0 0.519197 0.613004 0 0.506321 0 0.5721 0 0 0 0 0 0 0 0 0.59475 0.592781 0 0 0 0 0 0 0 0 0 0.571914 0 0.48729 0 0 0 0 0 0.463436 0 0 0 0 0.476591 0 0 0 0 0 0 0.518122 0 0 0 0.52192 0 0 0 0 0 0 0 0 0.54928 0 0 0 0 0.608604 0 0 0 0 0 0 0 0 0 0
0 0 0.595167 0 0 0.581698 0.529512 0 0 0 0 0 0 0 0 0 0 0 0 0 0 0 0 0 0 0 0 0 0 0 0 0 0 0 0 0 0.58437 0 0 0.520503 0 0 0 0 0 0 0 0 0.561955 0 0 0.612813 0 0 0 0 0 0 0 0 0 0 0 0 0 0 0 0 0 0 0 0 0 0 0 0 0 0 0 0 0.57254 0 0 0 0 0.472937 0.561485 0 0 0 0 0.583685 0 0 0 0 0 0 0 0
0 0 0 0 0 0.584793 0.555503 0 0.51526 0.611566 0 0 0 0 0 0 0 0 0 0 0 0 0 0 0 0 0.506381 0 0 0 0 0 0 0 0 0 0 0 0 0 0 0.511048 0 0 0 0 0 0 0 0 0 0 0 0 0 0 0 0 0 0 0 0 0 0 0 0 0 0 0 0 0.592117 0.467321 0.610418 0 0 0 0 0 0 0.508646 0 0 0 0 0 0 0 0.567395 0.543598 0 0 0 0 0 0 0 0 0 0 0
0 0 0 0 0 0 0 0 0 0 0 0 0 0 0 0 0 0 0 0 0 0 0 0 0 0 0 0 0.595382 0 0 0 0 0 0 0 0.45987 0 0 0.488458 0 0 0 0 0 0 0 0.531467 0 0.555333 0 0.574889 0 0 0 0 0 0.572454 0 0 0 0 0 0 0 0 0 0 0 0.611486 0 0 0.478741 0 0 0 0 0 0 0.599722 0 0.539607 0 0 0 0 0 0 0 0.563068 0 0 0 0 0 0 0 0 0 0
0 0 0 0 0.504654 0 0 0 0 0 0 0 0 0 0 0 0 0 0 0 0 0 0 0 0 0 0 0 0 0 0.568565 0 0 0 0 0.547438 0 0 0 0 0 0 0 0 0 0 0 0.494263 0 0 0 0 0 0.530125 0 0 0 0 0.512577 0 0 0 0.500307 0 0 0 0.48517 0 0 0 0 0 0 0 0.5554 0 0 0 0 0.512135 0 0 0 0 0 0 0 0 0 0 0 0 0 0 0.530141 0 0 0 0 0
0 0 0 0 0 0 0 0 0.494543 0 0 0 0 0 0 0 0 0 0 0 0 0 0 0 0 0 0 0 0 0 0 0.462845 0 0 0 0 0 0 0 0 0 0 0 0 0 0.531467 0.494263 0 0 0 0 0.551055 0 0 0 0 0.481039 0 0.541336 0 0.579785 0 0 0.588858 0 0 0 0.472648 0 0 0 0 0 0 0 0 0 0 0 0 0 0.571828 0 0.462882 0 0 0.523029 0.474929 0 0 0 0 0 0 0 0 0 0 0 0
0 0 0 0 0 0.470916 0 0 0 0 0 0 0.606338 0 0 0 0 0 0 0 0 0.567239 0 0 0 0 0 0 0 0 0 0.589225 0 0 0 0 0 0 0 0 0 0 0 0.561955 0 0 0 0 0 0 0 0 0 0 0 0.526844 0 0 0 0 0 0 0 0.54552 0 0 0 0 0 0 0 0 0.47829 0.513461 0 0 0 0 0 0 0.612596 0 0.613248 0 0 0.483772 0.556356 0 0 0 0 0.481161 0 0.611584 0 0 0.522843 0 0 0
0 0 0 0 0 0 0 0 0 0 0 0 0 0 0 0 0 0 0 0 0 0 0 0 0 0 0 0.604067 0 0.527111 0.518033 0 0 0 0 0 0 0 0 0 0 0 0 0 0 0.555333 0 0 0 0 0 0.55416 0 0 0 0 0 0 0 0 0.54777 0 0 0.597792 0 0 0 0 0 0 0 0 0.56726 0 0 0.529881 0 0 0 0 0 0 0.59902 0 0 0 0 0 0 0 0 0.505843 0 0 0 0 0 0 0 0
0 0 0 0 0 0 0 0 0.479232 0 0 0 0 0 0 0 0.614262 0 0 0.599652 0.511959 0 0 0 0 0 0 0 0 0 0 0 0 0 0 0.569633 0 0 0 0 0 0 0 0 0 0 0 0 0 0 0 0 0 0 0.600213 0 0 0 0 0 0 0 0 0.571238 0 0 0 0 0 0.58425 0 0 0 0 0 0.557369 0 0 0 0 0 0 0 0 0 0 0.613204 0 0 0 0 0 0 0 0 0 0 0 0 0
0 0 0 0 0 0 0 0 0 0 0 0 0 0.519316 0 0 0 0 0 0 0 0 0 0 0 0 0 0 0 0 0 0 0 0 0 0 0 0 0 0 0 0 0.571914 0.612813 0 0.574889 0 0.551055 0 0.55416 0 0 0.496292 0 0.569721 0 0 0 0 0 0 0 0 0 0 0 0 0.472778 0 0 0 0 0 0 0 0 0 0 0.507887 0 0 0 0 0 0 0 0 0 0 0 0 0 0 0.530342 0.495836 0 0 0 0.463462 0
0 0 0 0 0 0 0.481371 0 0.462837 0 0 0 0 0 0 0 0 0 0 0 0 0 0 0 0.550756 0 0 0 0.542925 0 0 0 0 0 0 0.528991 0.586695 0.600599 0 0 0 0 0 0 0 0 0 0 0 0 0 0.496292 0 0 0 0 0 0 0 0 0 0 0 0 0 0 0 0 0 0 0.578754 0 0 0 0 0 0 0.566464 0 0 0.487515 0 0 0 0 0 0 0 0.475306 0 0 0 0 0.560896 0 0 0 0 0 0
0 0 0 0 0 0 0 0 0 0 0 0 0 0 0 0 0 0.482417 0 0 0 0 0 0 0 0 0 0 0 0 0 0 0.492912 0 0 0 0.584019 0.516198 0 0 0 0 0.48729 0 0 0 0.530125 0 0 0 0 0 0 0 0 0 0 0 0 0 0 0 0.546964 0 0 0 0 0 0 0 0 0 0 0 0.463083 0 0 0 0 0 0 0.548282 0 0 0 0 0 0 0 0 0 0 0 0 0 0.520392 0 0 0 0
0 0 0 0 0 0 0 0 0.580444 0 0 0 0 0 0 0 0 0 0 0 0 0.51011 0 0 0 0 0 0 0 0 0 0 0 0.600797 0 0 0 0 0 0 0 0 0 0 0 0 0 0 0 0 0.600213 0.569721 0 0 0 0 0 0 0 0 0 0 0 0 0 0 0 0 0 0 0 0 0.600084 0 0 0 0 0 0 0 0.485006 0 0.611981 0 0 0 0 0 0 0 0 0 0 0 0 0 0 0 0 0
0 0 0 0 0 0 0 0 0.557098 0 0 0 0 0 0 0 0 0 0 0 0 0 0 0.608247 0 0 0 0 0 0 0 0 0.46054 0 0 0 0.490071 0 0 0 0 0 0 0 0 0 0 0 0.526844 0 0 0 0 0 0 0 0 0 0 0 0 0.498379 0 0 0 0.467238 0.561566 0 0 0 0 0 0 0 0 0 0 0 0 0 0 0 0 0 0 0 0 0 0 0 0 0 0 0 0 0 0 0 0 0.557551
0 0 0 0 0 0 0 0 0 0 0 0 0.515703 0 0 0 0 0 0 0 0 0 0 0 0 0 0 0 0 0 0 0 0 0.57299 0 0 0 0 0 0 0 0 0 0 0 0 0 0.481039 0 0 0 0 0 0 0 0 0 0 0 0 0 0 0 0 0 0 0 0 0 0 0 0 0 0 0 0 0 0 0 0 0 0 0 0 0 0 0.537823 0 0.529092 0 0 0 0 0 0 0 0 0 0 0
0 0 0.488174 0 0.497293 0 0 0 0 0 0 0 0 0 0 0 0 0 0 0 0 0 0 0 0.548981 0 0 0 0 0 0 0.478213 0 0 0 0 0 0 0 0 0.550774 0 0 0 0 0.572454 0 0 0 0 0 0 0 0 0 0 0 0 0.557496 0 0 0 0 0 0 0 0 0 0.50252 0 0 0.496057 0 0 0.508262 0 0.574794 0.556924 0 0 0 0 0 0 0 0 0 0 0 0 0 0 0.485911 0 0 0.476382 0 0 0 0
0 0 0 0.520023 0.484492 0 0 0 0 0 0 0 0 0 0.581939 0 0.478754 0 0 0 0 0 0 0 0 0 0 0 0 0 0 0 0 0 0 0 0 0 0 0 0 0 0 0 0 0 0.512577 0.541336 0 0 0 0 0 0 0 0 0 0.557496 0 0 0 0 0 0 0 0 0 0.502522 0 0.525178 0.494886 0 0 0 0 0 0 0 0 0 0 0 0 0 0 0 0 0 0.494195 0 0 0 0 0 0 0.478907 0 0 0 0.477705
0 0.612979 0 0 0 0 0.598821 0.539491 0 0 0 0 0 0 0 0 0.572209 0.573506 0 0 0 0 0.492168 0 0 0 0 0 0 0 0 0 0 0 0 0 0 0 0 0 0 0 0.463436 0 0 0 0 0 0 0 0 0 0 0 0 0 0 0 0 0 0 0 0 0 0 0 0 0 0 0 0.476771 0 0 0 0 0 0 0 0 0 0 0 0 0 0 0 0 0 0 0 0 0 0 0 0 0 0 0 0.61185 0.595951
0 0 0 0 0 0 0 0 0.587946 0.524244 0 0 0 0 0 0 0 0 0 0 0 0 0 0 0 0 0 0 0 0 0 0 0 0 0 0 0 0 0 0 0 0 0 0 0 0 0 0.579785 0 0.54777 0 0 0 0 0 0 0 0 0 0 0 0 0 0 0 0 0 0 0.573439 0 0.589045 0.571819 0 0 0.50579 0 0 0 0 0 0 0 0 0 0 0.461425 0 0 0.515952 0.526921 0 0.585748 0 0 0.476185 0 0.54408 0 0.519472 0
0 0 0.570608 0.569031 0 0 0 0 0 0 0 0 0 0 0 0 0 0 0 0 0 0 0 0.476066 0 0 0 0.512721 0 0 0 0 0 0 0 0 0 0 0 0 0.542945 0 0 0 0 0 0 0 0 0 0 0 0 0 0 0.498379 0 0 0 0 0 0 0 0.490812 0 0 0 0 0 0 0.600786 0 0 0 0 0 0 0 0 0 0 0 0 0.477776 0 0 0 0 0 0 0 0 0 0.537371 0 0.497724 0 0 0 0
0 0 0 0 0 0 0 0.516257 0 0 0 0 0 0 0 0 0 0.534534 0 0 0 0.554875 0 0 0 0 0 0 0 0 0 0 0 0 0.492617 0 0 0 0 0 0 0 0 0 0 0 0.500307 0 0 0 0 0 0 0.546964 0 0 0 0 0 0 0 0 0 0 0 0 0 0 0.465541 0 0.545767 0 0 0.510943 0 0 0 0 0 0 0 0 0 0 0 0 0 0 0.595187 0 0 0.589108 0 0 0 0 0.544193 0 0 0
0 0 0 0 0 0.495753 0 0 0 0 0 0.499552 0 0 0 0.496488 0 0 0 0 0.519874 0 0 0 0 0 0 0.581932 0 0 0 0 0 0 0 0 0 0 0 0 0 0 0 0 0 0 0 0.588858 0.54552 0.597792 0.571238 0 0 0 0 0 0 0 0 0 0 0.490812 0 0 0 0 0 0 0 0 0 0 0 0 0 0.581434 0 0 0 0 0 0.581338 0 0 0 0 0 0 0 0 0 0 0 0 0 0 0 0 0 0
0 0 0 0.56741 0 0 0 0 0 0 0 0 0 0 0 0 0 0 0 0 0 0 0 0 0 0 0 0 0 0 0 0 0 0 0.597884 0 0 0 0.570223 0.546653 0 0.596793 0.476591 0 0 0 0 0 0 0 0 0 0 0 0 0 0 0 0 0 0 0 0 0 0 0 0 0 0.541445 0 0.600529 0 0.585508 0 0 0 0 0 0 0.478751 0 0 0 0 0 0 0 0 0 0 0 0 0.490102 0 0 0 0.459935 0 0 0
0 0 0 0 0 0 0 0 0 0 0 0 0 0 0 0 0.489954 0 0 0.596378 0 0 0 0 0 0 0 0 0.542956 0 0 0 0 0 0 0 0 0 0 0 0.554556 0 0 0 0 0 0 0 0 0 0 0 0 0 0 0.467238 0 0 0 0 0 0 0 0 0 0 0 0 0 0 0 0 0 0 0 0 0 0 0 0 0 0 0 0 0 0 0 0.602301 0 0 0 0 0 0 0 0 0 0 0 0
0.567395 0 0 0 0 0 0 0 0 0 0 0 0.53166 0 0 0 0 0 0 0 0 0 0 0 0 0 0 0 0 0 0 0 0.572541 0 0 0 0 0 0 0 0 0.502144 0 0 0 0 0.48517 0 0 0 0 0 0 0 0 0.561566 0 0 0 0 0 0 0 0 0 0 0 0 0 0 0 0 0 0.496166 0 0 0 0 0 0 0.503875 0 0 0 0.602543 0 0 0.53446 0 0 0 0 0 0.554789 0 0 0 0 0 0
0 0 0.513127 0 0 0 0 0.527364 0 0 0 0 0 0 0 0 0 0 0 0 0 0 0 0 0 0 0 0 0 0.52143 0 0.50302 0 0.502524 0 0 0 0 0 0 0 0 0 0 0 0 0 0.472648 0 0 0 0.472778 0 0 0 0 0 0 0.502522 0 0 0 0 0 0 0 0 0 0 0 0 0 0 0 0 0 0 0 0 0 0 0 0 0.477023 0 0 0 0.609415 0 0 0 0 0 0 0 0 0 0.563447 0 0.570592
0 0 0 0 0 0 0.474951 0 0 0 0 0 0.498153 0 0 0 0 0 0 0.488822 0 0 0.479733 0 0 0 0 0 0 0 0 0 0 0 0 0 0 0 0 0 0 0 0 0 0 0 0 0 0 0 0 0 0 0 0 0 0 0.50252 0 0 0.573439 0 0.465541 0 0.541445 0 0 0 0 0 0 0 0 0 0 0 0 0 0 0 0 0 0 0 0 0 0 0 0 0 0 0 0 0 0 0 0 0 0 0
0 0 0 0 0 0 0 0 0 0 0 0 0 0 0 0 0 0 0 0 0 0 0 0 0 0.599983 0 0 0 0.574679 0 0 0 0 0 0 0 0 0 0 0.599042 0 0 0 0 0.611486 0 0 0 0 0.58425 0 0 0 0 0 0 0 0.525178 0 0 0 0 0 0 0 0 0 0 0 0 0 0 0 0 0 0 0 0 0 0 0 0 0 0.459131 0.512157 0 0.56574 0 0 0 0.573452 0 0.596978 0 0 0 0 0 0
0 0 0 0 0 0 0 0 0 0 0 0 0 0.572403 0 0 0 0 0.563454 0 0 0 0 0.4994 0.476071 0 0 0 0 0 0 0 0 0 0 0 0 0 0 0 0 0 0 0 0.592117 0 0 0 0 0 0 0 0.578754 0 0 0 0 0 0.494886 0.476771 0.589045 0.600786 0.545767 0 0.600529 0 0 0 0 0 0 0.555145 0 0.480617 0 0 0 0 0 0 0 0 0 0.594119 0 0 0.490991 0 0 0 0 0 0 0 0.521294 0 0.52767 0 0 0
0 0 0 0 0 0 0 0 0 0 0 0 0 0 0 0 0 0 0 0 0 0 0 0 0 0 0 0 0.555156 0 0 0 0 0 0 0 0 0.506187 0 0 0 0 0.518122 0 0.467321 0 0 0 0 0 0 0 0 0 0 0 0 0.496057 0 0 0.571819 0 0 0 0 0 0 0 0 0 0.555145 0 0 0 0 0 0.5025 0 0 0 0 0 0.566565 0 0 0 0 0 0 0 0 0 0 0 0 0 0 0 0 0
0 0 0 0 0 0.520221 0 0 0 0.469659 0 0.465 0 0 0 0 0 0 0 0.519851 0 0 0 0 0 0 0.51267 0.551462 0 0 0 0 0 0 0 0 0 0 0 0 0 0 0 0 0.610418 0.478741 0 0 0.47829 0.56726 0 0 0 0 0.600084 0 0 0 0 0 0 0 0 0 0.585508 0 0 0 0 0 0 0 0 0.534804 0 0 0 0 0 0 0 0 0 0 0.572231 0 0 0.550951 0 0 0 0 0.590287 0 0.56992 0 0 0 0 0
0.594726 0 0 0 0 0 0 0 0 0 0 0.528324 0 0.498592 0.464835 0.5083 0 0 0 0 0 0 0 0.546959 0 0 0.529227 0 0 0 0 0 0 0.587112 0 0 0 0 0 0 0 0 0 0 0 0 0 0 0.513461 0 0 0 0 0 0 0 0 0 0 0 0 0 0.510943 0 0 0 0.496166 0 0 0 0.480617 0 0.534804 0 0 0 0 0 0 0 0 0 0 0 0 0 0 0 0 0 0.59315 0 0 0 0 0 0 0 0 0
0.518555 0 0 0 0 0 0 0.464907 0.552607 0 0 0 0 0 0 0 0 0 0 0.572524 0 0 0 0 0 0.592178 0 0 0 0 0 0 0 0 0.462454 0 0 0 0.590606 0 0 0 0 0 0 0 0.5554 0 0 0 0 0 0 0.463083 0 0 0 0.508262 0 0 0.50579 0 0 0 0 0 0 0 0 0 0 0 0 0 0 0 0 0 0 0 0 0 0 0 0 0 0 0 0 0 0 0 0 0 0 0 0 0 0 0
0 0 0.545336 0 0 0 0 0 0 0 0 0 0 0 0.548595 0 0 0 0 0 0 0 0 0.48415 0 0 0 0 0 0 0 0 0 0 0 0.473914 0 0 0 0 0 0 0.52192 0 0 0 0 0 0 0.529881 0.557369 0 0 0 0 0 0 0 0 0 0 0 0 0.581434 0 0 0 0 0 0 0 0 0 0 0 0 0 0 0 0 0 0 0 0 0 0 0 0 0.540807 0.467353 0 0 0 0 0 0 0.491364 0 0.564446 0
0 0 0 0 0 0 0 0 0 0.595965 0 0 0.603919 0 0 0 0 0 0 0 0 0 0 0 0 0 0 0 0 0 0 0.526222 0 0 0 0 0 0 0 0 0 0 0 0 0 0 0 0 0 0 0 0 0 0 0 0 0 0.574794 0 0 0 0 0 0 0 0 0 0 0 0 0 0.5025 0 0 0 0 0 0 0 0.533023 0 0 0 0 0 0 0 0 0 0 0 0 0 0 0 0 0 0 0 0
0 0 0 0 0 0 0 0 0 0 0 0 0 0 0 0 0 0 0 0 0 0.471365 0 0.597526 0 0 0 0 0 0 0 0 0 0 0 0 0 0 0 0 0 0.468586 0 0 0 0 0 0 0 0 0 0 0.566464 0 0 0 0 0.556924 0 0 0 0 0 0 0 0 0 0 0 0 0 0 0 0 0 0 0 0 0 0 0.581249 0 0 0 0.500914 0 0 0 0.560894 0 0 0 0 0 0 0 0 0 0.549337 0.573728
0 0 0 0 0 0 0.463923 0 0 0 0 0 0 0 0.516628 0 0 0 0 0.471068 0 0 0 0 0 0 0 0 0 0 0 0 0 0 0 0 0 0 0 0 0.60827 0 0 0 0 0 0 0 0 0 0 0.507887 0 0 0 0 0 0 0 0 0 0 0 0 0 0 0 0 0 0 0 0 0 0 0 0 0 0 0 0 0 0 0 0 0 0 0 0 0.605596 0 0 0 0 0 0 0 0 0.494648 0 0
0 0 0 0 0.563105 0 0 0 0 0 0 0 0 0 0 0 0 0.494135 0 0 0 0 0 0 0 0 0 0 0 0 0 0 0 0 0 0 0 0 0.492354 0.493539 0 0 0 0 0.508646 0.599722 0.512135 0 0 0 0 0 0 0 0 0 0 0 0 0 0 0 0 0 0.478751 0 0 0 0 0 0 0 0 0 0 0 0.533023 0 0 0 0 0 0 0 0.541918 0 0 0 0 0 0 0 0 0 0 0 0 0 0 0
0 0 0 0.537799 0 0 0 0 0 0 0 0 0.580915 0 0.53099 0 0 0 0 0 0 0 0 0 0 0 0.570384 0 0 0 0 0 0 0 0 0 0 0 0 0 0.545 0 0 0.57254 0 0 0 0 0.612596 0 0 0 0.487515 0 0.485006 0 0 0 0 0 0 0 0 0 0 0 0.503875 0 0 0 0 0 0 0 0 0 0 0.581249 0 0 0 0 0 0 0 0 0.542707 0 0 0 0 0 0 0 0 0.463167 0 0 0 0
0 0 0 0 0 0 0.569107 0 0 0 0 0 0 0 0 0.572297 0 0.575991 0 0 0.542877 0.612462 0 0 0 0 0 0 0 0 0 0.511231 0.490881 0.609573 0 0 0 0 0 0 0 0 0 0 0 0.539607 0 0.571828 0 0 0 0 0 0.548282 0 0 0 0 0 0 0 0 0 0.581338 0 0 0 0 0 0 0 0 0 0 0 0 0 0 0 0 0 0 0 0 0 0 0 0 0 0 0 0 0 0 0 0 0 0 0 0
0 0 0 0.571681 0.598939 0 0 0 0 0 0 0 0 0 0 0 0 0 0 0 0 0 0 0 0 0 0 0 0 0 0 0 0 0 0 0 0.501949 0 0 0 0 0.54546 0 0 0 0 0 0 0.613248 0.59902 0 0 0 0 0.611981 0 0 0 0 0 0 0 0 0 0 0 0 0 0 0 0 0.566565 0 0 0 0 0 0 0 0 0 0 0 0 0 0 0 0 0 0.493503 0 0 0 0 0 0 0 0 0.552671 0
0 0 0 0 0 0.536277 0 0 0 0 0 0 0.50423 0 0 0.478267 0.571479 0 0 0 0 0 0 0 0 0 0 0 0 0.610734 0 0 0 0 0 0 0 0 0 0 0 0 0 0 0 0 0 0.462882 0 0 0 0 0 0 0 0 0 0 0 0 0 0.477776 0 0 0 0 0 0.477023 0 0 0.594119 0 0 0 0 0 0 0 0 0 0 0 0 0 0 0 0.516181 0 0 0.552139 0 0 0 0 0 0 0 0 0 0
0 0 0 0 0 0 0 0 0 0 0 0 0 0 0 0 0 0 0 0 0 0 0 0 0 0 0 0 0 0 0 0 0 0 0.517234 0 0 0 0 0 0 0.518384 0.54928 0 0 0 0 0 0 0 0 0 0 0 0 0 0 0 0 0 0 0 0 0 0 0 0.602543 0 0 0.459131 0 0 0.572231 0 0 0 0 0.500914 0 0.541918 0 0 0 0 0 0 0 0 0 0 0 0 0 0.477422 0 0 0 0 0 0
0 0 0.540828 0 0 0 0 0.474279 0 0 0 0 0.48876 0 0.485961 0 0 0.582846 0 0 0 0 0.49729 0 0 0 0 0 0 0 0 0 0 0 0 0 0 0 0 0.534743 0 0 0 0.472937 0 0 0 0 0.483772 0 0 0 0 0 0 0 0 0 0 0 0.461425 0 0 0 0 0 0 0 0 0.512157 0 0 0 0 0 0 0 0 0 0 0 0 0 0 0 0 0 0 0 0 0 0 0 0 0 0 0 0 0.557194 0.471737
0 0 0 0 0.570838 0 0 0 0 0 0 0.588529 0.591458 0 0 0 0 0 0 0 0.592254 0 0.586291 0 0 0 0 0 0 0 0.602569 0 0.486058 0 0 0 0.590548 0.525834 0.609979 0 0 0 0 0.561485 0 0 0 0.523029 0.556356 0 0.613204 0 0 0 0 0 0.537823 0 0 0 0 0 0 0 0 0 0 0 0 0 0.490991 0 0 0 0 0 0 0 0 0 0.542707 0 0 0.516181 0 0 0 0 0 0 0 0 0 0 0.480162 0 0 0 0 0
0 0 0.571229 0 0.601067 0 0 0 0.562167 0 0 0 0 0 0 0 0.484452 0 0.53711 0 0.585942 0 0 0.601065 0 0.55662 0 0 0.472232 0 0 0 0 0 0 0 0.516239 0 0.473964 0 0 0 0 0 0.567395 0 0 0.474929 0 0 0 0 0 0 0 0 0 0 0 0 0 0 0 0 0 0.602301 0.53446 0.609415 0 0.56574 0 0 0.550951 0 0 0 0 0 0 0 0 0 0 0 0 0 0 0 0.534953 0 0.56161 0 0 0 0 0 0 0 0 0
0 0 0 0 0 0 0 0.601423 0 0 0 0 0 0 0 0 0 0 0 0 0 0 0 0 0.590038 0 0 0 0 0 0 0 0 0 0 0 0 0 0 0 0 0.469258 0 0 0.543598 0 0 0 0 0 0 0 0.475306 0 0 0 0.529092 0 0.494195 0 0.515952 0 0.595187 0 0 0 0 0 0 0 0 0 0 0 0 0.540807 0 0.560894 0.605596 0 0 0 0 0 0 0 0 0.534953 0 0 0 0 0.476067 0.587497 0 0 0 0 0.539717 0
0 0 0 0 0 0 0 0 0 0.497516 0.579067 0 0 0 0 0 0 0 0 0 0.511485 0.46732 0 0 0 0.466797 0 0 0 0 0 0 0 0 0 0 0 0 0 0 0 0 0.608604 0 0 0.563068 0 0 0 0 0 0 0 0 0 0 0 0 0 0 0.526921 0 0 0 0 0 0 0 0 0 0 0 0 0 0 0.467353 0 0 0 0 0 0 0.493503 0.552139 0 0 0 0 0 0 0 0 0 0 0 0 0 0 0 0
0 0 0 0 0 0 0 0 0 0 0 0 0 0.473003 0 0 0 0 0 0 0 0.531082 0 0 0 0 0 0 0 0 0 0 0 0 0 0 0.469262 0 0.5276 0 0 0 0 0 0 0 0 0 0 0 0 0 0 0 0 0 0 0 0 0 0 0 0 0 0 0 0 0 0 0 0 0 0 0.59315 0 0 0 0 0 0 0 0 0 0 0 0 0 0.56161 0 0 0 0 0 0 0 0 0.471223 0 0 0
0 0 0 0 0.478958 0 0 0 0 0 0 0 0 0 0 0 0 0 0 0 0 0 0 0.606044 0.544793 0 0 0 0 0 0.606282 0 0 0 0 0 0 0 0 0 0 0 0 0.583685 0 0 0 0 0.481161 0.505843 0 0 0 0 0 0 0 0 0 0 0.585748 0 0.589108 0 0 0 0 0 0 0.573452 0 0 0 0 0 0 0 0 0 0 0 0 0 0 0 0 0 0 0 0 0 0 0 0 0 0 0 0 0.606025 0
0 0 0.595336 0 0 0.589679 0 0 0 0 0 0 0 0 0.516455 0 0 0 0 0 0 0 0 0 0 0 0 0 0.541612 0 0 0 0 0 0 0 0.554469 0 0 0 0 0 0 0 0 0 0 0 0 0 0 0 0 0 0 0 0 0.485911 0 0 0 0 0 0 0.490102 0 0 0 0 0 0 0 0.590287 0 0 0 0 0 0 0 0 0 0 0 0 0 0 0 0.476067 0 0 0 0 0 0.59314 0 0.46448 0 0 0
0 0.580566 0 0 0 0 0.561914 0 0 0 0 0 0 0 0 0 0 0 0 0 0 0 0 0 0 0 0 0 0 0.566437 0 0 0 0 0 0 0 0 0 0 0 0.497413 0 0 0 0 0 0 0.611584 0 0 0.530342 0.560896 0 0 0 0 0 0 0 0 0.537371 0 0 0 0 0.554789 0 0 0.596978 0 0 0 0 0 0 0 0 0 0 0 0 0 0 0.477422 0 0 0 0.587497 0 0 0 0 0 0 0 0 0 0 0
0 0 0 0 0 0 0.596574 0 0 0 0 0 0.459323 0 0 0 0 0 0 0 0 0 0 0 0 0 0 0 0.582592 0 0 0 0 0 0.575309 0.513967 0 0 0 0 0 0 0 0 0 0 0.530141 0 0 0 0 0.495836 0 0 0 0 0 0 0 0 0.476185 0 0 0 0 0 0 0 0 0 0.521294 0 0.56992 0 0 0 0 0 0 0 0 0 0 0 0 0 0.480162 0 0 0 0 0 0.59314 0 0 0 0 0 0 0
0 0 0 0.549448 0 0 0.463548 0 0 0 0.54886 0 0 0 0 0 0 0 0 0 0 0 0 0 0 0 0 0 0.604755 0 0 0 0 0 0 0 0.552174 0 0 0 0.459253 0 0 0 0 0 0 0 0 0 0 0 0 0.520392 0 0 0 0.476382 0.478907 0 0 0.497724 0 0 0 0 0 0 0 0 0 0 0 0 0 0 0 0 0 0 0.463167 0 0 0 0 0 0 0 0 0 0 0 0 0 0 0 0 0 0 0.470365
0 0 0 0.514558 0 0 0 0 0 0 0 0 0 0 0 0 0.588013 0 0 0 0 0 0 0 0 0 0 0.538916 0 0 0 0 0 0 0 0.579091 0.521426 0.492732 0 0.497657 0 0 0 0 0 0 0 0 0.522843 0 0 0 0 0 0 0 0 0 0 0 0.54408 0 0.544193 0 0.459935 0 0 0 0 0 0.52767 0 0 0 0 0.491364 0 0 0 0 0 0 0 0 0 0 0 0 0 0 0.471223 0 0.46448 0 0 0 0 0 0 0
0 0 0 0 0 0 0 0 0 0.465859 0 0 0 0.467693 0 0 0 0 0 0 0 0 0 0 0 0 0 0 0 0 0 0 0 0 0 0 0.516894 0 0 0 0 0 0 0 0 0 0 0 0 0 0 0 0 0 0 0 0 0 0 0 0 0 0 0 0 0 0 0.563447 0 0 0 0 0 0 0 0 0 0 0.494648 0 0 0 0 0 0 0 0 0 0 0 0 0 0 0 0 0 0 0 0 0.602601
0 0 0 0 0 0 0 0 0 0 0 0 0 0 0 0 0 0 0 0 0 0 0 0 0 0 0 0 0 0.538188 0 0 0 0 0 0 0 0 0 0 0 0 0 0 0 0 0 0 0 0 0 0.463462 0 0 0 0 0 0 0 0.61185 0.519472 0 0 0 0 0 0 0 0 0 0 0 0 0 0 0.564446 0 0.549337 0 0 0 0 0.552671 0 0 0.557194 0 0 0.539717 0 0 0.606025 0 0 0 0 0 0 0 0
0 0 0 0 0 0 0 0.56048 0 0 0 0 0 0 0 0 0 0 0 0 0 0 0 0 0 0 0.553694 0 0 0 0 0 0 0 0 0 0 0 0 0.558828 0 0 0 0 0 0 0 0 0 0 0 0 0 0 0 0.557551 0 0 0.477705 0.595951 0 0 0 0 0 0 0 0.570592 0 0 0 0 0 0 0 0 0 0.573728 0 0 0 0 0 0 0 0.471737 0 0 0 0 0 0 0 0 0 0.470365 0 0.602601 0 0
