100
0 0 0 0 0 0.553645 0.487682 0 0.53178 0 0 0.604975 0 0 0 0 0 0 0 0 0 0 0.499382 0.560282 0.499109 0.582417 0 0 0 0 0 0 0.504965 0.488147 0 0.603714 0 0 0 0 0 0 0 0 0 0.494753 0 0 0 0 0 0.535586 0 0 0 0 0 0 0 0 0 0.583436 0 0 0 0 0.567395 0 0 0 0 0 0 0.594726 0.518555 0 0 0.536749 0 0.558143 0 0 0 0 0 0 0 0 0 0 0 0 0 0 0 0 0 0 0 0
0 0 0.594009 0 0.609576 0.610757 0.522298 0 0 0 0 0 0 0 0.567606 0 0 0 0 0 0 0 0 0.497602 0.532783 0 0 0.464343 0 0.578195 0 0 0.538621 0 0 0 0 0 0 0 0.614636 0.49187 0 0 0 0.553949 0 0 0 0.541235 0 0 0.53838 0 0 0 0 0 0 0.612979 0.60469 0 0 0 0 0.551686 0.554084 0 0 0 0 0 0 0 0 0 0 0 0.571389 0 0 0 0.530867 0 0 0 0.464545 0 0 0 0 0 0 0.580566 0 0 0 0 0 0.610876
0 0.594009 0 0 0 0 0.570919 0 0 0 0 0 0.483134 0 0 0 0.612595 0 0 0 0.518347 0 0 0 0 0 0.592739 0 0 0 0 0 0 0 0 0 0 0 0 0 0 0.482256 0 0.595167 0 0 0 0 0 0 0.522385 0 0 0 0.541779 0 0 0.488174 0 0 0 0.570608 0 0.550257 0 0 0 0.513127 0 0 0 0 0 0.493739 0 0.545336 0.544841 0 0 0 0.506436 0 0 0 0 0.540828 0 0.571229 0 0 0 0 0.595336 0 0 0 0 0 0.601094 0.591808
0 0 0 0 0 0 0 0 0 0 0 0 0 0 0.516217 0 0 0 0 0 0 0 0 0 0 0 0 0 0 0 0.515402 0 0 0 0 0 0 0.463921 0.494375 0 0 0 0 0 0 0.52593 0.518716 0 0 0 0 0 0 0 0 0 0 0 0.520023 0 0 0.569031 0 0 0.56741 0 0 0 0 0 0 0 0 0 0 0 0 0 0 0 0.537799 0 0.571681 0 0 0.475761 0 0 0 0 0 0 0 0 0 0 0.514558 0 0 0
0 0.609576 0 0 0 0 0 0 0 0 0 0 0 0.54913 0 0.490963 0 0 0 0.525426 0 0 0 0 0 0 0 0 0.546074 0.560318 0 0 0.546371 0 0.484309 0 0.495706 0 0 0.547436 0.612179 0 0 0 0 0 0.504654 0 0 0 0 0 0 0 0 0.60526 0 0.497293 0.484492 0 0 0 0 0 0 0.468975 0 0 0 0 0 0 0 0 0.539458 0 0.524529 0 0.590791 0 0 0 0 0.55955 0 0.509979 0.570838 0.601067 0 0 0 0.478958 0 0 0 0 0 0 0 0
0.553645 0.610757 0 0 0 0 0 0 0.526329 0 0 0 0 0 0 0 0 0 0.603372 0 0 0 0 0.553776 0.562783 0 0 0 0.480213 0 0 0 0 0 0 0 0 0 0 0 0.614222 0 0 0.581698 0.584793 0 0 0 0.470916 0 0 0 0 0 0 0 0.590236 0 0 0 0 0 0 0.495753 0 0.469144 0 0 0 0.546083 0.585641 0 0.520221 0 0 0 0 0.490196 0 0 0 0 0 0.536277 0.574251 0 0 0.474992 0 0 0 0 0.589679 0 0 0 0 0 0 0
0.487682 0.522298 0.570919 0 0 0 0 0 0 0.594299 0 0 0.516152 0 0 0 0.557123 0 0 0 0 0 0 0.516824 0 0 0 0.564875 0 0 0 0 0 0 0.459963 0 0 0 0 0 0 0 0 0.529512 0 0 0 0 0 0 0 0 0.481371 0 0 0 0 0 0 0.598821 0 0 0 0 0 0 0.534925 0 0.474951 0 0 0 0 0.595265 0 0 0 0 0.463923 0 0 0.569107 0 0 0 0 0 0 0 0 0 0.503761 0 0.561914 0.596574 0.463548 0.472064 0 0 0
0 0 0 0 0 0 0 0 0 0.516908 0 0 0 0.535523 0.515358 0.604882 0 0 0.582463 0.491645 0 0 0 0 0 0 0 0.589235 0 0 0 0 0.516951 0 0 0 0 0 0 0 0 0.458709 0 0 0 0 0 0 0.538504 0.55008 0 0 0 0 0 0 0 0 0 0.539491 0 0 0.516257 0 0 0 0 0.527364 0 0 0 0 0 0 0.464907 0 0 0 0 0 0.546357 0 0 0.545229 0 0 0 0 0.601423 0.606238 0 0 0 0 0 0 0.509887 0.496944 0.573465 0.56048
0.53178 0 0 0 0 0.526329 0 0 0 0 0 0 0 0 0 0 0 0.532594 0 0 0 0.557679 0 0 0 0 0 0 0 0 0.595419 0 0.607846 0 0 0 0 0 0 0 0 0 0 0 0.51526 0 0 0.494543 0 0 0 0 0.462837 0 0.580444 0 0 0 0 0.566741 0.587946 0 0 0 0 0 0 0 0 0 0 0.551427 0 0 0.552607 0 0 0 0 0 0 0 0 0 0 0 0 0.562167 0 0.514137 0 0 0 0 0 0 0 0 0 0
0 0 0 0 0 0 0.594299 0.516908 0 0 0.488149 0 0 0 0.55781 0 0.546424 0 0 0 0 0 0 0 0 0 0 0 0 0 0 0 0 0 0 0 0.563055 0 0 0 0 0.488557 0.608701 0 0.611566 0 0 0 0.608024 0 0 0 0 0 0 0 0 0.613784 0 0 0.524244 0 0.485899 0.517305 0 0 0 0 0 0 0 0 0.469659 0 0 0 0.595965 0 0 0 0 0 0 0 0 0 0 0 0 0.497516 0 0 0 0 0 0 0 0.465859 0 0
0 0 0 0 0 0 0 0 0 0.488149 0 0 0 0 0 0 0 0.523925 0 0 0.463029 0.472256 0 0 0 0 0 0 0 0.52374 0 0.585645 0 0.509681 0 0.473948 0 0 0 0.472739 0 0 0 0 0 0.488803 0 0.501414 0 0 0.542173 0 0 0 0.45881 0 0 0 0 0 0 0 0 0 0 0 0 0 0 0 0.530274 0 0 0 0.611359 0 0 0 0 0 0 0 0 0 0 0 0 0 0 0.579067 0 0 0.479814 0 0 0.54886 0 0 0 0
0.604975 0 0 0 0 0 0 0 0 0 0 0 0 0 0.549052 0 0 0.489788 0 0.552916 0 0 0 0.520471 0 0 0 0 0 0 0 0 0 0 0 0 0 0.55253 0 0 0 0 0 0 0 0 0.544031 0 0 0 0 0 0 0 0 0 0 0 0 0 0.543703 0 0.494496 0.499552 0 0 0.517584 0 0 0 0 0 0.465 0.528324 0 0 0 0 0 0 0 0 0 0 0 0 0.588529 0 0.522542 0 0 0 0 0 0 0 0 0 0 0
0 0 0.483134 0 0 0 0.516152 0 0 0 0 0 0 0 0 0 0 0 0 0.49949 0 0 0.465057 0 0 0 0 0 0 0.546514 0 0 0 0.589667 0 0 0 0 0 0.514737 0.574398 0.55727 0 0 0 0.55051 0 0 0.606338 0 0 0 0.546885 0 0 0 0 0.49791 0 0.46902 0 0 0 0 0 0 0 0 0.498153 0.459773 0 0 0 0 0 0 0.603919 0 0 0 0 0 0 0.50423 0.501088 0.48876 0 0 0 0 0 0 0 0 0.459323 0 0 0 0 0
0 0 0 0 0.54913 0 0 0.535523 0 0 0 0 0 0 0 0 0 0 0 0.464527 0 0 0.542767 0 0 0 0 0 0 0 0 0 0 0 0 0.570152 0 0 0 0.593073 0 0 0 0 0 0 0 0 0.548548 0 0 0.519316 0 0 0 0 0 0 0 0.614672 0 0 0 0.514743 0 0 0 0 0 0 0.572403 0 0.532696 0.498592 0 0 0 0.458731 0 0 0 0 0 0.602499 0 0 0 0 0 0 0 0 0 0 0 0 0.499629 0.467693 0 0
0 0.567606 0 0.516217 0 0 0 0.515358 0 0.55781 0 0.549052 0 0 0 0 0 0 0 0 0 0.563325 0 0 0.502193 0 0 0 0 0 0.603311 0 0 0 0 0.591801 0 0 0 0.531802 0 0 0 0 0 0 0 0 0 0 0 0 0 0.554542 0 0 0 0 0.581939 0 0 0 0.571705 0.579372 0 0.517147 0 0 0 0 0 0 0 0.464835 0 0.548595 0 0 0.516628 0 0 0 0 0 0 0.485961 0 0 0 0 0 0 0.516455 0 0 0 0 0 0 0
0 0 0 0 0.490963 0 0 0.604882 0 0 0 0 0 0 0 0 0 0 0 0 0.580341 0 0 0 0 0 0 0 0 0 0 0 0 0 0 0 0 0.528034 0.514415 0 0 0.539182 0 0 0 0 0 0 0 0 0 0 0 0 0 0.477984 0 0 0.5855 0.569352 0 0 0 0.496488 0 0.53058 0 0 0 0 0 0 0 0.5083 0 0 0 0 0 0.593314 0 0.572297 0 0.478267 0 0 0 0 0 0 0 0 0 0 0.602977 0 0 0 0 0
0 0 0.612595 0 0 0 0.557123 0 0 0.546424 0 0 0 0 0 0 0 0 0 0 0 0 0 0 0 0 0 0 0.597413 0 0 0.573684 0 0 0 0 0 0 0 0 0 0 0 0 0 0 0.54397 0.574489 0 0 0.614262 0 0 0 0 0 0 0 0.478754 0.572209 0.472484 0 0 0 0 0.489954 0 0 0 0 0 0 0 0 0 0 0 0 0 0 0 0 0 0.571479 0 0 0 0.484452 0 0.602521 0 0 0 0.509792 0 0 0.588013 0 0 0
0 0 0 0 0 0 0 0 0.532594 0 0.523925 0.489788 0 0 0 0 0 0 0 0.611259 0 0.548585 0.580721 0.486686 0 0 0.48734 0 0 0 0 0 0 0 0 0.562032 0 0.565646 0 0.575548 0.549842 0 0 0 0 0 0 0 0 0 0 0 0 0.482417 0 0 0 0 0.597828 0.573506 0 0 0.534534 0 0 0 0 0 0 0 0 0 0 0 0 0.594793 0 0 0 0.494135 0 0.575991 0 0 0 0.582846 0 0 0 0 0 0 0 0.586513 0 0 0 0 0 0
0 0 0 0 0 0.603372 0 0.582463 0 0 0 0 0 0 0 0 0 0 0 0 0 0 0 0.549395 0.46729 0.594918 0 0 0 0.464492 0 0 0 0 0.586966 0.536419 0 0 0 0 0 0 0.487649 0 0 0 0 0 0 0 0 0 0.536034 0 0 0 0 0 0 0 0 0 0 0 0 0 0 0 0 0 0.563454 0 0 0 0 0.482834 0 0 0 0 0 0 0 0 0 0 0.460163 0.53711 0 0 0 0 0 0 0 0 0 0 0 0
0 0 0 0 0.525426 0 0 0.491645 0 0 0 0.552916 0.49949 0.464527 0 0 0 0.611259 0 0 0 0 0.573141 0 0 0 0.507545 0 0.578745 0 0 0 0 0.524515 0 0 0 0 0 0 0 0 0 0 0 0 0 0 0 0 0.599652 0 0 0 0 0 0.546769 0 0 0 0 0 0 0.608437 0 0 0 0.469577 0.488822 0 0 0 0.519851 0 0.572524 0 0 0 0.471068 0.564342 0 0 0 0 0 0.517223 0 0 0 0 0 0 0 0 0 0 0 0 0 0.539738
0 0 0.518347 0 0 0 0 0 0 0 0.463029 0 0 0 0 0.580341 0 0 0 0 0 0 0 0 0.600389 0.579662 0 0 0.550916 0 0 0 0 0 0.604241 0.559998 0 0.523829 0 0 0.611398 0 0.606515 0 0 0 0 0 0 0.476897 0.511959 0 0 0 0 0 0.477415 0 0.48692 0 0 0 0 0.519874 0 0 0 0 0.487627 0 0 0 0 0 0 0 0 0.607004 0 0 0 0.542877 0 0 0 0 0.592254 0.585942 0 0.511485 0 0 0 0 0 0 0 0 0 0.546563
0 0 0 0 0 0 0 0 0.557679 0 0.472256 0 0 0 0.563325 0 0 0.548585 0 0 0 0 0 0 0 0 0 0 0 0.612093 0 0 0 0 0 0 0 0.523058 0 0 0 0.520654 0 0.505424 0 0 0 0 0.567239 0 0 0 0.602359 0 0.51011 0 0 0 0 0 0 0 0.554875 0 0.525398 0 0 0 0.511235 0 0 0 0 0 0 0 0 0.471365 0 0 0 0.612462 0.517557 0 0 0 0 0 0 0.46732 0.531082 0 0 0 0 0 0 0 0 0
0.499382 0 0 0 0 0 0 0 0 0 0 0 0.465057 0.542767 0 0 0 0.580721 0 0.573141 0 0 0 0 0 0 0 0 0 0 0 0.585012 0 0 0.54569 0 0 0 0 0.533974 0 0 0 0.48577 0 0 0 0 0 0 0 0 0.513997 0 0 0 0 0 0.475358 0.492168 0 0 0 0 0 0.557876 0.609293 0 0.479733 0 0 0.594508 0 0 0.475464 0 0 0.525909 0 0 0 0.538034 0 0.495351 0 0.49729 0.586291 0 0 0 0.499973 0 0 0 0 0.612352 0 0 0.489088 0
0.560282 0.497602 0 0 0 0.553776 0.516824 0 0 0 0 0.520471 0 0 0 0 0 0.486686 0.549395 0 0 0 0 0 0 0.499624 0 0 0.600264 0 0 0 0 0 0 0.563822 0 0 0.606224 0 0 0.614384 0 0 0 0 0 0 0 0 0.570162 0 0.57794 0 0 0.608247 0 0 0 0 0 0.476066 0 0 0 0 0 0 0 0 0.4994 0 0.53134 0.546959 0 0.48415 0 0.597526 0.5832 0 0 0.548598 0.522144 0 0 0.479817 0 0 0 0 0.518568 0.606044 0 0 0 0 0.561936 0 0 0
0.499109 0.532783 0 0 0 0.562783 0 0 0 0 0 0 0 0 0.502193 0 0 0 0.46729 0 0.600389 0 0 0 0 0 0 0 0 0 0.492315 0 0 0 0 0 0 0 0 0.558058 0 0 0 0 0 0 0 0 0 0.527825 0 0 0.550756 0 0 0 0 0.548981 0 0 0 0 0.596588 0 0.490132 0 0 0 0 0 0.476071 0 0.582364 0 0 0 0 0 0 0 0 0 0 0 0 0 0 0 0.590038 0 0 0.544793 0 0 0 0 0 0 0.533065 0.543776
0.582417 0 0 0 0 0 0 0 0 0 0 0 0 0 0 0 0 0 0.594918 0 0.579662 0 0 0.499624 0 0 0 0 0 0 0 0 0 0 0 0.55161 0.576364 0 0.52083 0 0.474598 0 0 0 0 0 0 0 0 0 0 0 0 0 0 0 0 0 0 0 0 0 0 0 0 0 0 0 0 0.599983 0 0 0 0.51277 0.592178 0 0.562511 0 0.531119 0.514503 0 0 0 0 0 0.54094 0 0 0.471414 0.466797 0 0 0 0 0 0 0 0 0 0
0 0 0.592739 0 0 0 0 0 0 0 0 0 0 0 0 0 0 0.48734 0 0.507545 0 0 0 0 0 0 0 0 0.541298 0.589404 0 0 0 0 0 0.463816 0.504016 0 0 0 0 0 0.519197 0 0.506381 0 0 0 0 0 0 0 0 0 0 0.463695 0 0 0 0.547706 0 0 0 0 0 0 0 0 0 0.536067 0 0 0.51267 0.529227 0.578915 0 0 0.557124 0 0 0.570384 0 0 0 0 0 0 0 0 0 0 0 0 0 0 0 0 0 0 0.553694
0 0.464343 0 0 0 0 0.564875 0.589235 0 0 0 0 0 0 0 0 0 0 0 0 0 0 0 0 0 0 0 0 0 0 0 0 0 0 0 0 0 0 0.472826 0 0.539529 0 0.613004 0 0 0 0 0 0 0.604067 0 0 0 0 0 0 0 0 0.479025 0 0 0.512721 0 0.581932 0 0 0 0 0 0.515917 0 0 0.551462 0 0 0 0 0 0 0 0.492264 0 0 0 0 0 0.551606 0 0 0 0.517064 0 0 0 0 0 0.538916 0.532725 0 0
0 0 0 0 0.546074 0.480213 0 0 0 0 0 0 0 0 0 0 0.597413 0 0 0.578745 0.550916 0 0 0.600264 0 0 0.541298 0 0 0 0 0.578104 0 0 0 0 0 0 0.55757 0 0 0.482884 0 0 0 0 0 0 0 0.543983 0.531346 0 0.542925 0 0 0 0.527726 0 0 0 0 0 0 0 0.601338 0.542956 0 0 0 0.459806 0 0.555156 0 0 0 0 0 0 0 0 0 0 0 0 0 0 0 0.472232 0 0 0.483386 0 0.541612 0 0.582592 0 0 0 0 0.570614
0 0.578195 0 0 0.560318 0 0 0 0 0 0.52374 0 0.546514 0 0 0 0 0 0.464492 0 0 0.612093 0 0 0 0 0.589404 0 0 0 0 0 0 0.495681 0.512803 0 0 0 0 0 0 0.471757 0.506321 0.5599 0 0 0 0 0 0.527111 0 0 0.600369 0 0 0 0 0 0 0 0 0 0 0 0 0 0 0.52143 0 0.574679 0.577343 0 0.53114 0 0 0.562557 0 0 0 0.458359 0 0 0 0.610734 0 0 0 0 0 0 0 0 0 0.566437 0 0 0.492872 0 0.538188 0
0 0 0 0.515402 0 0 0 0 0.595419 0 0 0 0 0 0.603311 0 0 0 0 0 0 0 0 0 0.492315 0 0 0 0 0 0 0.5087 0 0 0 0 0 0 0 0 0 0 0 0 0 0 0.568565 0 0 0.518033 0 0 0 0 0 0 0 0 0 0 0 0 0 0 0 0 0 0.510077 0 0 0 0 0 0 0 0 0 0 0 0 0 0 0 0 0.552968 0 0.602569 0.563976 0 0 0 0.606282 0 0 0 0 0 0 0 0
0 0 0 0 0 0 0 0 0 0 0.585645 0 0 0 0 0 0.573684 0 0 0 0 0 0.585012 0 0 0 0 0 0.578104 0 0.5087 0 0 0.60692 0 0 0 0 0 0 0 0 0.5721 0 0 0 0 0.462845 0 0 0 0 0 0.512008 0 0 0 0.478213 0 0 0 0 0 0 0 0 0 0.50302 0 0 0 0 0 0.481979 0 0 0.526222 0 0 0 0 0.511231 0 0 0 0 0 0.585006 0 0 0 0 0 0 0 0 0 0 0 0
0.504965 0.538621 0 0 0.546371 0 0 0.516951 0.607846 0 0 0 0 0 0 0 0 0 0 0 0 0 0 0 0 0 0 0 0 0 0 0 0 0 0 0.528593 0 0.60715 0 0.597474 0 0 0 0 0 0 0 0 0 0.59895 0 0 0 0.492912 0 0.46054 0 0 0 0 0 0 0 0 0 0 0.572541 0 0 0 0 0 0 0 0 0 0 0 0 0 0 0.490881 0 0 0 0 0.486058 0 0 0 0 0.505575 0 0 0 0 0 0 0 0
0.488147 0 0 0 0 0 0 0 0 0 0.509681 0 0.589667 0 0 0 0 0 0 0.524515 0 0 0 0 0 0 0 0 0 0.495681 0 0.60692 0 0 0 0 0 0.546306 0 0.539361 0.60301 0 0 0 0.514671 0 0 0 0 0.603614 0 0 0 0 0.600797 0 0.57299 0 0 0 0 0 0 0 0 0.496887 0 0.502524 0.614377 0 0 0.545725 0 0.587112 0 0 0 0.549365 0 0 0 0.609573 0 0 0 0 0 0 0.601764 0 0 0 0 0 0 0 0 0 0 0
0 0 0 0 0.484309 0 0.459963 0 0 0 0 0 0 0 0 0 0 0 0.586966 0 0.604241 0 0.54569 0 0 0 0 0 0 0.512803 0 0 0 0 0 0 0 0 0 0.603675 0 0.574681 0 0 0 0 0 0 0 0 0 0 0 0 0 0 0 0 0 0 0 0 0.492617 0 0.597884 0 0 0 0 0 0 0 0 0 0.462454 0 0 0 0 0 0 0 0.521101 0 0.517234 0 0.541739 0 0.531383 0 0.603329 0 0 0 0.575309 0 0 0 0 0
0.603714 0 0 0 0 0 0 0 0 0 0.473948 0 0 0.570152 0.591801 0 0 0.562032 0.536419 0 0.559998 0 0 0.563822 0 0.55161 0.463816 0 0 0 0 0 0.528593 0 0 0 0 0.481386 0 0 0.465464 0.503049 0 0 0 0 0 0 0 0 0.569633 0 0.528991 0.524968 0 0 0 0 0 0 0 0 0 0 0 0 0 0 0.505681 0 0 0 0 0 0 0.473914 0 0 0 0 0 0 0 0 0 0 0 0 0 0 0 0 0 0 0.513967 0 0.579091 0 0 0
0 0 0 0 0.495706 0 0 0 0 0.563055 0 0 0 0 0 0 0 0 0 0 0 0 0 0 0 0.576364 0.504016 0 0 0 0 0 0 0 0 0 0 0 0.517461 0 0 0 0.495316 0.58437 0.535675 0 0 0 0 0 0 0 0.586695 0.584019 0 0.490071 0 0 0 0 0 0 0 0 0 0 0.569835 0 0 0 0 0 0 0 0 0 0 0 0 0 0 0 0.501949 0 0 0 0.590548 0.516239 0 0 0 0.560857 0.554469 0 0 0.552174 0.521426 0.516894 0 0
0 0 0 0.463921 0 0 0 0 0 0 0 0.55253 0 0 0 0.528034 0 0.565646 0 0 0.523829 0.523058 0 0 0 0 0 0 0 0 0 0 0.60715 0.546306 0 0.481386 0 0 0 0 0.565341 0 0.552155 0.528252 0 0 0 0 0 0 0 0 0.600599 0.516198 0.484042 0 0 0 0 0 0 0 0.586403 0 0.462785 0 0 0 0 0 0 0 0 0 0 0 0 0 0 0 0 0 0.488462 0 0 0 0 0.555647 0.470797 0 0.502894 0 0.484916 0 0 0 0.492732 0 0 0
0 0 0 0.494375 0 0 0 0 0 0 0 0 0 0 0 0.514415 0 0 0 0 0 0 0 0.606224 0 0.52083 0 0.472826 0.55757 0 0 0 0 0 0 0 0.517461 0 0 0 0.465145 0 0 0 0.567016 0 0 0 0 0 0 0 0 0 0 0 0 0 0 0 0 0 0 0 0.570223 0 0 0 0 0 0 0 0 0 0.590606 0 0 0.611487 0 0.492354 0.606056 0 0 0 0 0 0.609979 0.473964 0.518437 0 0.5276 0 0 0 0 0 0 0 0 0
0 0 0 0 0.547436 0 0 0 0 0 0.472739 0 0.514737 0.593073 0.531802 0 0 0.575548 0 0 0 0 0.533974 0 0.558058 0 0 0 0 0 0 0 0.597474 0.539361 0.603675 0 0 0 0 0 0 0.569455 0 0.520503 0 0.488458 0 0 0 0 0 0 0 0 0 0 0 0 0 0 0.486552 0 0 0 0.546653 0 0 0 0 0 0 0.501163 0 0 0 0 0 0 0.58664 0.493539 0.490641 0 0 0 0 0.534743 0 0 0 0.497201 0 0 0 0 0 0.564421 0.497657 0 0 0.558828
0 0.614636 0 0 0.612179 0.614222 0 0 0 0 0 0 0.574398 0 0 0 0 0.549842 0 0 0.611398 0 0 0 0 0.474598 0 0.539529 0 0 0 0 0 0.60301 0 0.465464 0 0.565341 0.465145 0 0 0 0.59475 0 0 0 0 0 0 0 0 0 0 0 0 0 0 0.550774 0 0 0 0.542945 0 0.479635 0 0.554556 0 0 0 0 0 0 0 0.493993 0 0 0 0 0.60827 0 0.545 0.489924 0 0 0 0 0 0 0 0 0 0 0 0 0.483812 0.459253 0 0 0 0.576139
0 0.49187 0.482256 0 0 0 0 0.458709 0 0.488557 0 0 0.55727 0 0 0.539182 0 0 0 0 0 0.520654 0 0.614384 0 0 0 0 0.482884 0.471757 0 0 0 0 0.574681 0.503049 0 0 0 0.569455 0 0 0.592781 0 0.511048 0 0 0 0.59624 0 0 0 0 0 0 0 0.532207 0 0 0 0 0 0.612033 0 0 0 0.502144 0 0 0.515621 0 0 0 0 0 0 0 0.468586 0 0 0 0 0.54546 0 0.518384 0 0 0 0.469258 0 0 0 0 0.497413 0.576839 0 0 0 0 0.537556
0 0 0 0 0 0 0 0 0 0.608701 0 0 0 0 0 0 0 0 0.487649 0 0.606515 0 0 0 0 0 0.519197 0.613004 0 0.506321 0 0.5721 0 0 0 0 0.495316 0.552155 0 0 0.59475 0.592781 0 0 0 0 0 0.536891 0 0 0 0.571914 0 0.48729 0 0 0 0 0 0 0.544587 0 0 0 0.476591 0 0 0.50503 0 0 0 0.518122 0 0 0 0.52192 0 0 0.605476 0 0 0 0 0.486699 0.54928 0 0 0 0 0.608604 0 0.594056 0 0 0 0 0 0 0 0
0 0 0.595167 0 0 0.581698 0.529512 0 0 0 0 0 0 0 0 0 0 0 0 0 0 0.505424 0.48577 0 0 0 0 0 0 0.5599 0 0 0 0 0 0 0.58437 0.528252 0 0.520503 0 0 0 0 0 0 0 0 0.561955 0 0 0.612813 0.546718 0 0 0 0 0 0 0 0 0 0 0 0 0 0 0 0 0.509969 0 0 0.597872 0 0 0.522023 0 0 0 0 0 0 0 0 0 0.472937 0.561485 0 0 0 0 0 0 0 0 0 0 0 0 0
0 0 0 0 0 0.584793 0 0 0.51526 0.611566 0 0 0 0 0 0 0 0 0 0 0 0 0 0 0 0 0.506381 0 0 0 0 0 0 0.514671 0 0 0.535675 0 0.567016 0 0 0.511048 0 0 0 0 0 0 0 0 0 0 0 0 0 0 0 0 0 0 0 0 0 0 0 0 0 0 0 0.562276 0.592117 0.467321 0.610418 0 0 0 0 0 0 0.508646 0 0 0 0 0 0 0 0.567395 0.543598 0 0 0 0 0 0.585123 0 0 0 0 0
0.494753 0.553949 0 0.52593 0 0 0 0 0 0 0.488803 0 0.55051 0 0 0 0 0 0 0 0 0 0 0 0 0 0 0 0 0 0 0 0 0 0 0 0 0 0 0.488458 0 0 0 0 0 0 0 0.531467 0 0.555333 0 0.574889 0 0 0 0 0 0.572454 0 0.459567 0 0 0 0 0 0 0 0 0 0.611486 0 0 0.478741 0 0.499835 0 0 0 0 0.599722 0 0.539607 0 0 0 0 0 0 0 0.563068 0 0 0 0.531452 0 0 0 0 0 0
0 0 0 0.518716 0.504654 0 0 0 0 0 0 0.544031 0 0 0 0 0.54397 0 0 0 0 0 0 0 0 0 0 0 0 0 0.568565 0 0 0 0 0 0 0 0 0 0 0 0 0 0 0 0 0.494263 0 0 0 0 0 0.530125 0 0 0 0 0.512577 0.592164 0 0 0.500307 0 0 0 0.48517 0.529196 0 0 0 0 0 0 0.5554 0 0 0 0 0.512135 0 0 0 0 0 0 0 0.461783 0 0.546471 0.581125 0 0 0 0.530141 0.577789 0 0 0.614091 0
0 0 0 0 0 0 0 0 0.494543 0 0.501414 0 0 0 0 0 0.574489 0 0 0 0 0 0 0 0 0 0 0 0 0 0 0.462845 0 0 0 0 0 0 0 0 0 0 0.536891 0 0 0.531467 0.494263 0 0 0 0 0.551055 0 0 0.492454 0 0.481039 0 0.541336 0 0.579785 0 0 0.588858 0 0 0 0.472648 0 0 0 0 0 0.467053 0 0 0 0 0 0 0 0.571828 0 0.462882 0 0 0.523029 0.474929 0.494451 0 0 0 0 0.53748 0 0 0.530549 0.551613 0 0
0 0 0 0 0 0.470916 0 0.538504 0 0.608024 0 0 0.606338 0.548548 0 0 0 0 0 0 0 0.567239 0 0 0 0 0 0 0 0 0 0 0 0 0 0 0 0 0 0 0 0.59624 0 0.561955 0 0 0 0 0 0 0 0 0 0 0 0.526844 0 0 0 0.551548 0 0.504752 0 0.54552 0 0.490136 0 0 0 0 0 0 0.47829 0.513461 0 0 0 0.507486 0 0 0.612596 0 0.613248 0 0 0.483772 0.556356 0.520889 0 0 0 0.481161 0 0.611584 0 0 0.522843 0 0 0
0 0.541235 0 0 0 0 0 0.55008 0 0 0 0 0 0 0 0 0 0 0 0 0.476897 0 0 0 0.527825 0 0 0.604067 0.543983 0.527111 0.518033 0 0.59895 0.603614 0 0 0 0 0 0 0 0 0 0 0 0.555333 0 0 0 0 0 0.55416 0 0 0 0 0 0 0.527287 0 0.54777 0 0 0 0 0 0 0 0 0 0 0 0 0 0 0.529881 0.493731 0 0.566366 0 0 0 0.59902 0 0 0 0 0 0 0 0 0.505843 0 0 0 0 0 0 0 0
0 0 0.522385 0 0 0 0 0 0 0 0.542173 0 0 0 0 0 0.614262 0 0 0.599652 0.511959 0 0 0.570162 0 0 0 0 0.531346 0 0 0 0 0 0 0.569633 0 0 0 0 0 0 0 0 0 0 0 0 0 0 0 0 0 0 0.600213 0.599758 0 0 0 0 0 0 0 0.571238 0 0 0 0 0 0.58425 0 0.564341 0 0 0 0.557369 0 0 0 0 0.526278 0 0.568408 0 0 0 0.613204 0 0 0 0 0 0 0 0 0.536472 0 0 0 0
0.535586 0 0 0 0 0 0 0 0 0 0 0 0 0.519316 0 0 0 0 0 0 0 0 0 0 0 0 0 0 0 0 0 0 0 0 0 0 0 0 0 0 0 0 0.571914 0.612813 0 0.574889 0 0.551055 0 0.55416 0 0 0.496292 0 0 0 0.58543 0 0 0 0 0 0 0 0 0 0 0.472778 0 0.507123 0 0 0 0.532178 0 0.529064 0 0 0.507887 0 0 0 0 0 0 0 0.465375 0 0 0 0 0 0 0.530342 0.495836 0 0 0 0.463462 0
0 0.53838 0 0 0 0 0.481371 0 0.462837 0 0 0 0.546885 0 0 0 0 0 0.536034 0 0 0.602359 0.513997 0.57794 0.550756 0 0 0 0.542925 0.600369 0 0 0 0 0 0.528991 0.586695 0.600599 0 0 0 0 0 0.546718 0 0 0 0 0 0 0 0.496292 0 0 0 0 0 0 0.520449 0 0 0 0 0 0 0 0 0 0.5946 0 0.578754 0.494693 0 0 0 0 0.605296 0 0 0 0 0 0 0 0 0 0 0 0.475306 0 0 0 0 0.560896 0 0 0 0 0 0
0 0 0 0 0 0 0 0 0 0 0 0 0 0 0.554542 0 0 0.482417 0 0 0 0 0 0 0 0 0 0 0 0 0 0.512008 0.492912 0 0 0.524968 0.584019 0.516198 0 0 0 0 0.48729 0 0 0 0.530125 0 0 0 0 0 0 0 0 0 0 0 0 0 0 0 0.546964 0 0.579542 0 0 0 0 0 0 0 0 0 0.463083 0 0 0 0.516788 0 0 0 0 0 0 0 0 0 0 0 0 0.477533 0 0 0 0.520392 0 0 0 0
0 0 0.541779 0 0 0 0 0 0.580444 0 0.45881 0 0 0 0 0 0 0 0 0 0 0.51011 0 0 0 0 0 0 0 0 0 0 0 0.600797 0 0 0 0.484042 0 0 0 0 0 0 0 0 0 0.492454 0 0 0.600213 0 0 0 0 0 0 0 0 0 0.495238 0 0 0 0 0 0 0 0 0 0 0 0 0 0 0 0 0 0 0 0.485006 0 0.611981 0 0 0 0.558098 0 0 0 0 0 0 0 0 0 0 0 0.481505 0
0 0 0 0 0.60526 0 0 0 0 0 0 0 0 0 0 0.477984 0 0 0 0 0 0 0 0.608247 0 0 0.463695 0 0 0 0 0 0.46054 0 0 0 0.490071 0 0 0 0 0 0 0 0 0 0 0 0.526844 0 0.599758 0 0 0 0 0 0 0 0 0 0 0.498379 0 0 0 0.467238 0.561566 0.613652 0 0 0 0 0 0 0 0 0 0 0 0 0 0 0 0 0 0 0 0 0 0 0 0.557878 0 0 0.613539 0 0 0 0 0.557551
0 0 0 0 0 0.590236 0 0 0 0 0 0 0 0 0 0 0 0 0 0.546769 0.477415 0 0 0 0 0 0 0 0.527726 0 0 0 0 0.57299 0 0 0 0 0 0 0 0.532207 0 0 0 0 0 0.481039 0 0 0 0.58543 0 0 0 0 0 0 0.598859 0 0 0 0 0 0 0 0 0 0 0 0 0 0 0 0 0 0 0 0 0.474185 0 0 0 0 0 0 0.537823 0 0.529092 0 0 0 0 0 0 0 0 0 0 0
0 0 0.488174 0 0.497293 0 0 0 0 0.613784 0 0 0.49791 0 0 0 0 0 0 0 0 0 0 0 0.548981 0 0 0 0 0 0 0.478213 0 0 0 0 0 0 0 0 0.550774 0 0 0 0 0.572454 0 0 0 0 0 0 0 0 0 0 0 0 0.557496 0 0 0 0 0 0 0 0 0.602537 0.50252 0 0 0.496057 0 0 0.508262 0 0.574794 0.556924 0 0 0.492785 0 0 0 0 0 0 0 0 0 0 0.538119 0.485911 0 0 0.476382 0 0 0 0
0 0 0 0.520023 0.484492 0 0 0 0 0 0 0 0 0 0.581939 0.5855 0.478754 0.597828 0 0 0.48692 0 0.475358 0 0 0 0 0.479025 0 0 0 0 0 0 0 0 0 0 0 0 0 0 0 0 0 0 0.512577 0.541336 0 0.527287 0 0 0.520449 0 0 0 0.598859 0.557496 0 0 0 0 0.611391 0 0.475643 0.458602 0 0.502522 0 0.525178 0 0 0 0 0 0 0 0 0 0.554826 0 0 0 0.47622 0.491209 0 0.466916 0 0.494195 0.610686 0 0 0.500522 0 0 0.478907 0 0 0 0.477705
0 0.612979 0 0 0 0 0.598821 0.539491 0.566741 0 0 0 0.46902 0.614672 0 0.569352 0.572209 0.573506 0 0 0 0 0.492168 0 0 0 0.547706 0 0 0 0 0 0 0 0 0 0 0 0 0 0 0 0 0 0 0.459567 0.592164 0 0.551548 0 0 0 0 0 0 0 0 0 0 0 0.571544 0 0.526218 0 0 0 0 0 0 0 0.476771 0 0.484333 0 0 0 0 0 0 0 0.52977 0 0.612434 0.573683 0 0 0 0 0 0 0 0 0 0 0 0 0 0 0.61185 0.595951
0 0.60469 0 0 0 0 0 0 0.587946 0.524244 0 0.543703 0 0 0 0 0.472484 0 0 0 0 0 0 0 0 0 0 0 0 0 0 0 0 0 0 0 0 0 0 0.486552 0 0 0.544587 0 0 0 0 0.579785 0 0.54777 0 0 0 0 0.495238 0 0 0 0 0.571544 0 0 0 0 0 0 0 0 0.573439 0 0.589045 0.571819 0 0 0.50579 0 0 0 0 0.495148 0 0.514235 0 0 0 0.461425 0 0 0.515952 0.526921 0 0 0 0.554502 0.476185 0 0.54408 0 0 0
0.583436 0 0.570608 0.569031 0 0 0 0 0 0 0 0 0 0 0 0 0 0 0 0 0 0 0 0.476066 0 0 0 0.512721 0 0 0 0 0 0 0 0 0 0 0 0 0.542945 0 0 0 0 0 0 0 0.504752 0 0 0 0 0 0 0.498379 0 0 0 0 0 0 0 0.490812 0 0 0.613816 0 0 0 0.600786 0 0 0 0 0 0 0.53756 0.464673 0.508155 0 0.50719 0 0.477776 0 0 0 0 0 0 0 0 0 0.537371 0.508249 0.497724 0 0 0 0
0 0 0 0 0 0 0 0.516257 0 0.485899 0 0.494496 0 0 0.571705 0 0 0.534534 0 0 0 0.554875 0 0 0.596588 0 0 0 0 0 0 0 0 0 0.492617 0 0 0.586403 0 0 0 0.612033 0 0 0 0 0.500307 0 0 0 0 0 0 0.546964 0 0 0 0 0.611391 0.526218 0 0 0 0 0 0 0 0 0.465541 0 0 0 0 0.510943 0 0 0 0 0 0 0 0 0 0 0 0 0 0 0.595187 0 0 0.589108 0 0 0 0 0.544193 0 0.55093 0
0 0 0.550257 0 0 0.495753 0 0 0 0.517305 0 0.499552 0 0.514743 0.579372 0.496488 0 0 0 0.608437 0.519874 0 0 0 0 0 0 0.581932 0 0 0 0 0 0 0 0 0 0 0 0 0.479635 0 0 0 0 0 0 0.588858 0.54552 0 0.571238 0 0 0 0 0 0 0 0 0 0 0.490812 0 0 0 0 0 0 0.480209 0 0 0 0.494564 0 0 0.581434 0 0 0 0 0 0.581338 0 0 0 0.597599 0 0 0 0 0 0.543951 0 0 0 0 0.476635 0.566238 0.499925 0
0 0 0 0.56741 0 0 0 0 0 0 0 0 0 0 0 0 0 0 0 0 0 0.525398 0 0 0.490132 0 0 0 0.601338 0 0 0 0 0 0.597884 0 0 0.462785 0.570223 0.546653 0 0 0.476591 0 0 0 0 0 0 0 0 0 0 0.579542 0 0 0 0 0.475643 0 0 0 0 0 0 0 0 0 0.541445 0.54886 0.600529 0 0.585508 0 0 0 0 0 0 0.478751 0 0.464631 0 0 0 0 0 0 0 0 0 0 0.490102 0.533445 0 0 0.459935 0.546977 0 0
0 0.551686 0 0 0.468975 0.469144 0 0 0 0 0 0 0 0 0.517147 0.53058 0.489954 0 0 0 0 0 0.557876 0 0 0 0 0 0.542956 0 0 0 0 0.496887 0 0 0 0 0 0 0.554556 0 0 0 0 0 0 0 0.490136 0 0 0 0 0 0 0.467238 0 0 0.458602 0 0 0 0 0 0 0 0 0 0 0 0 0 0 0 0 0 0 0 0 0 0 0 0 0 0 0 0 0.602301 0 0.524222 0 0.466417 0.550172 0 0 0 0 0 0 0
0.567395 0.554084 0 0 0 0 0.534925 0 0 0 0 0.517584 0 0 0 0 0 0 0 0 0 0 0.609293 0 0 0 0 0 0 0 0 0 0.572541 0 0 0 0.569835 0 0 0 0 0.502144 0 0 0 0 0.48517 0 0 0 0 0 0 0 0 0.561566 0 0 0 0 0 0.613816 0 0 0 0 0 0 0 0 0 0 0 0.496166 0 0 0 0 0 0 0.503875 0 0 0 0 0 0 0 0.471292 0 0 0 0 0.554789 0 0 0 0 0 0
0 0 0.513127 0 0 0 0 0.527364 0 0 0 0 0 0 0 0 0 0 0 0.469577 0 0 0 0 0 0 0 0 0 0.52143 0.510077 0.50302 0 0.502524 0 0 0 0 0 0 0 0 0.50503 0 0 0 0.529196 0.472648 0 0 0 0.472778 0 0 0 0.613652 0 0.602537 0.502522 0 0 0 0 0 0 0 0 0 0 0 0 0 0 0.52511 0 0 0 0 0 0 0 0 0 0.477023 0 0.461964 0 0 0 0 0 0.481153 0 0 0 0 0 0.563447 0 0
0 0 0 0 0 0 0.474951 0 0 0 0 0 0.498153 0 0 0 0 0 0 0.488822 0.487627 0.511235 0.479733 0 0 0 0 0 0 0 0 0 0 0.614377 0 0.505681 0 0 0 0 0 0 0 0 0 0 0 0 0 0 0 0 0.5946 0 0 0 0 0.50252 0 0 0.573439 0 0.465541 0.480209 0.541445 0 0 0 0 0 0 0 0 0 0.611958 0 0 0 0 0.597065 0 0 0 0 0 0 0 0 0 0 0 0 0 0.498647 0 0 0 0 0 0
0 0 0 0 0 0.546083 0 0 0 0 0 0 0.459773 0 0 0 0 0 0 0 0 0 0 0 0 0.599983 0.536067 0.515917 0.459806 0.574679 0 0 0 0 0 0 0 0 0 0 0 0.515621 0 0.509969 0.562276 0.611486 0 0 0 0 0.58425 0.507123 0 0 0 0 0 0 0.525178 0 0 0 0 0 0.54886 0 0 0 0 0 0 0 0 0 0 0.529713 0 0 0 0 0 0 0 0 0.459131 0.512157 0 0.56574 0 0 0.460225 0.573452 0 0.596978 0.506306 0.611479 0 0 0 0.568395
0 0 0 0 0 0.585641 0 0 0 0 0.530274 0 0 0.572403 0 0 0 0 0.563454 0 0 0 0 0.4994 0.476071 0 0 0 0 0.577343 0 0 0 0 0 0 0 0 0 0 0 0 0 0 0.592117 0 0 0 0 0 0 0 0.578754 0 0 0 0 0 0 0.476771 0.589045 0.600786 0 0 0.600529 0 0 0 0 0 0 0.555145 0 0.480617 0.492499 0.567995 0.510027 0 0 0 0 0 0 0.594119 0 0 0.490991 0.589075 0.540103 0 0 0 0 0 0.521294 0 0.52767 0 0 0
0 0 0 0 0 0 0 0 0.551427 0 0 0 0 0 0 0 0 0 0 0 0 0 0.594508 0 0 0 0 0 0.555156 0 0 0 0 0.545725 0 0 0 0 0 0.501163 0 0 0.518122 0 0.467321 0 0 0 0 0 0.564341 0 0.494693 0 0 0 0 0.496057 0 0 0.571819 0 0 0 0 0 0 0 0 0 0.555145 0 0.524624 0 0 0.495433 0.5025 0 0 0 0.58131 0.561316 0.566565 0 0 0 0 0 0 0 0 0 0 0 0 0 0 0 0 0
0 0 0 0 0 0.520221 0 0 0 0.469659 0 0.465 0 0.532696 0 0 0 0 0 0.519851 0 0 0 0.53134 0.582364 0 0.51267 0.551462 0 0.53114 0 0 0 0 0 0 0 0 0 0 0 0 0 0.597872 0.610418 0.478741 0 0 0.47829 0 0 0 0 0 0 0 0 0 0 0.484333 0 0 0 0.494564 0.585508 0 0 0 0 0 0 0.524624 0 0.534804 0 0 0 0.485914 0 0 0 0 0 0 0.572231 0 0 0.550951 0 0 0 0 0.590287 0 0.56992 0 0 0 0 0
0.594726 0 0.493739 0 0 0 0.595265 0 0 0 0 0.528324 0 0.498592 0.464835 0.5083 0 0 0 0 0 0 0 0.546959 0 0.51277 0.529227 0 0 0 0 0.481979 0 0.587112 0 0 0 0 0 0 0.493993 0 0 0 0 0 0 0.467053 0.513461 0 0 0.532178 0 0 0 0 0 0 0 0 0 0 0.510943 0 0 0 0.496166 0.52511 0 0 0.480617 0 0.534804 0 0 0 0 0.556743 0 0 0 0 0.537326 0 0.602026 0 0 0.59387 0 0 0.59315 0 0 0 0 0.589798 0 0 0.517291 0
0.518555 0 0 0 0.539458 0 0 0.464907 0.552607 0 0.611359 0 0 0 0 0 0 0 0 0.572524 0 0 0.475464 0 0 0.592178 0.578915 0 0 0 0 0 0 0 0.462454 0 0 0 0.590606 0 0 0 0 0 0 0.499835 0.5554 0 0 0 0 0 0 0.463083 0 0 0 0.508262 0 0 0.50579 0 0 0 0 0 0 0 0.611958 0 0.492499 0 0 0 0 0 0 0 0.577931 0 0 0 0 0.563283 0 0 0 0 0 0 0.556042 0 0.555266 0 0.552899 0.609226 0 0 0 0.547424
0 0 0.545336 0 0 0 0 0 0 0 0 0 0 0 0.548595 0 0 0.594793 0.482834 0 0 0 0 0.48415 0 0 0 0 0 0.562557 0 0 0 0 0 0.473914 0 0 0 0 0 0 0.52192 0.522023 0 0 0 0 0 0.529881 0.557369 0.529064 0 0 0 0 0 0 0 0 0 0 0 0.581434 0 0 0 0 0 0.529713 0.567995 0.495433 0 0 0 0 0 0 0 0.589411 0 0 0 0 0 0 0 0 0.540807 0.467353 0 0 0.609134 0 0 0 0.491364 0 0.564446 0
0 0 0.544841 0 0.524529 0 0 0 0 0.595965 0 0 0.603919 0 0 0 0 0 0 0 0 0 0 0 0 0.562511 0 0 0 0 0 0.526222 0 0 0 0 0 0 0 0 0 0 0 0 0 0 0 0 0 0.493731 0 0 0.605296 0 0 0 0 0.574794 0 0 0 0 0 0 0 0 0 0 0 0 0.510027 0.5025 0 0 0 0 0 0 0.538582 0.533023 0 0 0.534354 0.591782 0.547296 0 0 0 0 0 0 0 0 0 0 0 0 0 0 0
0.536749 0 0 0 0 0.490196 0 0 0 0 0 0 0 0.458731 0 0 0 0 0 0 0.607004 0.471365 0.525909 0.597526 0 0 0.557124 0 0 0 0 0 0 0.549365 0 0 0 0 0.611487 0 0 0.468586 0 0 0 0 0 0 0.507486 0 0 0 0 0 0 0 0 0.556924 0 0 0 0.53756 0 0 0 0 0 0 0 0 0 0 0.485914 0.556743 0 0 0 0 0 0 0.581249 0 0 0 0 0 0.534978 0 0.560894 0 0 0 0.480111 0 0.538211 0 0 0 0.549337 0.573728
0 0.571389 0 0 0.590791 0 0.463923 0 0 0 0 0 0 0 0.516628 0 0 0 0 0.471068 0 0 0 0.5832 0 0.531119 0 0 0 0 0 0 0 0 0 0 0 0 0 0.58664 0.60827 0 0.605476 0 0 0 0 0 0 0.566366 0 0.507887 0 0.516788 0 0 0 0 0 0 0 0.464673 0 0 0 0 0 0 0 0 0 0 0 0 0.577931 0 0.538582 0 0 0 0 0 0 0 0 0 0 0 0.605596 0 0 0.560924 0 0.590315 0 0 0 0.494648 0 0
0.558143 0 0 0 0 0 0 0 0 0 0 0 0 0 0 0.593314 0 0.494135 0 0.564342 0 0 0 0 0 0.514503 0 0 0 0.458359 0 0 0 0 0 0 0 0 0.492354 0.493539 0 0 0 0 0.508646 0.599722 0.512135 0 0 0 0 0 0 0 0 0 0.474185 0 0.554826 0 0.495148 0.508155 0 0 0.478751 0 0 0 0.597065 0 0 0 0 0 0 0.589411 0.533023 0 0 0 0 0 0 0 0.541918 0 0 0 0 0 0 0 0 0 0 0 0 0 0 0
0 0 0.506436 0.537799 0 0 0 0.546357 0 0 0 0 0 0 0 0 0 0 0 0 0 0 0 0 0 0 0.570384 0.492264 0 0 0 0 0 0 0 0 0 0 0.606056 0.490641 0.545 0 0 0 0 0 0 0 0.612596 0 0.526278 0 0 0 0.485006 0 0 0.492785 0 0.52977 0 0 0 0 0 0 0.503875 0 0 0 0 0.58131 0 0 0 0 0 0.581249 0 0 0 0 0 0 0.546233 0 0.542707 0 0 0 0 0 0 0 0.545808 0.463167 0.510653 0 0 0
0 0 0 0 0 0 0.569107 0 0 0 0 0 0 0 0 0.572297 0 0.575991 0 0 0.542877 0.612462 0.538034 0.548598 0 0 0 0 0 0 0 0.511231 0.490881 0.609573 0 0 0 0 0 0 0.489924 0 0 0 0 0.539607 0 0.571828 0 0 0 0 0 0 0 0 0 0 0 0 0.514235 0.50719 0 0.581338 0.464631 0 0 0 0 0 0 0.561316 0 0 0 0 0 0 0 0 0 0 0.55601 0 0 0 0 0 0 0 0 0 0 0 0 0 0 0 0.606854 0
0 0.530867 0 0.571681 0 0 0 0 0 0 0 0 0 0 0 0 0 0 0 0 0 0.517557 0 0.522144 0 0 0 0 0 0 0 0 0 0 0.521101 0 0.501949 0.488462 0 0 0 0.54546 0 0 0 0 0 0 0.613248 0.59902 0.568408 0 0 0 0.611981 0 0 0 0 0.612434 0 0 0 0 0 0 0 0 0 0 0 0.566565 0 0.537326 0 0 0.534354 0 0 0 0 0.55601 0 0 0 0.576862 0 0 0.524589 0.493503 0 0 0 0 0.495061 0 0 0 0.552671 0
0 0 0 0 0.55955 0.536277 0 0.545229 0 0 0 0 0.50423 0.602499 0 0.478267 0.571479 0 0 0 0 0 0.495351 0 0 0 0 0 0 0.610734 0 0 0 0 0 0 0 0 0 0 0 0 0.486699 0 0 0 0 0.462882 0 0 0 0 0 0 0 0 0 0 0.47622 0.573683 0 0.477776 0 0 0 0 0 0.477023 0 0 0.594119 0 0 0 0.563283 0 0.591782 0 0 0 0 0 0 0 0 0 0.516181 0.604642 0 0.552139 0 0 0 0 0.52232 0 0.519237 0 0 0
0 0 0 0 0 0.574251 0 0 0 0 0 0 0.501088 0 0 0 0 0 0 0 0 0 0 0 0 0 0 0 0 0 0.552968 0 0 0 0.517234 0 0 0 0 0 0 0.518384 0.54928 0 0 0 0 0 0 0 0 0 0 0 0 0 0 0 0.491209 0 0 0 0 0 0 0 0 0 0 0.459131 0 0 0.572231 0.602026 0 0 0.547296 0 0 0.541918 0.546233 0 0 0 0 0 0 0 0 0 0 0 0 0.477422 0 0 0 0 0 0
0 0 0.540828 0.475761 0.509979 0 0 0 0 0 0 0 0.48876 0 0.485961 0 0 0.582846 0 0.517223 0 0 0.49729 0.479817 0 0.54094 0 0 0 0 0 0 0 0 0 0 0 0 0 0.534743 0 0 0 0.472937 0 0 0 0 0.483772 0 0 0 0 0 0 0 0 0 0 0 0.461425 0 0 0.597599 0 0 0 0.461964 0 0.512157 0 0 0 0 0 0 0 0 0 0 0 0 0.576862 0 0 0 0 0 0 0.569582 0 0 0 0 0 0 0 0 0.557194 0.471737
0 0.464545 0 0 0.570838 0 0 0 0 0 0 0.588529 0 0 0 0 0 0 0.460163 0 0.592254 0 0.586291 0 0 0 0 0.551606 0 0 0.602569 0 0.486058 0 0.541739 0 0.590548 0 0.609979 0 0 0 0 0.561485 0 0 0 0.523029 0.556356 0 0.613204 0.465375 0 0 0.558098 0 0.537823 0 0.466916 0 0 0 0 0 0 0 0 0 0 0 0.490991 0 0 0 0 0 0 0.534978 0 0 0.542707 0 0 0.516181 0 0 0 0 0 0 0 0 0.509867 0 0.480162 0 0 0 0 0
0 0 0.571229 0 0.601067 0.474992 0 0 0.562167 0 0 0 0 0 0 0 0.484452 0 0.53711 0 0.585942 0 0 0 0 0 0 0 0.472232 0 0.563976 0.585006 0 0 0 0 0.516239 0.555647 0.473964 0 0 0 0 0 0.567395 0 0.461783 0.474929 0.520889 0 0 0 0 0 0 0 0 0 0 0 0 0 0 0 0 0.602301 0 0 0 0.56574 0.589075 0 0.550951 0.59387 0 0 0 0 0 0 0 0 0 0.604642 0 0 0 0 0 0.594631 0 0 0 0 0 0 0 0 0 0
0 0 0 0 0 0 0 0.601423 0 0 0 0.522542 0 0 0 0 0 0 0 0 0 0 0 0 0.590038 0.471414 0 0 0 0 0 0 0 0.601764 0.531383 0 0 0.470797 0.518437 0 0 0.469258 0 0 0.543598 0 0 0.494451 0 0 0 0 0.475306 0 0 0 0.529092 0 0.494195 0 0.515952 0 0.595187 0 0 0 0.471292 0 0 0 0.540103 0 0 0 0 0.540807 0 0.560894 0.605596 0 0 0 0.524589 0 0 0 0 0 0 0 0 0 0.476067 0.587497 0 0 0 0.550845 0.539717 0
0 0 0 0 0 0 0 0.606238 0.514137 0.497516 0.579067 0 0 0 0 0 0.602521 0 0 0 0.511485 0.46732 0 0 0 0.466797 0 0 0 0 0 0 0 0 0 0 0 0 0 0.497201 0 0 0.608604 0 0 0.563068 0.546471 0 0 0 0 0 0 0 0 0 0 0 0.610686 0 0.526921 0 0 0 0 0.524222 0 0 0 0 0 0 0 0 0 0.467353 0 0 0 0 0 0 0.493503 0.552139 0 0.569582 0 0.594631 0 0 0.611266 0 0 0 0 0 0 0.561364 0 0
0 0 0 0 0 0 0 0 0 0 0 0 0 0 0 0 0 0 0 0 0 0.531082 0.499973 0.518568 0 0 0 0.517064 0.483386 0 0 0 0 0 0.603329 0 0 0.502894 0.5276 0 0 0 0 0 0 0 0.581125 0 0 0 0 0 0 0 0 0 0 0 0 0 0 0 0 0 0 0 0 0 0 0.460225 0 0 0 0.59315 0.556042 0 0 0 0 0 0 0 0 0 0 0 0 0 0 0.611266 0 0 0 0 0.467886 0 0.471223 0 0 0
0 0 0 0 0.478958 0 0.503761 0 0 0 0 0 0 0 0 0 0 0 0 0 0 0 0 0.606044 0.544793 0 0 0 0 0 0.606282 0 0.505575 0 0 0 0.560857 0 0 0 0 0 0.594056 0 0 0 0 0 0.481161 0.505843 0 0 0 0.477533 0 0.557878 0 0.538119 0 0 0 0 0.589108 0.543951 0 0.466417 0 0.481153 0 0.573452 0 0 0 0 0 0 0 0 0.560924 0 0 0 0 0 0 0 0 0 0 0 0 0 0.556497 0 0 0 0 0 0 0
0 0 0.595336 0 0 0.589679 0 0 0 0 0.479814 0 0 0 0.516455 0 0 0 0 0 0 0 0 0 0 0 0 0 0.541612 0 0 0 0 0 0 0 0.554469 0.484916 0 0 0 0 0 0 0 0 0 0 0 0 0 0 0 0 0 0 0 0.485911 0.500522 0 0 0 0 0 0.490102 0.550172 0 0 0 0 0 0 0.590287 0 0.555266 0.609134 0 0.480111 0 0 0 0 0 0 0 0 0.509867 0 0.476067 0 0 0.556497 0 0 0.59314 0.565785 0.46448 0 0 0
0 0.580566 0 0 0 0 0.561914 0 0 0 0 0 0 0 0 0 0.509792 0.586513 0 0 0 0 0 0 0 0 0 0 0 0.566437 0 0 0 0 0 0 0 0 0 0 0 0.497413 0 0 0 0.531452 0 0.53748 0.611584 0 0 0.530342 0.560896 0 0 0 0 0 0 0 0.554502 0.537371 0 0 0.533445 0 0.554789 0 0.498647 0.596978 0 0 0 0 0 0 0 0 0.590315 0 0 0 0 0 0.477422 0 0 0 0.587497 0 0 0 0 0 0 0 0 0 0 0
0 0 0 0 0 0 0.596574 0 0 0 0 0 0.459323 0 0 0.602977 0 0 0 0 0 0 0 0 0 0 0 0 0.582592 0 0 0 0 0 0.575309 0.513967 0 0 0 0 0.483812 0.576839 0 0 0.585123 0 0.530141 0 0 0 0 0.495836 0 0 0 0.613539 0 0 0 0 0.476185 0.508249 0 0 0 0 0 0 0 0.506306 0.521294 0 0.56992 0 0.552899 0 0 0.538211 0 0 0.545808 0 0.495061 0.52232 0 0 0.480162 0 0 0 0.467886 0 0.59314 0 0 0 0 0 0 0
0 0 0 0 0 0 0.463548 0 0 0 0.54886 0 0 0 0 0 0 0 0 0 0 0 0.612352 0 0 0 0 0 0 0 0 0 0 0 0 0 0.552174 0 0 0.564421 0.459253 0 0 0 0 0 0.577789 0 0 0 0.536472 0 0 0.520392 0 0 0 0.476382 0.478907 0 0 0.497724 0 0 0 0 0 0 0 0.611479 0 0 0 0.589798 0.609226 0 0 0 0 0 0.463167 0 0 0 0 0 0 0 0 0 0 0 0.565785 0 0 0 0 0 0 0.470365
0 0 0 0.514558 0 0 0.472064 0.509887 0 0 0 0 0 0.499629 0 0 0.588013 0 0 0 0 0 0 0.561936 0 0 0 0.538916 0 0.492872 0 0 0 0 0 0.579091 0.521426 0.492732 0 0.497657 0 0 0 0 0 0 0 0.530549 0.522843 0 0 0 0 0 0 0 0 0 0 0 0.54408 0 0.544193 0.476635 0.459935 0 0 0 0 0 0.52767 0 0 0 0 0.491364 0 0 0 0 0.510653 0 0 0.519237 0 0 0 0 0 0 0.471223 0 0.46448 0 0 0 0 0 0 0
0 0 0 0 0 0 0 0.496944 0 0.465859 0 0 0 0.467693 0 0 0 0 0 0 0 0 0 0 0 0 0 0.532725 0 0 0 0 0 0 0 0 0.516894 0 0 0 0 0 0 0 0 0 0 0.551613 0 0 0 0 0 0 0 0 0 0 0 0 0 0 0 0.566238 0.546977 0 0 0.563447 0 0 0 0 0 0 0 0 0 0 0.494648 0 0 0 0 0 0 0 0 0 0.550845 0.561364 0 0 0 0 0 0 0 0 0 0.602601
0 0 0.601094 0 0 0 0 0.573465 0 0 0 0 0 0 0 0 0 0 0 0 0 0 0.489088 0 0.533065 0 0 0 0 0.538188 0 0 0 0 0 0 0 0 0 0 0 0 0 0 0 0 0.614091 0 0 0 0 0.463462 0 0 0.481505 0 0 0 0 0.61185 0 0 0.55093 0.499925 0 0 0 0 0 0 0 0 0 0.517291 0 0.564446 0 0.549337 0 0 0 0.606854 0.552671 0 0 0.557194 0 0 0.539717 0 0 0 0 0 0 0 0 0 0 0
0 0.610876 0.591808 0 0 0 0 0.56048 0 0 0 0 0 0 0 0 0 0 0 0.539738 0.546563 0 0 0 0.543776 0 0.553694 0 0.570614 0 0 0 0 0 0 0 0 0 0 0.558828 0.576139 0.537556 0 0 0 0 0 0 0 0 0 0 0 0 0 0.557551 0 0 0.477705 0.595951 0 0 0 0 0 0 0 0 0 0.568395 0 0 0 0 0.547424 0 0 0.573728 0 0 0 0 0 0 0 0.471737 0 0 0 0 0 0 0 0 0 0.470365 0 0.602601 0 0
