100
0 0 0 0.594324 0 0 0 0 0 0 0 0 0 0 0 0 0 0 0 0 0 0 0.502227 0 0 0.590951 0 0 0 0 0 0 0 0 0 0.610508 0 0 0 0 0 0 0.514529 0 0 0 0 0 0 0 0 0 0 0 0 0 0 0 0 0 0 0 0 0 0 0 0.547754 0 0 0 0 0 0 0.605549 0.481808 0 0 0 0 0 0 0 0 0 0 0 0 0 0 0 0 0 0 0 0 0 0 0 0 0
0 0 0 0 0.68454 0.651528 0 0 0 0 0.461248 0 0 0 0 0 0 0 0.531116 0 0 0 0 0.512676 0.56829 0 0 0 0 0 0 0 0 0 0 0 0 0 0 0 0.590227 0.507978 0 0 0 0 0 0 0 0 0 0 0 0 0 0 0 0 0 0.665249 0 0 0 0 0 0 0 0 0 0 0 0 0 0 0 0 0 0 0 0 0 0 0 0 0 0 0 0 0 0 0 0 0 0.589518 0 0 0 0 0 0
0 0 0 0 0 0 0.623919 0 0 0 0 0 0.531577 0 0 0 0 0 0 0 0.500163 0.50872 0 0 0 0.573348 0 0 0 0 0 0 0 0 0 0 0 0 0 0 0 0.475828 0 0.612805 0 0 0 0 0 0 0 0 0 0 0 0 0 0.500769 0 0 0 0.573477 0 0 0 0 0 0.473881 0 0 0 0 0 0 0 0.570712 0 0 0 0 0 0 0 0 0 0.540882 0 0.546702 0 0 0 0 0.633585 0 0 0 0 0 0 0
0.594324 0 0 0 0 0 0 0 0 0 0 0 0 0 0 0 0 0 0 0 0 0 0 0 0 0 0 0 0 0 0.472953 0 0 0 0 0 0 0.390102 0 0 0 0 0 0 0 0 0 0 0 0 0 0 0 0 0 0 0 0 0.537066 0 0 0.544556 0 0 0.593602 0 0 0 0 0 0 0 0 0 0 0 0 0 0 0 0.52218 0 0.585315 0 0 0 0 0 0 0 0 0 0 0 0 0.626758 0.518726 0 0 0
0 0.68454 0 0 0 0 0 0 0 0 0 0 0 0.526627 0 0 0 0 0 0.551215 0 0 0 0 0 0 0 0 0 0.535833 0 0 0 0 0.455822 0 0 0 0 0 0.562498 0 0 0 0 0 0.479616 0 0 0 0 0 0 0 0 0 0 0.515941 0.408171 0 0 0 0 0 0 0 0 0 0 0 0 0 0 0 0 0 0 0 0 0.550843 0 0 0.623751 0 0 0 0.577592 0.595534 0 0 0 0.469979 0 0 0 0 0 0 0 0
0 0.651528 0 0 0 0 0 0 0 0 0 0 0 0 0 0 0 0 0.587625 0 0 0 0 0 0.515333 0 0 0 0.452962 0 0 0 0 0 0 0 0 0 0 0 0.575821 0 0 0.601858 0.573525 0 0 0 0.489021 0 0 0 0 0 0 0 0 0 0 0 0 0 0 0.445803 0 0 0 0 0 0 0 0 0.452666 0 0 0 0 0 0 0 0 0 0 0.506974 0 0 0 0 0 0 0 0 0.576769 0 0 0 0 0 0 0
0 0 0.623919 0 0 0 0 0 0 0.610465 0 0 0 0 0 0 0 0 0 0 0 0 0 0.461987 0 0 0 0 0 0 0 0 0 0 0 0 0 0 0 0 0 0 0 0.554465 0.591885 0 0 0 0 0 0 0 0.415547 0 0 0 0 0 0 0.634544 0 0 0 0 0 0 0 0 0.458379 0 0 0 0 0 0 0 0 0 0.465669 0 0 0.538215 0 0 0 0 0 0 0 0 0 0 0 0.487397 0.592974 0.49489 0 0 0 0
0 0 0 0 0 0 0 0 0 0 0 0 0 0 0.509917 0 0 0 0 0 0 0 0 0 0 0 0 0.591864 0 0 0 0 0 0 0 0 0 0 0 0 0 0 0 0 0 0 0 0 0 0 0 0 0 0 0 0 0 0 0 0.541548 0 0 0.51322 0 0 0 0 0.524375 0 0 0 0 0 0 0.43614 0 0 0 0 0 0 0 0 0 0 0.477874 0 0 0.614744 0 0 0 0 0 0 0 0 0 0 0.555221
0 0 0 0 0 0 0 0 0 0 0 0 0 0 0 0 0 0 0 0 0 0.523581 0 0 0 0 0 0 0 0 0.650795 0 0.623368 0 0 0 0 0 0 0 0 0 0 0 0.53074 0 0 0.505906 0 0 0.468795 0 0.559629 0 0.600798 0.514854 0 0 0 0 0.526384 0 0 0 0 0 0 0 0 0 0 0 0 0 0.518518 0 0 0 0 0 0 0 0 0 0 0 0 0.58816 0 0 0 0 0 0 0 0 0 0 0 0
0 0 0 0 0 0 0.610465 0 0 0 0 0 0 0 0 0 0.58518 0 0 0.393291 0 0 0 0 0 0 0 0 0 0 0 0 0 0 0 0 0 0 0 0 0 0 0.63633 0 0.628064 0 0 0 0 0 0 0 0 0 0 0 0 0 0 0 0.557423 0 0 0 0 0 0 0 0 0 0 0 0.484599 0 0 0 0.637312 0 0 0 0 0 0 0 0 0 0 0 0 0.475668 0 0 0 0 0 0 0 0.485002 0 0
0 0.461248 0 0 0 0 0 0 0 0 0 0 0 0 0 0.480962 0 0 0 0 0.45059 0 0 0 0 0 0 0.489875 0 0.48237 0 0.630703 0 0 0 0.493442 0 0 0 0 0 0 0 0 0 0 0 0 0 0 0 0 0 0 0 0 0 0 0 0 0 0 0 0 0 0 0 0 0 0 0 0 0 0 0 0 0 0 0 0 0 0 0 0 0 0 0 0 0 0.563661 0 0 0 0 0 0.48276 0 0 0 0
0 0 0 0 0 0 0 0 0 0 0 0 0 0 0.549228 0 0 0 0 0.557454 0 0 0 0.559803 0 0 0 0 0 0 0 0 0 0 0 0 0 0.523305 0 0 0 0 0 0 0 0 0 0 0 0 0 0 0 0 0 0 0 0 0 0 0 0 0 0.407805 0 0 0 0 0 0 0 0 0.441888 0.487779 0 0 0 0 0 0 0 0 0 0 0 0 0.633222 0 0 0 0 0 0 0 0 0 0 0 0 0
0 0 0.531577 0 0 0 0 0 0 0 0 0 0 0 0 0 0 0 0 0 0 0 0 0 0 0 0 0 0 0 0 0 0 0 0 0 0 0 0 0 0.523531 0 0 0 0 0 0 0 0.624664 0 0 0 0 0 0 0 0.453668 0 0 0 0 0 0 0 0 0 0.552847 0 0.540098 0 0 0 0 0 0 0 0.570906 0 0 0 0.57502 0 0 0.455617 0 0.461248 0.603368 0 0 0 0 0 0 0 0.438247 0 0 0 0 0
0 0 0 0 0.526627 0 0 0 0 0 0 0 0 0 0 0 0 0 0 0.486395 0 0 0 0 0 0 0 0 0 0 0 0 0 0 0 0.603958 0 0 0 0.575831 0 0 0 0 0 0 0 0 0 0 0 0.537687 0 0 0 0 0 0 0 0 0 0 0 0 0 0 0 0 0 0 0.599804 0 0 0.509087 0 0 0 0 0 0 0 0 0 0 0 0 0 0 0 0 0.499898 0 0 0 0 0 0 0.443303 0 0
0 0 0 0 0 0 0 0.509917 0 0 0 0.549228 0 0 0 0 0 0 0 0 0 0.53917 0 0 0 0 0 0 0 0 0.585916 0 0 0 0 0.545419 0 0 0 0 0 0 0 0 0 0 0 0 0 0 0 0 0 0 0 0 0 0 0.626445 0 0 0 0 0 0 0 0 0 0 0 0 0 0 0.449906 0 0.55459 0 0 0.48817 0 0.570661 0 0 0 0 0.497612 0 0 0 0 0 0 0.48962 0 0 0 0 0 0 0
0 0 0 0 0 0 0 0 0 0 0.480962 0 0 0 0 0 0 0 0 0 0 0 0 0 0 0 0 0 0 0 0 0 0 0 0 0 0 0.509755 0 0 0 0.586207 0 0 0 0 0 0 0 0 0 0 0 0 0 0 0 0 0 0 0 0 0 0.497836 0 0 0 0 0 0 0 0 0 0.487621 0 0 0 0 0 0 0 0.523961 0 0.409769 0 0 0 0 0 0 0 0 0 0 0 0 0 0 0 0
0 0 0 0 0 0 0 0 0 0.58518 0 0 0 0 0 0 0 0 0 0 0 0 0 0 0 0 0.540682 0 0 0 0 0 0 0 0 0 0 0 0 0 0 0 0 0 0 0 0 0 0 0 0.61508 0 0 0 0 0 0 0 0.48539 0.507229 0 0 0 0 0 0.532407 0 0 0 0 0 0 0 0 0 0 0 0 0 0 0 0 0 0.622847 0 0 0 0.522134 0 0 0 0 0 0 0 0 0.598242 0 0 0
0 0 0 0 0 0 0 0 0 0 0 0 0 0 0 0 0 0 0 0.617261 0 0 0.651911 0 0 0 0.564022 0 0 0 0 0 0 0.54094 0 0.585035 0 0.528147 0 0 0 0 0 0 0 0 0 0 0 0 0 0 0 0.476588 0 0 0 0 0 0.584565 0 0 0.489996 0 0 0 0 0 0 0 0 0 0 0 0 0 0 0 0 0.520461 0 0.557761 0 0 0 0.626927 0 0 0 0 0 0 0 0 0 0 0 0 0 0
0 0.531116 0 0 0 0.587625 0 0 0 0 0 0 0 0 0 0 0 0 0 0 0 0 0 0 0.52139 0.628451 0 0 0 0 0 0 0 0 0 0.570463 0 0 0 0 0 0 0.478964 0 0 0 0 0 0 0 0 0 0 0 0 0 0 0 0 0 0 0 0 0 0 0 0 0 0 0 0.587042 0 0 0 0 0 0 0 0 0 0 0 0 0 0 0 0 0.545425 0 0 0 0 0 0 0 0 0 0 0 0
0 0 0 0 0.551215 0 0 0 0 0.393291 0 0.557454 0 0.486395 0 0 0 0.617261 0 0 0 0 0 0 0 0 0 0 0.554599 0 0 0 0 0 0 0 0 0 0 0 0 0 0 0 0 0 0 0 0 0 0.592901 0 0 0 0 0 0 0 0 0 0 0 0 0 0 0.547876 0 0 0.452128 0 0 0 0.504972 0 0.600412 0 0 0 0.38615 0 0 0 0 0 0 0 0 0 0 0 0 0 0 0 0 0 0 0 0 0
0 0 0.500163 0 0 0 0 0 0 0 0.45059 0 0 0 0 0 0 0 0 0 0 0 0 0 0.567111 0.564927 0 0 0.539797 0 0 0 0 0 0 0.599419 0 0 0 0 0 0 0.605663 0 0 0 0 0 0 0 0.578191 0 0 0 0 0 0 0 0 0 0 0 0 0.530143 0 0 0 0 0 0 0 0 0 0 0 0 0 0 0 0 0 0.549829 0 0 0 0 0.553152 0.622808 0 0.492298 0 0 0 0 0 0 0 0 0 0
0 0 0.50872 0 0 0 0 0 0.523581 0 0 0 0 0 0.53917 0 0 0 0 0 0 0 0 0 0 0 0 0 0 0.584675 0 0 0 0 0 0 0 0 0 0.536 0 0 0 0 0 0 0 0 0.55416 0 0 0 0 0 0.478748 0 0 0 0 0 0 0 0.566969 0 0 0 0 0 0 0 0 0 0 0 0 0 0 0.464501 0 0 0 0.574447 0 0 0 0 0 0 0 0.433754 0.561407 0 0 0 0 0 0 0 0 0
0.502227 0 0 0 0 0 0 0 0 0 0 0 0 0 0 0 0 0.651911 0 0 0 0 0 0 0 0 0 0 0 0 0 0.585563 0 0 0.548291 0.63235 0 0 0 0 0 0 0 0 0 0 0 0 0 0 0 0 0 0 0 0 0 0 0 0.517954 0 0 0 0 0 0 0 0 0.49411 0 0 0 0 0 0 0 0 0 0 0 0 0 0 0 0 0.417121 0.524732 0 0 0 0 0 0 0 0 0 0 0 0 0
0 0.512676 0 0 0 0 0.461987 0 0 0 0 0.559803 0 0 0 0 0 0 0 0 0 0 0 0 0 0 0 0 0.572261 0 0 0 0 0 0 0.529135 0 0 0 0 0 0.598171 0 0 0 0 0 0 0 0 0 0 0 0 0 0.577834 0 0 0 0 0 0.472743 0 0 0 0 0 0 0 0 0.558116 0 0 0.559001 0 0.52133 0 0.539549 0 0 0 0 0 0 0 0 0 0.578838 0 0 0 0.694304 0 0 0 0 0 0 0 0
0 0.56829 0 0 0 0.515333 0 0 0 0 0 0 0 0 0 0 0 0 0.52139 0 0.567111 0 0 0 0 0 0 0 0 0 0.506687 0 0 0 0 0 0 0 0 0.583693 0 0 0 0 0 0 0 0 0 0 0 0 0.549881 0 0 0 0 0.526604 0 0 0 0 0 0 0 0 0 0 0 0 0.460272 0 0 0 0 0 0 0 0 0 0 0 0 0 0 0 0 0 0.577494 0 0 0.592538 0 0 0 0 0 0 0 0
0.590951 0 0.573348 0 0 0 0 0 0 0 0 0 0 0 0 0 0 0 0.628451 0 0.564927 0 0 0 0 0 0 0 0 0 0 0 0 0 0 0 0 0 0 0 0.412174 0 0 0 0 0 0 0 0 0 0 0 0 0 0 0 0 0 0 0 0 0 0 0 0 0 0 0 0 0.652922 0 0 0 0 0.560158 0 0 0 0 0 0 0 0 0 0 0 0 0.551254 0 0.365622 0 0 0 0 0 0 0 0 0 0
0 0 0 0 0 0 0 0 0 0 0 0 0 0 0 0 0.540682 0.564022 0 0 0 0 0 0 0 0 0 0 0.491104 0.629188 0.44632 0 0 0 0 0 0 0 0 0 0 0 0.511032 0 0.520322 0 0 0 0 0 0 0 0 0 0 0 0 0 0 0 0 0 0 0 0 0 0 0 0 0 0 0 0.527449 0.476826 0 0 0 0 0 0 0.549764 0 0 0 0 0 0 0 0 0 0 0 0 0 0 0 0 0 0 0.552098
0 0 0 0 0 0 0 0.591864 0 0 0.489875 0 0 0 0 0 0 0 0 0 0 0 0 0 0 0 0 0 0 0 0 0 0.398378 0 0 0 0 0 0.485692 0.518552 0 0 0.54328 0 0 0 0 0 0 0.65437 0 0 0 0 0 0 0 0 0 0 0 0.515547 0 0.609861 0 0 0 0 0 0 0 0 0.527078 0 0 0 0 0 0 0 0 0 0 0 0 0 0 0 0 0 0 0 0 0 0 0 0.477644 0 0 0
0 0 0 0 0 0.452962 0 0 0 0 0 0 0 0 0 0 0 0 0 0.554599 0.539797 0 0 0.572261 0 0 0.491104 0 0 0 0 0 0 0 0 0 0 0 0.482234 0 0 0.442722 0 0 0 0.660377 0 0 0 0 0 0 0.472506 0 0 0 0 0 0 0 0 0 0 0 0 0.511359 0 0 0 0 0 0.48044 0 0 0 0 0 0 0 0 0 0 0 0 0 0 0 0.401997 0 0 0 0 0.494337 0 0.552922 0.595331 0 0 0 0
0 0 0 0 0.535833 0 0 0 0 0 0.48237 0 0 0 0 0 0 0 0 0 0 0.584675 0 0 0 0 0.629188 0 0 0 0 0 0 0.454495 0.549382 0 0 0 0 0 0 0.449159 0.494136 0 0 0 0 0 0 0.521989 0 0 0 0 0 0 0 0 0 0 0 0 0 0 0 0 0 0.514505 0 0.460334 0 0 0 0 0 0 0 0 0 0 0 0 0 0.601936 0 0 0 0 0 0 0 0 0 0.559023 0 0 0 0 0.532514 0
0 0 0 0.472953 0 0 0 0 0.650795 0 0 0 0 0 0.585916 0 0 0 0 0 0 0 0 0 0.506687 0 0.44632 0 0 0 0 0 0 0 0 0 0.555731 0 0 0 0 0 0 0 0 0 0.512941 0 0 0.502132 0 0 0 0 0 0 0 0 0 0 0 0 0 0 0 0 0 0 0 0 0 0 0 0 0 0 0 0 0 0 0 0 0 0 0 0 0.686218 0 0 0 0 0.624636 0 0 0 0 0 0 0 0
0 0 0 0 0 0 0 0 0 0 0.630703 0 0 0 0 0 0 0 0 0 0 0 0.585563 0 0 0 0 0 0 0 0 0 0 0 0 0 0 0 0 0 0 0 0.648193 0 0 0 0 0.399017 0.671161 0 0 0 0 0 0 0 0 0.481227 0 0 0 0 0 0 0 0 0 0.469036 0 0 0 0 0 0 0 0 0.55391 0 0 0 0 0.484934 0 0 0 0 0 0 0 0 0 0 0 0 0 0 0 0 0 0
0 0 0 0 0 0 0 0 0.623368 0 0 0 0 0 0 0 0 0 0 0 0 0 0 0 0 0 0 0.398378 0 0 0 0 0 0 0 0 0 0.60376 0 0.546916 0 0 0 0 0 0 0 0 0 0 0 0 0 0.452339 0 0.452655 0 0 0 0 0 0 0 0 0 0 0.687035 0 0 0 0 0 0 0 0 0 0 0 0 0 0 0.570012 0 0 0 0 0.520767 0 0 0 0 0 0 0 0 0 0 0 0 0
0 0 0 0 0 0 0 0 0 0 0 0 0 0 0 0 0 0.54094 0 0 0 0 0 0 0 0 0 0 0 0.454495 0 0 0 0 0 0 0 0.484235 0 0 0.659382 0 0 0 0 0 0 0 0 0 0 0 0 0 0.581428 0 0.548273 0 0 0 0 0 0 0 0 0 0 0.488191 0 0 0 0 0 0.538199 0 0 0 0 0 0 0 0.5872 0 0 0 0 0 0 0 0 0 0 0 0 0 0 0 0 0 0
0 0 0 0 0.455822 0 0 0 0 0 0 0 0 0 0 0 0 0 0 0 0 0 0.548291 0 0 0 0 0 0 0.549382 0 0 0 0 0 0 0 0 0 0.643147 0 0 0 0 0 0 0 0 0 0 0 0 0 0 0 0 0 0 0 0 0 0 0.515879 0 0.534584 0 0 0 0 0 0 0 0 0 0.453449 0 0 0 0 0 0 0 0 0 0.506737 0 0 0 0 0 0 0 0 0 0.545524 0 0 0 0 0
0.610508 0 0 0 0 0 0 0 0 0 0.493442 0 0 0.603958 0.545419 0 0 0.585035 0.570463 0 0.599419 0 0.63235 0.529135 0 0 0 0 0 0 0 0 0 0 0 0 0 0.464142 0 0 0 0 0 0 0 0 0.542359 0 0 0 0.63266 0 0.58063 0 0 0 0 0 0 0 0 0 0 0 0 0 0 0 0 0 0 0 0 0 0 0.419609 0 0 0 0 0 0 0 0 0 0 0 0 0 0 0 0 0 0 0.49616 0 0.634182 0 0 0
0 0 0 0 0 0 0 0 0 0 0 0 0 0 0 0 0 0 0 0 0 0 0 0 0 0 0 0 0 0 0.555731 0 0 0 0 0 0 0 0 0 0 0 0 0.63169 0 0.466983 0 0 0 0 0 0 0.610723 0.515527 0 0.446409 0 0 0 0 0 0 0 0 0 0 0 0 0 0 0 0 0 0 0 0 0 0 0 0 0 0 0.427672 0 0 0 0.630966 0.524843 0 0 0.467021 0 0.504317 0 0 0.530337 0.545298 0.446761 0 0
0 0 0 0.390102 0 0 0 0 0 0 0 0.523305 0 0 0 0.509755 0 0.528147 0 0 0 0 0 0 0 0 0 0 0 0 0 0 0.60376 0.484235 0 0.464142 0 0 0 0 0 0 0 0 0 0 0 0 0 0 0 0 0.6625 0.493836 0 0 0 0 0 0 0 0 0 0 0 0 0 0 0 0 0 0.468185 0 0 0 0 0 0 0 0 0 0 0 0 0 0 0.543685 0 0 0 0 0 0 0 0 0 0.532165 0 0 0
0 0 0 0 0 0 0 0 0 0 0 0 0 0 0 0 0 0 0 0 0 0 0 0 0 0 0 0.485692 0.482234 0 0 0 0 0 0 0 0 0 0 0 0 0 0 0 0 0 0 0 0 0 0 0 0 0 0 0 0 0 0 0 0 0 0 0 0.61391 0 0 0 0 0 0 0 0 0 0.585876 0 0 0 0 0.534294 0 0 0 0 0 0 0.629165 0.556299 0 0 0.576434 0 0 0 0 0 0 0 0 0
0 0 0 0 0 0 0 0 0 0 0 0 0 0.575831 0 0 0 0 0 0 0 0.536 0 0 0.583693 0 0 0.518552 0 0 0 0 0.546916 0 0.643147 0 0 0 0 0 0 0.531207 0 0.505452 0 0.490573 0 0 0 0 0 0 0 0 0 0 0 0 0 0 0 0 0 0 0.53578 0 0 0 0 0 0 0 0 0 0 0 0 0 0 0.459739 0 0 0 0 0 0.504979 0 0 0 0 0 0 0 0 0 0 0.443089 0 0 0.600384
0 0.590227 0 0 0.562498 0.575821 0 0 0 0 0 0 0.523531 0 0 0 0 0 0 0 0 0 0 0 0 0.412174 0 0 0 0 0 0 0 0.659382 0 0 0 0 0 0 0 0 0.589948 0 0 0 0 0 0 0 0 0 0 0 0 0 0 0.551684 0 0 0 0.568217 0 0 0 0.495925 0 0 0 0.550361 0 0 0 0 0 0 0 0 0.611352 0 0.558775 0 0 0 0 0 0 0 0 0 0 0 0 0 0 0.501661 0 0 0 0
0 0.507978 0.475828 0 0 0 0 0 0 0 0 0 0 0 0 0.586207 0 0 0 0 0 0 0 0.598171 0 0 0 0 0.442722 0.449159 0 0 0 0 0 0 0 0 0 0.531207 0 0 0.584794 0 0.493147 0 0 0 0 0 0 0 0 0 0 0 0 0 0 0 0 0 0 0 0.581294 0 0.547481 0 0 0 0 0 0 0 0 0 0 0.501306 0 0 0 0 0.485618 0 0.538974 0 0 0 0.405792 0 0 0 0 0.521283 0 0 0 0 0 0
0.514529 0 0 0 0 0 0 0 0 0.63633 0 0 0 0 0 0 0 0 0.478964 0 0.605663 0 0 0 0 0 0.511032 0.54328 0 0.494136 0 0.648193 0 0 0 0 0 0 0 0 0.589948 0.584794 0 0 0 0 0 0 0 0 0 0.579272 0 0.481065 0 0 0 0 0 0.507637 0 0 0 0 0.443071 0 0 0 0 0 0 0.557839 0 0 0 0.582055 0 0 0 0 0 0 0 0 0.596686 0 0 0 0 0.590547 0 0 0 0 0 0 0 0 0 0
0 0 0.612805 0 0 0.601858 0.554465 0 0 0 0 0 0 0 0 0 0 0 0 0 0 0 0 0 0 0 0 0 0 0 0 0 0 0 0 0 0.63169 0 0 0.505452 0 0 0 0 0 0 0 0 0.613254 0 0 0.546114 0 0 0 0 0 0 0 0 0 0 0 0 0 0 0 0 0 0 0 0 0 0 0 0 0 0 0 0 0.589471 0 0 0 0 0.457105 0.612168 0 0 0 0 0.624468 0 0 0 0 0 0 0 0
0 0 0 0 0 0.573525 0.591885 0 0.53074 0.628064 0 0 0 0 0 0 0 0 0 0 0 0 0 0 0 0 0.520322 0 0 0 0 0 0 0 0 0 0 0 0 0 0 0.493147 0 0 0 0 0 0 0 0 0 0 0 0 0 0 0 0 0 0 0 0 0 0 0 0 0 0 0 0 0.554936 0.508688 0.620962 0 0 0 0 0 0 0.468795 0 0 0 0 0 0 0 0.615106 0.601676 0 0 0 0 0 0 0 0 0 0 0
0 0 0 0 0 0 0 0 0 0 0 0 0 0 0 0 0 0 0 0 0 0 0 0 0 0 0 0 0.660377 0 0 0 0 0 0 0 0.466983 0 0 0.490573 0 0 0 0 0 0 0 0.467117 0 0.59813 0 0.511274 0 0 0 0 0 0.582406 0 0 0 0 0 0 0 0 0 0 0 0.651542 0 0 0.479181 0 0 0 0 0 0 0.626634 0 0.512119 0 0 0 0 0 0 0 0.543773 0 0 0 0 0 0 0 0 0 0
0 0 0 0 0.479616 0 0 0 0 0 0 0 0 0 0 0 0 0 0 0 0 0 0 0 0 0 0 0 0 0 0.512941 0 0 0 0 0.542359 0 0 0 0 0 0 0 0 0 0 0 0.477597 0 0 0 0 0 0.576919 0 0 0 0 0.550934 0 0 0 0.544124 0 0 0 0.567183 0 0 0 0 0 0 0 0.598048 0 0 0 0 0.421902 0 0 0 0 0 0 0 0 0 0 0 0 0 0 0.521418 0 0 0 0 0
0 0 0 0 0 0 0 0 0.505906 0 0 0 0 0 0 0 0 0 0 0 0 0 0 0 0 0 0 0 0 0 0 0.399017 0 0 0 0 0 0 0 0 0 0 0 0 0 0.467117 0.477597 0 0 0 0 0.568328 0 0 0 0 0.488953 0 0.449727 0 0.534033 0 0 0.560806 0 0 0 0.469157 0 0 0 0 0 0 0 0 0 0 0 0 0 0.564519 0 0.482319 0 0 0.477625 0.560948 0 0 0 0 0 0 0 0 0 0 0 0
0 0 0 0 0 0.489021 0 0 0 0 0 0 0.624664 0 0 0 0 0 0 0 0 0.55416 0 0 0 0 0 0 0 0 0 0.671161 0 0 0 0 0 0 0 0 0 0 0 0.613254 0 0 0 0 0 0 0 0 0 0 0 0.523869 0 0 0 0 0 0 0 0.537106 0 0 0 0 0 0 0 0 0.416692 0.524818 0 0 0 0 0 0 0.6274 0 0.63695 0 0 0.475793 0.555701 0 0 0 0 0.552899 0 0.596827 0 0 0.529142 0 0 0
0 0 0 0 0 0 0 0 0 0 0 0 0 0 0 0 0 0 0 0 0 0 0 0 0 0 0 0.65437 0 0.521989 0.502132 0 0 0 0 0 0 0 0 0 0 0 0 0 0 0.59813 0 0 0 0 0 0.5049 0 0 0 0 0 0 0 0 0.591776 0 0 0.648938 0 0 0 0 0 0 0 0 0.551719 0 0 0.515274 0 0 0 0 0 0 0.601428 0 0 0 0 0 0 0 0 0.501233 0 0 0 0 0 0 0 0
0 0 0 0 0 0 0 0 0.468795 0 0 0 0 0 0 0 0.61508 0 0 0.592901 0.578191 0 0 0 0 0 0 0 0 0 0 0 0 0 0 0.63266 0 0 0 0 0 0 0 0 0 0 0 0 0 0 0 0 0 0 0.582266 0 0 0 0 0 0 0 0 0.601877 0 0 0 0 0 0.575517 0 0 0 0 0 0.6325 0 0 0 0 0 0 0 0 0 0 0.602426 0 0 0 0 0 0 0 0 0 0 0 0 0
0 0 0 0 0 0 0 0 0 0 0 0 0 0.537687 0 0 0 0 0 0 0 0 0 0 0 0 0 0 0 0 0 0 0 0 0 0 0 0 0 0 0 0 0.579272 0.546114 0 0.511274 0 0.568328 0 0.5049 0 0 0.449994 0 0.601292 0 0 0 0 0 0 0 0 0 0 0 0 0.44873 0 0 0 0 0 0 0 0 0 0 0.492502 0 0 0 0 0 0 0 0 0 0 0 0 0 0 0.499797 0.564908 0 0 0 0.472949 0
0 0 0 0 0 0 0.415547 0 0.559629 0 0 0 0 0 0 0 0 0 0 0 0 0 0 0 0.549881 0 0 0 0.472506 0 0 0 0 0 0 0.58063 0.610723 0.6625 0 0 0 0 0 0 0 0 0 0 0 0 0 0.449994 0 0 0 0 0 0 0 0 0 0 0 0 0 0 0 0 0 0 0.575481 0 0 0 0 0 0 0.607318 0 0 0.410544 0 0 0 0 0 0 0 0.523696 0 0 0 0 0.479723 0 0 0 0 0 0
0 0 0 0 0 0 0 0 0 0 0 0 0 0 0 0 0 0.476588 0 0 0 0 0 0 0 0 0 0 0 0 0 0 0.452339 0 0 0 0.515527 0.493836 0 0 0 0 0.481065 0 0 0 0.576919 0 0 0 0 0 0 0 0 0 0 0 0 0 0 0 0.524156 0 0 0 0 0 0 0 0 0 0 0 0.435662 0 0 0 0 0 0 0.55792 0 0 0 0 0 0 0 0 0 0 0 0 0 0.552651 0 0 0 0
0 0 0 0 0 0 0 0 0.600798 0 0 0 0 0 0 0 0 0 0 0 0 0.478748 0 0 0 0 0 0 0 0 0 0 0 0.581428 0 0 0 0 0 0 0 0 0 0 0 0 0 0 0 0 0.582266 0.601292 0 0 0 0 0 0 0 0 0 0 0 0 0 0 0 0 0 0 0 0 0.595475 0 0 0 0 0 0 0 0.462037 0 0.694035 0 0 0 0 0 0 0 0 0 0 0 0 0 0 0 0 0
0 0 0 0 0 0 0 0 0.514854 0 0 0 0 0 0 0 0 0 0 0 0 0 0 0.577834 0 0 0 0 0 0 0 0 0.452655 0 0 0 0.446409 0 0 0 0 0 0 0 0 0 0 0 0.523869 0 0 0 0 0 0 0 0 0 0 0 0 0.490472 0 0 0 0.479756 0.495654 0 0 0 0 0 0 0 0 0 0 0 0 0 0 0 0 0 0 0 0 0 0 0 0 0 0 0 0 0 0 0 0 0.509258
0 0 0 0 0 0 0 0 0 0 0 0 0.453668 0 0 0 0 0 0 0 0 0 0 0 0 0 0 0 0 0 0 0 0 0.548273 0 0 0 0 0 0 0 0 0 0 0 0 0 0.488953 0 0 0 0 0 0 0 0 0 0 0 0 0 0 0 0 0 0 0 0 0 0 0 0 0 0 0 0 0 0 0 0 0 0 0 0 0 0 0.536162 0 0.594421 0 0 0 0 0 0 0 0 0 0 0
0 0 0.500769 0 0.515941 0 0 0 0 0 0 0 0 0 0 0 0 0 0 0 0 0 0 0 0.526604 0 0 0 0 0 0 0.481227 0 0 0 0 0 0 0 0 0.551684 0 0 0 0 0.582406 0 0 0 0 0 0 0 0 0 0 0 0 0.530277 0 0 0 0 0 0 0 0 0 0.481979 0 0 0.439009 0 0 0.4965 0 0.558485 0.516277 0 0 0 0 0 0 0 0 0 0 0 0 0 0 0.467264 0 0 0.441917 0 0 0 0
0 0 0 0.537066 0.408171 0 0 0 0 0 0 0 0 0 0.626445 0 0.48539 0 0 0 0 0 0 0 0 0 0 0 0 0 0 0 0 0 0 0 0 0 0 0 0 0 0 0 0 0 0.550934 0.449727 0 0 0 0 0 0 0 0 0 0.530277 0 0 0 0 0 0 0 0 0 0.512838 0 0.597518 0.532215 0 0 0 0 0 0 0 0 0 0 0 0 0 0 0 0 0 0.428874 0 0 0 0 0 0 0.443056 0 0 0 0.451227
0 0.665249 0 0 0 0 0.634544 0.541548 0 0 0 0 0 0 0 0 0.507229 0.584565 0 0 0 0 0.517954 0 0 0 0 0 0 0 0 0 0 0 0 0 0 0 0 0 0 0 0.507637 0 0 0 0 0 0 0 0 0 0 0 0 0 0 0 0 0 0 0 0 0 0 0 0 0 0 0 0.526629 0 0 0 0 0 0 0 0 0 0 0 0 0 0 0 0 0 0 0 0 0 0 0 0 0 0 0 0.594792 0.653832
0 0 0 0 0 0 0 0 0.526384 0.557423 0 0 0 0 0 0 0 0 0 0 0 0 0 0 0 0 0 0 0 0 0 0 0 0 0 0 0 0 0 0 0 0 0 0 0 0 0 0.534033 0 0.591776 0 0 0 0 0 0 0 0 0 0 0 0 0 0 0 0 0 0 0.627494 0 0.618299 0.53688 0 0 0.503389 0 0 0 0 0 0 0 0 0 0 0.43093 0 0 0.473812 0.504294 0 0.544825 0 0 0.451322 0 0.574332 0 0.525791 0
0 0 0.573477 0.544556 0 0 0 0 0 0 0 0 0 0 0 0 0 0 0 0 0 0 0 0.472743 0 0 0 0.515547 0 0 0 0 0 0 0 0 0 0 0 0 0.568217 0 0 0 0 0 0 0 0 0 0 0 0 0 0 0.490472 0 0 0 0 0 0 0 0.494468 0 0 0 0 0 0 0.617703 0 0 0 0 0 0 0 0 0 0 0 0 0.516602 0 0 0 0 0 0 0 0 0 0.572232 0 0.46627 0 0 0 0
0 0 0 0 0 0 0 0.51322 0 0 0 0 0 0 0 0 0 0.489996 0 0 0 0.566969 0 0 0 0 0 0 0 0 0 0 0 0 0.515879 0 0 0 0 0 0 0 0 0 0 0 0.544124 0 0 0 0 0 0 0.524156 0 0 0 0 0 0 0 0 0 0 0 0 0 0 0.503981 0 0.469189 0 0 0.519642 0 0 0 0 0 0 0 0 0 0 0 0 0 0 0.618157 0 0 0.549635 0 0 0 0 0.537045 0 0 0
0 0 0 0 0 0.445803 0 0 0 0 0 0.407805 0 0 0 0.497836 0 0 0 0 0.530143 0 0 0 0 0 0 0.609861 0 0 0 0 0 0 0 0 0 0 0 0 0 0 0 0 0 0 0 0.560806 0.537106 0.648938 0.601877 0 0 0 0 0 0 0 0 0 0 0.494468 0 0 0 0 0 0 0 0 0 0 0 0 0 0.561622 0 0 0 0 0 0.594207 0 0 0 0 0 0 0 0 0 0 0 0 0 0 0 0 0 0
0 0 0 0.593602 0 0 0 0 0 0 0 0 0 0 0 0 0 0 0 0 0 0 0 0 0 0 0 0 0 0 0 0 0 0 0.534584 0 0 0 0.61391 0.53578 0 0.581294 0.443071 0 0 0 0 0 0 0 0 0 0 0 0 0 0 0 0 0 0 0 0 0 0 0 0 0 0.599592 0 0.580857 0 0.564399 0 0 0 0 0 0 0.419514 0 0 0 0 0 0 0 0 0 0 0 0 0.547335 0 0 0 0.472767 0 0 0
0 0 0 0 0 0 0 0 0 0 0 0 0 0 0 0 0.532407 0 0 0.547876 0 0 0 0 0 0 0 0 0.511359 0 0 0 0 0 0 0 0 0 0 0 0.495925 0 0 0 0 0 0 0 0 0 0 0 0 0 0 0.479756 0 0 0 0 0 0 0 0 0 0 0 0 0 0 0 0 0 0 0 0 0 0 0 0 0 0 0 0 0 0 0 0.616364 0 0 0 0 0 0 0 0 0 0 0 0
0.547754 0 0 0 0 0 0 0 0 0 0 0 0.552847 0 0 0 0 0 0 0 0 0 0 0 0 0 0 0 0 0 0 0 0.687035 0 0 0 0 0 0 0 0 0.547481 0 0 0 0 0.567183 0 0 0 0 0 0 0 0 0.495654 0 0 0 0 0 0 0 0 0 0 0 0 0 0 0 0 0 0.515393 0 0 0 0 0 0 0.486809 0 0 0 0.700088 0 0 0.501496 0 0 0 0 0 0.595559 0 0 0 0 0 0
0 0 0.473881 0 0 0 0 0.524375 0 0 0 0 0 0 0 0 0 0 0 0 0 0 0 0 0 0 0 0 0 0.514505 0 0.469036 0 0.488191 0 0 0 0 0 0 0 0 0 0 0 0 0 0.469157 0 0 0 0.44873 0 0 0 0 0 0 0.512838 0 0 0 0 0 0 0 0 0 0 0 0 0 0 0 0 0 0 0 0 0 0 0 0 0.497867 0 0 0 0.543864 0 0 0 0 0 0 0 0 0 0.595327 0 0.537157
0 0 0 0 0 0 0.458379 0 0 0 0 0 0.540098 0 0 0 0 0 0 0.452128 0 0 0.49411 0 0 0 0 0 0 0 0 0 0 0 0 0 0 0 0 0 0 0 0 0 0 0 0 0 0 0 0 0 0 0 0 0 0 0.481979 0 0 0.627494 0 0.503981 0 0.599592 0 0 0 0 0 0 0 0 0 0 0 0 0 0 0 0 0 0 0 0 0 0 0 0 0 0 0 0 0 0 0 0 0 0 0
0 0 0 0 0 0 0 0 0 0 0 0 0 0 0 0 0 0 0 0 0 0 0 0 0 0.652922 0 0 0 0.460334 0 0 0 0 0 0 0 0 0 0 0.550361 0 0 0 0 0.651542 0 0 0 0 0.575517 0 0 0 0 0 0 0 0.597518 0 0 0 0 0 0 0 0 0 0 0 0 0 0 0 0 0 0 0 0 0 0 0 0 0 0.452823 0.493875 0 0.618071 0 0 0 0.512817 0 0.594165 0 0 0 0 0 0
0 0 0 0 0 0 0 0 0 0 0 0 0 0.599804 0 0 0 0 0.587042 0 0 0 0 0.558116 0.460272 0 0 0 0 0 0 0 0 0 0 0 0 0 0 0 0 0 0 0 0.554936 0 0 0 0 0 0 0 0.575481 0 0 0 0 0 0.532215 0.526629 0.618299 0.617703 0.469189 0 0.580857 0 0 0 0 0 0 0.542859 0 0.479047 0 0 0 0 0 0 0 0 0 0.542991 0 0 0.532867 0 0 0 0 0 0 0 0.49718 0 0.582822 0 0 0
0 0 0 0 0 0 0 0 0 0 0 0 0 0 0 0 0 0 0 0 0 0 0 0 0 0 0 0 0.48044 0 0 0 0 0 0 0 0 0.468185 0 0 0 0 0.557839 0 0.508688 0 0 0 0 0 0 0 0 0 0 0 0 0.439009 0 0 0.53688 0 0 0 0 0 0 0 0 0 0.542859 0 0 0 0 0 0.463188 0 0 0 0 0 0.559459 0 0 0 0 0 0 0 0 0 0 0 0 0 0 0 0 0
0 0 0 0 0 0.452666 0 0 0 0.484599 0 0.441888 0 0 0 0 0 0 0 0.504972 0 0 0 0 0 0 0.527449 0.527078 0 0 0 0 0 0 0 0 0 0 0 0 0 0 0 0 0.620962 0.479181 0 0 0.416692 0.551719 0 0 0 0 0.595475 0 0 0 0 0 0 0 0 0 0.564399 0 0 0 0 0 0 0 0 0.537728 0 0 0 0 0 0 0 0 0 0 0.55889 0 0 0.621677 0 0 0 0 0.56631 0 0.498456 0 0 0 0 0
0.605549 0 0 0 0 0 0 0 0 0 0 0.487779 0 0.509087 0.449906 0.487621 0 0 0 0 0 0 0 0.559001 0 0 0.476826 0 0 0 0 0 0 0.538199 0 0 0 0 0 0 0 0 0 0 0 0 0 0 0.524818 0 0 0 0 0 0 0 0 0 0 0 0 0 0.519642 0 0 0 0.515393 0 0 0 0.479047 0 0.537728 0 0 0 0 0 0 0 0 0 0 0 0 0 0 0 0 0 0.622562 0 0 0 0 0 0 0 0 0
0.481808 0 0 0 0 0 0 0.43614 0.518518 0 0 0 0 0 0 0 0 0 0 0.600412 0 0 0 0 0 0.560158 0 0 0 0 0 0 0 0 0.453449 0 0 0 0.585876 0 0 0 0 0 0 0 0.598048 0 0 0 0 0 0 0.435662 0 0 0 0.4965 0 0 0.503389 0 0 0 0 0 0 0 0 0 0 0 0 0 0 0 0 0 0 0 0 0 0 0 0 0 0 0 0 0 0 0 0 0 0 0 0 0 0 0
0 0 0.570712 0 0 0 0 0 0 0 0 0 0 0 0.55459 0 0 0 0 0 0 0 0 0.52133 0 0 0 0 0 0 0 0 0 0 0 0.419609 0 0 0 0 0 0 0.582055 0 0 0 0 0 0 0.515274 0.6325 0 0 0 0 0 0 0 0 0 0 0 0 0.561622 0 0 0 0 0 0 0 0 0 0 0 0 0 0 0 0 0 0 0 0 0 0 0 0 0.577888 0.47812 0 0 0 0 0 0 0.490929 0 0.574641 0
0 0 0 0 0 0 0 0 0 0.637312 0 0 0.570906 0 0 0 0 0 0 0 0 0 0 0 0 0 0 0 0 0 0 0.55391 0 0 0 0 0 0 0 0 0 0 0 0 0 0 0 0 0 0 0 0 0 0 0 0 0 0.558485 0 0 0 0 0 0 0 0 0 0 0 0 0 0.463188 0 0 0 0 0 0 0 0.547127 0 0 0 0 0 0 0 0 0 0 0 0 0 0 0 0 0 0 0 0
0 0 0 0 0 0 0 0 0 0 0 0 0 0 0 0 0 0 0 0 0 0.464501 0 0.539549 0 0 0 0 0 0 0 0 0 0 0 0 0 0 0 0 0 0.501306 0 0 0 0 0 0 0 0 0 0 0.607318 0 0 0 0 0.516277 0 0 0 0 0 0 0 0 0 0 0 0 0 0 0 0 0 0 0 0 0 0 0.58321 0 0 0 0.518506 0 0 0 0.570763 0 0 0 0 0 0 0 0 0 0.533327 0.552557
0 0 0 0 0 0 0.465669 0 0 0 0 0 0 0 0.48817 0 0 0 0 0.38615 0 0 0 0 0 0 0 0 0 0 0 0 0 0 0 0 0 0 0 0 0.611352 0 0 0 0 0 0 0 0 0 0 0.492502 0 0 0 0 0 0 0 0 0 0 0 0 0 0 0 0 0 0 0 0 0 0 0 0 0 0 0 0 0 0 0 0 0 0 0 0 0.652124 0 0 0 0 0 0 0 0 0.438942 0 0
0 0 0 0 0.550843 0 0 0 0 0 0 0 0 0 0 0 0 0.520461 0 0 0 0 0 0 0 0 0 0 0 0 0 0 0 0 0 0 0 0 0.534294 0.459739 0 0 0 0 0.468795 0.626634 0.421902 0 0 0 0 0 0 0 0 0 0 0 0 0 0 0 0 0 0.419514 0 0 0 0 0 0 0 0 0 0 0 0.547127 0 0 0 0 0 0 0 0.558047 0 0 0 0 0 0 0 0 0 0 0 0 0 0 0
0 0 0 0.52218 0 0 0 0 0 0 0 0 0.57502 0 0.570661 0 0 0 0 0 0 0 0 0 0 0 0.549764 0 0 0 0 0 0 0 0 0 0 0 0 0 0.558775 0 0 0.589471 0 0 0 0 0.6274 0 0 0 0.410544 0 0.462037 0 0 0 0 0 0 0 0 0 0 0 0.486809 0 0 0 0 0 0 0 0 0 0 0.58321 0 0 0 0 0 0 0 0 0.55585 0 0 0 0 0 0 0 0 0.518631 0 0 0 0
0 0 0 0 0 0 0.538215 0 0 0 0 0 0 0 0 0.523961 0 0.557761 0 0 0.549829 0.574447 0 0 0 0 0 0 0 0 0 0.484934 0.570012 0.5872 0 0 0 0 0 0 0 0 0 0 0 0.512119 0 0.564519 0 0 0 0 0 0.55792 0 0 0 0 0 0 0 0 0 0.594207 0 0 0 0 0 0 0 0 0 0 0 0 0 0 0 0 0 0 0 0 0 0 0 0 0 0 0 0 0 0 0 0 0 0 0 0
0 0 0 0.585315 0.623751 0 0 0 0 0 0 0 0 0 0 0 0 0 0 0 0 0 0 0 0 0 0 0 0 0 0 0 0 0 0 0 0.427672 0 0 0 0 0.485618 0 0 0 0 0 0 0.63695 0.601428 0 0 0 0 0.694035 0 0 0 0 0 0 0 0 0 0 0 0 0 0 0 0 0.559459 0 0 0 0 0 0 0 0 0 0 0 0 0 0 0 0 0 0.482523 0 0 0 0 0 0 0 0 0.520289 0
0 0 0 0 0 0.506974 0 0 0 0 0 0 0.455617 0 0 0.409769 0.622847 0 0 0 0 0 0 0 0 0 0 0 0 0.601936 0 0 0 0 0 0 0 0 0 0 0 0 0 0 0 0 0 0.482319 0 0 0 0 0 0 0 0 0 0 0 0 0 0.516602 0 0 0 0 0 0.497867 0 0 0.542991 0 0 0 0 0 0 0 0 0 0 0 0 0 0 0 0.519079 0 0 0.58759 0 0 0 0 0 0 0 0 0 0
0 0 0 0 0 0 0 0 0 0 0 0 0 0 0 0 0 0 0 0 0 0 0 0 0 0 0 0 0 0 0 0 0 0 0.506737 0 0 0 0 0 0 0.538974 0.596686 0 0 0 0 0 0 0 0 0 0 0 0 0 0 0 0 0 0 0 0 0 0 0 0.700088 0 0 0.452823 0 0 0.55889 0 0 0 0 0.518506 0 0.558047 0 0 0 0 0 0 0 0 0 0 0 0 0 0.518068 0 0 0 0 0 0
0 0 0.540882 0 0 0 0 0.477874 0 0 0 0 0.461248 0 0.497612 0 0 0.626927 0 0 0 0 0.417121 0 0 0 0 0 0 0 0 0 0 0 0 0 0 0 0 0.504979 0 0 0 0.457105 0 0 0 0 0.475793 0 0 0 0 0 0 0 0 0 0 0 0.43093 0 0 0 0 0 0 0 0 0.493875 0 0 0 0 0 0 0 0 0 0 0 0 0 0 0 0 0 0 0 0 0 0 0 0 0 0 0 0 0.5566 0.514117
0 0 0 0 0.577592 0 0 0 0 0 0 0.633222 0.603368 0 0 0 0 0 0 0 0.553152 0 0.524732 0 0 0 0 0 0 0 0.686218 0 0.520767 0 0 0 0.630966 0.543685 0.629165 0 0 0 0 0.612168 0 0 0 0.477625 0.555701 0 0.602426 0 0 0 0 0 0.536162 0 0 0 0 0 0 0 0 0 0 0 0 0 0.532867 0 0 0 0 0 0 0 0 0 0.55585 0 0 0.519079 0 0 0 0 0 0 0 0 0 0 0.533631 0 0 0 0 0
0 0 0.546702 0 0.595534 0 0 0 0.58816 0 0 0 0 0 0 0 0.522134 0 0.545425 0 0.622808 0 0 0.578838 0 0.551254 0 0 0.401997 0 0 0 0 0 0 0 0.524843 0 0.556299 0 0 0 0 0 0.615106 0 0 0.560948 0 0 0 0 0 0 0 0 0 0 0 0 0 0 0 0 0 0.616364 0.501496 0.543864 0 0.618071 0 0 0.621677 0 0 0 0 0 0 0 0 0 0 0 0 0 0 0 0.579767 0 0.569485 0 0 0 0 0 0 0 0 0
0 0 0 0 0 0 0 0.614744 0 0 0 0 0 0 0 0 0 0 0 0 0 0 0 0 0.577494 0 0 0 0 0 0 0 0 0 0 0 0 0 0 0 0 0.405792 0 0 0.601676 0 0 0 0 0 0 0 0.523696 0 0 0 0.594421 0 0.428874 0 0.473812 0 0.618157 0 0 0 0 0 0 0 0 0 0 0 0 0.577888 0 0.570763 0.652124 0 0 0 0 0 0 0 0 0.579767 0 0 0 0 0.458822 0.609087 0 0 0 0 0.609797 0
0 0 0 0 0 0 0 0 0 0.475668 0.563661 0 0 0 0 0 0 0 0 0 0.492298 0.433754 0 0 0 0.365622 0 0 0 0 0 0 0 0 0 0 0 0 0 0 0 0 0.590547 0 0 0.543773 0 0 0 0 0 0 0 0 0 0 0 0 0 0 0.504294 0 0 0 0 0 0 0 0 0 0 0 0 0 0 0.47812 0 0 0 0 0 0 0.482523 0.58759 0 0 0 0 0 0 0 0 0 0 0 0 0 0 0 0
0 0 0 0 0 0 0 0 0 0 0 0 0 0.499898 0 0 0 0 0 0 0 0.561407 0 0 0 0 0 0 0 0 0 0 0 0 0 0 0.467021 0 0.576434 0 0 0 0 0 0 0 0 0 0 0 0 0 0 0 0 0 0 0 0 0 0 0 0 0 0 0 0 0 0 0 0 0 0 0.622562 0 0 0 0 0 0 0 0 0 0 0 0 0 0.569485 0 0 0 0 0 0 0 0 0.479894 0 0 0
0 0 0 0 0.469979 0 0 0 0 0 0 0 0 0 0 0 0 0 0 0 0 0 0 0.694304 0.592538 0 0 0 0 0 0.624636 0 0 0 0 0 0 0 0 0 0 0 0 0.624468 0 0 0 0 0.552899 0.501233 0 0 0 0 0 0 0 0 0 0 0.544825 0 0.549635 0 0 0 0 0 0 0.512817 0 0 0 0 0 0 0 0 0 0 0 0 0 0 0 0 0 0 0 0 0 0 0 0 0 0 0 0 0.663536 0
0 0 0.633585 0 0 0.576769 0 0 0 0 0 0 0 0 0.48962 0 0 0 0 0 0 0 0 0 0 0 0 0 0.494337 0 0 0 0 0 0 0 0.504317 0 0 0 0 0 0 0 0 0 0 0 0 0 0 0 0 0 0 0 0 0.467264 0 0 0 0 0 0 0.547335 0 0 0 0 0 0 0 0.56631 0 0 0 0 0 0 0 0 0 0 0 0 0 0 0 0.458822 0 0 0 0 0 0.606338 0 0.469797 0 0 0
0 0.589518 0 0 0 0 0.487397 0 0 0 0 0 0 0 0 0 0 0 0 0 0 0 0 0 0 0 0 0 0 0.559023 0 0 0 0 0 0 0 0 0 0 0 0.521283 0 0 0 0 0 0 0.596827 0 0 0.499797 0.479723 0 0 0 0 0 0 0 0 0.572232 0 0 0 0 0.595559 0 0 0.594165 0 0 0 0 0 0 0 0 0 0 0 0 0 0 0.518068 0 0 0 0.609087 0 0 0 0 0 0 0 0 0 0 0
0 0 0 0 0 0 0.592974 0 0 0 0 0 0.438247 0 0 0 0 0 0 0 0 0 0 0 0 0 0 0 0.552922 0 0 0 0 0 0.545524 0.49616 0 0 0 0 0 0 0 0 0 0 0.521418 0 0 0 0 0.564908 0 0 0 0 0 0 0 0 0.451322 0 0 0 0 0 0 0 0 0 0.49718 0 0.498456 0 0 0 0 0 0 0 0 0 0 0 0 0 0.533631 0 0 0 0 0 0.606338 0 0 0 0 0 0 0
0 0 0 0.626758 0 0 0.49489 0 0 0 0.48276 0 0 0 0 0 0 0 0 0 0 0 0 0 0 0 0 0 0.595331 0 0 0 0 0 0 0 0.530337 0 0 0 0.501661 0 0 0 0 0 0 0 0 0 0 0 0 0.552651 0 0 0 0.441917 0.443056 0 0 0.46627 0 0 0 0 0 0 0 0 0 0 0 0 0 0 0 0 0 0 0.518631 0 0 0 0 0 0 0 0 0 0 0 0 0 0 0 0 0 0 0.515493
0 0 0 0.518726 0 0 0 0 0 0 0 0 0 0 0 0 0.598242 0 0 0 0 0 0 0 0 0 0 0.477644 0 0 0 0 0 0 0 0.634182 0.545298 0.532165 0 0.443089 0 0 0 0 0 0 0 0 0.529142 0 0 0 0 0 0 0 0 0 0 0 0.574332 0 0.537045 0 0.472767 0 0 0 0 0 0.582822 0 0 0 0 0.490929 0 0 0 0 0 0 0 0 0 0 0 0 0 0 0.479894 0 0.469797 0 0 0 0 0 0 0
0 0 0 0 0 0 0 0 0 0.485002 0 0 0 0.443303 0 0 0 0 0 0 0 0 0 0 0 0 0 0 0 0 0 0 0 0 0 0 0.446761 0 0 0 0 0 0 0 0 0 0 0 0 0 0 0 0 0 0 0 0 0 0 0 0 0 0 0 0 0 0 0.595327 0 0 0 0 0 0 0 0 0 0 0.438942 0 0 0 0 0 0 0 0 0 0 0 0 0 0 0 0 0 0 0 0 0.567646
0 0 0 0 0 0 0 0 0 0 0 0 0 0 0 0 0 0 0 0 0 0 0 0 0 0 0 0 0 0.532514 0 0 0 0 0 0 0 0 0 0 0 0 0 0 0 0 0 0 0 0 0 0.472949 0 0 0 0 0 0 0 0.594792 0.525791 0 0 0 0 0 0 0 0 0 0 0 0 0 0 0.574641 0 0.533327 0 0 0 0 0.520289 0 0 0.5566 0 0 0.609797 0 0 0.663536 0 0 0 0 0 0 0 0
0 0 0 0 0 0 0 0.555221 0 0 0 0 0 0 0 0 0 0 0 0 0 0 0 0 0 0 0.552098 0 0 0 0 0 0 0 0 0 0 0 0 0.600384 0 0 0 0 0 0 0 0 0 0 0 0 0 0 0 0.509258 0 0 0.451227 0.653832 0 0 0 0 0 0 0 0.537157 0 0 0 0 0 0 0 0 0 0.552557 0 0 0 0 0 0 0 0.514117 0 0 0 0 0 0 0 0 0 0.515493 0 0.567646 0 0
