100
0 0.137753 0.0902699 0 0 0 0 0 0 0 0 0 0 0 0 0 0 0 0 0 0 0 0 0 0 0 0 0 0 0 0 0 0 0 0 0 0 0 0 0 0 0 0 0 0 0 0 0 0 0 0 0 0 0.185983 0 0 0 0 0 0 0 0 0 0 0 0 0 0 0 0 0.145983 0 0 0 0 0 0 0 0 0 0 0 0 0 0.105933 0 0 0 0 0 0 0 0 0 0 0 0 0 0 0
0.137753 0 0 0 0 0 0 0 0 0 0 0 0 0 0 0 0 0 0.151207 0 0 0 0 0 0 0 0 0 0 0 0 0 0 0 0 0 0 0 0 0 0.11363 0 0 0 0 0 0 0 0 0 0 0 0 0.149331 0 0 0 0 0 0 0 0 0 0.18574 0 0 0 0 0 0 0 0 0 0 0 0 0 0 0 0 0.0630041 0 0 0 0 0 0 0 0.113404 0 0 0 0 0 0 0 0.202549 0 0 0
0.0902699 0 0 0 0 0 0 0 0 0 0 0 0 0 0.0966745 0 0 0 0 0 0 0 0 0 0 0 0 0 0.14403 0 0 0 0.136101 0 0 0 0 0 0 0 0 0.170749 0.0631043 0 0 0 0 0 0 0 0 0 0 0 0 0 0 0 0 0.051867 0 0 0.0891827 0 0 0 0 0 0 0 0.08442 0 0 0 0 0 0 0 0 0 0 0 0 0.183372 0 0 0 0 0 0 0 0 0 0 0 0.161251 0 0 0 0
0 0 0 0 0 0 0 0 0 0 0 0 0 0 0 0 0 0 0 0 0 0 0 0 0.134853 0 0 0 0 0.0947897 0.159137 0 0 0 0 0 0 0 0 0 0 0 0 0 0 0 0 0 0 0 0 0 0 0 0 0 0 0 0 0 0 0.193325 0 0 0 0 0 0 0 0 0.15138 0 0 0 0 0 0 0 0 0 0 0 0 0 0 0.165853 0 0 0 0.174523 0 0 0 0 0 0 0.0867261 0 0 0
0 0 0 0 0 0 0 0 0 0 0 0.203043 0 0 0 0 0 0 0 0 0 0 0 0 0 0 0 0.173801 0 0 0 0 0 0 0 0 0 0 0 0 0 0 0 0 0 0 0 0 0 0 0 0 0 0 0 0 0 0 0 0 0 0 0 0 0 0 0 0 0 0 0.0614684 0 0 0 0 0.120283 0 0 0 0 0 0 0 0 0 0 0.12215 0 0 0 0 0 0 0 0 0 0 0 0 0
0 0 0 0 0 0 0 0 0 0 0 0 0 0 0 0 0 0 0 0 0 0 0 0 0 0 0 0 0 0.151005 0.0964692 0 0 0 0 0 0 0 0 0 0 0 0 0 0.0895725 0 0 0 0 0 0 0 0 0 0.202161 0 0 0.123716 0 0 0 0 0 0 0 0 0 0 0 0 0 0 0 0 0 0 0 0.132058 0 0 0 0 0 0 0 0 0 0.187057 0 0 0 0.0999087 0 0 0 0 0 0 0 0
0 0 0 0 0 0 0 0 0 0 0 0 0 0 0 0 0 0 0 0 0 0 0 0 0 0.0886367 0 0 0 0 0 0 0 0 0 0 0 0 0 0 0 0 0 0 0 0 0 0 0 0.155762 0 0 0 0 0 0 0 0 0 0 0 0 0.0831229 0 0 0 0 0 0 0 0 0 0 0 0 0 0 0 0 0 0 0 0 0 0 0 0 0 0 0 0 0 0 0 0 0 0 0 0 0
0 0 0 0 0 0 0 0 0 0.223997 0 0 0 0 0 0 0 0 0 0 0 0 0 0 0 0 0 0 0 0 0 0 0 0 0 0 0 0 0 0 0 0 0 0 0 0 0 0 0 0 0 0 0 0 0 0 0 0 0 0 0 0.149936 0 0 0 0 0 0 0 0 0 0 0 0 0 0 0 0 0 0 0 0 0 0 0 0 0 0 0 0 0 0 0 0 0 0 0.113402 0 0 0
0 0 0 0 0 0 0 0 0 0 0 0 0 0 0 0 0 0 0 0.147017 0 0 0 0 0 0 0 0 0 0 0 0 0 0 0 0 0 0 0 0 0 0 0 0.195482 0 0 0 0 0 0 0 0 0 0 0.188255 0 0 0 0 0 0 0 0 0 0 0 0 0 0 0 0 0 0 0 0 0 0 0 0 0 0 0 0 0 0 0 0 0 0 0 0 0 0 0 0 0 0 0 0 0
0 0 0 0 0 0 0 0.223997 0 0 0 0 0 0 0 0 0 0 0 0 0 0 0 0 0 0 0 0 0 0 0 0 0 0 0 0 0 0 0 0 0 0 0 0 0 0 0.140277 0 0 0 0 0 0 0 0 0 0 0 0 0 0 0 0 0 0 0 0 0 0 0 0 0 0 0 0 0 0 0 0 0.114099 0 0 0 0 0 0 0 0 0 0 0 0 0 0 0 0.150736 0 0 0.16891 0
0 0 0 0 0 0 0 0 0 0 0 0 0 0 0 0 0 0 0 0 0 0.115899 0 0 0 0 0 0 0 0 0 0 0 0 0 0 0 0 0 0 0 0 0 0.0488213 0 0 0 0 0 0 0.153025 0 0 0 0 0 0 0.159092 0 0 0 0 0.0941361 0 0 0 0 0 0 0 0 0 0 0 0.180412 0 0 0 0 0 0 0 0 0 0 0 0 0 0.0742913 0 0.133266 0 0 0 0 0 0 0 0 0
0 0 0 0 0.203043 0 0 0 0 0 0 0 0 0 0 0 0 0 0 0 0 0 0 0.114692 0 0 0 0.158741 0 0 0 0.178465 0 0 0 0 0 0.17637 0 0 0 0 0 0 0 0 0 0 0 0 0 0 0 0 0 0 0 0 0 0 0 0 0 0 0 0 0 0 0 0 0 0 0 0 0 0 0 0 0 0 0 0 0 0 0 0 0 0 0 0 0 0 0 0 0 0 0 0 0.113585 0
0 0 0 0 0 0 0 0 0 0 0 0 0 0 0 0 0 0 0 0 0 0.174628 0.110367 0 0.0753321 0 0 0 0 0 0 0 0 0 0 0 0 0.203347 0 0 0 0.131357 0 0 0 0 0 0 0 0 0 0 0 0 0.1091 0 0 0 0 0 0 0 0 0 0 0 0 0 0 0 0 0 0 0 0 0 0 0 0 0 0 0 0 0 0 0 0 0 0 0 0 0 0 0 0.0920675 0 0 0 0 0
0 0 0 0 0 0 0 0 0 0 0 0 0 0 0 0 0 0 0 0 0 0 0 0.0918139 0 0 0 0 0.16373 0 0 0 0 0 0 0 0 0 0 0 0 0 0 0 0 0 0 0 0 0 0.284008 0.199925 0 0 0 0 0 0 0 0 0 0 0 0 0 0 0 0 0 0.108181 0 0 0 0 0 0.205318 0 0 0 0 0 0 0 0 0 0 0 0 0 0.176114 0 0 0.162734 0 0 0 0 0 0 0
0 0 0.0966745 0 0 0 0 0 0 0 0 0 0 0 0 0 0 0.127793 0 0 0 0 0 0 0.154753 0 0 0 0 0 0 0 0 0 0 0 0 0 0 0.127345 0 0 0 0.133944 0 0 0 0 0 0 0 0 0 0 0.132269 0 0 0 0 0 0 0 0 0 0 0 0 0 0 0 0.111133 0 0 0 0 0 0 0 0 0 0 0 0 0 0 0.170912 0 0 0 0 0 0 0 0 0 0 0 0 0 0
0 0 0 0 0 0 0 0 0 0 0 0 0 0 0 0 0 0 0 0 0 0 0 0 0 0 0 0 0 0 0 0 0 0.202958 0 0.172963 0 0 0 0 0 0 0 0 0 0 0 0 0 0 0 0 0.100878 0 0.183417 0 0 0 0 0 0.170744 0 0 0 0 0 0 0 0 0 0 0 0 0 0.144031 0 0 0 0 0 0 0 0 0 0 0 0 0 0 0 0.132033 0 0 0 0 0.132425 0 0 0 0
0 0 0 0 0 0 0 0 0 0 0 0 0 0 0 0 0 0 0 0 0 0.160934 0 0 0 0 0 0 0 0.148367 0 0 0 0 0 0 0 0 0 0 0 0 0.0353465 0 0 0 0 0 0 0 0 0 0 0.143917 0 0 0 0 0.180004 0 0 0 0 0 0.182776 0 0 0 0 0 0 0 0 0 0 0 0 0 0 0 0 0.162275 0 0 0 0 0 0 0 0 0 0.112239 0 0 0 0 0 0 0 0
0 0 0 0 0 0 0 0 0 0 0 0 0 0 0.127793 0 0 0 0 0 0 0 0 0 0 0 0 0 0 0 0 0 0 0 0 0 0 0.195806 0.166377 0 0 0 0 0 0 0 0 0.133977 0.1525 0 0 0 0 0 0 0 0 0 0 0 0 0 0.128602 0 0 0 0 0 0.182952 0 0 0 0 0 0 0.153496 0 0 0 0.131543 0 0 0 0.135297 0 0 0 0 0 0 0 0 0 0 0 0 0 0 0 0
0 0.151207 0 0 0 0 0 0 0 0 0 0 0 0 0 0 0 0 0 0 0 0 0 0 0 0 0 0 0 0 0 0 0.1574 0.104634 0.145933 0 0 0 0 0 0 0 0 0 0 0.119359 0 0 0 0 0 0 0 0.0850848 0 0 0 0 0 0 0 0 0 0 0.096466 0 0 0 0 0 0 0 0 0 0 0 0 0 0 0.129822 0 0 0 0 0 0 0 0 0 0 0 0 0 0 0 0 0 0 0 0
0 0 0 0 0 0 0 0 0.147017 0 0 0 0 0 0 0 0 0 0 0 0 0 0 0 0 0 0 0 0 0 0 0 0 0 0 0 0 0 0 0 0 0 0 0 0 0 0 0 0 0 0 0 0 0.161041 0 0 0.210527 0 0 0 0 0 0 0 0 0 0 0 0 0 0 0 0 0 0 0.0376301 0 0 0 0 0 0 0.135819 0 0 0 0 0.119869 0 0 0 0 0 0.152894 0 0 0 0 0 0
0 0 0 0 0 0 0 0 0 0 0 0 0 0 0 0 0 0 0 0 0 0 0 0 0 0 0 0 0 0 0 0 0 0 0 0 0 0 0 0 0 0 0 0 0 0 0 0 0 0 0 0 0 0 0 0 0 0 0 0 0.0783095 0.145753 0 0.115318 0 0 0 0 0 0 0 0 0 0 0 0 0.101782 0 0 0 0 0 0 0 0 0 0 0 0 0 0 0 0.151912 0 0 0 0 0 0 0
0 0 0 0 0 0 0 0 0 0 0.115899 0 0.174628 0 0 0 0.160934 0 0 0 0 0 0.177984 0 0 0 0 0 0 0 0.0750469 0.114281 0 0 0 0 0 0 0 0 0 0 0 0 0 0 0 0 0 0 0 0 0 0 0 0 0 0 0 0 0 0 0 0 0 0 0 0 0 0 0 0 0 0 0 0 0 0 0 0 0 0 0 0 0.100584 0.192218 0.209 0 0 0 0 0 0.126268 0 0 0 0 0 0 0
0 0 0 0 0 0 0 0 0 0 0 0 0.110367 0 0 0 0 0 0 0 0 0.177984 0 0 0 0 0 0 0 0 0 0 0 0 0 0 0 0 0 0 0 0 0 0 0 0 0 0 0 0 0 0 0 0 0 0 0 0 0 0 0 0.103732 0 0.112479 0 0 0 0 0 0 0 0 0 0 0 0 0 0 0 0 0 0 0 0 0 0 0.207051 0 0 0 0 0.130365 0 0 0.20761 0 0 0 0 0.137961
0 0 0 0 0 0 0 0 0 0 0 0.114692 0 0.0918139 0 0 0 0 0 0 0 0 0 0 0 0 0 0.121616 0 0 0 0 0 0 0 0 0 0 0 0.147937 0 0 0 0 0 0 0 0 0 0 0 0 0 0 0 0 0 0 0 0 0.190521 0 0 0.211388 0.0465829 0 0.187094 0.0762229 0 0 0 0 0 0 0 0 0 0 0 0 0 0 0 0 0 0 0 0 0 0 0 0 0 0 0 0.0973055 0 0 0 0
0 0 0 0.134853 0 0 0 0 0 0 0 0 0.0753321 0 0.154753 0 0 0 0 0 0 0 0 0 0 0 0 0 0 0 0 0 0 0 0 0 0 0 0 0 0 0 0 0 0 0 0 0 0.215713 0 0 0 0 0 0 0 0 0 0 0 0 0 0 0 0 0 0.133922 0 0 0 0 0 0 0 0 0 0 0 0 0 0 0.118826 0 0 0 0 0 0 0 0 0 0 0 0 0.108508 0 0 0 0 0.176374
0 0 0 0 0 0 0.0886367 0 0 0 0 0 0 0 0 0 0 0 0 0 0 0 0 0 0 0 0 0 0 0 0 0 0 0.0884239 0 0 0 0 0 0 0 0 0 0 0 0 0 0 0 0 0.234385 0.105717 0 0 0 0 0 0 0.117269 0 0 0 0 0 0 0 0 0 0 0 0 0 0 0 0.0898134 0 0 0 0 0 0 0 0 0 0 0 0 0 0 0.0870872 0 0 0 0 0 0 0 0 0 0
0 0 0 0 0 0 0 0 0 0 0 0 0 0 0 0 0 0 0 0 0 0 0 0 0 0 0 0 0 0 0 0 0 0.138308 0 0 0 0 0 0 0 0 0.156417 0 0 0 0.139354 0 0 0 0 0 0 0 0 0 0 0 0 0 0 0 0 0.129146 0 0 0 0 0 0 0 0 0 0 0 0 0 0 0 0 0 0 0 0 0 0 0 0 0 0 0 0 0 0.110992 0 0 0 0 0 0
0 0 0 0 0.173801 0 0 0 0 0 0 0.158741 0 0 0 0 0 0 0 0 0 0 0 0.121616 0 0 0 0 0 0 0.164393 0 0 0 0 0 0 0 0 0 0 0 0 0 0 0 0 0 0 0 0 0 0 0 0 0 0 0 0 0 0 0 0 0 0 0 0 0 0 0 0 0.223841 0 0 0 0 0 0.124095 0 0 0 0 0 0 0 0.109272 0 0 0 0 0 0 0 0 0 0 0 0 0 0
0 0 0.14403 0 0 0 0 0 0 0 0 0 0 0.16373 0 0 0 0 0 0 0 0 0 0 0 0 0 0 0 0 0.176075 0 0 0 0.150309 0 0 0.0917075 0 0 0 0 0 0 0 0 0 0 0 0 0.139869 0 0 0 0 0.0488987 0 0.101776 0 0 0 0 0 0 0 0 0 0 0 0 0 0 0 0 0 0 0 0 0 0 0 0 0.0956542 0 0.125382 0 0 0 0 0.165565 0 0 0 0.116248 0 0 0 0 0 0.142342
0 0 0 0.0947897 0 0.151005 0 0 0 0 0 0 0 0 0 0 0.148367 0 0 0 0 0 0 0 0 0 0 0 0 0 0 0 0 0 0 0 0 0 0 0 0 0 0 0 0 0 0 0 0 0 0 0 0 0 0 0 0 0 0 0 0 0 0 0 0 0 0 0 0.174052 0 0 0 0 0 0 0 0 0 0 0 0 0 0 0 0 0 0 0 0 0 0 0.134853 0 0 0 0 0 0 0.129412 0
0 0 0 0.159137 0 0.0964692 0 0 0 0 0 0 0 0 0 0 0 0 0 0 0 0.0750469 0 0 0 0 0 0.164393 0.176075 0 0 0 0 0 0.142326 0 0 0 0.102018 0 0 0 0 0 0 0 0 0 0 0 0 0 0 0 0 0.136207 0 0 0 0 0 0 0 0 0 0 0 0.0720349 0 0 0 0 0 0 0.197588 0 0 0 0.0602647 0 0 0 0 0 0 0 0 0 0 0 0 0 0 0 0 0 0 0 0 0.100837
0 0 0 0 0 0 0 0 0 0 0 0.178465 0 0 0 0 0 0 0 0 0 0.114281 0 0 0 0 0 0 0 0 0 0 0 0 0 0 0 0 0 0 0 0 0 0 0 0 0 0 0 0 0 0.100461 0 0 0 0 0 0 0.111579 0 0 0 0.130346 0 0 0 0 0 0 0 0 0 0 0.0651732 0 0 0 0 0.120726 0 0 0 0 0 0 0 0 0 0 0 0 0 0.153494 0 0 0 0 0 0 0
0 0 0.136101 0 0 0 0 0 0 0 0 0 0 0 0 0 0 0 0.1574 0 0 0 0 0 0 0 0 0 0 0 0 0 0 0 0 0 0.125744 0 0 0 0 0 0 0 0 0.172222 0 0 0 0 0 0 0 0 0.105918 0 0 0 0 0 0 0 0 0 0 0 0 0 0.13863 0 0 0 0.190714 0.0914073 0 0 0 0 0 0 0.109538 0 0 0 0.166636 0 0 0 0 0 0 0 0 0 0 0 0 0 0 0
0 0 0 0 0 0 0 0 0 0 0 0 0 0 0 0.202958 0 0 0.104634 0 0 0 0 0 0 0.0884239 0.138308 0 0 0 0 0 0 0 0 0 0 0 0 0 0 0 0 0 0 0 0 0 0.0812401 0 0 0 0 0 0 0 0 0.154452 0 0.0589667 0 0 0 0 0 0 0 0 0 0 0 0 0 0 0 0 0 0.109857 0 0 0 0 0 0 0 0 0 0 0 0 0 0.173049 0 0 0 0 0 0.115279 0 0
0 0 0 0 0 0 0 0 0 0 0 0 0 0 0 0 0 0 0.145933 0 0 0 0 0 0 0 0 0 0.150309 0 0.142326 0 0 0 0 0 0 0 0 0 0 0 0 0.0945021 0 0 0 0 0 0 0 0 0 0 0 0 0 0 0 0 0 0 0 0 0 0.111964 0 0 0 0 0 0 0 0 0 0 0.188237 0 0 0 0 0 0 0 0 0 0 0 0 0 0 0.154483 0 0 0 0 0 0 0.117495 0
0 0 0 0 0 0 0 0 0 0 0 0 0 0 0 0.172963 0 0 0 0 0 0 0 0 0 0 0 0 0 0 0 0 0 0 0 0 0 0 0 0 0 0 0 0 0 0 0 0 0.20517 0 0 0 0 0.108782 0 0 0 0 0 0 0.136984 0 0 0 0 0 0 0.126793 0 0 0 0 0 0 0 0 0 0 0 0 0 0 0 0.04282 0 0 0 0 0 0 0 0 0 0 0 0 0 0.0494361 0 0
0 0 0 0 0 0 0 0 0 0 0 0 0 0 0 0 0 0 0 0 0 0 0 0 0 0 0 0 0 0 0 0 0.125744 0 0 0 0 0 0 0 0 0 0 0 0 0 0 0 0 0 0 0 0 0 0 0 0 0 0 0 0 0 0 0 0 0 0 0 0 0 0 0 0 0 0 0.23614 0 0 0 0.0994517 0 0 0 0 0 0 0 0 0 0 0 0 0 0 0.096731 0 0 0 0 0
0 0 0 0 0 0 0 0 0 0 0 0.17637 0.203347 0 0 0 0 0.195806 0 0 0 0 0 0 0 0 0 0 0.0917075 0 0 0 0 0 0 0 0 0 0 0 0 0 0 0 0 0.148919 0 0 0.177369 0 0 0 0 0 0 0 0 0 0 0 0.130299 0 0.164496 0 0 0 0 0 0 0 0 0 0 0 0 0 0.132642 0.178921 0 0 0 0.138011 0 0 0 0 0 0 0 0.16534 0 0 0 0 0 0 0 0 0 0
0 0 0 0 0 0 0 0 0 0 0 0 0 0 0 0 0 0.166377 0 0 0 0 0 0 0 0 0 0 0 0 0.102018 0 0 0 0 0 0 0 0 0 0 0 0 0 0 0 0 0 0 0 0 0 0 0 0 0 0 0 0.106085 0 0 0 0 0 0 0 0 0 0 0 0 0.155058 0 0 0 0 0.115611 0 0 0 0 0 0 0 0 0 0 0 0 0 0 0 0 0 0 0.144793 0 0 0 0.13197
0 0 0 0 0 0 0 0 0 0 0 0 0 0 0.127345 0 0 0 0 0 0 0 0 0.147937 0 0 0 0 0 0 0 0 0 0 0 0 0 0 0 0 0 0.101768 0 0 0 0 0.149846 0 0 0.137806 0 0 0 0 0 0 0 0 0 0 0 0.0655904 0 0 0 0 0 0 0 0 0.0579546 0 0 0 0.159797 0 0 0 0 0 0 0 0 0 0.0499239 0 0 0 0 0 0 0 0 0 0 0 0 0 0 0
0 0.11363 0 0 0 0 0 0 0 0 0 0 0 0 0 0 0 0 0 0 0 0 0 0 0 0 0 0 0 0 0 0 0 0 0 0 0 0 0 0 0 0 0 0 0 0 0 0 0 0 0 0 0 0 0 0 0 0 0 0 0 0.133526 0 0 0 0 0 0 0 0 0 0 0 0 0 0 0.12464 0 0 0 0 0 0 0 0.149521 0 0 0 0 0 0 0 0 0 0 0 0 0 0 0.139325
0 0 0.170749 0 0 0 0 0 0 0 0 0 0.131357 0 0 0 0 0 0 0 0 0 0 0 0 0 0 0 0 0 0 0 0 0 0 0 0 0 0 0.101768 0 0 0 0 0.167587 0 0 0 0 0.125213 0 0 0 0 0 0 0 0 0.0766614 0.145425 0 0 0 0 0 0 0.130823 0 0 0.0734461 0 0 0 0 0 0 0 0 0 0 0 0 0 0 0 0 0 0 0 0 0 0 0 0 0 0 0.141766 0 0 0
0 0 0.0631043 0 0 0 0 0 0 0 0 0 0 0 0 0 0.0353465 0 0 0 0 0 0 0 0 0 0.156417 0 0 0 0 0 0 0 0 0 0 0 0 0 0 0 0 0 0 0 0.136666 0.135014 0 0 0 0.154485 0 0 0 0 0 0 0 0 0 0 0 0 0.0596466 0 0 0 0 0 0 0 0 0 0 0 0 0 0.0954159 0 0 0 0 0 0 0 0.109139 0 0 0 0 0 0 0 0 0 0 0 0 0
0 0 0 0 0 0 0 0 0.195482 0 0.0488213 0 0 0 0.133944 0 0 0 0 0 0 0 0 0 0 0 0 0 0 0 0 0 0 0 0.0945021 0 0 0 0 0 0 0 0 0 0 0 0 0 0 0 0 0 0 0 0 0 0 0 0 0.0554492 0 0 0.080319 0 0 0 0 0.17171 0 0.153288 0 0 0.163243 0 0 0 0 0 0 0 0 0 0 0 0 0.119464 0 0 0 0 0 0 0 0 0 0 0 0 0 0
0 0 0 0 0 0.0895725 0 0 0 0 0 0 0 0 0 0 0 0 0 0 0 0 0 0 0 0 0 0 0 0 0 0 0 0 0 0 0 0 0 0 0 0.167587 0 0 0 0 0 0 0 0.1614 0 0 0 0 0 0 0 0 0 0 0 0 0.129658 0 0 0 0 0 0.184592 0 0 0 0 0 0 0 0 0 0 0 0 0 0 0 0.112029 0 0 0 0 0 0 0.112629 0 0 0 0 0 0.107495 0 0
0 0 0 0 0 0 0 0 0 0 0 0 0 0 0 0 0 0 0.119359 0 0 0 0 0 0 0 0 0 0 0 0 0 0.172222 0 0 0 0 0.148919 0 0 0 0 0 0 0 0 0 0 0 0 0 0 0 0 0 0 0 0 0.206827 0.122071 0.104222 0 0 0 0 0 0.119242 0 0 0 0 0 0 0 0 0 0 0 0 0 0 0 0 0 0 0 0 0 0 0 0 0 0 0 0 0 0 0 0 0
0 0 0 0 0 0 0 0 0 0.140277 0 0 0 0 0 0 0 0 0 0 0 0 0 0 0 0 0.139354 0 0 0 0 0 0 0 0 0 0 0 0 0.149846 0 0 0.136666 0 0 0 0 0 0 0 0.0831461 0 0 0 0 0 0 0 0 0 0.134626 0.0959776 0 0 0 0 0 0 0 0 0 0 0 0 0 0 0 0 0 0 0 0 0 0 0 0.0842983 0 0 0 0 0 0 0.140016 0 0 0 0 0.199858 0 0
0 0 0 0 0 0 0 0 0 0 0 0 0 0 0 0 0 0.133977 0 0 0 0 0 0 0 0 0 0 0 0 0 0 0 0 0 0 0 0 0 0 0 0 0.135014 0 0 0 0 0 0 0 0.0786573 0 0 0 0 0 0 0 0 0 0 0 0 0 0 0 0 0 0 0 0 0 0 0.181903 0 0 0 0 0 0.175874 0 0 0 0 0 0 0 0 0 0 0 0 0 0 0 0.109496 0 0 0 0
0 0 0 0 0 0 0 0 0 0 0 0 0 0 0 0 0 0.1525 0 0 0 0 0 0 0.215713 0 0 0 0 0 0 0 0 0.0812401 0 0.20517 0 0.177369 0 0 0 0 0 0 0 0 0 0 0 0 0 0 0 0 0.156265 0 0 0 0 0 0 0 0 0 0 0 0 0 0 0 0 0 0 0 0 0 0 0 0 0 0 0 0 0 0 0.135864 0 0 0 0 0 0.129376 0 0 0 0 0 0 0 0
0 0 0 0 0 0 0.155762 0 0 0 0 0 0 0 0 0 0 0 0 0 0 0 0 0 0 0 0 0 0 0 0 0 0 0 0 0 0 0 0 0.137806 0 0.125213 0 0 0.1614 0 0 0 0 0 0 0 0 0 0 0 0 0 0 0 0.129235 0 0 0 0 0 0 0 0 0 0 0 0 0 0 0 0 0 0 0 0 0 0 0 0 0 0 0 0 0 0 0 0 0 0 0 0 0 0 0
0 0 0 0 0 0 0 0 0 0 0.153025 0 0 0.284008 0 0 0 0 0 0 0 0 0 0 0 0.234385 0 0 0.139869 0 0 0 0 0 0 0 0 0 0 0 0 0 0 0 0 0 0.0831461 0.0786573 0 0 0 0 0 0 0.144789 0 0 0 0 0 0 0.122652 0 0 0 0 0 0 0 0 0 0 0 0 0 0 0 0 0 0 0 0 0 0 0 0 0 0 0 0 0 0 0 0 0 0 0 0 0 0
0 0 0 0 0 0 0 0 0 0 0 0 0 0.199925 0 0 0 0 0 0 0 0 0 0 0 0.105717 0 0 0 0 0 0.100461 0 0 0 0 0 0 0 0 0 0 0.154485 0 0 0 0 0 0 0 0 0 0 0 0 0 0 0 0 0.0953724 0 0 0 0 0 0 0 0 0 0 0 0 0 0 0 0 0.107849 0 0 0 0 0 0.103732 0 0 0 0 0 0 0 0 0 0 0 0 0 0 0 0 0
0 0 0 0 0 0 0 0 0 0 0 0 0 0 0 0.100878 0 0 0 0 0 0 0 0 0 0 0 0 0 0 0 0 0 0 0 0 0 0 0 0 0 0 0 0 0 0 0 0 0 0 0 0 0 0 0.12183 0 0 0 0 0.11586 0 0 0 0.0131051 0 0 0 0 0 0 0 0 0 0 0 0 0 0.125731 0 0 0 0 0 0 0 0 0 0 0 0 0 0 0 0 0 0 0 0 0 0
0.185983 0.149331 0 0 0 0 0 0 0 0 0 0 0 0 0 0 0.143917 0 0.0850848 0.161041 0 0 0 0 0 0 0 0 0 0 0 0 0 0 0 0.108782 0 0 0 0 0 0 0 0 0 0 0 0 0 0 0 0 0 0 0 0 0 0 0 0 0.205341 0 0 0.110788 0 0 0 0.161206 0 0.120565 0.156196 0 0 0 0 0 0 0 0 0 0 0 0 0 0 0 0 0 0 0 0 0 0 0 0 0 0 0 0.106661 0
0 0 0 0 0 0.202161 0 0 0.188255 0 0 0 0.1091 0 0.132269 0.183417 0 0 0 0 0 0 0 0 0 0 0 0 0 0 0 0 0.105918 0 0 0 0 0 0 0 0 0 0 0 0 0 0 0 0.156265 0 0.144789 0 0.12183 0 0 0 0 0 0 0 0 0.146188 0 0 0 0.0740853 0 0 0 0 0 0 0 0 0 0 0.12013 0 0 0 0.0550672 0 0 0 0 0 0 0 0 0 0 0 0 0 0 0 0 0 0 0
0 0 0 0 0 0 0 0 0 0 0 0 0 0 0 0 0 0 0 0 0 0 0 0 0 0 0 0 0.0488987 0 0.136207 0 0 0 0 0 0 0 0 0 0 0 0 0 0 0 0 0 0 0 0 0 0 0 0 0 0 0 0 0 0 0 0 0 0 0 0 0 0 0 0 0 0 0.109788 0 0 0.0878103 0 0 0 0 0 0 0 0 0 0 0 0 0 0.0943178 0 0.129997 0 0 0 0 0 0 0
0 0 0 0 0 0 0 0 0 0 0 0 0 0 0 0 0 0 0 0.210527 0 0 0 0 0 0 0 0 0 0 0 0 0 0 0 0 0 0 0 0 0 0 0 0 0 0 0 0 0 0 0 0 0 0 0 0 0 0 0 0 0 0 0 0 0 0 0 0.155352 0 0 0 0 0 0.127364 0.118195 0 0 0 0 0 0.186319 0 0 0 0 0 0 0 0 0 0 0 0.141208 0 0 0 0 0 0 0
0 0 0 0 0 0.123716 0 0 0 0 0.159092 0 0 0 0 0 0 0 0 0 0 0 0 0 0 0 0 0 0.101776 0 0 0 0 0.154452 0 0 0 0 0 0 0 0 0 0 0 0 0 0 0 0 0 0 0 0 0 0 0 0 0 0 0 0 0 0 0 0 0 0.124633 0 0 0 0 0 0 0 0 0 0 0 0 0 0 0 0 0 0 0 0 0 0 0 0 0 0 0 0.170528 0 0 0 0.0723542
0 0 0 0 0 0 0 0 0 0 0 0 0 0 0 0 0.180004 0 0 0 0 0 0 0 0 0.117269 0 0 0 0 0 0.111579 0 0 0 0 0 0 0.106085 0 0 0.0766614 0 0 0 0.206827 0 0 0 0 0 0 0 0 0 0 0 0 0 0 0 0 0 0 0 0 0 0 0 0 0 0 0 0 0.115437 0 0.107719 0 0 0 0 0 0 0 0 0 0 0 0 0 0 0 0 0 0 0 0 0.0393261 0 0
0 0 0.051867 0 0 0 0 0 0 0 0 0 0 0 0 0 0 0 0 0 0 0 0 0 0 0 0 0 0 0 0 0 0 0.0589667 0 0 0 0 0 0 0 0.145425 0 0.0554492 0 0.122071 0 0 0 0 0 0.0953724 0.11586 0 0 0 0 0 0 0 0 0 0 0.110552 0 0 0 0 0 0 0 0 0.0478771 0 0 0 0 0 0 0 0 0 0 0 0 0 0 0 0 0 0 0 0 0 0 0 0 0 0 0
0 0 0 0 0 0 0 0 0 0 0 0 0 0 0 0.170744 0 0 0 0 0.0783095 0 0 0.190521 0 0 0 0 0 0 0 0 0 0 0 0.136984 0 0.130299 0 0 0 0 0 0 0 0.104222 0.134626 0 0 0.129235 0 0 0 0.205341 0 0 0 0 0 0 0 0 0 0 0 0 0 0 0 0 0 0 0 0 0 0 0 0 0 0 0 0 0.161121 0 0 0 0 0 0 0 0 0 0 0 0 0 0 0 0.165328 0
0 0 0 0.193325 0 0 0 0.149936 0 0 0 0 0 0 0 0 0 0 0 0 0.145753 0 0.103732 0 0 0 0 0 0 0 0 0 0 0 0 0 0 0 0 0.0655904 0.133526 0 0 0 0 0 0.0959776 0 0 0 0.122652 0 0 0 0.146188 0 0 0 0 0 0 0 0 0 0 0 0 0 0 0 0 0 0 0 0 0 0 0 0 0 0 0 0 0 0.148564 0 0 0 0 0 0 0.126234 0 0 0 0 0 0 0 0.106452
0 0 0.0891827 0 0 0 0.0831229 0 0 0 0.0941361 0 0 0 0 0 0 0.128602 0 0 0 0 0 0 0 0 0 0 0 0 0 0.130346 0 0 0 0 0 0.164496 0 0 0 0 0 0.080319 0.129658 0 0 0 0 0 0 0 0 0 0 0 0 0 0 0 0 0 0 0 0 0 0 0 0 0.0812044 0 0 0 0 0 0 0 0 0 0 0 0 0 0 0 0 0.052906 0 0 0 0 0 0 0 0 0 0 0 0.202852 0
0 0.18574 0 0 0 0 0 0 0 0 0 0 0 0 0 0 0 0 0 0 0.115318 0 0.112479 0.211388 0 0 0.129146 0 0 0 0 0 0 0 0 0 0 0 0 0 0 0 0 0 0 0 0 0 0 0 0 0 0.0131051 0.110788 0 0 0 0 0 0.110552 0 0 0 0 0 0 0 0 0 0 0 0 0 0 0 0 0 0 0 0 0 0 0 0 0 0.0642778 0 0 0 0 0 0 0 0 0 0 0 0 0 0
0 0 0 0 0 0 0 0 0 0 0 0 0 0 0 0 0.182776 0 0.096466 0 0 0 0 0.0465829 0 0 0 0 0 0 0 0 0 0 0 0 0 0 0 0 0 0 0.0596466 0 0 0 0 0 0 0 0 0 0 0 0 0 0 0 0 0 0 0 0 0 0 0 0 0 0 0 0 0 0 0 0 0 0 0 0.103409 0 0 0 0 0 0 0 0 0 0 0 0 0 0 0 0 0 0 0 0 0
0 0 0 0 0 0 0 0 0 0 0 0 0 0 0 0 0 0 0 0 0 0 0 0 0 0 0 0 0 0 0 0 0 0 0.111964 0 0 0 0 0 0 0 0 0 0 0 0 0 0 0 0 0 0 0 0.0740853 0 0 0 0 0 0 0 0 0 0 0 0.100404 0 0 0 0 0 0 0 0 0 0 0 0.123522 0 0 0 0 0 0 0 0 0.149801 0 0 0 0.0987269 0 0 0.102712 0 0 0 0 0
0 0 0 0 0 0 0 0 0 0 0 0 0 0 0 0 0 0 0 0 0 0 0 0.187094 0.133922 0 0 0 0 0 0 0 0 0 0 0 0 0 0 0 0 0.130823 0 0 0 0.119242 0 0 0 0 0 0 0 0 0 0 0 0 0 0 0 0 0 0 0 0.100404 0 0.0895512 0 0 0 0 0 0 0 0 0.118541 0 0.157123 0 0.0989471 0 0 0 0 0 0 0 0 0 0 0 0 0 0 0.19213 0 0 0 0
0 0 0 0 0 0 0 0 0 0 0 0 0 0 0 0 0 0 0 0 0 0 0 0.0762229 0 0 0 0 0 0 0.0720349 0 0 0 0 0.126793 0 0 0 0 0 0 0 0.17171 0 0 0 0 0 0 0 0 0 0.161206 0 0 0.155352 0.124633 0 0 0 0 0 0 0 0 0.0895512 0 0 0 0.0559761 0 0 0 0 0 0.111748 0 0 0 0 0 0.0788205 0 0 0 0 0 0 0.176599 0 0 0 0 0 0 0.133655 0 0 0
0 0 0 0 0 0 0 0 0 0 0 0 0 0 0 0 0 0.182952 0 0 0 0 0 0 0 0 0 0 0 0.174052 0 0 0.13863 0 0 0 0 0 0 0 0 0 0 0 0.184592 0 0 0 0 0 0 0 0 0 0 0 0 0 0 0 0 0 0 0 0 0 0 0 0 0 0 0 0 0 0 0 0 0 0 0 0 0.159566 0 0 0 0.0733051 0 0 0 0 0 0 0 0 0 0.111277 0 0 0 0
0 0 0 0 0 0 0 0 0 0 0 0 0 0.108181 0 0 0 0 0 0 0 0 0 0 0 0 0 0 0 0 0 0 0 0 0 0 0 0 0 0 0 0.0734461 0 0.153288 0 0 0 0 0 0 0 0 0 0.120565 0 0 0 0 0 0 0 0 0.0812044 0 0 0 0 0 0 0 0 0 0 0 0 0 0 0 0 0 0 0 0 0 0 0 0 0 0 0.0844224 0 0.128831 0.155928 0 0 0 0 0 0 0
0.145983 0 0.08442 0.15138 0.0614684 0 0 0 0 0 0 0 0 0 0.111133 0 0 0 0 0 0 0 0 0 0 0 0 0 0 0 0 0 0 0 0 0 0 0 0 0.0579546 0 0 0 0 0 0 0 0 0 0 0 0 0 0.156196 0 0 0 0 0 0 0 0 0 0 0 0 0 0.0559761 0 0 0 0 0.103379 0 0 0 0 0 0 0 0 0 0 0 0 0 0 0 0 0 0 0 0 0 0 0 0 0 0 0
0 0 0 0 0 0 0 0 0 0 0 0 0 0 0 0 0 0 0 0 0 0 0 0 0 0 0 0.223841 0 0 0 0 0 0 0 0 0 0 0.155058 0 0 0 0 0 0 0 0 0 0 0 0 0 0 0 0 0 0 0 0 0 0 0 0 0 0 0 0 0 0 0 0 0 0 0 0 0 0 0 0 0 0 0.128099 0 0 0 0 0 0 0 0 0 0 0 0 0 0 0 0.0357166 0 0
0 0 0 0 0 0 0 0 0 0 0 0 0 0 0 0 0 0 0 0 0 0 0 0 0 0 0 0 0 0 0 0 0.190714 0 0 0 0 0 0 0 0 0 0 0.163243 0 0 0 0 0 0 0 0 0 0 0 0 0 0 0 0.0478771 0 0 0 0 0 0 0 0 0 0 0.103379 0 0 0 0 0 0 0 0 0.13244 0 0 0 0 0 0 0 0 0 0 0.111156 0 0 0 0 0 0 0 0 0
0 0 0 0 0 0 0 0 0 0 0 0 0 0 0 0 0 0 0 0 0 0 0 0 0 0 0 0 0 0 0 0.0651732 0.0914073 0 0 0 0 0 0 0 0 0 0 0 0 0 0 0.181903 0 0 0 0 0 0 0 0.109788 0.127364 0 0 0 0 0 0 0 0 0 0 0 0 0 0 0 0 0 0 0 0 0 0 0 0 0.118372 0 0 0 0 0 0 0 0 0 0 0 0 0 0 0 0 0 0
0 0 0 0 0 0 0 0 0 0 0.180412 0 0 0 0 0.144031 0 0 0 0 0 0 0 0 0 0.0898134 0 0 0 0 0.197588 0 0 0 0 0 0 0 0 0.159797 0 0 0 0 0 0 0 0 0 0 0 0 0 0 0 0 0.118195 0 0.115437 0 0 0 0 0 0 0 0 0 0 0 0 0 0 0 0 0 0 0 0 0.0900051 0.158495 0 0 0 0 0 0 0 0.118732 0 0 0 0 0 0 0 0 0 0.132404 0
0 0 0 0 0.120283 0 0 0 0 0 0 0 0 0.205318 0 0 0 0.153496 0 0.0376301 0 0 0 0 0 0 0 0 0 0 0 0 0 0 0 0 0.23614 0 0 0 0 0 0 0 0 0 0 0 0 0 0 0 0 0 0 0 0 0 0 0 0 0 0 0 0 0 0 0 0 0 0 0 0 0 0 0 0 0 0 0 0 0 0.0936545 0 0.115831 0 0 0 0 0 0 0 0 0 0 0 0 0 0 0
0 0 0 0 0 0 0 0 0 0 0 0 0 0 0 0 0 0 0 0 0.101782 0 0 0 0 0 0 0 0 0 0 0 0 0 0.188237 0 0 0.132642 0.115611 0 0.12464 0 0 0 0 0 0 0 0 0 0 0.107849 0 0 0.12013 0.0878103 0 0 0.107719 0 0 0 0 0 0 0 0.118541 0.111748 0 0 0 0 0 0 0 0 0 0 0.116817 0 0 0 0 0 0 0 0 0 0 0 0 0.177023 0 0 0 0 0 0 0 0.117696
0 0 0 0 0 0.132058 0 0 0 0 0 0 0 0 0 0 0 0 0 0 0 0 0 0 0 0 0 0.124095 0 0 0 0 0 0.109857 0 0 0 0.178921 0 0 0 0 0 0 0 0 0 0 0 0 0 0 0.125731 0 0 0 0 0 0 0 0 0 0 0 0 0 0 0 0 0 0 0 0 0 0 0 0 0 0 0 0 0 0 0 0 0 0 0.104208 0 0 0 0 0 0 0 0 0 0 0.0972491 0
0 0 0 0 0 0 0 0 0 0 0 0 0 0 0 0 0 0 0 0 0 0 0 0 0 0 0 0 0 0 0.0602647 0.120726 0 0 0 0 0 0 0 0 0 0 0.0954159 0 0 0 0 0 0 0 0 0 0 0 0 0 0 0 0 0 0 0 0 0 0.103409 0.123522 0.157123 0 0 0 0 0 0 0 0 0 0.116817 0 0 0 0 0 0 0 0 0 0 0 0 0 0.153665 0.0866296 0 0 0 0 0 0 0.110928 0
0 0 0 0 0 0 0 0 0 0.114099 0 0 0 0 0 0 0 0.131543 0.129822 0 0 0 0 0 0 0 0 0 0 0 0 0 0 0 0 0 0.0994517 0 0 0 0 0 0 0 0 0 0 0.175874 0 0 0 0 0 0 0 0 0 0 0 0 0 0 0 0 0 0 0 0 0 0 0 0 0.13244 0 0.0900051 0 0 0 0 0 0.107023 0 0 0 0 0 0 0 0.137839 0 0 0 0 0 0 0 0 0 0 0
0 0.0630041 0 0 0 0 0 0 0 0 0 0 0 0 0 0 0 0 0 0 0 0 0 0 0 0 0 0 0 0 0 0 0.109538 0 0 0 0 0 0 0 0 0 0 0 0 0 0 0 0 0 0 0 0 0 0.0550672 0 0.186319 0 0 0 0 0 0 0 0 0 0.0989471 0 0 0 0 0 0 0 0.158495 0 0 0 0 0.107023 0 0.0109366 0 0.113494 0 0 0 0 0.167731 0.118774 0 0 0 0 0 0 0 0 0 0
0 0 0 0 0 0 0 0 0 0 0 0 0 0 0 0 0.162275 0 0 0 0 0 0 0 0.118826 0 0 0 0 0 0 0 0 0 0 0 0 0.138011 0 0 0 0 0 0 0 0 0 0 0 0 0 0 0 0 0 0 0 0 0 0 0 0 0 0 0 0 0 0 0.159566 0 0 0.128099 0 0.118372 0 0 0 0 0 0 0.0109366 0 0 0 0 0 0.153297 0 0 0 0 0 0 0 0 0 0 0 0 0
0 0 0 0 0 0 0 0 0 0 0 0 0 0 0 0 0 0 0 0.135819 0 0 0 0 0 0 0 0 0.0956542 0 0 0 0 0 0 0 0 0 0 0 0 0 0 0 0 0 0 0 0 0 0 0.103732 0 0 0 0 0 0 0 0 0.161121 0 0 0 0 0 0 0.0788205 0 0 0 0 0 0 0 0.0936545 0 0 0 0 0 0 0 0 0 0.167647 0 0 0 0 0 0 0 0 0 0 0 0 0 0
0 0 0.183372 0 0 0 0 0 0 0 0 0 0 0 0 0 0 0.135297 0 0 0 0 0 0 0 0 0 0 0 0 0 0 0 0 0 0.04282 0 0 0 0 0 0 0 0 0 0 0 0 0 0 0 0 0 0 0 0 0 0 0 0 0 0 0 0 0 0 0 0 0 0 0 0 0 0 0 0 0 0 0 0 0.113494 0 0 0 0 0 0 0 0 0 0 0 0 0.185507 0 0 0 0 0 0
0.105933 0 0 0 0 0 0 0 0 0 0 0 0 0 0 0 0 0 0 0 0 0.100584 0 0 0 0 0 0 0.125382 0 0 0 0.166636 0 0 0 0 0 0 0.0499239 0.149521 0 0 0 0.112029 0 0 0 0 0 0 0 0 0 0 0 0 0 0 0 0 0.148564 0 0 0 0 0 0 0 0 0 0 0 0 0 0.115831 0 0 0 0 0 0 0 0 0 0 0 0.13091 0 0 0 0 0 0 0 0 0 0 0 0
0 0 0 0.165853 0 0 0 0 0 0 0 0 0 0 0.170912 0 0 0 0 0 0 0.192218 0 0 0 0 0 0.109272 0 0 0 0 0 0 0 0 0 0 0 0 0 0 0 0.119464 0 0 0.0842983 0 0.135864 0 0 0 0 0 0 0 0 0 0 0 0 0 0 0.0642778 0 0 0 0 0.0733051 0 0 0 0 0 0 0 0 0 0 0 0 0 0.167647 0 0 0 0 0 0 0.167074 0 0 0 0 0 0 0 0 0 0
0 0 0 0 0.12215 0 0 0 0 0 0 0 0 0 0 0 0 0 0 0 0 0.209 0.207051 0 0 0 0 0 0 0 0 0 0 0 0 0 0 0 0 0 0 0 0.109139 0 0 0 0 0 0 0 0 0 0 0 0 0 0 0 0 0 0 0 0.052906 0 0 0 0 0 0 0 0 0 0 0 0 0 0 0 0 0 0 0.153297 0 0 0 0 0 0 0 0 0 0 0 0 0 0 0 0 0 0
0 0 0 0 0 0.187057 0 0 0 0 0 0 0 0 0 0 0 0 0 0.119869 0 0 0 0 0 0 0 0 0 0 0 0 0 0 0 0 0 0 0 0 0 0 0 0 0 0 0 0 0 0 0 0 0 0 0 0 0 0 0 0 0 0 0 0 0 0.149801 0 0 0 0 0 0 0 0 0 0 0 0.104208 0 0 0 0 0 0 0.13091 0 0 0 0 0 0 0 0 0 0 0 0 0 0 0
0 0.113404 0 0 0 0 0 0 0 0 0.0742913 0 0 0 0 0 0 0 0 0 0 0 0 0 0 0 0 0 0 0 0 0 0 0 0 0 0 0 0 0 0 0 0 0 0 0 0 0 0 0 0 0 0 0 0 0 0 0 0 0 0 0 0 0 0 0 0 0 0 0 0 0 0 0 0.118732 0 0 0 0 0.137839 0.167731 0 0 0 0 0 0 0 0 0 0 0 0 0 0 0 0 0 0 0
0 0 0 0.174523 0 0 0 0 0 0 0 0 0 0.176114 0 0 0 0 0 0 0 0 0 0 0 0.0870872 0 0 0.165565 0 0 0 0 0 0 0 0 0.16534 0 0 0 0 0 0 0 0 0 0 0 0 0 0 0 0 0 0 0 0 0 0 0 0 0 0 0 0 0 0.176599 0 0.0844224 0 0 0 0 0 0 0 0 0 0 0.118774 0 0 0 0 0.167074 0 0 0 0 0 0 0.109207 0 0 0 0.117449 0 0.10664 0
0 0 0 0 0 0 0 0 0 0 0.133266 0 0 0 0 0.132033 0 0 0 0 0 0 0 0 0 0 0 0 0 0 0 0 0 0 0 0 0 0 0 0 0 0 0 0 0 0 0 0 0 0 0 0 0 0 0 0.0943178 0 0 0 0 0 0 0 0 0 0 0 0 0 0 0 0 0.111156 0 0 0 0 0 0.153665 0 0 0 0 0 0 0 0 0 0 0 0 0 0 0 0 0 0 0 0 0.167803
0 0 0 0 0 0.0999087 0 0 0 0 0 0 0 0 0 0 0.112239 0 0 0 0 0 0.130365 0 0 0 0 0 0 0.134853 0 0 0 0.173049 0.154483 0 0 0 0 0 0 0 0 0 0.112629 0 0 0 0.129376 0 0 0 0 0 0 0 0 0 0 0 0 0.126234 0 0 0 0.0987269 0 0 0 0.128831 0 0 0 0 0 0 0.177023 0 0.0866296 0 0 0 0 0 0 0 0 0 0 0 0 0 0 0 0 0 0 0 0 0
0 0 0 0 0 0 0 0 0 0 0 0 0 0.162734 0 0 0 0 0 0 0.151912 0.126268 0 0 0 0 0 0 0 0 0 0.153494 0 0 0 0 0 0 0 0 0 0 0 0 0 0 0.140016 0 0 0 0 0 0 0 0 0.129997 0.141208 0 0 0 0 0 0 0 0 0 0 0 0 0.155928 0 0 0 0 0 0 0 0 0 0 0 0 0 0 0 0 0 0 0 0.109207 0 0 0 0 0.0117191 0 0 0 0 0
0 0 0 0 0 0 0 0 0 0 0 0 0 0 0 0 0 0 0 0.152894 0 0 0 0 0 0 0.110992 0 0.116248 0 0 0 0 0 0 0 0 0 0 0 0 0 0 0 0 0 0 0 0 0 0 0 0 0 0 0 0 0 0 0 0 0 0 0 0 0 0 0 0 0 0 0 0 0 0 0 0 0 0 0 0 0 0 0.185507 0 0 0 0 0 0 0 0 0 0 0 0 0 0.167293 0.0676658 0
0 0 0 0 0 0 0 0 0 0 0 0 0.0920675 0 0 0 0 0 0 0 0 0 0.20761 0 0.108508 0 0 0 0 0 0 0 0 0 0 0 0.096731 0 0 0 0 0 0 0 0 0 0 0 0 0 0 0 0 0 0 0 0 0 0 0 0 0 0 0 0 0.102712 0 0 0 0 0 0 0 0 0 0 0 0 0 0 0 0 0 0 0 0 0 0 0 0 0 0 0.0117191 0 0 0 0 0 0 0
0 0 0.161251 0 0 0 0 0 0 0.150736 0 0 0 0 0 0.132425 0 0 0 0 0 0 0 0.0973055 0 0 0 0 0 0 0 0 0 0 0 0 0 0 0.144793 0 0 0 0 0 0 0 0 0.109496 0 0 0 0 0 0 0 0 0 0.170528 0 0 0 0 0 0 0 0 0.19213 0 0.111277 0 0 0 0 0 0 0 0 0 0 0 0 0 0 0 0 0 0 0 0 0 0 0 0 0 0 0 0 0.121219 0 0
0 0.202549 0 0.0867261 0 0 0 0.113402 0 0 0 0 0 0 0 0 0 0 0 0 0 0 0 0 0 0 0 0 0 0 0 0 0 0 0 0 0 0 0 0 0 0.141766 0 0 0 0 0 0 0 0 0 0 0 0 0 0 0 0 0 0 0 0 0 0 0 0 0 0.133655 0 0 0 0 0 0 0 0 0 0 0 0 0 0 0 0 0 0 0 0 0 0.117449 0 0 0 0 0 0 0 0.103256 0.141847 0
0 0 0 0 0 0 0 0 0 0 0 0 0 0 0 0 0 0 0 0 0 0 0 0 0 0 0 0 0 0 0 0 0 0.115279 0 0.0494361 0 0 0 0 0 0 0 0 0.107495 0 0.199858 0 0 0 0 0 0 0 0 0 0 0 0.0393261 0 0 0 0 0 0 0 0 0 0 0 0 0.0357166 0 0 0 0 0 0 0 0 0 0 0 0 0 0 0 0 0 0 0 0 0 0.167293 0 0.121219 0.103256 0 0 0
0 0 0 0 0 0 0 0 0 0.16891 0 0.113585 0 0 0 0 0 0 0 0 0 0 0 0 0 0 0 0 0 0.129412 0 0 0 0 0.117495 0 0 0 0 0 0 0 0 0 0 0 0 0 0 0 0 0 0 0.106661 0 0 0 0 0 0 0.165328 0 0.202852 0 0 0 0 0 0 0 0 0 0 0 0.132404 0 0 0.0972491 0.110928 0 0 0 0 0 0 0 0 0 0 0.10664 0 0 0 0.0676658 0 0 0.141847 0 0 0.150371
0 0 0 0 0 0 0 0 0 0 0 0 0 0 0 0 0 0 0 0 0 0 0.137961 0 0.176374 0 0 0 0.142342 0 0.100837 0 0 0 0 0 0 0 0.13197 0 0.139325 0 0 0 0 0 0 0 0 0 0 0 0 0 0 0 0 0.0723542 0 0 0 0.106452 0 0 0 0 0 0 0 0 0 0 0 0 0 0 0.117696 0 0 0 0 0 0 0 0 0 0 0 0 0 0.167803 0 0 0 0 0 0 0 0.150371 0
