100
0 0.131259 0.123253 0 0 0 0 0 0 0 0.133296 0 0 0 0 0 0 0.135073 0 0 0 0 0.123787 0.133823 0 0 0 0 0 0 0 0 0 0 0 0 0 0 0.12435 0.131094 0 0 0 0.132699 0 0 0 0 0 0 0 0 0 0.132111 0 0 0.134518 0 0 0 0 0 0 0.124159 0 0 0 0.130403 0 0 0.127338 0 0 0 0 0 0 0 0 0 0 0 0 0 0 0 0 0 0 0.128693 0 0 0 0 0 0 0 0 0 0
0.131259 0 0 0 0 0 0 0 0 0 0 0 0 0 0 0.127491 0 0 0.125542 0 0 0 0 0 0 0 0 0 0 0 0 0 0 0 0 0 0 0 0 0 0.135548 0 0 0 0 0 0 0 0 0 0 0 0 0.129607 0 0 0 0 0 0 0 0 0 0.132103 0 0 0 0 0 0 0 0 0 0 0 0 0 0 0 0 0.132955 0 0 0 0 0 0 0.132925 0.126818 0.128419 0.135223 0 0 0 0 0 0.129243 0 0.131488 0
0.123253 0 0 0 0 0 0 0 0 0 0 0 0 0 0.126283 0 0 0 0 0 0 0 0 0.130065 0 0 0 0 0.132171 0 0 0 0.130486 0 0 0 0 0 0 0 0 0.126007 0.126768 0 0 0 0 0 0 0 0 0 0 0 0 0 0 0 0.125054 0.127326 0 0 0.135399 0 0 0 0 0 0 0 0.133401 0 0 0 0.128525 0 0 0 0 0 0 0 0 0.128763 0 0 0 0 0.131309 0 0 0 0 0 0 0.128179 0 0 0 0
0 0 0 0 0 0.126048 0 0 0 0 0 0 0 0 0 0 0 0 0 0 0 0 0 0 0.130425 0 0 0 0 0.125016 0.134653 0 0 0 0 0 0 0 0 0 0 0 0 0 0 0 0 0 0 0 0.124347 0 0 0 0 0 0 0 0 0 0 0.132504 0.126895 0 0 0 0 0 0 0.124147 0.124838 0 0 0 0 0.129472 0 0 0 0 0.123446 0 0 0 0 0.134226 0 0 0 0.133995 0 0 0 0.123297 0 0 0.132938 0 0 0
0 0 0 0 0 0 0 0 0 0 0 0.128262 0 0 0 0.124227 0 0 0 0 0 0 0 0 0 0 0 0.125315 0 0 0 0 0 0 0 0 0 0 0 0 0 0 0 0.125165 0 0 0 0 0 0 0 0.135214 0 0 0 0 0 0 0 0 0 0 0 0.133711 0 0 0.132283 0 0 0 0.12733 0 0 0 0 0.127618 0 0 0 0 0 0 0 0 0 0 0.127631 0 0 0.126956 0 0 0 0 0 0 0 0 0 0
0 0 0 0.126048 0 0 0 0 0 0 0 0.134455 0 0 0 0.135433 0 0 0 0 0 0 0 0 0 0.124166 0 0 0 0 0.133271 0 0.132004 0 0 0 0 0.13222 0.130408 0 0 0 0 0 0.128061 0 0 0 0 0 0 0 0 0 0.127052 0 0 0.126776 0 0 0 0 0 0 0 0 0 0 0 0 0 0 0.129429 0 0 0 0 0.134311 0 0 0 0.128747 0 0 0 0 0 0.132889 0 0 0 0.126483 0 0 0 0 0 0 0 0
0 0 0 0 0 0 0 0.126746 0 0 0 0 0 0 0.124156 0 0.126811 0 0 0 0 0 0 0 0 0.133306 0 0 0.128217 0.132236 0 0 0 0 0 0.126993 0 0 0 0 0 0 0 0 0 0.127366 0 0 0 0.130207 0 0 0 0 0 0 0 0 0 0 0 0 0.129946 0 0 0 0 0 0 0 0 0 0 0 0 0.132803 0.131566 0 0 0 0 0 0 0 0 0 0 0 0 0 0 0 0 0 0 0 0 0 0.131679 0
0 0 0 0 0 0 0.126746 0 0.124535 0.134565 0 0 0 0 0 0 0.134126 0 0 0 0 0 0 0 0 0 0 0 0 0 0 0 0 0 0 0 0 0 0 0 0 0 0 0 0 0 0 0 0 0 0 0 0 0 0 0 0 0 0.131832 0 0 0.135358 0 0 0 0 0 0 0.12631 0 0 0.13261 0 0 0 0 0 0 0 0 0 0 0 0 0 0 0 0 0 0 0 0.13169 0 0 0 0 0.135076 0 0 0
0 0 0 0 0 0 0 0.124535 0 0 0 0 0 0 0.135434 0 0 0.127825 0 0.124128 0 0 0 0 0 0 0 0 0 0 0 0 0 0 0 0 0 0 0 0 0 0 0 0.127968 0 0 0 0 0 0 0 0 0 0 0.134489 0.126093 0.133575 0 0 0 0 0 0 0 0 0 0 0 0 0 0 0 0 0 0 0 0 0 0 0 0 0.12764 0 0 0 0 0 0 0 0 0 0 0 0 0 0 0 0 0.129177 0
0 0 0 0 0 0 0 0.134565 0 0 0 0 0 0.134928 0 0 0 0.127215 0 0 0 0 0 0 0 0 0 0 0 0 0.132855 0.13395 0 0 0 0 0 0 0 0 0 0 0 0 0 0 0.128143 0 0 0 0 0.135207 0 0 0 0.134918 0 0 0 0 0 0.135311 0 0.123993 0 0 0 0 0 0 0.12527 0 0 0 0 0 0 0 0 0.128096 0 0 0 0 0 0 0 0 0 0 0 0 0 0 0 0.125698 0 0 0 0
0.133296 0 0 0 0 0 0 0 0 0 0 0 0 0 0 0 0 0 0 0 0 0.13514 0 0 0 0 0 0 0 0 0 0.132632 0 0 0 0 0 0 0 0 0 0 0.129478 0 0 0 0 0 0 0 0.127206 0 0 0 0 0.123025 0 0.132292 0 0 0 0 0.132248 0.125573 0.129473 0 0 0 0 0 0 0 0 0 0 0 0 0 0 0 0 0 0 0 0 0 0 0 0.125118 0 0 0 0 0 0 0 0 0 0 0
0 0 0 0 0.128262 0.134455 0 0 0 0 0 0 0 0 0 0 0.132327 0 0 0 0 0 0 0.127281 0 0 0 0.135409 0.127226 0 0 0.133718 0 0 0.131612 0.128077 0 0.124371 0 0 0 0.126794 0 0 0 0 0 0 0 0 0 0 0 0.132627 0 0 0 0 0 0 0 0 0 0 0 0 0 0 0 0 0 0 0 0 0 0 0 0 0 0 0 0 0 0 0 0.126216 0 0 0 0 0 0 0 0 0 0 0 0 0.123622 0.12824
0 0 0 0 0 0 0 0 0 0 0 0 0 0 0 0 0 0 0 0 0.125748 0.133117 0.123235 0 0.132652 0 0 0 0 0 0 0 0 0 0.128845 0 0 0.133209 0.127467 0 0 0.134705 0 0 0 0 0 0 0 0 0 0 0 0 0.129545 0 0.127323 0 0 0.124427 0 0 0 0 0 0.133359 0 0 0 0.132437 0 0 0 0.129203 0 0 0 0 0 0 0 0 0 0 0 0 0 0 0 0 0 0 0 0 0.126331 0 0.134341 0 0 0
0 0 0 0 0 0 0 0 0 0.134928 0 0 0 0 0 0 0 0 0.13301 0 0 0 0 0.131182 0 0 0 0 0.132 0 0 0 0 0 0 0 0 0.123247 0 0 0 0 0 0 0 0 0 0 0 0 0.135159 0.13496 0 0 0 0 0 0 0 0 0 0.126706 0 0 0 0 0 0 0 0.128764 0 0 0.134219 0 0 0.12468 0 0 0 0 0 0 0 0 0 0 0 0 0 0.127777 0 0 0.125929 0 0.12638 0 0 0 0 0
0 0 0.126283 0 0 0 0.124156 0 0.135434 0 0 0 0 0 0 0 0 0 0 0 0 0 0 0 0 0.129555 0 0 0 0 0 0 0 0 0 0 0 0 0 0.123743 0 0 0 0.13503 0 0 0 0 0.135236 0 0 0 0 0 0.128168 0 0 0 0 0 0 0 0 0 0 0 0.12622 0 0 0 0.124143 0 0 0 0 0 0 0 0.134394 0 0.133681 0 0 0 0 0.123079 0 0 0 0 0 0 0 0 0.130883 0 0 0 0 0
0 0.127491 0 0 0.124227 0.135433 0 0 0 0 0 0 0 0 0 0 0 0 0 0 0 0 0 0 0 0 0 0 0 0.131758 0 0 0 0.134807 0 0.123139 0 0 0 0 0 0 0 0 0 0 0 0 0 0 0 0 0.12346 0 0.129406 0 0 0 0 0 0 0 0 0 0 0 0 0 0 0 0 0 0.134155 0 0.130866 0 0.134124 0 0 0 0 0 0 0 0 0 0 0 0 0 0.127081 0 0 0 0 0.125345 0 0 0 0
0 0 0 0 0 0 0.126811 0.134126 0 0 0 0.132327 0 0 0 0 0 0 0.131392 0 0 0.132559 0 0 0 0 0.133467 0 0 0.127338 0 0 0 0 0 0 0 0 0 0.125631 0 0.125808 0.125686 0 0 0 0 0 0 0.127262 0 0 0 0.126914 0 0 0 0 0.135521 0 0 0 0 0 0.13375 0 0.131433 0 0 0 0 0 0 0.124468 0 0 0 0 0 0 0 0.124749 0 0 0 0 0 0 0 0 0 0.134568 0 0 0 0 0.123282 0 0 0
0.135073 0 0 0 0 0 0 0 0.127825 0.127215 0 0 0 0 0 0 0 0 0 0 0 0 0 0 0 0 0 0 0 0 0 0 0 0 0 0 0.123187 0.132101 0.12313 0 0 0 0 0 0 0 0 0.128726 0.123129 0 0.135455 0 0 0 0 0 0 0 0 0 0 0 0 0 0 0 0 0 0.129154 0 0 0 0 0 0.12458 0.126643 0 0 0 0.125361 0 0 0 0.13475 0 0 0 0 0 0 0 0 0.123072 0 0 0 0 0 0 0
0 0.125542 0 0 0 0 0 0 0 0 0 0 0 0.13301 0 0 0.131392 0 0 0 0 0 0.129539 0 0 0 0 0 0 0 0 0 0.130791 0.128627 0.133427 0 0 0.127513 0 0 0 0 0 0 0 0.132033 0 0 0 0 0 0 0 0 0 0.125147 0 0.130112 0 0 0 0 0 0 0.129715 0 0 0 0.131644 0 0 0 0 0 0 0 0 0 0 0.131833 0 0 0 0 0 0 0 0 0 0 0 0 0 0 0 0 0 0 0 0
0 0 0 0 0 0 0 0 0.124128 0 0 0 0 0 0 0 0 0 0 0 0 0 0 0.127148 0 0 0 0 0 0 0 0 0 0 0 0 0.12768 0 0 0 0 0.13135 0 0 0 0.124532 0 0 0 0 0 0 0 0.128348 0.126163 0 0 0 0 0 0 0 0 0 0 0 0 0 0 0 0 0 0 0 0 0.134179 0.128208 0 0 0 0.131574 0 0.128196 0.125698 0.130988 0 0 0.126665 0 0 0 0 0 0.131212 0 0 0 0 0 0
0 0 0 0 0 0 0 0 0 0 0 0 0.125748 0 0 0 0 0 0 0 0 0.135149 0 0 0 0 0 0 0 0 0 0 0 0.130918 0 0 0 0 0 0 0 0 0 0 0 0 0 0 0 0 0 0 0 0 0 0 0 0 0 0 0.134305 0.132417 0 0.13299 0.125031 0 0 0 0 0.130998 0 0 0 0 0 0 0.127941 0 0 0 0 0 0 0 0 0 0 0 0 0 0.133246 0 0.130359 0 0 0 0 0 0 0
0 0 0 0 0 0 0 0 0 0 0.13514 0 0.133117 0 0 0 0.132559 0 0 0 0.135149 0 0.123241 0.128266 0 0 0 0 0 0 0.130887 0.133473 0 0 0 0 0 0 0 0 0 0 0 0.130119 0 0 0 0 0 0 0 0 0 0 0 0 0 0 0 0 0 0 0 0 0 0 0 0 0 0 0 0 0 0 0.134236 0 0 0.124452 0 0.132481 0 0.131129 0.123875 0 0.129004 0.134395 0.135418 0 0 0 0 0 0 0 0 0.133599 0 0 0.132811 0
0.123787 0 0 0 0 0 0 0 0 0 0 0 0.123235 0 0 0 0 0 0.129539 0 0 0.123241 0 0 0 0 0 0 0 0 0 0 0 0 0 0 0 0 0 0 0 0 0 0 0 0 0 0 0 0 0 0 0 0 0 0 0 0 0 0 0 0.12669 0 0.131609 0 0 0 0 0 0 0 0 0 0 0 0 0 0 0 0 0 0 0 0 0 0 0.127213 0 0 0 0 0.127083 0 0 0.130419 0 0 0 0 0.126945
0.133823 0 0.130065 0 0 0 0 0 0 0 0 0.127281 0 0.131182 0 0 0 0 0 0.127148 0 0.128266 0 0 0.125541 0 0 0.124247 0 0.123193 0 0.131704 0 0 0 0.134904 0 0 0 0.133078 0 0 0 0 0 0 0 0 0 0 0 0 0 0 0 0 0 0 0 0 0.127199 0 0 0.132435 0.133982 0 0.131898 0 0 0 0 0 0 0 0 0 0 0 0 0 0 0 0 0 0 0 0 0 0 0 0 0 0 0 0 0.129174 0 0 0 0
0 0 0 0.130425 0 0 0 0 0 0 0 0 0.132652 0 0 0 0 0 0 0 0 0 0 0.125541 0 0 0 0 0 0 0.133458 0 0 0 0 0 0 0 0 0 0 0 0 0.130549 0 0 0 0 0.128127 0 0 0 0 0 0 0.123735 0 0 0 0 0 0.131458 0.132875 0 0 0 0 0 0 0 0.13537 0 0 0 0.125522 0 0 0 0.130571 0 0 0.126571 0 0 0 0 0 0 0 0 0 0 0 0 0.135059 0 0 0 0 0
0 0 0 0 0 0.124166 0.133306 0 0 0 0 0 0 0 0.129555 0 0 0 0 0 0 0 0 0 0 0 0 0 0 0 0.126247 0 0.125032 0.129082 0 0 0 0 0.129681 0 0 0.132631 0 0 0 0 0.125875 0 0 0 0.132324 0.131732 0 0 0 0 0 0 0.129739 0 0 0 0 0 0 0 0 0 0 0 0 0 0 0 0.13024 0 0 0 0 0 0 0 0 0.123988 0 0 0 0 0 0.129443 0 0 0 0 0 0 0 0 0 0
0 0 0 0 0 0 0 0 0 0 0 0 0 0 0 0 0.133467 0 0 0 0 0 0 0 0 0 0 0 0 0 0 0 0 0.130043 0 0 0 0 0 0 0 0 0.125735 0 0 0 0.124496 0.131701 0 0 0 0 0 0 0 0 0 0 0 0 0 0.12371 0 0.129513 0 0 0 0 0 0 0 0 0 0 0 0 0 0.123849 0 0 0 0 0 0 0 0 0.129892 0 0.134687 0 0 0 0 0.126654 0 0 0 0 0 0
0 0 0 0 0.125315 0 0 0 0 0 0 0.135409 0 0 0 0 0 0 0 0 0 0 0 0.124247 0 0 0 0 0 0 0.125984 0 0 0 0 0 0 0 0 0 0 0 0.129972 0 0 0 0 0 0 0 0 0 0 0 0 0.132469 0 0 0 0 0 0 0 0 0 0 0.131368 0 0 0 0 0.134046 0 0 0 0.133409 0 0.131362 0.12439 0 0 0 0 0 0 0.129381 0.126743 0 0 0 0.128122 0 0 0 0 0 0.126341 0 0 0
0 0 0.132171 0 0 0 0.128217 0 0 0 0 0.127226 0 0.132 0 0 0 0 0 0 0 0 0 0 0 0 0 0 0 0.131006 0 0 0 0 0 0 0 0.134981 0 0 0 0.134718 0 0 0 0 0 0 0 0 0.133682 0 0.123183 0 0 0.125401 0 0.134449 0.135517 0 0 0.123924 0 0 0.134818 0.133537 0 0 0 0 0 0 0 0 0 0 0 0 0 0 0 0 0 0 0.134931 0 0 0 0 0.133343 0 0 0 0.12942 0 0 0 0 0 0.124317
0 0 0 0.125016 0 0 0.132236 0 0 0 0 0 0 0 0 0.131758 0.127338 0 0 0 0 0 0 0.123193 0 0 0 0 0.131006 0 0 0 0 0 0 0.123189 0 0 0 0 0 0 0 0 0 0 0 0 0 0.135056 0 0.127514 0 0.129412 0 0 0 0 0 0 0 0 0 0 0 0 0 0 0 0 0.126228 0.125335 0 0.135064 0 0 0 0 0 0 0 0 0 0 0 0 0 0 0 0.123324 0 0.127678 0 0 0 0 0 0 0.132219 0
0 0 0 0.134653 0 0.133271 0 0 0 0.132855 0 0 0 0 0 0 0 0 0 0 0 0.130887 0 0 0.133458 0.126247 0 0.125984 0 0 0 0 0 0 0.124668 0 0.130489 0 0.130969 0 0 0 0 0 0 0 0 0 0 0 0 0 0 0 0 0.126285 0 0 0 0 0 0 0 0 0 0 0 0.127099 0 0.131669 0 0 0 0.129176 0.123497 0 0 0.135083 0.133987 0 0 0 0 0 0 0 0 0 0 0 0 0 0 0 0 0 0 0.125986 0 0.128062
0 0 0 0 0 0 0 0 0 0.13395 0.132632 0.133718 0 0 0 0 0 0 0 0 0 0.133473 0 0.131704 0 0 0 0 0 0 0 0 0 0 0 0.125269 0.123759 0 0 0 0 0 0 0 0 0 0 0 0 0 0 0.126128 0 0 0 0 0 0.129367 0.125427 0 0 0 0.133774 0 0 0 0 0 0 0 0 0 0 0.123271 0 0 0 0 0.131983 0 0 0 0 0 0 0 0 0 0 0 0.124713 0 0.127014 0 0.13442 0 0 0 0 0.130404
0 0 0.130486 0 0 0.132004 0 0 0 0 0 0 0 0 0 0 0 0 0.130791 0 0 0 0 0 0 0.125032 0 0 0 0 0 0 0 0.133127 0 0 0.1254 0 0 0 0 0 0 0 0 0.134763 0 0 0 0.128687 0.134811 0 0 0 0.133615 0 0 0 0 0 0 0 0.124839 0 0 0 0 0 0.129097 0 0 0 0.124165 0.123519 0.128091 0 0 0 0.123364 0 0.125062 0.130262 0 0 0.132038 0.124807 0 0 0 0 0 0 0 0 0 0 0 0 0 0
0 0 0 0 0 0 0 0 0 0 0 0 0 0 0 0.134807 0 0 0.128627 0 0.130918 0 0 0 0 0.129082 0.130043 0 0 0 0 0 0.133127 0 0 0 0 0 0 0 0 0 0 0.129616 0 0 0 0 0.132069 0 0 0.124881 0 0 0 0 0 0.127332 0 0.124832 0 0 0.127656 0 0 0 0 0 0 0 0 0 0 0 0 0 0 0.125982 0 0 0 0 0 0.132035 0 0 0 0 0 0 0 0.128976 0 0.129161 0 0.133336 0 0.12866 0.122988 0
0 0 0 0 0 0 0 0 0 0 0 0.131612 0.128845 0 0 0 0 0 0.133427 0 0 0 0 0 0 0 0 0 0 0 0.124668 0 0 0 0 0 0 0 0 0 0 0 0 0.125435 0 0 0 0 0 0 0 0 0 0 0 0 0 0 0 0 0 0 0 0 0 0.13298 0 0 0 0 0 0 0.123847 0 0 0 0.133101 0 0 0 0 0 0 0 0 0 0 0 0 0 0 0.12357 0 0 0 0 0 0 0.131212 0
0 0 0 0 0 0 0.126993 0 0 0 0 0.128077 0 0 0 0.123139 0 0 0 0 0 0 0 0.134904 0 0 0 0 0 0.123189 0 0.125269 0 0 0 0 0 0 0 0 0 0 0.133306 0 0 0 0 0 0 0 0.131572 0 0 0.123508 0 0 0 0 0 0 0.133669 0 0 0 0 0 0 0.12826 0 0 0 0 0 0 0 0 0 0.133862 0 0 0 0 0 0.127744 0 0 0 0 0 0 0.13008 0 0 0 0.124843 0 0 0.130905 0 0
0 0 0 0 0 0 0 0 0 0 0 0 0 0 0 0 0 0.123187 0 0.12768 0 0 0 0 0 0 0 0 0 0 0.130489 0.123759 0.1254 0 0 0 0 0.126737 0 0 0 0.133792 0 0 0 0 0 0 0 0 0 0 0 0 0 0 0 0 0 0 0 0 0 0 0 0 0 0.124507 0 0 0 0 0 0 0 0.128013 0 0 0 0.125094 0 0 0 0 0 0.133435 0 0 0 0 0 0 0.125586 0 0 0 0 0 0 0.133872
0 0 0 0 0 0.13222 0 0 0 0 0 0.124371 0.133209 0.123247 0 0 0 0.132101 0.127513 0 0 0 0 0 0 0 0 0 0.134981 0 0 0 0 0 0 0 0.126737 0 0 0 0 0 0 0 0 0.128872 0 0.130294 0.123001 0 0.12475 0 0 0.133872 0 0 0 0 0 0 0.129176 0 0.130518 0.123803 0 0 0 0 0 0 0 0.125508 0 0 0 0 0.126839 0.133306 0 0 0 0.130452 0.123553 0 0 0.124543 0 0 0 0.124079 0 0 0 0 0 0 0 0.134431 0 0
0.12435 0 0 0 0 0.130408 0 0 0 0 0 0 0.127467 0 0 0 0 0.12313 0 0 0 0 0 0 0 0.129681 0 0 0 0 0.130969 0 0 0 0 0 0 0 0 0 0 0 0 0 0 0 0 0 0 0 0.130223 0.130462 0 0 0.131098 0 0 0 0.125457 0 0 0 0 0 0.135141 0 0 0 0 0 0 0.13 0 0 0 0 0.130295 0 0 0 0 0 0 0 0 0 0 0 0 0 0 0 0 0 0 0.130782 0 0 0 0.135021
0.131094 0 0 0 0 0 0 0 0 0 0 0 0 0 0.123743 0 0.125631 0 0 0 0 0 0 0.133078 0 0 0 0 0 0 0 0 0 0 0 0 0 0 0 0 0 0.128053 0 0.12925 0 0 0.130791 0 0 0.134625 0 0 0 0 0 0 0 0 0 0 0 0.129933 0 0 0 0 0 0 0 0 0.130074 0 0 0 0 0 0 0 0 0 0 0 0 0 0.124708 0 0 0 0 0 0 0 0 0 0 0 0 0 0 0.124668
0 0.135548 0 0 0 0 0 0 0 0 0 0 0 0 0 0 0 0 0 0 0 0 0 0 0 0 0 0 0 0 0 0 0 0 0 0 0 0 0 0 0 0 0 0 0 0 0 0 0 0 0 0 0 0 0 0 0 0 0 0 0 0.124346 0 0 0 0 0 0 0 0.132461 0 0 0 0 0 0 0.131419 0 0 0 0 0 0 0 0.130108 0 0 0 0.129794 0 0.126089 0.133455 0 0 0 0 0 0 0 0.123805
0 0 0.126007 0 0 0 0 0 0 0 0 0.126794 0.134705 0 0 0 0.125808 0 0 0.13135 0 0 0 0 0 0.132631 0 0 0.134718 0 0 0 0 0 0 0 0.133792 0 0 0.128053 0 0 0 0 0.134301 0.125214 0 0.130284 0 0.13426 0 0 0 0.129879 0 0 0 0.127431 0.134836 0.127087 0 0 0.123284 0 0.124573 0 0.127678 0 0 0.132002 0 0 0 0 0 0.123583 0.13148 0 0 0 0 0 0 0 0.132671 0 0 0 0.135262 0 0 0 0 0 0 0 0.128027 0 0 0.128342
0 0 0.126768 0 0 0 0 0 0 0 0.129478 0 0 0 0 0 0.125686 0 0 0 0 0 0 0 0 0 0.125735 0.129972 0 0 0 0 0 0 0 0.133306 0 0 0 0 0 0 0 0 0 0 0.12521 0.134691 0 0 0 0.126561 0 0 0 0 0 0 0 0 0 0 0.129713 0 0.124126 0 0 0 0 0 0 0 0 0 0 0 0 0.133357 0.133989 0 0 0 0 0 0 0 0.12802 0 0 0 0 0 0 0 0 0 0 0.125345 0 0
0.132699 0 0 0 0.125165 0 0 0 0.127968 0 0 0 0 0 0.13503 0 0 0 0 0 0 0.130119 0 0 0.130549 0 0 0 0 0 0 0 0 0.129616 0.125435 0 0 0 0 0.12925 0 0 0 0 0 0 0 0 0 0 0 0 0 0 0 0 0 0 0.127452 0.131456 0 0 0.127975 0 0 0 0 0.124319 0 0.130463 0 0 0.127813 0 0 0 0 0 0 0 0 0 0 0 0 0.130933 0 0 0 0 0 0 0 0 0 0 0 0 0 0
0 0 0 0 0 0.128061 0 0 0 0 0 0 0 0 0 0 0 0 0 0 0 0 0 0 0 0 0 0 0 0 0 0 0 0 0 0 0 0 0 0 0 0.134301 0 0 0 0 0.124454 0.132023 0 0.128345 0 0 0 0 0 0 0 0 0 0 0 0 0.124562 0 0.126438 0 0 0 0.132927 0 0 0 0 0 0 0 0 0 0 0 0.123782 0 0 0 0.124188 0.133777 0 0 0 0 0 0.124518 0 0.134643 0 0 0 0.123051 0 0
0 0 0 0 0 0 0.127366 0 0 0 0 0 0 0 0 0 0 0 0.132033 0.124532 0 0 0 0 0 0 0 0 0 0 0 0 0.134763 0 0 0 0 0.128872 0 0 0 0.125214 0 0 0 0 0 0 0 0 0 0 0 0 0 0 0 0 0.134932 0.12822 0.12705 0.123079 0 0 0 0 0.132264 0 0 0.127314 0 0 0 0.126383 0 0 0 0 0.123119 0 0 0 0 0 0 0 0 0.124669 0 0 0 0 0 0 0 0 0 0 0 0
0 0 0 0 0 0 0 0 0 0.128143 0 0 0 0 0 0 0 0 0 0 0 0 0 0 0 0.125875 0.124496 0 0 0 0 0 0 0 0 0 0 0 0 0.130791 0 0 0.12521 0 0.124454 0 0 0 0 0.1349 0.133671 0 0 0 0 0 0.124046 0 0.125298 0 0.129832 0 0.128752 0 0 0 0 0 0 0 0 0 0 0 0.124052 0 0 0 0 0 0.123526 0 0 0 0.129705 0 0 0 0 0 0 0 0.124548 0 0 0 0 0.134418 0 0
0 0 0 0 0 0 0 0 0 0 0 0 0 0 0 0 0 0.128726 0 0 0 0 0 0 0 0 0.131701 0 0 0 0 0 0 0 0 0 0 0.130294 0 0 0 0.130284 0.134691 0 0.132023 0 0 0 0 0 0.128091 0 0 0 0 0 0 0 0 0 0 0 0 0 0 0 0 0 0 0.12474 0 0 0 0.126628 0 0 0 0 0 0.132516 0.12696 0 0 0 0 0 0 0 0 0 0 0 0 0.132301 0 0.132188 0 0 0 0
0 0 0 0 0 0 0 0 0 0 0 0 0 0 0.135236 0 0 0.123129 0 0 0 0 0 0 0.128127 0 0 0 0 0 0 0 0 0.132069 0 0 0 0.123001 0 0 0 0 0 0 0 0 0 0 0 0 0 0 0 0 0.124492 0 0 0 0 0 0 0 0.130955 0 0 0 0 0 0 0 0 0 0 0 0 0 0.1331 0.124422 0 0 0 0 0 0 0 0.127224 0 0 0 0 0 0.128035 0 0 0 0 0 0 0 0
0 0 0 0 0 0 0.130207 0 0 0 0 0 0 0 0 0 0.127262 0 0 0 0 0 0 0 0 0 0 0 0 0.135056 0 0 0.128687 0 0 0 0 0 0 0.134625 0 0.13426 0 0 0.128345 0 0.1349 0 0 0 0 0 0 0 0 0.123866 0 0 0 0.131921 0.133665 0 0 0 0 0 0 0 0 0 0 0 0 0 0 0 0 0 0 0 0 0.128855 0 0 0 0 0 0.132546 0 0 0 0 0 0 0 0 0 0.129896 0 0
0 0 0 0.124347 0 0 0 0 0 0 0.127206 0 0 0.135159 0 0 0 0.135455 0 0 0 0 0 0 0 0.132324 0 0 0.133682 0 0 0 0.134811 0 0 0.131572 0 0.12475 0.130223 0 0 0 0 0 0 0 0.133671 0.128091 0 0 0 0 0 0 0.130653 0 0 0 0.126777 0 0 0.129799 0 0 0 0 0 0.124339 0 0 0 0 0 0 0 0 0 0 0 0 0 0 0 0 0 0 0 0 0 0 0 0 0 0 0 0 0 0 0 0
0 0 0 0 0.135214 0 0 0 0 0.135207 0 0 0 0.13496 0 0 0 0 0 0 0 0 0 0 0 0.131732 0 0 0 0.127514 0 0.126128 0 0.124881 0 0 0 0 0.130462 0 0 0 0.126561 0 0 0 0 0 0 0 0 0 0 0 0 0 0 0 0 0.126995 0 0 0 0 0 0 0.132095 0 0 0 0 0 0 0.130972 0 0 0.127008 0 0 0 0 0 0.1295 0 0 0 0 0 0.126664 0 0 0 0 0 0 0 0 0 0.131878 0
0 0 0 0 0 0 0 0 0 0 0 0 0 0 0 0.12346 0 0 0 0 0 0 0 0 0 0 0 0 0.123183 0 0 0 0 0 0 0 0 0 0 0 0 0 0 0 0 0 0 0 0 0 0 0 0 0 0 0 0 0 0 0.135157 0 0 0 0.128412 0 0 0 0 0.127726 0 0 0 0 0 0 0 0 0.134623 0 0 0 0 0 0 0 0 0 0 0 0 0 0.125808 0 0 0 0 0.127023 0 0 0
0.132111 0.129607 0 0 0 0 0 0 0 0 0 0.132627 0 0 0 0 0.126914 0 0 0.128348 0 0 0 0 0 0 0 0 0 0.129412 0 0 0 0 0 0.123508 0 0.133872 0 0 0 0.129879 0 0 0 0 0 0 0 0 0 0 0 0 0 0 0 0 0 0.126207 0.131304 0 0 0.130717 0 0 0 0.126141 0 0 0.124148 0 0 0 0 0 0 0 0 0.12375 0 0 0 0 0 0 0 0 0 0.128675 0.124478 0 0 0 0 0 0 0 0.135399 0
0 0 0 0 0 0.127052 0 0 0.134489 0 0 0 0.129545 0 0.128168 0.129406 0 0 0 0.126163 0 0 0 0 0 0 0 0 0 0 0 0 0.133615 0 0 0 0 0 0.131098 0 0 0 0 0 0 0 0 0 0.124492 0 0.130653 0 0 0 0 0 0 0 0 0 0 0.127122 0 0 0 0.124157 0 0.13272 0.131471 0 0 0 0 0 0 0 0.126249 0 0 0 0.130334 0 0 0.125534 0 0 0 0 0 0.123951 0 0.131904 0 0.125007 0 0 0 0 0 0
0 0 0 0 0 0 0 0 0.126093 0.134918 0.123025 0 0 0 0 0 0 0 0.125147 0 0 0 0 0 0.123735 0 0 0.132469 0.125401 0 0.126285 0 0 0 0 0 0 0 0 0 0 0 0 0 0 0 0 0 0 0.123866 0 0 0 0 0 0 0 0.129963 0 0 0 0 0 0 0 0 0 0 0 0.127253 0 0 0.129079 0.124305 0 0 0.123212 0 0 0 0 0 0 0 0 0 0 0 0.124541 0.130461 0.129416 0.128919 0.123169 0 0 0 0 0 0.133964 0
0.134518 0 0 0 0 0 0 0 0.133575 0 0 0 0.127323 0 0 0 0 0 0 0 0 0 0 0 0 0 0 0 0 0 0 0 0 0 0 0 0 0 0 0 0 0 0 0 0 0 0.124046 0 0 0 0 0 0 0 0 0 0 0 0 0 0 0.13544 0 0 0.132377 0 0 0 0 0 0 0 0 0.123891 0.130615 0.126386 0 0 0 0 0.129457 0 0.130369 0.131649 0 0 0 0 0 0.125183 0 0 0.128071 0 0 0 0 0 0 0
0 0 0 0 0 0.126776 0 0 0 0 0.132292 0 0 0 0 0 0 0 0.130112 0 0 0 0 0 0 0 0 0 0.134449 0 0 0.129367 0 0.127332 0 0 0 0 0 0 0 0.127431 0 0 0 0 0 0 0 0 0 0 0 0 0 0.129963 0 0 0 0 0 0 0 0 0 0 0 0.13352 0 0 0 0 0 0 0 0 0 0 0 0 0 0.129085 0 0 0 0 0 0 0 0 0 0 0.134194 0 0 0.123121 0 0 0 0.123652
0 0 0.125054 0 0 0 0 0.131832 0 0 0 0 0 0 0 0 0.135521 0 0 0 0 0 0 0 0 0.129739 0 0 0.135517 0 0 0.125427 0 0 0 0 0 0 0.125457 0 0 0.134836 0 0.127452 0 0.134932 0.125298 0 0 0 0.126777 0 0 0 0 0 0 0 0 0 0 0 0 0 0 0.123947 0 0 0.132472 0 0 0 0 0 0.123541 0 0.130697 0 0 0 0.12995 0 0 0 0 0 0 0 0 0 0 0 0 0 0 0 0 0 0 0
0 0 0.127326 0 0 0 0 0 0 0 0 0 0.124427 0 0 0 0 0 0 0 0 0 0 0 0 0 0 0 0 0 0 0 0 0.124832 0 0 0 0 0 0 0 0.127087 0 0.131456 0 0.12822 0 0 0 0.131921 0 0.126995 0.135157 0.126207 0 0 0 0 0 0 0 0 0 0.127781 0 0 0 0 0.131141 0 0 0 0.129578 0 0 0 0 0 0 0 0.129063 0 0 0.134458 0 0 0 0 0 0 0.132561 0 0 0.134256 0 0 0 0 0 0
0 0 0 0 0 0 0 0 0 0 0 0 0 0 0 0 0 0 0 0 0.134305 0 0 0.127199 0 0 0 0 0 0 0 0 0 0 0 0.133669 0 0.129176 0 0 0 0 0 0 0 0.12705 0.129832 0 0 0.133665 0 0 0 0.131304 0 0 0 0 0 0 0 0 0 0 0 0 0 0 0 0 0.130839 0.133728 0 0 0 0.135366 0 0 0 0 0 0 0.128905 0 0 0 0 0 0 0.129887 0 0 0 0 0 0 0 0.126779 0.131724 0.131245
0 0 0 0.132504 0 0 0 0.135358 0 0.135311 0 0 0 0.126706 0 0 0 0 0 0 0.132417 0 0.12669 0 0.131458 0 0.12371 0 0.123924 0 0 0 0 0 0 0 0 0 0 0.129933 0.124346 0 0 0 0 0.123079 0 0 0 0 0.129799 0 0 0 0.127122 0 0.13544 0 0 0 0 0 0 0 0 0 0 0 0 0 0 0.125997 0 0.130837 0 0 0 0 0 0 0 0 0 0 0.12981 0.132739 0 0 0 0 0 0.123846 0 0 0.128221 0 0 0 0 0.123932
0 0 0.135399 0.126895 0 0 0.129946 0 0 0 0.132248 0 0 0 0 0 0 0 0 0 0 0 0 0 0.132875 0 0 0 0 0 0 0.133774 0.124839 0.127656 0 0 0 0.130518 0 0 0 0.123284 0.129713 0.127975 0.124562 0 0.128752 0 0.130955 0 0 0 0 0 0 0 0 0 0 0 0 0 0 0 0 0 0 0 0 0.132925 0 0 0 0 0 0 0 0 0 0 0 0 0.131798 0 0 0.123428 0.134591 0 0 0.127711 0 0 0 0 0 0 0 0 0.127329 0
0.124159 0.132103 0 0 0.133711 0 0 0 0 0.123993 0.125573 0 0 0 0 0 0 0 0 0 0.13299 0 0.131609 0.132435 0 0 0.129513 0 0 0 0 0 0 0 0 0 0 0.123803 0 0 0 0 0 0 0 0 0 0 0 0 0 0 0.128412 0.130717 0 0 0 0 0 0.127781 0 0 0 0 0 0 0 0 0 0 0 0 0.123302 0 0 0 0 0 0 0 0 0 0.12795 0 0 0.13154 0.124115 0 0 0 0 0 0 0 0 0 0 0 0 0
0 0 0 0 0 0 0 0 0 0 0.129473 0 0 0 0 0 0.13375 0 0.129715 0 0.125031 0 0 0.133982 0 0 0 0 0.134818 0 0 0 0 0 0 0 0 0 0.135141 0 0 0.124573 0.124126 0 0.126438 0 0 0 0 0 0 0 0 0 0 0 0.132377 0 0 0 0 0 0 0 0 0 0 0 0 0 0 0 0 0.123367 0 0 0 0 0 0 0 0 0 0 0 0 0 0 0 0 0 0 0 0 0 0 0 0 0 0
0 0 0 0 0 0 0 0 0 0 0 0 0.133359 0 0 0 0 0 0 0 0 0 0 0 0 0 0 0 0.133537 0 0 0 0 0 0.13298 0 0 0 0 0 0 0 0 0 0 0 0 0 0 0 0 0 0 0 0.124157 0 0 0 0.123947 0 0 0 0 0 0 0 0.126054 0 0 0 0 0 0.127976 0 0 0 0 0 0.135207 0 0 0 0 0 0 0 0 0.124246 0 0 0 0.129686 0 0 0.126738 0 0 0 0 0
0 0 0 0 0.132283 0 0 0 0 0 0 0 0 0 0.12622 0 0.131433 0 0 0 0 0 0 0.131898 0 0 0 0.131368 0 0 0 0 0 0 0 0 0 0 0 0 0 0.127678 0 0 0 0.132264 0 0 0 0 0 0.132095 0 0 0 0 0 0 0 0 0 0 0 0 0 0.126054 0 0.124132 0.123894 0 0 0 0.12901 0 0 0 0.12783 0 0.131856 0 0.131328 0 0.125619 0 0 0 0 0 0 0 0 0 0 0 0 0.132627 0.129363 0 0 0
0.130403 0 0 0 0 0 0 0 0 0 0 0 0 0 0 0 0 0 0 0 0 0 0 0 0 0 0 0 0 0 0.127099 0 0 0 0 0.12826 0.124507 0 0 0 0 0 0 0.124319 0 0 0 0 0 0 0.124339 0 0 0.126141 0.13272 0 0 0.13352 0 0 0 0 0 0 0 0 0.124132 0 0 0 0.128784 0 0 0 0 0 0.129956 0 0 0 0 0 0.13233 0 0 0 0 0 0 0.128722 0 0 0 0 0.134086 0 0.123466 0 0 0
0 0 0 0 0 0 0 0.12631 0 0 0 0 0 0 0 0 0 0.129154 0.131644 0 0 0 0 0 0 0 0 0 0 0 0 0 0.129097 0 0 0 0 0 0 0 0 0 0 0 0.132927 0 0 0 0 0 0 0 0.127726 0 0.131471 0 0 0 0.132472 0.131141 0 0 0 0 0 0 0.123894 0 0 0.125154 0 0 0 0 0.130543 0 0 0 0 0 0 0.135507 0 0 0 0.123886 0 0 0 0 0 0 0 0 0 0.134585 0 0 0 0
0 0 0 0.124147 0 0 0 0 0 0 0 0 0.132437 0.128764 0 0 0 0 0 0 0.130998 0 0 0 0 0 0 0 0 0 0.131669 0 0 0 0 0 0 0 0 0 0.132461 0.132002 0 0.130463 0 0.127314 0 0.12474 0 0 0 0 0 0 0 0.127253 0 0 0 0 0 0 0.132925 0 0 0 0 0 0.125154 0 0 0 0 0 0 0 0 0 0 0 0 0 0.131715 0 0 0 0 0.130453 0 0.12358 0.123619 0.125773 0.126753 0.127605 0 0 0.128391 0 0 0
0.127338 0 0.133401 0.124838 0.12733 0 0 0 0 0.12527 0 0 0 0 0.124143 0 0 0 0 0 0 0 0 0 0.13537 0 0 0 0 0.126228 0 0 0 0 0 0 0 0 0 0.130074 0 0 0 0 0 0 0 0 0 0 0 0 0 0.124148 0 0 0 0 0 0 0.130839 0 0 0 0 0 0 0.128784 0 0 0 0 0.125228 0 0 0 0 0 0 0 0 0 0 0.12871 0 0 0.125035 0 0 0 0 0.130468 0 0 0 0 0 0 0 0
0 0 0 0 0 0 0 0.13261 0 0 0 0 0 0 0 0 0 0 0 0 0 0 0 0 0 0 0 0.134046 0 0.125335 0 0 0 0 0 0 0 0.125508 0.13 0 0 0 0 0 0 0 0 0 0 0 0 0 0 0 0 0 0 0 0 0 0.133728 0.125997 0 0 0 0 0 0 0 0 0 0 0 0.129131 0 0.125188 0 0 0 0.123179 0 0.123676 0.127616 0 0 0 0 0 0 0 0 0 0 0.12878 0 0 0 0.12488 0 0
0 0 0 0 0 0.129429 0 0 0 0 0 0 0 0.134219 0 0.134155 0 0 0 0 0 0 0 0 0 0 0 0 0 0 0 0 0.124165 0 0.123847 0 0 0 0 0 0 0 0 0.127813 0 0 0 0 0 0 0 0 0 0 0 0.129079 0 0 0 0.129578 0 0 0 0.123302 0 0.127976 0.12901 0 0 0 0.125228 0 0 0 0 0 0.123669 0 0 0.12589 0 0 0 0 0 0 0 0 0 0 0 0 0 0 0 0 0 0 0 0
0 0 0 0 0 0 0 0 0 0 0 0 0.129203 0 0 0 0.124468 0 0 0 0 0 0 0 0 0 0 0 0 0.135064 0.129176 0.123271 0.123519 0 0 0 0 0 0 0 0 0 0 0 0 0.126383 0 0.126628 0 0 0 0.130972 0 0 0 0.124305 0.123891 0 0 0 0 0.130837 0 0 0.123367 0 0 0 0 0 0 0.129131 0 0 0 0 0 0 0 0 0.130428 0 0 0 0 0 0 0 0 0 0 0 0 0 0.124305 0 0 0 0 0
0 0 0.128525 0 0 0 0 0 0 0 0 0 0 0 0 0.130866 0 0.12458 0 0 0 0.134236 0 0 0.125522 0.13024 0 0 0 0 0.123497 0 0.128091 0 0 0 0 0 0 0 0 0 0 0 0 0 0.124052 0 0 0 0 0 0 0 0 0 0.130615 0 0.123541 0 0 0 0 0 0 0 0 0 0.130543 0 0 0 0 0 0 0 0 0.126725 0 0.124761 0.132788 0 0 0 0 0 0 0 0.124536 0 0 0 0 0 0 0.12791 0 0 0.133622 0
0 0 0 0.129472 0.127618 0 0.132803 0 0 0 0 0 0 0.12468 0 0 0 0.126643 0 0.134179 0 0 0 0 0 0 0 0.133409 0 0 0 0 0 0 0 0 0.128013 0 0 0 0 0.123583 0 0 0 0 0 0 0 0 0 0 0 0 0 0 0.126386 0 0 0 0.135366 0 0 0 0 0 0 0 0 0 0 0.125188 0 0 0 0 0 0.129293 0.125849 0 0 0 0.131713 0 0.125696 0 0 0 0 0 0 0 0 0 0 0 0 0 0 0
0 0 0 0 0 0 0.131566 0 0 0 0 0 0 0 0 0.134124 0 0 0 0.128208 0.127941 0 0 0 0 0 0 0 0 0 0 0 0 0 0.133101 0 0 0.126839 0.130295 0 0.131419 0.13148 0 0 0 0 0 0 0.1331 0 0 0.127008 0 0 0.126249 0.123212 0 0 0.130697 0 0 0 0 0 0 0 0.12783 0.129956 0 0 0 0 0.123669 0 0 0 0 0 0.123177 0 0 0 0 0 0 0 0 0 0 0 0 0.132574 0.126697 0 0 0.129054 0.132136 0 0 0.133903
0 0 0 0 0 0.134311 0 0 0 0 0 0 0 0 0 0 0 0 0 0 0 0.124452 0 0 0 0 0.123849 0.131362 0 0 0.135083 0 0 0.125982 0 0.133862 0 0.133306 0 0 0 0 0.133357 0 0 0 0 0 0.124422 0 0 0 0.134623 0 0 0 0 0 0 0 0 0 0 0 0 0 0 0 0 0 0 0 0 0 0.126725 0.129293 0 0 0 0.134379 0 0 0 0 0 0 0 0.126214 0 0.128789 0 0 0 0 0 0 0 0 0.124584 0
0 0 0 0 0 0 0 0 0 0 0 0 0 0 0.134394 0 0 0 0 0 0 0 0 0 0.130571 0 0 0.12439 0 0 0.133987 0.131983 0.123364 0 0 0 0 0 0 0 0 0 0.133989 0 0 0.123119 0 0 0 0 0 0 0 0 0 0 0 0 0 0 0 0 0 0 0 0.135207 0.131856 0 0 0 0 0 0 0 0 0.125849 0.123177 0 0 0 0 0 0 0 0.132228 0 0 0 0.133415 0.125124 0 0.130766 0 0 0 0 0 0 0.123383 0
0 0 0 0 0 0 0 0 0 0.128096 0 0 0 0 0 0 0 0.125361 0.131833 0 0 0.132481 0 0 0 0 0 0 0 0 0 0 0 0 0 0 0.125094 0 0 0 0 0 0 0 0 0 0 0.132516 0 0 0 0 0 0.12375 0 0 0 0 0 0 0 0 0 0 0 0 0 0 0 0 0 0.123179 0.12589 0 0.124761 0 0 0.134379 0 0 0.122992 0 0.125407 0 0 0 0 0.124632 0.127169 0 0.124781 0 0 0 0 0 0 0 0 0
0 0.132955 0 0.123446 0 0 0 0 0 0 0 0 0 0 0.133681 0 0 0 0 0.131574 0 0 0 0 0 0 0 0 0 0 0 0 0.125062 0 0 0 0 0 0 0 0 0 0 0 0.123782 0 0.123526 0.12696 0 0 0 0 0 0 0.130334 0 0.129457 0 0.12995 0.129063 0 0 0 0 0 0 0.131328 0 0 0 0 0 0 0.130428 0.132788 0 0 0 0 0.122992 0 0.12883 0 0 0 0.133331 0 0 0.134727 0.126514 0 0 0 0 0.12905 0 0 0 0 0
0 0 0 0 0 0.128747 0 0 0.12764 0 0 0 0 0 0 0 0.124749 0 0 0 0 0.131129 0 0 0.126571 0 0 0 0 0 0 0 0.130262 0 0 0 0 0.130452 0 0 0 0 0 0 0 0 0 0 0 0.128855 0 0 0 0 0 0 0 0.129085 0 0 0 0 0 0 0 0 0 0 0.135507 0 0 0.123676 0 0 0 0 0 0 0 0 0.12883 0 0 0 0 0 0.125201 0 0 0 0 0 0 0 0 0 0 0 0.12933 0
0 0 0 0 0 0 0 0 0 0 0 0 0 0 0 0 0 0 0 0.128196 0 0.123875 0 0 0 0 0 0 0 0 0 0 0 0 0 0 0 0.123553 0 0 0 0 0 0 0 0 0 0 0 0 0 0.1295 0 0 0 0 0.130369 0 0 0 0.128905 0 0.131798 0.12795 0 0 0.125619 0.13233 0 0.131715 0 0.127616 0 0 0 0.131713 0 0 0 0.125407 0 0 0 0.129815 0 0.133959 0 0 0 0 0.134629 0 0 0 0 0 0 0.132415 0 0
0 0 0.128763 0 0 0 0 0 0 0 0 0 0 0 0 0 0 0.13475 0 0.125698 0 0 0 0 0 0.123988 0 0 0 0 0 0 0 0.132035 0 0.127744 0 0 0 0 0 0 0 0 0 0 0 0 0 0 0 0 0 0 0.125534 0 0.131649 0 0 0.134458 0 0 0 0 0 0 0 0 0 0 0.12871 0 0 0 0 0 0 0 0 0 0 0 0.129815 0 0 0 0 0 0 0 0 0 0 0.12606 0 0 0 0 0 0
0 0 0 0 0 0 0 0 0 0 0 0 0 0 0 0 0 0 0 0.130988 0 0.129004 0 0 0 0 0 0 0.134931 0 0 0 0.132038 0 0 0 0 0 0 0.124708 0.130108 0.132671 0 0 0.124188 0 0.129705 0 0 0 0 0 0 0 0 0 0 0 0 0 0 0.12981 0 0 0 0 0 0 0 0 0 0 0 0 0 0.125696 0 0 0.132228 0 0 0 0 0 0 0 0 0.13522 0 0 0 0 0 0 0 0 0 0 0 0
0 0 0 0.134226 0 0 0 0 0 0 0 0.126216 0 0 0.123079 0 0 0 0 0 0 0.134395 0 0 0 0 0 0.129381 0 0 0 0 0.124807 0 0 0 0.133435 0.124543 0 0 0 0 0 0.130933 0.133777 0 0 0 0.127224 0 0 0 0 0 0 0 0 0 0 0 0 0.132739 0.123428 0.13154 0 0 0 0 0.123886 0 0 0 0 0 0 0 0 0 0 0 0.133331 0 0.133959 0 0 0 0 0 0 0.123268 0 0 0 0 0.132515 0 0 0 0 0
0 0 0 0 0.127631 0 0 0 0 0 0 0 0 0 0 0 0 0 0 0 0 0.135418 0.127213 0 0 0 0.129892 0.126743 0 0 0 0 0 0 0 0 0 0 0 0 0 0 0.12802 0 0 0 0 0 0 0 0 0 0 0 0 0 0 0 0 0 0 0 0.134591 0.124115 0 0 0 0 0 0 0.125035 0 0 0 0 0 0 0 0 0 0 0.125201 0 0 0 0 0 0 0 0 0 0 0 0 0 0 0 0 0 0
0 0.132925 0 0 0 0.132889 0 0 0 0 0 0 0 0 0 0 0 0 0 0.126665 0 0 0 0 0 0 0 0 0 0 0 0 0 0 0 0 0 0 0 0 0 0 0 0 0 0.124669 0 0 0 0.132546 0 0 0 0 0 0 0 0 0 0 0 0 0 0 0 0.124246 0 0 0 0.130453 0 0 0 0 0 0 0 0.126214 0 0.124632 0 0 0 0 0.13522 0 0 0 0 0 0 0 0 0 0 0 0 0 0 0
0 0.126818 0.131309 0 0 0 0 0 0 0 0.125118 0 0 0 0 0 0 0 0 0 0 0 0 0 0 0 0.134687 0 0 0 0 0 0 0 0 0 0 0 0 0 0.129794 0.135262 0 0 0 0 0 0 0 0 0 0.126664 0 0 0 0.124541 0 0 0 0 0 0 0 0 0 0 0 0 0 0 0 0 0 0 0.124536 0 0 0 0.133415 0.127169 0.134727 0 0 0 0 0 0 0 0 0 0 0 0 0 0 0 0 0 0 0
0.128693 0.128419 0 0.133995 0.126956 0 0 0 0 0 0 0 0 0.127777 0 0 0 0 0 0 0 0 0 0 0 0.129443 0 0 0.133343 0.123324 0 0 0 0 0 0 0 0.124079 0 0 0 0 0 0 0 0 0 0 0 0 0 0 0 0.128675 0.123951 0.130461 0.125183 0 0 0 0.129887 0 0.127711 0 0 0 0 0.128722 0 0.12358 0 0 0 0 0 0 0 0.128789 0.125124 0 0.126514 0 0 0 0 0.123268 0 0 0 0 0 0 0.131398 0 0 0.132012 0.133501 0 0.13025 0
0 0.135223 0 0 0 0 0 0 0 0 0 0 0 0 0 0.127081 0 0 0 0 0.133246 0 0 0 0 0 0 0.128122 0 0 0 0.124713 0 0 0 0.13008 0 0 0 0 0.126089 0 0 0 0 0 0 0 0 0 0 0 0 0.124478 0 0.129416 0 0 0 0.132561 0 0 0 0 0 0 0 0 0 0.123619 0 0 0 0 0 0 0 0 0 0.124781 0 0 0.134629 0 0 0 0 0 0 0 0 0 0 0 0.126493 0 0 0 0 0.131787
0 0 0 0 0 0.126483 0 0.13169 0 0 0 0 0 0 0 0 0.134568 0 0 0 0 0 0.127083 0 0 0 0 0 0 0.127678 0 0 0 0.128976 0.12357 0 0 0 0 0 0.133455 0 0 0 0.124518 0 0 0 0.128035 0 0 0 0.125808 0 0.131904 0.128919 0 0 0 0 0 0.123846 0 0 0 0.129686 0 0 0 0.125773 0.130468 0 0 0 0 0 0.132574 0 0.130766 0 0 0 0 0 0 0 0 0 0 0 0 0 0 0.126543 0 0 0 0 0 0
0 0 0 0 0 0 0 0 0 0 0 0 0 0.125929 0 0 0 0.123072 0 0 0.130359 0 0 0 0 0 0 0 0 0 0 0.127014 0 0 0 0 0.125586 0 0 0 0 0 0 0 0 0 0.124548 0 0 0 0 0 0 0 0 0.123169 0.128071 0.134194 0 0 0 0 0 0 0 0 0 0 0 0.126753 0 0 0 0 0 0 0.126697 0 0 0 0 0 0 0 0 0 0 0 0 0.131398 0 0 0 0 0.123776 0 0 0 0 0
0 0 0 0.123297 0 0 0 0 0 0 0 0 0 0 0 0 0 0 0 0.131212 0 0 0 0 0 0 0.126654 0 0.12942 0 0 0 0 0.129161 0 0 0 0 0 0 0 0 0 0 0.134643 0 0 0.132301 0 0 0 0 0 0 0.125007 0 0 0 0 0.134256 0 0 0 0 0 0 0 0 0 0.127605 0 0.12878 0 0 0 0 0 0 0 0 0 0 0 0.12606 0 0 0 0 0 0 0 0.126543 0 0 0 0.126403 0 0.126365 0.128049 0
0 0 0 0 0 0 0 0 0 0 0 0 0.126331 0.12638 0.130883 0 0 0 0 0 0 0 0.130419 0 0.135059 0 0 0 0 0 0 0.13442 0 0 0 0.124843 0 0 0 0 0 0 0 0 0 0 0 0 0 0 0 0 0 0 0 0 0 0 0 0 0 0.128221 0 0 0 0.126738 0 0.134086 0 0 0 0 0 0.124305 0 0 0 0 0 0 0.12905 0 0 0 0 0.132515 0 0 0 0 0.126493 0 0.123776 0 0 0 0.124116 0 0 0
0 0 0.128179 0 0 0 0 0 0 0.125698 0 0 0 0 0 0.125345 0 0 0 0 0 0.133599 0 0.129174 0 0 0 0 0 0 0 0 0 0.133336 0 0 0 0 0.130782 0 0 0 0 0 0 0 0 0.132188 0 0 0 0 0 0 0 0 0 0.123121 0 0 0 0 0 0 0 0 0.132627 0 0.134585 0 0 0 0 0 0.12791 0 0.129054 0 0 0 0 0 0 0 0 0 0 0 0 0.132012 0 0 0 0.126403 0 0 0.129955 0.12815 0 0
0 0.129243 0 0.132938 0 0 0 0.135076 0 0 0 0 0.134341 0 0 0 0.123282 0 0 0 0 0 0 0 0 0 0 0.126341 0 0 0 0 0 0 0 0 0 0 0 0 0 0.128027 0 0 0 0 0 0 0 0 0 0 0.127023 0 0 0 0 0 0 0 0 0 0 0 0 0 0.129363 0.123466 0 0.128391 0 0 0 0 0 0 0.132136 0 0 0 0 0 0 0 0 0 0 0 0 0.133501 0 0 0 0 0.124116 0.129955 0 0.135405 0.123652 0
0 0 0 0 0 0 0 0 0 0 0 0 0 0 0 0 0 0 0 0 0 0 0 0 0 0 0 0 0 0 0.125986 0 0 0.12866 0 0.130905 0 0.134431 0 0 0 0 0.125345 0 0.123051 0 0.134418 0 0 0.129896 0 0 0 0 0 0 0 0 0 0 0.126779 0 0 0 0 0 0 0 0 0 0 0.12488 0 0 0 0 0 0 0 0 0 0 0.132415 0 0 0 0 0 0 0 0 0 0 0.126365 0 0.12815 0.135405 0 0 0
0 0.131488 0 0 0 0 0.131679 0 0.129177 0 0 0.123622 0 0 0 0 0 0 0 0 0 0.132811 0 0 0 0 0 0 0 0.132219 0 0 0 0.122988 0.131212 0 0 0 0 0 0 0 0 0 0 0 0 0 0 0 0 0.131878 0 0.135399 0 0.133964 0 0 0 0 0.131724 0 0.127329 0 0 0 0 0 0 0 0 0 0 0 0.133622 0 0 0.124584 0.123383 0 0 0.12933 0 0 0 0 0 0 0 0.13025 0 0 0 0.128049 0 0 0.123652 0 0 0.13183
0 0 0 0 0 0 0 0 0 0 0 0.12824 0 0 0 0 0 0 0 0 0 0 0.126945 0 0 0 0 0 0.124317 0 0.128062 0.130404 0 0 0 0 0.133872 0 0.135021 0.124668 0.123805 0.128342 0 0 0 0 0 0 0 0 0 0 0 0 0 0 0 0.123652 0 0 0.131245 0.123932 0 0 0 0 0 0 0 0 0 0 0 0 0 0 0.133903 0 0 0 0 0 0 0 0 0 0 0 0 0 0.131787 0 0 0 0 0 0 0 0.13183 0
