100
0 0.172601 0.152096 0 0 0 0 0 0 0 0 0 0 0 0 0 0 0 0 0 0 0 0 0 0 0 0 0 0 0 0 0 0 0 0 0 0 0 0 0 0 0 0 0 0 0 0 0 0 0 0 0 0 0.149758 0 0 0 0 0 0 0 0 0 0 0 0 0 0 0 0 0.0638615 0 0 0 0 0 0 0 0 0 0 0 0 0 0.159065 0 0 0 0 0 0 0 0 0 0 0 0 0 0 0
0.172601 0 0 0 0 0 0 0 0 0 0 0 0 0 0 0 0 0 0.11658 0 0 0 0 0 0 0 0 0 0 0 0 0 0 0 0 0 0 0 0 0 0.0980546 0 0 0 0 0 0 0 0 0 0 0 0 0.128224 0 0 0 0 0 0 0 0 0 0.114283 0 0 0 0 0 0 0 0 0 0 0 0 0 0 0 0 0.123299 0 0 0 0 0 0 0 0.114823 0 0 0 0 0 0 0 0.0432676 0 0 0
0.152096 0 0 0 0 0 0 0 0 0 0 0 0 0 0.137145 0 0 0 0 0 0 0 0 0 0 0 0 0 0.151221 0 0 0 0.101185 0 0 0 0 0 0 0 0 0.0931557 0.0969559 0 0 0 0 0 0 0 0 0 0 0 0 0 0 0 0 0.101004 0 0 0.163426 0 0 0 0 0 0 0 0.137841 0 0 0 0 0 0 0 0 0 0 0 0 0.0900244 0 0 0 0 0 0 0 0 0 0 0 0.114474 0 0 0 0
0 0 0 0 0 0 0 0 0 0 0 0 0 0 0 0 0 0 0 0 0 0 0 0 0.142085 0 0 0 0 0.0698754 0.191782 0 0 0 0 0 0 0 0 0 0 0 0 0 0 0 0 0 0 0 0 0 0 0 0 0 0 0 0 0 0 0.12946 0 0 0 0 0 0 0 0 0.14458 0 0 0 0 0 0 0 0 0 0 0 0 0 0 0.0537216 0 0 0 0.120375 0 0 0 0 0 0 0.202605 0 0 0
0 0 0 0 0 0 0 0 0 0 0 0.158295 0 0 0 0 0 0 0 0 0 0 0 0 0 0 0 0.0920344 0 0 0 0 0 0 0 0 0 0 0 0 0 0 0 0 0 0 0 0 0 0 0 0 0 0 0 0 0 0 0 0 0 0 0 0 0 0 0 0 0 0 0.176596 0 0 0 0 0.126382 0 0 0 0 0 0 0 0 0 0 0.222333 0 0 0 0 0 0 0 0 0 0 0 0 0
0 0 0 0 0 0 0 0 0 0 0 0 0 0 0 0 0 0 0 0 0 0 0 0 0 0 0 0 0 0.205487 0.0928156 0 0 0 0 0 0 0 0 0 0 0 0 0 0.0813336 0 0 0 0 0 0 0 0 0 0.0996491 0 0 0.0448749 0 0 0 0 0 0 0 0 0 0 0 0 0 0 0 0 0 0 0 0.233322 0 0 0 0 0 0 0 0 0 0.0840603 0 0 0 0.139025 0 0 0 0 0 0 0 0
0 0 0 0 0 0 0 0 0 0 0 0 0 0 0 0 0 0 0 0 0 0 0 0 0 0.13979 0 0 0 0 0 0 0 0 0 0 0 0 0 0 0 0 0 0 0 0 0 0 0 0.0892888 0 0 0 0 0 0 0 0 0 0 0 0 0.0498854 0 0 0 0 0 0 0 0 0 0 0 0 0 0 0 0 0 0 0 0 0 0 0 0 0 0 0 0 0 0 0 0 0 0 0 0 0
0 0 0 0 0 0 0 0 0 0.117622 0 0 0 0 0 0 0 0 0 0 0 0 0 0 0 0 0 0 0 0 0 0 0 0 0 0 0 0 0 0 0 0 0 0 0 0 0 0 0 0 0 0 0 0 0 0 0 0 0 0 0 0.128175 0 0 0 0 0 0 0 0 0 0 0 0 0 0 0 0 0 0 0 0 0 0 0 0 0 0 0 0 0 0 0 0 0 0 0.151082 0 0 0
0 0 0 0 0 0 0 0 0 0 0 0 0 0 0 0 0 0 0 0.165947 0 0 0 0 0 0 0 0 0 0 0 0 0 0 0 0 0 0 0 0 0 0 0 0.0989466 0 0 0 0 0 0 0 0 0 0 0.186698 0 0 0 0 0 0 0 0 0 0 0 0 0 0 0 0 0 0 0 0 0 0 0 0 0 0 0 0 0 0 0 0 0 0 0 0 0 0 0 0 0 0 0 0 0
0 0 0 0 0 0 0 0.117622 0 0 0 0 0 0 0 0 0 0 0 0 0 0 0 0 0 0 0 0 0 0 0 0 0 0 0 0 0 0 0 0 0 0 0 0 0 0 0.159249 0 0 0 0 0 0 0 0 0 0 0 0 0 0 0 0 0 0 0 0 0 0 0 0 0 0 0 0 0 0 0 0 0.0901796 0 0 0 0 0 0 0 0 0 0 0 0 0 0 0 0.122652 0 0 0.176782 0
0 0 0 0 0 0 0 0 0 0 0 0 0 0 0 0 0 0 0 0 0 0.124292 0 0 0 0 0 0 0 0 0 0 0 0 0 0 0 0 0 0 0 0 0 0.103036 0 0 0 0 0 0 0.148593 0 0 0 0 0 0 0.0517898 0 0 0 0 0.181481 0 0 0 0 0 0 0 0 0 0 0 0.100339 0 0 0 0 0 0 0 0 0 0 0 0 0 0.0834172 0 0.12795 0 0 0 0 0 0 0 0 0
0 0 0 0 0.158295 0 0 0 0 0 0 0 0 0 0 0 0 0 0 0 0 0 0 0.176216 0 0 0 0.140819 0 0 0 0.132431 0 0 0 0 0 0.106647 0 0 0 0 0 0 0 0 0 0 0 0 0 0 0 0 0 0 0 0 0 0 0 0 0 0 0 0 0 0 0 0 0 0 0 0 0 0 0 0 0 0 0 0 0 0 0 0 0 0 0 0 0 0 0 0 0 0 0 0 0.120866 0
0 0 0 0 0 0 0 0 0 0 0 0 0 0 0 0 0 0 0 0 0 0.13193 0.166689 0 0.172463 0 0 0 0 0 0 0 0 0 0 0 0 0.105654 0 0 0 0.165752 0 0 0 0 0 0 0 0 0 0 0 0 0.117518 0 0 0 0 0 0 0 0 0 0 0 0 0 0 0 0 0 0 0 0 0 0 0 0 0 0 0 0 0 0 0 0 0 0 0 0 0 0 0 0.0671789 0 0 0 0 0
0 0 0 0 0 0 0 0 0 0 0 0 0 0 0 0 0 0 0 0 0 0 0 0.0858189 0 0 0 0 0.0744569 0 0 0 0 0 0 0 0 0 0 0 0 0 0 0 0 0 0 0 0 0 0.178724 0.11811 0 0 0 0 0 0 0 0 0 0 0 0 0 0 0 0 0 0.164083 0 0 0 0 0 0.186415 0 0 0 0 0 0 0 0 0 0 0 0 0 0.137651 0 0 0.120847 0 0 0 0 0 0 0
0 0 0.137145 0 0 0 0 0 0 0 0 0 0 0 0 0 0 0.124639 0 0 0 0 0 0 0.169297 0 0 0 0 0 0 0 0 0 0 0 0 0 0 0.164182 0 0 0 0.109308 0 0 0 0 0 0 0 0 0 0 0.170695 0 0 0 0 0 0 0 0 0 0 0 0 0 0 0 0.102703 0 0 0 0 0 0 0 0 0 0 0 0 0 0 0.0953931 0 0 0 0 0 0 0 0 0 0 0 0 0 0
0 0 0 0 0 0 0 0 0 0 0 0 0 0 0 0 0 0 0 0 0 0 0 0 0 0 0 0 0 0 0 0 0 0.145284 0 0.128883 0 0 0 0 0 0 0 0 0 0 0 0 0 0 0 0 0.119406 0 0.189421 0 0 0 0 0 0.0562014 0 0 0 0 0 0 0 0 0 0 0 0 0 0.0631055 0 0 0 0 0 0 0 0 0 0 0 0 0 0 0 0.19029 0 0 0 0 0.109051 0 0 0 0
0 0 0 0 0 0 0 0 0 0 0 0 0 0 0 0 0 0 0 0 0 0.206819 0 0 0 0 0 0 0 0.104042 0 0 0 0 0 0 0 0 0 0 0 0 0.175282 0 0 0 0 0 0 0 0 0 0 0.127675 0 0 0 0 0.144676 0 0 0 0 0 0.0594642 0 0 0 0 0 0 0 0 0 0 0 0 0 0 0 0 0.120758 0 0 0 0 0 0 0 0 0 0.101533 0 0 0 0 0 0 0 0
0 0 0 0 0 0 0 0 0 0 0 0 0 0 0.124639 0 0 0 0 0 0 0 0 0 0 0 0 0 0 0 0 0 0 0 0 0 0 0.112379 0.0932815 0 0 0 0 0 0 0 0 0.155242 0.140262 0 0 0 0 0 0 0 0 0 0 0 0 0 0.121913 0 0 0 0 0 0.194739 0 0 0 0 0 0 0.0807252 0 0 0 0.118506 0 0 0 0.127266 0 0 0 0 0 0 0 0 0 0 0 0 0 0 0 0
0 0.11658 0 0 0 0 0 0 0 0 0 0 0 0 0 0 0 0 0 0 0 0 0 0 0 0 0 0 0 0 0 0 0.110858 0.149257 0.133388 0 0 0 0 0 0 0 0 0 0 0.151114 0 0 0 0 0 0 0 0.148376 0 0 0 0 0 0 0 0 0 0 0.165792 0 0 0 0 0 0 0 0 0 0 0 0 0 0 0.114689 0 0 0 0 0 0 0 0 0 0 0 0 0 0 0 0 0 0 0 0
0 0 0 0 0 0 0 0 0.165947 0 0 0 0 0 0 0 0 0 0 0 0 0 0 0 0 0 0 0 0 0 0 0 0 0 0 0 0 0 0 0 0 0 0 0 0 0 0 0 0 0 0 0 0 0.168848 0 0 0.124691 0 0 0 0 0 0 0 0 0 0 0 0 0 0 0 0 0 0 0.124063 0 0 0 0 0 0 0.0841558 0 0 0 0 0.0816901 0 0 0 0 0 0.156893 0 0 0 0 0 0
0 0 0 0 0 0 0 0 0 0 0 0 0 0 0 0 0 0 0 0 0 0 0 0 0 0 0 0 0 0 0 0 0 0 0 0 0 0 0 0 0 0 0 0 0 0 0 0 0 0 0 0 0 0 0 0 0 0 0 0 0.164623 0.182913 0 0.176219 0 0 0 0 0 0 0 0 0 0 0 0 0.167187 0 0 0 0 0 0 0 0 0 0 0 0 0 0 0 0.138527 0 0 0 0 0 0 0
0 0 0 0 0 0 0 0 0 0 0.124292 0 0.13193 0 0 0 0.206819 0 0 0 0 0 0.133424 0 0 0 0 0 0 0 0.14115 0.112432 0 0 0 0 0 0 0 0 0 0 0 0 0 0 0 0 0 0 0 0 0 0 0 0 0 0 0 0 0 0 0 0 0 0 0 0 0 0 0 0 0 0 0 0 0 0 0 0 0 0 0 0 0.0777923 0.0452365 0.157517 0 0 0 0 0 0.0575333 0 0 0 0 0 0 0
0 0 0 0 0 0 0 0 0 0 0 0 0.166689 0 0 0 0 0 0 0 0 0.133424 0 0 0 0 0 0 0 0 0 0 0 0 0 0 0 0 0 0 0 0 0 0 0 0 0 0 0 0 0 0 0 0 0 0 0 0 0 0 0 0.154172 0 0.125271 0 0 0 0 0 0 0 0 0 0 0 0 0 0 0 0 0 0 0 0 0 0 0.106714 0 0 0 0 0.0839915 0 0 0.133568 0 0 0 0 0.0462574
0 0 0 0 0 0 0 0 0 0 0 0.176216 0 0.0858189 0 0 0 0 0 0 0 0 0 0 0 0 0 0.141916 0 0 0 0 0 0 0 0 0 0 0 0.158412 0 0 0 0 0 0 0 0 0 0 0 0 0 0 0 0 0 0 0 0 0.0580772 0 0 0.107169 0.132986 0 0.0803746 0.113232 0 0 0 0 0 0 0 0 0 0 0 0 0 0 0 0 0 0 0 0 0 0 0 0 0 0 0 0.161762 0 0 0 0
0 0 0 0.142085 0 0 0 0 0 0 0 0 0.172463 0 0.169297 0 0 0 0 0 0 0 0 0 0 0 0 0 0 0 0 0 0 0 0 0 0 0 0 0 0 0 0 0 0 0 0 0 0.124527 0 0 0 0 0 0 0 0 0 0 0 0 0 0 0 0 0 0.185612 0 0 0 0 0 0 0 0 0 0 0 0 0 0 0.200927 0 0 0 0 0 0 0 0 0 0 0 0 0.0948511 0 0 0 0 0.160685
0 0 0 0 0 0 0.13979 0 0 0 0 0 0 0 0 0 0 0 0 0 0 0 0 0 0 0 0 0 0 0 0 0 0 0.111599 0 0 0 0 0 0 0 0 0 0 0 0 0 0 0 0 0.104161 0.118991 0 0 0 0 0 0 0.170545 0 0 0 0 0 0 0 0 0 0 0 0 0 0 0 0.122993 0 0 0 0 0 0 0 0 0 0 0 0 0 0 0.140839 0 0 0 0 0 0 0 0 0 0
0 0 0 0 0 0 0 0 0 0 0 0 0 0 0 0 0 0 0 0 0 0 0 0 0 0 0 0 0 0 0 0 0 0.144227 0 0 0 0 0 0 0 0 0.175988 0 0 0 0.162503 0 0 0 0 0 0 0 0 0 0 0 0 0 0 0 0 0.140038 0 0 0 0 0 0 0 0 0 0 0 0 0 0 0 0 0 0 0 0 0 0 0 0 0 0 0 0 0 0.107033 0 0 0 0 0 0
0 0 0 0 0.0920344 0 0 0 0 0 0 0.140819 0 0 0 0 0 0 0 0 0 0 0 0.141916 0 0 0 0 0 0 0.108027 0 0 0 0 0 0 0 0 0 0 0 0 0 0 0 0 0 0 0 0 0 0 0 0 0 0 0 0 0 0 0 0 0 0 0 0 0 0 0 0 0.0595306 0 0 0 0 0 0.143005 0 0 0 0 0 0 0 0.150739 0 0 0 0 0 0 0 0 0 0 0 0 0 0
0 0 0.151221 0 0 0 0 0 0 0 0 0 0 0.0744569 0 0 0 0 0 0 0 0 0 0 0 0 0 0 0 0 0.105746 0 0 0 0.219957 0 0 0.116076 0 0 0 0 0 0 0 0 0 0 0 0 0.0951229 0 0 0 0 0.142269 0 0.161253 0 0 0 0 0 0 0 0 0 0 0 0 0 0 0 0 0 0 0 0 0 0 0 0 0.0950935 0 0.150047 0 0 0 0 0.157257 0 0 0 0.161417 0 0 0 0 0 0.118879
0 0 0 0.0698754 0 0.205487 0 0 0 0 0 0 0 0 0 0 0.104042 0 0 0 0 0 0 0 0 0 0 0 0 0 0 0 0 0 0 0 0 0 0 0 0 0 0 0 0 0 0 0 0 0 0 0 0 0 0 0 0 0 0 0 0 0 0 0 0 0 0 0 0.134066 0 0 0 0 0 0 0 0 0 0 0 0 0 0 0 0 0 0 0 0 0 0 0.128338 0 0 0 0 0 0 0.0735468 0
0 0 0 0.191782 0 0.0928156 0 0 0 0 0 0 0 0 0 0 0 0 0 0 0 0.14115 0 0 0 0 0 0.108027 0.105746 0 0 0 0 0 0.175888 0 0 0 0.169909 0 0 0 0 0 0 0 0 0 0 0 0 0 0 0 0 0.0837777 0 0 0 0 0 0 0 0 0 0 0 0.150241 0 0 0 0 0 0 0.0575959 0 0 0 0.0933803 0 0 0 0 0 0 0 0 0 0 0 0 0 0 0 0 0 0 0 0 0.0383185
0 0 0 0 0 0 0 0 0 0 0 0.132431 0 0 0 0 0 0 0 0 0 0.112432 0 0 0 0 0 0 0 0 0 0 0 0 0 0 0 0 0 0 0 0 0 0 0 0 0 0 0 0 0 0.129368 0 0 0 0 0 0 0.0940071 0 0 0 0.115347 0 0 0 0 0 0 0 0 0 0 0.106351 0 0 0 0 0.122343 0 0 0 0 0 0 0 0 0 0 0 0 0 0.135036 0 0 0 0 0 0 0
0 0 0.101185 0 0 0 0 0 0 0 0 0 0 0 0 0 0 0 0.110858 0 0 0 0 0 0 0 0 0 0 0 0 0 0 0 0 0 0.0890294 0 0 0 0 0 0 0 0 0.117758 0 0 0 0 0 0 0 0 0.0770437 0 0 0 0 0 0 0 0 0 0 0 0 0 0.123235 0 0 0 0.130446 0.16985 0 0 0 0 0 0 0.128123 0 0 0 0.0868727 0 0 0 0 0 0 0 0 0 0 0 0 0 0 0
0 0 0 0 0 0 0 0 0 0 0 0 0 0 0 0.145284 0 0 0.149257 0 0 0 0 0 0 0.111599 0.144227 0 0 0 0 0 0 0 0 0 0 0 0 0 0 0 0 0 0 0 0 0 0.143811 0 0 0 0 0 0 0 0 0.18148 0 0.13293 0 0 0 0 0 0 0 0 0 0 0 0 0 0 0 0 0 0.196079 0 0 0 0 0 0 0 0 0 0 0 0 0 0.0728671 0 0 0 0 0 0.131113 0 0
0 0 0 0 0 0 0 0 0 0 0 0 0 0 0 0 0 0 0.133388 0 0 0 0 0 0 0 0 0 0.219957 0 0.175888 0 0 0 0 0 0 0 0 0 0 0 0 0.0737179 0 0 0 0 0 0 0 0 0 0 0 0 0 0 0 0 0 0 0 0 0 0.096503 0 0 0 0 0 0 0 0 0 0 0.185892 0 0 0 0 0 0 0 0 0 0 0 0 0 0 0.153278 0 0 0 0 0 0 0.103754 0
0 0 0 0 0 0 0 0 0 0 0 0 0 0 0 0.128883 0 0 0 0 0 0 0 0 0 0 0 0 0 0 0 0 0 0 0 0 0 0 0 0 0 0 0 0 0 0 0 0 0.115273 0 0 0 0 0.171684 0 0 0 0 0 0 0.177877 0 0 0 0 0 0 0.128714 0 0 0 0 0 0 0 0 0 0 0 0 0 0 0 0.174405 0 0 0 0 0 0 0 0 0 0 0 0 0 0.129343 0 0
0 0 0 0 0 0 0 0 0 0 0 0 0 0 0 0 0 0 0 0 0 0 0 0 0 0 0 0 0 0 0 0 0.0890294 0 0 0 0 0 0 0 0 0 0 0 0 0 0 0 0 0 0 0 0 0 0 0 0 0 0 0 0 0 0 0 0 0 0 0 0 0 0 0 0 0 0 0.0974549 0 0 0 0.135329 0 0 0 0 0 0 0 0 0 0 0 0 0 0 0.0837906 0 0 0 0 0
0 0 0 0 0 0 0 0 0 0 0 0.106647 0.105654 0 0 0 0 0.112379 0 0 0 0 0 0 0 0 0 0 0.116076 0 0 0 0 0 0 0 0 0 0 0 0 0 0 0 0 0.109579 0 0 0.162798 0 0 0 0 0 0 0 0 0 0 0 0.129585 0 0.11903 0 0 0 0 0 0 0 0 0 0 0 0 0 0.124206 0.109668 0 0 0 0.116216 0 0 0 0 0 0 0 0.121347 0 0 0 0 0 0 0 0 0 0
0 0 0 0 0 0 0 0 0 0 0 0 0 0 0 0 0 0.0932815 0 0 0 0 0 0 0 0 0 0 0 0 0.169909 0 0 0 0 0 0 0 0 0 0 0 0 0 0 0 0 0 0 0 0 0 0 0 0 0 0 0 0.14474 0 0 0 0 0 0 0 0 0 0 0 0 0.187119 0 0 0 0 0.0794762 0 0 0 0 0 0 0 0 0 0 0 0 0 0 0 0 0 0 0.102569 0 0 0 0.141716
0 0 0 0 0 0 0 0 0 0 0 0 0 0 0.164182 0 0 0 0 0 0 0 0 0.158412 0 0 0 0 0 0 0 0 0 0 0 0 0 0 0 0 0 0.122482 0 0 0 0 0.150326 0 0 0.173946 0 0 0 0 0 0 0 0 0 0 0 0.15522 0 0 0 0 0 0 0 0 0.125305 0 0 0 0.174275 0 0 0 0 0 0 0 0 0 0.112055 0 0 0 0 0 0 0 0 0 0 0 0 0 0 0
0 0.0980546 0 0 0 0 0 0 0 0 0 0 0 0 0 0 0 0 0 0 0 0 0 0 0 0 0 0 0 0 0 0 0 0 0 0 0 0 0 0 0 0 0 0 0 0 0 0 0 0 0 0 0 0 0 0 0 0 0 0 0 0.13353 0 0 0 0 0 0 0 0 0 0 0 0 0 0 0.113275 0 0 0 0 0 0 0 0.115015 0 0 0 0 0 0 0 0 0 0 0 0 0 0 0.166294
0 0 0.0931557 0 0 0 0 0 0 0 0 0 0.165752 0 0 0 0 0 0 0 0 0 0 0 0 0 0 0 0 0 0 0 0 0 0 0 0 0 0 0.122482 0 0 0 0 0.102077 0 0 0 0 0.151632 0 0 0 0 0 0 0 0 0.142796 0.145137 0 0 0 0 0 0 0.168619 0 0 0.149482 0 0 0 0 0 0 0 0 0 0 0 0 0 0 0 0 0 0 0 0 0 0 0 0 0 0 0.180104 0 0 0
0 0 0.0969559 0 0 0 0 0 0 0 0 0 0 0 0 0 0.175282 0 0 0 0 0 0 0 0 0 0.175988 0 0 0 0 0 0 0 0 0 0 0 0 0 0 0 0 0 0 0 0.100903 0.16984 0 0 0 0.0460158 0 0 0 0 0 0 0 0 0 0 0 0 0.102489 0 0 0 0 0 0 0 0 0 0 0 0 0 0.0963037 0 0 0 0 0 0 0 0.0782574 0 0 0 0 0 0 0 0 0 0 0 0 0
0 0 0 0 0 0 0 0 0.0989466 0 0.103036 0 0 0 0.109308 0 0 0 0 0 0 0 0 0 0 0 0 0 0 0 0 0 0 0 0.0737179 0 0 0 0 0 0 0 0 0 0 0 0 0 0 0 0 0 0 0 0 0 0 0 0 0.11662 0 0 0.124479 0 0 0 0 0.150879 0 0.145998 0 0 0.100182 0 0 0 0 0 0 0 0 0 0 0 0 0.119128 0 0 0 0 0 0 0 0 0 0 0 0 0 0
0 0 0 0 0 0.0813336 0 0 0 0 0 0 0 0 0 0 0 0 0 0 0 0 0 0 0 0 0 0 0 0 0 0 0 0 0 0 0 0 0 0 0 0.102077 0 0 0 0 0 0 0 0.0811153 0 0 0 0 0 0 0 0 0 0 0 0 0.0832155 0 0 0 0 0 0.152309 0 0 0 0 0 0 0 0 0 0 0 0 0 0 0 0.11076 0 0 0 0 0 0 0.133896 0 0 0 0 0 0.0968749 0 0
0 0 0 0 0 0 0 0 0 0 0 0 0 0 0 0 0 0 0.151114 0 0 0 0 0 0 0 0 0 0 0 0 0 0.117758 0 0 0 0 0.109579 0 0 0 0 0 0 0 0 0 0 0 0 0 0 0 0 0 0 0 0 0.184651 0.145837 0.145246 0 0 0 0 0 0.136263 0 0 0 0 0 0 0 0 0 0 0 0 0 0 0 0 0 0 0 0 0 0 0 0 0 0 0 0 0 0 0 0 0
0 0 0 0 0 0 0 0 0 0.159249 0 0 0 0 0 0 0 0 0 0 0 0 0 0 0 0 0.162503 0 0 0 0 0 0 0 0 0 0 0 0 0.150326 0 0 0.100903 0 0 0 0 0 0 0 0.120856 0 0 0 0 0 0 0 0 0 0.0519349 0.153661 0 0 0 0 0 0 0 0 0 0 0 0 0 0 0 0 0 0 0 0 0 0 0 0.107795 0 0 0 0 0 0 0.111214 0 0 0 0 0.129653 0 0
0 0 0 0 0 0 0 0 0 0 0 0 0 0 0 0 0 0.155242 0 0 0 0 0 0 0 0 0 0 0 0 0 0 0 0 0 0 0 0 0 0 0 0 0.16984 0 0 0 0 0 0 0 0.153358 0 0 0 0 0 0 0 0 0 0 0 0 0 0 0 0 0 0 0 0 0 0 0.137581 0 0 0 0 0 0.113821 0 0 0 0 0 0 0 0 0 0 0 0 0 0 0 0.151457 0 0 0 0
0 0 0 0 0 0 0 0 0 0 0 0 0 0 0 0 0 0.140262 0 0 0 0 0 0 0.124527 0 0 0 0 0 0 0 0 0.143811 0 0.115273 0 0.162798 0 0 0 0 0 0 0 0 0 0 0 0 0 0 0 0 0.0727189 0 0 0 0 0 0 0 0 0 0 0 0 0 0 0 0 0 0 0 0 0 0 0 0 0 0 0 0 0 0 0.172401 0 0 0 0 0 0.129708 0 0 0 0 0 0 0 0
0 0 0 0 0 0 0.0892888 0 0 0 0 0 0 0 0 0 0 0 0 0 0 0 0 0 0 0 0 0 0 0 0 0 0 0 0 0 0 0 0 0.173946 0 0.151632 0 0 0.0811153 0 0 0 0 0 0 0 0 0 0 0 0 0 0 0 0.185003 0 0 0 0 0 0 0 0 0 0 0 0 0 0 0 0 0 0 0 0 0 0 0 0 0 0 0 0 0 0 0 0 0 0 0 0 0 0 0
0 0 0 0 0 0 0 0 0 0 0.148593 0 0 0.178724 0 0 0 0 0 0 0 0 0 0 0 0.104161 0 0 0.0951229 0 0 0 0 0 0 0 0 0 0 0 0 0 0 0 0 0 0.120856 0.153358 0 0 0 0 0 0 0.184815 0 0 0 0 0 0 0.118527 0 0 0 0 0 0 0 0 0 0 0 0 0 0 0 0 0 0 0 0 0 0 0 0 0 0 0 0 0 0 0 0 0 0 0 0 0 0
0 0 0 0 0 0 0 0 0 0 0 0 0 0.11811 0 0 0 0 0 0 0 0 0 0 0 0.118991 0 0 0 0 0 0.129368 0 0 0 0 0 0 0 0 0 0 0.0460158 0 0 0 0 0 0 0 0 0 0 0 0 0 0 0 0 0.0947316 0 0 0 0 0 0 0 0 0 0 0 0 0 0 0 0 0.0612159 0 0 0 0 0 0.101117 0 0 0 0 0 0 0 0 0 0 0 0 0 0 0 0 0
0 0 0 0 0 0 0 0 0 0 0 0 0 0 0 0.119406 0 0 0 0 0 0 0 0 0 0 0 0 0 0 0 0 0 0 0 0 0 0 0 0 0 0 0 0 0 0 0 0 0 0 0 0 0 0 0.0550335 0 0 0 0 0.132996 0 0 0 0.0592242 0 0 0 0 0 0 0 0 0 0 0 0 0 0.142082 0 0 0 0 0 0 0 0 0 0 0 0 0 0 0 0 0 0 0 0 0 0
0.149758 0.128224 0 0 0 0 0 0 0 0 0 0 0 0 0 0 0.127675 0 0.148376 0.168848 0 0 0 0 0 0 0 0 0 0 0 0 0 0 0 0.171684 0 0 0 0 0 0 0 0 0 0 0 0 0 0 0 0 0 0 0 0 0 0 0 0 0.15387 0 0 0.100671 0 0 0 0.121193 0 0.120779 0.135378 0 0 0 0 0 0 0 0 0 0 0 0 0 0 0 0 0 0 0 0 0 0 0 0 0 0 0 0.138452 0
0 0 0 0 0 0.0996491 0 0 0.186698 0 0 0 0.117518 0 0.170695 0.189421 0 0 0 0 0 0 0 0 0 0 0 0 0 0 0 0 0.0770437 0 0 0 0 0 0 0 0 0 0 0 0 0 0 0 0.0727189 0 0.184815 0 0.0550335 0 0 0 0 0 0 0 0 0.0812474 0 0 0 0.12941 0 0 0 0 0 0 0 0 0 0 0.110098 0 0 0 0.119591 0 0 0 0 0 0 0 0 0 0 0 0 0 0 0 0 0 0 0
0 0 0 0 0 0 0 0 0 0 0 0 0 0 0 0 0 0 0 0 0 0 0 0 0 0 0 0 0.142269 0 0.0837777 0 0 0 0 0 0 0 0 0 0 0 0 0 0 0 0 0 0 0 0 0 0 0 0 0 0 0 0 0 0 0 0 0 0 0 0 0 0 0 0 0 0 0.141272 0 0 0.179718 0 0 0 0 0 0 0 0 0 0 0 0 0 0.137663 0 0.157025 0 0 0 0 0 0 0
0 0 0 0 0 0 0 0 0 0 0 0 0 0 0 0 0 0 0 0.124691 0 0 0 0 0 0 0 0 0 0 0 0 0 0 0 0 0 0 0 0 0 0 0 0 0 0 0 0 0 0 0 0 0 0 0 0 0 0 0 0 0 0 0 0 0 0 0 0.174591 0 0 0 0 0 0.119846 0.129694 0 0 0 0 0 0.112503 0 0 0 0 0 0 0 0 0 0 0 0.16331 0 0 0 0 0 0 0
0 0 0 0 0 0.0448749 0 0 0 0 0.0517898 0 0 0 0 0 0 0 0 0 0 0 0 0 0 0 0 0 0.161253 0 0 0 0 0.18148 0 0 0 0 0 0 0 0 0 0 0 0 0 0 0 0 0 0 0 0 0 0 0 0 0 0 0 0 0 0 0 0 0 0.123018 0 0 0 0 0 0 0 0 0 0 0 0 0 0 0 0 0 0 0 0 0 0 0 0 0 0 0 0.119474 0 0 0 0.181233
0 0 0 0 0 0 0 0 0 0 0 0 0 0 0 0 0.144676 0 0 0 0 0 0 0 0 0.170545 0 0 0 0 0 0.0940071 0 0 0 0 0 0 0.14474 0 0 0.142796 0 0 0 0.184651 0 0 0 0 0 0 0 0 0 0 0 0 0 0 0 0 0 0 0 0 0 0 0 0 0 0 0 0 0.190042 0 0.09003 0 0 0 0 0 0 0 0 0 0 0 0 0 0 0 0 0 0 0 0 0.208229 0 0
0 0 0.101004 0 0 0 0 0 0 0 0 0 0 0 0 0 0 0 0 0 0 0 0 0 0 0 0 0 0 0 0 0 0 0.13293 0 0 0 0 0 0 0 0.145137 0 0.11662 0 0.145837 0 0 0 0 0 0.0947316 0.132996 0 0 0 0 0 0 0 0 0 0 0.0643421 0 0 0 0 0 0 0 0 0.14966 0 0 0 0 0 0 0 0 0 0 0 0 0 0 0 0 0 0 0 0 0 0 0 0 0 0 0
0 0 0 0 0 0 0 0 0 0 0 0 0 0 0 0.0562014 0 0 0 0 0.164623 0 0 0.0580772 0 0 0 0 0 0 0 0 0 0 0 0.177877 0 0.129585 0 0 0 0 0 0 0 0.145246 0.0519349 0 0 0.185003 0 0 0 0.15387 0 0 0 0 0 0 0 0 0 0 0 0 0 0 0 0 0 0 0 0 0 0 0 0 0 0 0 0 0.109559 0 0 0 0 0 0 0 0 0 0 0 0 0 0 0 0.119916 0
0 0 0 0.12946 0 0 0 0.128175 0 0 0 0 0 0 0 0 0 0 0 0 0.182913 0 0.154172 0 0 0 0 0 0 0 0 0 0 0 0 0 0 0 0 0.15522 0.13353 0 0 0 0 0 0.153661 0 0 0 0.118527 0 0 0 0.0812474 0 0 0 0 0 0 0 0 0 0 0 0 0 0 0 0 0 0 0 0 0 0 0 0 0 0 0 0 0 0.132715 0 0 0 0 0 0 0.158822 0 0 0 0 0 0 0 0.0623543
0 0 0.163426 0 0 0 0.0498854 0 0 0 0.181481 0 0 0 0 0 0 0.121913 0 0 0 0 0 0 0 0 0 0 0 0 0 0.115347 0 0 0 0 0 0.11903 0 0 0 0 0 0.124479 0.0832155 0 0 0 0 0 0 0 0 0 0 0 0 0 0 0 0 0 0 0 0 0 0 0 0 0.130162 0 0 0 0 0 0 0 0 0 0 0 0 0 0 0 0 0.0972106 0 0 0 0 0 0 0 0 0 0 0 0.170376 0
0 0.114283 0 0 0 0 0 0 0 0 0 0 0 0 0 0 0 0 0 0 0.176219 0 0.125271 0.107169 0 0 0.140038 0 0 0 0 0 0 0 0 0 0 0 0 0 0 0 0 0 0 0 0 0 0 0 0 0 0.0592242 0.100671 0 0 0 0 0 0.0643421 0 0 0 0 0 0 0 0 0 0 0 0 0 0 0 0 0 0 0 0 0 0 0 0 0 0.0963588 0 0 0 0 0 0 0 0 0 0 0 0 0 0
0 0 0 0 0 0 0 0 0 0 0 0 0 0 0 0 0.0594642 0 0.165792 0 0 0 0 0.132986 0 0 0 0 0 0 0 0 0 0 0 0 0 0 0 0 0 0 0.102489 0 0 0 0 0 0 0 0 0 0 0 0 0 0 0 0 0 0 0 0 0 0 0 0 0 0 0 0 0 0 0 0 0 0 0 0.144025 0 0 0 0 0 0 0 0 0 0 0 0 0 0 0 0 0 0 0 0 0
0 0 0 0 0 0 0 0 0 0 0 0 0 0 0 0 0 0 0 0 0 0 0 0 0 0 0 0 0 0 0 0 0 0 0.096503 0 0 0 0 0 0 0 0 0 0 0 0 0 0 0 0 0 0 0 0.12941 0 0 0 0 0 0 0 0 0 0 0 0.103707 0 0 0 0 0 0 0 0 0 0 0 0.124951 0 0 0 0 0 0 0 0 0.0753756 0 0 0 0.121653 0 0 0.108019 0 0 0 0 0
0 0 0 0 0 0 0 0 0 0 0 0 0 0 0 0 0 0 0 0 0 0 0 0.0803746 0.185612 0 0 0 0 0 0 0 0 0 0 0 0 0 0 0 0 0.168619 0 0 0 0.136263 0 0 0 0 0 0 0 0 0 0 0 0 0 0 0 0 0 0 0 0.103707 0 0.128528 0 0 0 0 0 0 0 0 0.172301 0 0.168779 0 0.12398 0 0 0 0 0 0 0 0 0 0 0 0 0 0 0.148988 0 0 0 0
0 0 0 0 0 0 0 0 0 0 0 0 0 0 0 0 0 0 0 0 0 0 0 0.113232 0 0 0 0 0 0 0.150241 0 0 0 0 0.128714 0 0 0 0 0 0 0 0.150879 0 0 0 0 0 0 0 0 0 0.121193 0 0 0.174591 0.123018 0 0 0 0 0 0 0 0 0.128528 0 0 0 0.14589 0 0 0 0 0 0.186138 0 0 0 0 0 0.159619 0 0 0 0 0 0 0.184859 0 0 0 0 0 0 0.124933 0 0 0
0 0 0 0 0 0 0 0 0 0 0 0 0 0 0 0 0 0.194739 0 0 0 0 0 0 0 0 0 0 0 0.134066 0 0 0.123235 0 0 0 0 0 0 0 0 0 0 0 0.152309 0 0 0 0 0 0 0 0 0 0 0 0 0 0 0 0 0 0 0 0 0 0 0 0 0 0 0 0 0 0 0 0 0 0 0 0 0.149319 0 0 0 0.111875 0 0 0 0 0 0 0 0 0 0.122371 0 0 0 0
0 0 0 0 0 0 0 0 0 0 0 0 0 0.164083 0 0 0 0 0 0 0 0 0 0 0 0 0 0 0 0 0 0 0 0 0 0 0 0 0 0 0 0.149482 0 0.145998 0 0 0 0 0 0 0 0 0 0.120779 0 0 0 0 0 0 0 0 0.130162 0 0 0 0 0 0 0 0 0 0 0 0 0 0 0 0 0 0 0 0 0 0 0 0 0 0 0.147298 0 0.144254 0.124165 0 0 0 0 0 0 0
0.0638615 0 0.137841 0.14458 0.176596 0 0 0 0 0 0 0 0 0 0.102703 0 0 0 0 0 0 0 0 0 0 0 0 0 0 0 0 0 0 0 0 0 0 0 0 0.125305 0 0 0 0 0 0 0 0 0 0 0 0 0 0.135378 0 0 0 0 0 0 0 0 0 0 0 0 0 0.14589 0 0 0 0 0.0668809 0 0 0 0 0 0 0 0 0 0 0 0 0 0 0 0 0 0 0 0 0 0 0 0 0 0 0
0 0 0 0 0 0 0 0 0 0 0 0 0 0 0 0 0 0 0 0 0 0 0 0 0 0 0 0.0595306 0 0 0 0 0 0 0 0 0 0 0.187119 0 0 0 0 0 0 0 0 0 0 0 0 0 0 0 0 0 0 0 0 0 0 0 0 0 0 0 0 0 0 0 0 0 0 0 0 0 0 0 0 0 0 0.0989315 0 0 0 0 0 0 0 0 0 0 0 0 0 0 0 0.156571 0 0
0 0 0 0 0 0 0 0 0 0 0 0 0 0 0 0 0 0 0 0 0 0 0 0 0 0 0 0 0 0 0 0 0.130446 0 0 0 0 0 0 0 0 0 0 0.100182 0 0 0 0 0 0 0 0 0 0 0 0 0 0 0 0.14966 0 0 0 0 0 0 0 0 0 0 0.0668809 0 0 0 0 0 0 0 0 0.17293 0 0 0 0 0 0 0 0 0 0 0.215074 0 0 0 0 0 0 0 0 0
0 0 0 0 0 0 0 0 0 0 0 0 0 0 0 0 0 0 0 0 0 0 0 0 0 0 0 0 0 0 0 0.106351 0.16985 0 0 0 0 0 0 0 0 0 0 0 0 0 0 0.137581 0 0 0 0 0 0 0 0.141272 0.119846 0 0 0 0 0 0 0 0 0 0 0 0 0 0 0 0 0 0 0 0 0 0 0 0 0.117953 0 0 0 0 0 0 0 0 0 0 0 0 0 0 0 0 0 0
0 0 0 0 0 0 0 0 0 0 0.100339 0 0 0 0 0.0631055 0 0 0 0 0 0 0 0 0 0.122993 0 0 0 0 0.0575959 0 0 0 0 0 0 0 0 0.174275 0 0 0 0 0 0 0 0 0 0 0 0 0 0 0 0 0.129694 0 0.190042 0 0 0 0 0 0 0 0 0 0 0 0 0 0 0 0 0 0 0 0 0.120667 0.162407 0 0 0 0 0 0 0 0.136081 0 0 0 0 0 0 0 0 0 0.128607 0
0 0 0 0 0.126382 0 0 0 0 0 0 0 0 0.186415 0 0 0 0.0807252 0 0.124063 0 0 0 0 0 0 0 0 0 0 0 0 0 0 0 0 0.0974549 0 0 0 0 0 0 0 0 0 0 0 0 0 0 0 0 0 0 0 0 0 0 0 0 0 0 0 0 0 0 0 0 0 0 0 0 0 0 0 0 0 0 0 0 0 0.0665953 0 0.128948 0 0 0 0 0 0 0 0 0 0 0 0 0 0 0
0 0 0 0 0 0 0 0 0 0 0 0 0 0 0 0 0 0 0 0 0.167187 0 0 0 0 0 0 0 0 0 0 0 0 0 0.185892 0 0 0.124206 0.0794762 0 0.113275 0 0 0 0 0 0 0 0 0 0 0.0612159 0 0 0.110098 0.179718 0 0 0.09003 0 0 0 0 0 0 0 0.172301 0.186138 0 0 0 0 0 0 0 0 0 0 0.13514 0 0 0 0 0 0 0 0 0 0 0 0 0.122633 0 0 0 0 0 0 0 0.144819
0 0 0 0 0 0.233322 0 0 0 0 0 0 0 0 0 0 0 0 0 0 0 0 0 0 0 0 0 0.143005 0 0 0 0 0 0.196079 0 0 0 0.109668 0 0 0 0 0 0 0 0 0 0 0 0 0 0 0.142082 0 0 0 0 0 0 0 0 0 0 0 0 0 0 0 0 0 0 0 0 0 0 0 0 0 0 0 0 0 0 0 0 0 0 0.167876 0 0 0 0 0 0 0 0 0 0 0.153955 0
0 0 0 0 0 0 0 0 0 0 0 0 0 0 0 0 0 0 0 0 0 0 0 0 0 0 0 0 0 0 0.0933803 0.122343 0 0 0 0 0 0 0 0 0 0 0.0963037 0 0 0 0 0 0 0 0 0 0 0 0 0 0 0 0 0 0 0 0 0 0.144025 0.124951 0.168779 0 0 0 0 0 0 0 0 0 0.13514 0 0 0 0 0 0 0 0 0 0 0 0 0 0.0606009 0.147745 0 0 0 0 0 0 0.17284 0
0 0 0 0 0 0 0 0 0 0.0901796 0 0 0 0 0 0 0 0.118506 0.114689 0 0 0 0 0 0 0 0 0 0 0 0 0 0 0 0 0 0.135329 0 0 0 0 0 0 0 0 0 0 0.113821 0 0 0 0 0 0 0 0 0 0 0 0 0 0 0 0 0 0 0 0 0 0 0 0 0.17293 0 0.120667 0 0 0 0 0 0.0813987 0 0 0 0 0 0 0 0.180128 0 0 0 0 0 0 0 0 0 0 0
0 0.123299 0 0 0 0 0 0 0 0 0 0 0 0 0 0 0 0 0 0 0 0 0 0 0 0 0 0 0 0 0 0 0.128123 0 0 0 0 0 0 0 0 0 0 0 0 0 0 0 0 0 0 0 0 0 0.119591 0 0.112503 0 0 0 0 0 0 0 0 0 0.12398 0 0 0 0 0 0 0 0.162407 0 0 0 0 0.0813987 0 0.138112 0 0.105209 0 0 0 0 0.188065 0.14866 0 0 0 0 0 0 0 0 0 0
0 0 0 0 0 0 0 0 0 0 0 0 0 0 0 0 0.120758 0 0 0 0 0 0 0 0.200927 0 0 0 0 0 0 0 0 0 0 0 0 0.116216 0 0 0 0 0 0 0 0 0 0 0 0 0 0 0 0 0 0 0 0 0 0 0 0 0 0 0 0 0 0 0.149319 0 0 0.0989315 0 0.117953 0 0 0 0 0 0 0.138112 0 0 0 0 0 0.164207 0 0 0 0 0 0 0 0 0 0 0 0 0
0 0 0 0 0 0 0 0 0 0 0 0 0 0 0 0 0 0 0 0.0841558 0 0 0 0 0 0 0 0 0.0950935 0 0 0 0 0 0 0 0 0 0 0 0 0 0 0 0 0 0 0 0 0 0 0.101117 0 0 0 0 0 0 0 0 0.109559 0 0 0 0 0 0 0.159619 0 0 0 0 0 0 0 0.0665953 0 0 0 0 0 0 0 0 0 0.0111827 0 0 0 0 0 0 0 0 0 0 0 0 0 0
0 0 0.0900244 0 0 0 0 0 0 0 0 0 0 0 0 0 0 0.127266 0 0 0 0 0 0 0 0 0 0 0 0 0 0 0 0 0 0.174405 0 0 0 0 0 0 0 0 0 0 0 0 0 0 0 0 0 0 0 0 0 0 0 0 0 0 0 0 0 0 0 0 0 0 0 0 0 0 0 0 0 0 0 0 0.105209 0 0 0 0 0 0 0 0 0 0 0 0 0.137654 0 0 0 0 0 0
0.159065 0 0 0 0 0 0 0 0 0 0 0 0 0 0 0 0 0 0 0 0 0.0777923 0 0 0 0 0 0 0.150047 0 0 0 0.0868727 0 0 0 0 0 0 0.112055 0.115015 0 0 0 0.11076 0 0 0 0 0 0 0 0 0 0 0 0 0 0 0 0 0.132715 0 0 0 0 0 0 0 0 0 0 0 0 0 0.128948 0 0 0 0 0 0 0 0 0 0 0 0.12099 0 0 0 0 0 0 0 0 0 0 0 0
0 0 0 0.0537216 0 0 0 0 0 0 0 0 0 0 0.0953931 0 0 0 0 0 0 0.0452365 0 0 0 0 0 0.150739 0 0 0 0 0 0 0 0 0 0 0 0 0 0 0 0.119128 0 0 0.107795 0 0.172401 0 0 0 0 0 0 0 0 0 0 0 0 0 0 0.0963588 0 0 0 0 0.111875 0 0 0 0 0 0 0 0 0 0 0 0 0 0.0111827 0 0 0 0 0 0 0.214812 0 0 0 0 0 0 0 0 0 0
0 0 0 0 0.222333 0 0 0 0 0 0 0 0 0 0 0 0 0 0 0 0 0.157517 0.106714 0 0 0 0 0 0 0 0 0 0 0 0 0 0 0 0 0 0 0 0.0782574 0 0 0 0 0 0 0 0 0 0 0 0 0 0 0 0 0 0 0 0.0972106 0 0 0 0 0 0 0 0 0 0 0 0 0 0 0 0 0 0 0.164207 0 0 0 0 0 0 0 0 0 0 0 0 0 0 0 0 0 0
0 0 0 0 0 0.0840603 0 0 0 0 0 0 0 0 0 0 0 0 0 0.0816901 0 0 0 0 0 0 0 0 0 0 0 0 0 0 0 0 0 0 0 0 0 0 0 0 0 0 0 0 0 0 0 0 0 0 0 0 0 0 0 0 0 0 0 0 0 0.0753756 0 0 0 0 0 0 0 0 0 0 0 0.167876 0 0 0 0 0 0 0.12099 0 0 0 0 0 0 0 0 0 0 0 0 0 0 0
0 0.114823 0 0 0 0 0 0 0 0 0.0834172 0 0 0 0 0 0 0 0 0 0 0 0 0 0 0 0 0 0 0 0 0 0 0 0 0 0 0 0 0 0 0 0 0 0 0 0 0 0 0 0 0 0 0 0 0 0 0 0 0 0 0 0 0 0 0 0 0 0 0 0 0 0 0 0.136081 0 0 0 0 0.180128 0.188065 0 0 0 0 0 0 0 0 0 0 0 0 0 0 0 0 0 0 0
0 0 0 0.120375 0 0 0 0 0 0 0 0 0 0.137651 0 0 0 0 0 0 0 0 0 0 0 0.140839 0 0 0.157257 0 0 0 0 0 0 0 0 0.121347 0 0 0 0 0 0 0 0 0 0 0 0 0 0 0 0 0 0 0 0 0 0 0 0 0 0 0 0 0 0.184859 0 0.147298 0 0 0 0 0 0 0 0 0 0 0.14866 0 0 0 0 0.214812 0 0 0 0 0 0 0.154811 0 0 0 0.122616 0 0.131958 0
0 0 0 0 0 0 0 0 0 0 0.12795 0 0 0 0 0.19029 0 0 0 0 0 0 0 0 0 0 0 0 0 0 0 0 0 0 0 0 0 0 0 0 0 0 0 0 0 0 0 0 0 0 0 0 0 0 0 0.137663 0 0 0 0 0 0 0 0 0 0 0 0 0 0 0 0 0.215074 0 0 0 0 0 0.0606009 0 0 0 0 0 0 0 0 0 0 0 0 0 0 0 0 0 0 0 0 0.136329
0 0 0 0 0 0.139025 0 0 0 0 0 0 0 0 0 0 0.101533 0 0 0 0 0 0.0839915 0 0 0 0 0 0 0.128338 0 0 0 0.0728671 0.153278 0 0 0 0 0 0 0 0 0 0.133896 0 0 0 0.129708 0 0 0 0 0 0 0 0 0 0 0 0 0.158822 0 0 0 0.121653 0 0 0 0.144254 0 0 0 0 0 0 0.122633 0 0.147745 0 0 0 0 0 0 0 0 0 0 0 0 0 0 0 0 0 0 0 0 0
0 0 0 0 0 0 0 0 0 0 0 0 0 0.120847 0 0 0 0 0 0 0.138527 0.0575333 0 0 0 0 0 0 0 0 0 0.135036 0 0 0 0 0 0 0 0 0 0 0 0 0 0 0.111214 0 0 0 0 0 0 0 0 0.157025 0.16331 0 0 0 0 0 0 0 0 0 0 0 0 0.124165 0 0 0 0 0 0 0 0 0 0 0 0 0 0 0 0 0 0 0 0.154811 0 0 0 0 0.159204 0 0 0 0 0
0 0 0 0 0 0 0 0 0 0 0 0 0 0 0 0 0 0 0 0.156893 0 0 0 0 0 0 0.107033 0 0.161417 0 0 0 0 0 0 0 0 0 0 0 0 0 0 0 0 0 0 0 0 0 0 0 0 0 0 0 0 0 0 0 0 0 0 0 0 0 0 0 0 0 0 0 0 0 0 0 0 0 0 0 0 0 0 0.137654 0 0 0 0 0 0 0 0 0 0 0 0 0 0.16811 0.161435 0
0 0 0 0 0 0 0 0 0 0 0 0 0.0671789 0 0 0 0 0 0 0 0 0 0.133568 0 0.0948511 0 0 0 0 0 0 0 0 0 0 0 0.0837906 0 0 0 0 0 0 0 0 0 0 0 0 0 0 0 0 0 0 0 0 0 0 0 0 0 0 0 0 0.108019 0 0 0 0 0 0 0 0 0 0 0 0 0 0 0 0 0 0 0 0 0 0 0 0 0 0 0.159204 0 0 0 0 0 0 0
0 0 0.114474 0 0 0 0 0 0 0.122652 0 0 0 0 0 0.109051 0 0 0 0 0 0 0 0.161762 0 0 0 0 0 0 0 0 0 0 0 0 0 0 0.102569 0 0 0 0 0 0 0 0 0.151457 0 0 0 0 0 0 0 0 0 0.119474 0 0 0 0 0 0 0 0 0.148988 0 0.122371 0 0 0 0 0 0 0 0 0 0 0 0 0 0 0 0 0 0 0 0 0 0 0 0 0 0 0 0 0.0986134 0 0
0 0.0432676 0 0.202605 0 0 0 0.151082 0 0 0 0 0 0 0 0 0 0 0 0 0 0 0 0 0 0 0 0 0 0 0 0 0 0 0 0 0 0 0 0 0 0.180104 0 0 0 0 0 0 0 0 0 0 0 0 0 0 0 0 0 0 0 0 0 0 0 0 0 0.124933 0 0 0 0 0 0 0 0 0 0 0 0 0 0 0 0 0 0 0 0 0 0.122616 0 0 0 0 0 0 0 0.178443 0.17576 0
0 0 0 0 0 0 0 0 0 0 0 0 0 0 0 0 0 0 0 0 0 0 0 0 0 0 0 0 0 0 0 0 0 0.131113 0 0.129343 0 0 0 0 0 0 0 0 0.0968749 0 0.129653 0 0 0 0 0 0 0 0 0 0 0 0.208229 0 0 0 0 0 0 0 0 0 0 0 0 0.156571 0 0 0 0 0 0 0 0 0 0 0 0 0 0 0 0 0 0 0 0 0 0.16811 0 0.0986134 0.178443 0 0 0
0 0 0 0 0 0 0 0 0 0.176782 0 0.120866 0 0 0 0 0 0 0 0 0 0 0 0 0 0 0 0 0 0.0735468 0 0 0 0 0.103754 0 0 0 0 0 0 0 0 0 0 0 0 0 0 0 0 0 0 0.138452 0 0 0 0 0 0 0.119916 0 0.170376 0 0 0 0 0 0 0 0 0 0 0 0.128607 0 0 0.153955 0.17284 0 0 0 0 0 0 0 0 0 0 0.131958 0 0 0 0.161435 0 0 0.17576 0 0 0.125465
0 0 0 0 0 0 0 0 0 0 0 0 0 0 0 0 0 0 0 0 0 0 0.0462574 0 0.160685 0 0 0 0.118879 0 0.0383185 0 0 0 0 0 0 0 0.141716 0 0.166294 0 0 0 0 0 0 0 0 0 0 0 0 0 0 0 0 0.181233 0 0 0 0.0623543 0 0 0 0 0 0 0 0 0 0 0 0 0 0 0.144819 0 0 0 0 0 0 0 0 0 0 0 0 0 0.136329 0 0 0 0 0 0 0 0.125465 0
