100
0 0 0 0 0 0 0 0 0 0 0 0 0.131018 0 0 0 0 0 0 0 0 0 0 0 0 0.131813 0 0 0 0 0 0 0 0 0 0 0 0 0 0 0 0 0 0 0 0.134365 0 0 0 0.126461 0 0 0 0.132111 0 0 0 0 0 0 0 0 0 0 0 0 0 0 0 0 0.127338 0 0 0 0 0 0.123887 0 0 0 0 0 0 0 0.13017 0 0 0 0 0 0 0 0 0.128419 0 0 0 0 0 0
0 0 0 0 0 0 0 0 0 0 0 0 0 0 0 0.133386 0 0 0.125542 0 0 0 0.133425 0.13534 0 0 0 0 0 0 0 0 0 0 0 0.126981 0 0 0 0 0.135548 0 0 0.130293 0 0 0 0 0 0 0 0 0 0.129607 0 0 0 0.127671 0 0 0.133103 0 0 0.132103 0 0 0 0 0 0 0 0 0.123324 0 0 0 0 0 0 0.12799 0.132955 0 0 0 0 0 0 0 0.126818 0 0 0 0 0 0 0 0.129243 0 0 0
0 0 0 0 0 0 0 0 0 0 0 0 0 0 0 0 0 0 0 0.123833 0 0 0 0 0.132077 0 0 0 0.132171 0 0 0 0.130486 0 0.123878 0 0 0 0 0 0 0.126007 0.126768 0 0 0 0 0 0 0 0 0 0 0 0 0 0 0 0 0.127326 0 0 0.135399 0 0 0 0 0 0 0 0.133401 0 0 0 0 0 0 0 0 0 0 0 0 0.128763 0 0 0 0 0 0 0 0 0.134205 0 0 0.128179 0 0 0 0
0 0 0 0 0 0 0.130949 0.124121 0 0 0.127237 0 0 0 0 0 0.126367 0 0 0 0 0 0 0 0 0 0 0 0 0.125016 0 0 0 0 0 0 0 0 0 0 0 0 0 0 0 0 0 0 0 0 0 0 0 0 0 0 0 0 0 0 0 0.132504 0 0 0 0 0 0 0 0 0.124838 0 0 0 0 0 0 0 0 0 0 0 0 0 0 0 0 0 0 0.133995 0 0 0.126324 0 0 0 0.132938 0 0 0
0 0 0 0 0 0 0 0 0 0 0 0.128262 0 0 0 0 0 0 0 0 0 0 0 0.130462 0 0 0 0.125315 0.12391 0 0 0 0 0 0 0 0 0 0 0 0 0 0 0 0 0 0 0 0 0.130365 0 0.132432 0 0 0 0 0 0 0 0 0 0 0 0 0 0 0 0 0 0 0.12733 0 0 0 0 0.127618 0.125248 0 0 0 0 0 0 0 0 0 0.127631 0 0 0 0.135076 0 0 0 0 0 0 0 0 0
0 0 0 0 0 0 0 0 0 0 0 0 0 0 0 0 0 0 0 0 0 0 0 0 0 0 0 0 0 0.134399 0.133271 0 0 0 0 0 0 0 0 0.128613 0 0 0 0 0.128061 0 0 0 0.133203 0 0 0.13548 0 0 0.127052 0 0.123173 0.126776 0 0 0 0 0 0 0 0 0 0 0 0 0 0 0 0 0 0 0 0.134311 0 0.125084 0.128374 0 0 0 0 0 0 0.132889 0 0 0 0.126483 0.127799 0 0 0.134487 0 0 0 0
0 0 0 0.130949 0 0 0 0 0 0 0 0 0 0 0 0 0 0 0 0 0 0 0 0 0 0.133306 0 0 0 0 0 0 0 0 0 0 0 0 0 0 0 0 0.132803 0 0 0 0 0.124977 0 0.130207 0 0 0 0 0 0 0 0 0 0.129329 0 0 0.129946 0 0 0 0 0.130982 0 0 0 0 0 0 0 0 0 0 0 0.125728 0 0 0 0 0 0 0 0 0 0 0 0 0 0 0 0 0 0 0 0
0 0 0 0.124121 0 0 0 0 0 0.134565 0 0 0 0.133835 0 0 0.132014 0 0 0 0 0 0 0 0 0 0 0 0 0 0 0 0 0 0 0 0 0 0 0 0 0 0.129471 0 0 0 0 0.127045 0 0 0 0 0 0 0 0 0.124487 0 0 0 0 0 0 0 0 0.128272 0 0 0 0 0 0 0 0 0 0 0 0 0 0 0 0 0 0 0 0 0 0 0 0 0 0 0 0 0 0 0.135076 0 0.126193 0.131603
0 0 0 0 0 0 0 0 0 0 0 0 0 0 0 0 0 0 0 0.124128 0.130546 0 0 0 0 0 0 0 0.133547 0 0.127372 0 0 0 0 0 0 0 0 0 0 0 0.126228 0.127968 0 0 0 0 0 0.125222 0 0 0 0 0 0 0 0 0 0 0 0 0 0 0 0 0 0 0 0 0 0 0.128647 0 0 0 0 0 0 0 0.124067 0 0 0 0 0 0 0 0.125071 0 0 0 0 0.13557 0 0 0 0 0 0
0 0 0 0 0 0 0 0.134565 0 0 0 0 0 0 0.124913 0 0 0 0 0 0 0 0 0 0 0 0 0 0 0 0 0.128802 0.125174 0 0 0 0.123299 0 0 0 0 0 0 0 0 0 0.128143 0.130256 0 0 0 0 0 0.135148 0 0 0 0 0 0 0 0 0 0 0 0 0 0 0 0 0 0 0 0 0 0 0 0 0 0.128096 0 0 0 0 0 0.123381 0 0 0.130184 0 0 0 0 0 0 0.125698 0 0 0.132441 0
0 0 0 0.127237 0 0 0 0 0 0 0 0 0 0 0 0 0 0 0 0 0 0 0 0 0 0 0 0 0 0.132525 0 0 0 0 0 0 0 0 0.128098 0 0 0 0 0.131819 0 0 0.127423 0 0 0 0.127206 0 0 0 0 0 0 0.132292 0 0 0 0 0.132248 0.131558 0 0 0 0 0 0 0 0 0 0 0.133029 0 0 0 0 0 0.134051 0 0 0 0 0 0 0 0.125118 0 0.13374 0 0 0 0 0 0 0.1239 0 0
0 0 0 0 0.128262 0 0 0 0 0 0 0 0 0 0 0.124495 0 0 0 0 0 0 0 0.127281 0.131133 0 0 0.135409 0 0 0 0.133718 0 0.135239 0 0 0 0.124371 0 0 0 0 0 0 0 0 0 0 0 0 0 0 0 0 0 0 0 0 0 0 0 0 0 0 0 0 0 0 0 0 0 0 0 0 0.127459 0 0 0 0 0 0 0 0 0 0 0 0 0 0.123352 0.126832 0 0 0 0 0 0 0.129224 0 0.123622 0
0.131018 0 0 0 0 0 0 0 0 0 0 0 0 0 0 0 0 0 0 0 0 0.133117 0.123235 0 0.132652 0 0 0 0 0 0 0 0 0 0 0 0 0.133209 0 0 0.126945 0.134705 0 0 0.134874 0 0 0 0 0 0 0 0 0 0.129545 0 0.132584 0 0 0 0 0 0.130935 0 0 0 0 0 0 0 0.12861 0 0 0 0 0 0 0 0 0 0.130711 0 0 0 0 0 0 0 0 0 0 0 0 0 0.126331 0 0 0 0 0
0 0 0 0 0 0 0 0.133835 0 0 0 0 0 0 0 0 0.134267 0 0 0 0 0.123862 0.123197 0.131182 0 0 0 0 0.132 0 0 0 0 0 0 0 0 0 0 0 0 0 0 0.128246 0 0 0 0 0 0 0.135159 0.13496 0.134582 0 0 0 0 0 0.134633 0 0 0 0 0 0 0 0 0 0 0.128764 0 0 0 0 0 0.12468 0 0 0.129637 0 0 0 0 0 0 0 0 0 0 0.127777 0 0 0.125929 0 0 0 0 0 0 0
0 0 0 0 0 0 0 0 0 0.124913 0 0 0 0 0 0 0 0.125248 0 0 0 0 0 0 0.130443 0 0 0 0 0 0 0 0 0 0 0 0 0 0 0.123743 0 0 0.126331 0 0 0 0 0 0 0 0 0 0 0 0.128168 0 0.123822 0 0 0 0 0 0 0 0 0 0.132495 0.129614 0 0 0.124143 0.129853 0 0 0 0 0 0 0 0 0 0 0 0 0 0.123079 0 0 0 0.124975 0 0 0 0 0 0 0 0 0 0
0 0.133386 0 0 0 0 0 0 0 0 0 0.124495 0 0 0 0 0.126353 0 0 0.132952 0 0 0 0 0 0 0 0.130091 0 0 0 0 0 0.134807 0 0.123139 0 0 0 0 0 0 0.1264 0 0 0.124096 0 0 0 0 0 0 0.12346 0 0.129406 0 0 0.13211 0 0 0.130731 0 0 0 0 0 0 0 0 0 0 0 0 0 0.130866 0 0 0 0 0 0 0 0 0 0 0 0 0 0 0 0.127081 0 0.125697 0 0 0.125345 0.132826 0 0 0
0 0 0 0.126367 0 0 0 0.132014 0 0 0 0 0 0.134267 0 0.126353 0 0 0 0 0 0.132559 0 0 0 0 0 0 0 0.127338 0 0.125662 0 0 0 0 0 0 0.129878 0 0 0.133665 0.125686 0 0 0 0 0 0 0.131059 0 0 0 0.126914 0 0 0 0 0.135521 0 0.129102 0 0 0 0 0 0 0 0 0 0 0 0 0 0 0.128826 0 0 0 0 0 0.124749 0 0 0 0.134537 0 0.131971 0 0 0 0.134568 0 0 0 0 0 0 0 0
0 0 0 0 0 0 0 0 0 0 0 0 0 0 0.125248 0 0 0 0 0 0 0 0 0 0 0 0 0 0 0 0 0 0 0 0 0 0.127021 0.132101 0.12313 0 0 0 0 0.133747 0 0 0 0.128726 0.123129 0 0 0 0 0 0 0 0 0 0 0 0 0 0.124598 0 0 0 0 0 0.129154 0 0 0 0 0 0 0.126643 0 0 0 0.125361 0 0 0.130079 0.13475 0 0 0 0 0 0 0 0 0 0 0 0 0 0 0 0
0 0.125542 0 0 0 0 0 0 0 0 0 0 0 0 0 0 0 0 0 0 0 0 0 0 0 0 0 0 0 0 0 0 0 0.128627 0.133427 0 0 0 0 0 0 0 0 0 0 0.132033 0 0 0 0 0 0 0 0.124428 0 0 0 0 0 0 0 0 0 0 0.129715 0 0 0 0 0 0.131829 0 0 0 0 0 0 0 0 0.131833 0 0 0 0.123631 0 0 0 0 0 0 0 0 0 0 0.129232 0 0 0.124823 0 0
0 0 0.123833 0 0 0 0 0 0.124128 0 0 0 0 0 0 0.132952 0 0 0 0 0 0 0 0 0 0 0 0 0 0 0 0 0 0.129082 0 0 0 0 0.131153 0 0 0 0 0 0 0 0 0 0 0 0 0 0.126028 0.128348 0 0 0.132104 0 0 0 0 0 0 0 0 0 0.124644 0 0 0.131921 0 0 0.126958 0 0 0.134179 0 0 0 0 0 0 0.128196 0 0 0 0 0.126665 0 0 0 0 0 0.131212 0 0 0 0 0 0
0 0 0 0 0 0 0 0 0.130546 0 0 0 0 0 0 0 0 0 0 0 0 0 0 0 0 0 0 0 0 0 0 0 0 0 0 0 0 0.133895 0 0 0 0 0 0 0 0.129776 0 0 0 0 0 0 0 0 0 0 0 0 0 0 0.134305 0.132417 0 0.13299 0 0 0 0 0 0 0 0 0 0 0 0 0.127941 0 0 0 0 0 0 0 0 0 0 0 0.12669 0 0 0 0.130359 0 0.125509 0 0 0 0 0
0 0 0 0 0 0 0 0 0 0 0 0 0.133117 0.123862 0 0 0.132559 0 0 0 0 0 0 0 0.123484 0.123429 0 0 0 0 0.130887 0.133473 0 0 0 0 0 0 0 0 0 0.133456 0 0 0 0 0 0 0 0 0 0 0 0 0 0 0 0 0 0 0 0.134117 0 0 0.125931 0 0 0 0 0 0 0 0 0 0.128073 0 0 0 0 0.126057 0 0 0 0 0 0 0.135418 0 0 0 0 0 0.133557 0 0 0 0 0 0 0
0 0.133425 0 0 0 0 0 0 0 0 0 0 0.123235 0.123197 0 0 0 0 0 0 0 0 0 0 0.127892 0 0 0 0 0 0 0 0 0 0 0 0 0 0 0 0 0.125491 0 0 0 0 0.12648 0 0.132314 0 0 0 0 0 0 0 0 0 0 0.127922 0 0.12669 0 0.131609 0.126828 0 0 0 0 0 0 0 0 0 0 0 0 0 0 0 0 0 0 0 0 0.123573 0.127213 0 0 0 0 0.127083 0 0 0.130419 0 0 0 0 0.126945
0 0.13534 0 0 0.130462 0 0 0 0 0 0 0.127281 0 0.131182 0 0 0 0 0 0 0 0 0 0 0 0.133493 0 0.124247 0 0 0 0 0 0 0 0 0 0 0 0 0 0 0 0 0 0 0 0 0 0 0 0 0 0 0.131946 0 0 0 0 0 0.127199 0 0 0 0.133982 0 0.131898 0.129249 0.133153 0 0 0.125758 0 0 0 0 0 0 0 0 0 0 0 0 0 0 0 0 0 0.130628 0.130393 0 0 0 0 0.129174 0 0 0 0
0 0 0.132077 0 0 0 0 0 0 0 0 0.131133 0.132652 0 0.130443 0 0 0 0 0 0 0.123484 0.127892 0 0 0 0 0 0.129335 0 0 0 0 0 0 0 0 0 0 0 0 0 0 0 0 0 0 0 0.128127 0 0 0 0 0 0 0 0 0 0 0 0 0 0 0 0.12877 0 0 0 0 0.12536 0 0 0 0 0 0 0 0 0 0 0 0.126571 0 0 0 0 0 0 0 0 0 0 0 0 0.135059 0 0 0 0 0.131062
0.131813 0 0 0 0 0 0.133306 0 0 0 0 0 0 0 0 0 0 0 0 0 0 0.123429 0 0.133493 0 0 0.132845 0 0 0 0 0 0 0 0 0 0 0 0 0 0 0.131461 0 0 0 0 0 0.127476 0 0 0.132324 0 0 0 0 0 0 0 0.129739 0 0 0 0 0 0 0 0 0 0 0 0 0 0 0 0.13024 0 0 0 0 0 0 0 0 0 0 0 0 0 0 0 0.125751 0 0 0 0 0 0 0 0 0.124374
0 0 0 0 0 0 0 0 0 0 0 0 0 0 0 0 0 0 0 0 0 0 0 0 0 0.132845 0 0 0 0 0 0 0 0.130043 0 0 0 0.129262 0 0 0.133152 0 0.125735 0 0 0 0.124496 0 0 0 0 0 0 0 0 0 0 0.127427 0 0 0 0 0 0.129513 0 0 0 0 0.130887 0.128912 0 0 0 0 0 0 0 0 0 0 0 0 0 0 0 0 0 0 0 0 0 0 0 0.126654 0 0.129256 0.126287 0 0 0
0 0 0 0 0.125315 0 0 0 0 0 0 0.135409 0 0 0 0.130091 0 0 0 0 0 0 0 0.124247 0 0 0 0 0 0 0.125984 0 0 0 0 0.134164 0 0.125452 0 0 0 0 0 0 0 0 0 0 0 0 0 0.132711 0 0 0 0 0 0 0 0.126593 0 0 0 0 0 0 0 0 0 0 0 0.134046 0 0 0 0 0 0.131362 0 0 0 0 0 0 0 0.129381 0 0 0 0 0 0 0 0 0 0 0 0 0 0
0 0 0.132171 0 0.12391 0 0 0 0.133547 0 0 0 0 0.132 0 0 0 0 0 0 0 0 0 0 0.129335 0 0 0 0 0 0.134596 0 0 0 0.133044 0 0 0.134981 0 0 0 0 0 0 0 0 0 0 0 0 0.133682 0 0 0 0 0.125401 0 0.134449 0 0 0 0 0 0 0 0 0.130357 0 0 0 0 0 0 0 0 0 0 0 0 0 0 0 0.127615 0 0.134931 0 0 0 0 0.133343 0.130105 0 0 0.12942 0 0 0 0 0 0.124317
0 0 0 0.125016 0 0.134399 0 0 0 0 0.132525 0 0 0 0 0 0.127338 0 0 0 0 0 0 0 0 0 0 0 0 0 0 0.125746 0 0 0 0 0 0 0 0 0 0 0 0 0 0 0.129003 0 0 0 0 0 0 0 0 0 0 0 0 0 0 0 0 0 0 0 0 0.130711 0.125662 0.130704 0 0 0 0 0 0 0 0 0 0 0 0 0 0 0 0 0 0 0 0.131296 0 0.127678 0 0 0 0 0 0 0.132219 0
0 0 0 0 0 0.133271 0 0 0.127372 0 0 0 0 0 0 0 0 0 0 0 0 0.130887 0 0 0 0 0 0.125984 0.134596 0 0 0 0 0 0.124668 0 0 0 0.130969 0 0 0 0 0 0 0 0 0 0 0 0 0 0 0.133538 0 0.126285 0 0 0 0 0 0.126097 0 0 0 0 0 0.127099 0 0 0 0.124516 0 0 0.123497 0 0 0 0.133987 0 0 0 0 0 0 0 0.135135 0 0 0 0 0 0 0 0 0 0 0.132412 0.126674 0.128062
0 0 0 0 0 0 0 0 0 0.128802 0 0.133718 0 0 0 0 0.125662 0 0 0 0 0.133473 0 0 0 0 0 0 0 0.125746 0 0 0.128217 0 0 0.123446 0 0 0 0 0 0 0 0 0 0 0 0 0 0 0 0.126128 0 0 0 0 0 0 0.125427 0.124428 0 0 0.133774 0 0 0 0 0 0 0 0 0.134243 0 0.123271 0 0 0.135545 0 0 0 0 0 0 0 0 0 0 0 0 0 0 0 0.127014 0.133364 0 0 0 0.12632 0 0
0 0 0.130486 0 0 0 0 0 0 0.125174 0 0 0 0 0 0 0 0 0 0 0 0 0 0 0 0 0 0 0 0 0 0.128217 0 0.127829 0 0 0.1254 0 0 0 0.130659 0 0 0.134279 0 0.134763 0 0 0 0 0 0 0 0.129512 0.133615 0 0 0.134194 0 0 0 0.129552 0 0 0 0 0 0 0.129097 0 0 0 0.124165 0.123519 0 0 0 0 0 0 0.125062 0.130556 0 0 0.132038 0 0 0 0 0 0 0 0 0 0 0 0 0 0 0
0 0 0 0 0 0 0 0 0 0 0 0.135239 0 0 0 0.134807 0 0 0.128627 0.129082 0 0 0 0 0 0 0.130043 0 0 0 0 0 0.127829 0 0 0 0 0 0.133211 0 0 0 0 0 0 0 0 0 0.132069 0 0 0 0 0 0 0 0.134597 0.127332 0 0.124832 0 0 0 0 0 0 0 0 0 0.126765 0 0 0 0 0 0 0 0.125982 0 0 0 0 0 0 0 0.123735 0 0 0 0 0 0.128976 0 0.135521 0 0 0 0.12866 0 0
0 0 0.123878 0 0 0 0 0 0 0 0 0 0 0 0 0 0 0 0.133427 0 0 0 0 0 0 0 0 0 0.133044 0 0.124668 0 0 0 0 0 0 0 0.125383 0 0 0 0 0.125435 0 0 0 0 0 0.131356 0 0 0.135265 0 0 0 0 0 0 0 0 0 0 0.128483 0 0.13298 0.124538 0 0 0 0 0 0 0 0.131926 0 0.133101 0 0 0 0 0 0 0 0 0 0 0 0 0 0 0.12357 0 0 0 0 0 0.12824 0.131212 0.133942
0 0.126981 0 0 0 0 0 0 0 0 0 0 0 0 0 0.123139 0 0 0 0 0 0 0 0 0 0 0 0.134164 0 0 0 0.123446 0 0 0 0 0 0 0 0 0 0 0 0 0 0 0 0 0.128812 0 0 0 0 0.123508 0 0 0 0 0 0.129602 0.133669 0 0 0 0.133342 0.133677 0 0.12826 0 0 0 0 0 0 0 0 0 0 0 0 0.132498 0 0 0.127744 0 0 0 0 0 0.128307 0 0 0 0 0 0 0 0.130905 0.128657 0
0 0 0 0 0 0 0 0 0 0.123299 0 0 0 0 0 0 0 0.127021 0 0 0 0 0 0 0 0 0 0 0 0 0 0 0.1254 0 0 0 0 0 0 0 0 0 0 0 0 0 0 0 0 0 0 0.133443 0 0 0 0 0 0 0 0 0 0 0 0 0 0 0 0 0 0.124046 0 0 0.134823 0 0 0.128013 0 0.123459 0 0.125094 0 0 0 0 0 0 0 0 0 0 0 0 0 0 0.123716 0 0 0 0 0
0 0 0 0 0 0 0 0 0 0 0 0.124371 0.133209 0 0 0 0 0.132101 0 0 0.133895 0 0 0 0 0 0.129262 0.125452 0.134981 0 0 0 0 0 0 0 0 0 0.124903 0 0 0 0 0 0 0.128872 0 0 0.123001 0 0 0.135166 0 0 0 0 0 0 0 0 0.129176 0.124583 0.130518 0.124129 0 0 0 0 0 0 0 0 0 0 0 0 0 0.133306 0 0 0 0 0 0 0 0 0 0 0 0.124079 0 0 0 0.133399 0 0 0 0 0 0
0 0 0 0 0 0 0 0 0 0 0.128098 0 0 0 0 0 0.129878 0.12313 0 0.131153 0 0 0 0 0 0 0 0 0 0 0.130969 0 0 0.133211 0.125383 0 0 0.124903 0 0 0.133185 0 0 0 0 0 0 0 0 0 0 0 0 0 0 0 0 0 0.125457 0 0.132557 0 0 0 0 0 0 0 0 0 0 0.13 0 0 0 0 0.130295 0 0 0 0 0 0 0 0 0 0 0.131753 0 0.129436 0 0 0 0 0 0.130782 0 0 0 0.135021
0 0 0 0 0 0.128613 0 0 0 0 0 0 0 0 0.123743 0 0 0 0 0 0 0 0 0 0 0 0 0 0 0 0 0 0 0 0 0 0 0 0 0 0 0 0 0 0 0.130385 0.130791 0.124227 0 0.134625 0 0 0.128517 0 0 0 0 0 0 0 0 0.129933 0 0 0 0 0 0 0.130945 0.125895 0.130074 0 0 0 0 0 0.128314 0 0 0.128927 0 0.126975 0 0 0.124708 0 0 0 0 0 0 0 0 0 0 0 0 0.132211 0 0
0 0.135548 0 0 0 0 0 0 0 0 0 0 0.126945 0 0 0 0 0 0 0 0 0 0 0 0 0 0.133152 0 0 0 0 0 0.130659 0 0 0 0 0 0.133185 0 0 0 0 0 0.133863 0 0 0 0 0 0 0 0 0.131294 0 0.125912 0 0 0.129416 0 0 0.124346 0 0 0 0 0 0 0.134137 0.126568 0 0 0 0 0 0 0 0 0 0 0.130028 0.13146 0 0 0.130108 0 0 0 0 0.124154 0 0 0 0 0 0 0 0 0 0.123805
0 0 0.126007 0 0 0 0 0 0 0 0 0 0.134705 0 0 0 0.133665 0 0 0 0 0.133456 0.125491 0 0 0.131461 0 0 0 0 0 0 0 0 0 0 0 0 0 0 0 0 0 0 0.134301 0 0 0 0 0.13426 0.128107 0 0 0 0 0 0 0 0.134836 0.127087 0 0 0 0 0 0 0.127678 0 0 0 0.12747 0 0 0 0 0 0 0 0 0 0 0 0 0 0 0 0 0 0 0 0 0 0 0 0 0 0.128027 0 0 0
0 0 0.126768 0 0 0 0.132803 0.129471 0.126228 0 0 0 0 0 0.126331 0.1264 0.125686 0 0 0 0 0 0 0 0 0 0.125735 0 0 0 0 0 0 0 0 0 0 0 0 0 0 0 0 0 0 0 0.12521 0.134691 0 0 0 0.126561 0 0.128782 0 0 0 0 0 0 0 0 0 0 0.124126 0.131724 0 0 0 0 0 0 0 0 0 0 0 0 0.133989 0 0 0 0 0 0 0 0.12802 0 0 0 0 0 0 0 0.123889 0 0 0 0 0
0 0.130293 0 0 0 0 0 0 0.127968 0 0.131819 0 0 0.128246 0 0 0 0.133747 0 0 0 0 0 0 0 0 0 0 0 0 0 0 0.134279 0 0.125435 0 0 0 0 0 0 0 0 0 0 0 0 0 0 0 0 0 0 0 0 0 0 0 0 0.131456 0 0 0.127975 0 0 0 0.129118 0.124319 0 0.130463 0 0 0.127813 0 0 0 0 0 0 0.12684 0 0 0 0 0 0.130933 0 0 0 0 0 0 0 0 0 0 0 0 0 0
0 0 0 0 0 0.128061 0 0 0 0 0 0 0.134874 0 0 0 0 0 0 0 0 0 0 0 0 0 0 0 0 0 0 0 0 0 0 0 0 0 0 0 0.133863 0.134301 0 0 0 0 0 0 0 0.128345 0 0 0 0 0 0 0 0 0 0 0 0 0.124562 0 0 0 0 0 0.132927 0.127916 0 0 0 0 0.13422 0 0 0 0 0 0 0 0 0 0.124188 0 0 0 0 0 0 0.124518 0 0 0 0 0 0.123051 0 0
0.134365 0 0 0 0 0 0 0 0 0 0 0 0 0 0 0.124096 0 0 0.132033 0 0.129776 0 0 0 0 0 0 0 0 0 0 0 0.134763 0 0 0 0 0.128872 0 0.130385 0 0 0 0 0 0 0 0 0.132646 0 0 0 0 0 0 0.12749 0 0 0.134932 0.12822 0.12705 0 0 0 0 0 0.132264 0 0 0 0 0 0 0 0 0 0.126209 0 0 0 0 0 0 0 0 0 0 0 0 0 0 0 0 0 0 0 0 0 0.1343 0
0 0 0 0 0 0 0 0 0 0.128143 0.127423 0 0 0 0 0 0 0 0 0 0 0 0.12648 0 0 0 0.124496 0 0 0.129003 0 0 0 0 0 0 0 0 0 0.130791 0 0 0.12521 0 0 0 0 0 0 0 0.133671 0 0 0 0 0.130166 0 0 0 0 0 0.123518 0 0 0 0 0 0 0 0 0 0 0 0 0 0 0 0 0 0 0 0 0 0 0 0.130016 0 0 0 0 0 0 0 0 0 0 0 0.134418 0 0
0 0 0 0 0 0 0.124977 0.127045 0 0.130256 0 0 0 0 0 0 0 0.128726 0 0 0 0 0 0 0 0.127476 0 0 0 0 0 0 0 0 0 0 0 0 0 0.124227 0 0 0.134691 0 0 0 0 0 0 0 0.128091 0 0 0 0 0 0 0 0 0 0 0 0 0 0 0 0 0 0 0 0.128101 0 0 0 0 0 0 0 0 0.132516 0 0.128936 0 0 0 0.13179 0 0 0 0 0 0.134377 0 0 0 0.132188 0 0 0 0
0 0 0 0 0 0.133203 0 0 0 0 0 0 0 0 0 0 0 0.123129 0 0 0 0 0.132314 0 0.128127 0 0 0 0 0 0 0 0 0.132069 0 0.128812 0 0.123001 0 0 0 0 0 0 0 0.132646 0 0 0 0 0 0 0 0 0.124492 0 0 0 0 0 0 0 0 0 0 0 0 0 0 0 0.134432 0 0 0 0 0 0 0 0 0 0 0 0 0 0 0.127224 0.128312 0 0 0 0 0.128035 0 0 0 0 0 0 0 0.127926
0.126461 0 0 0 0.130365 0 0.130207 0 0.125222 0 0 0 0 0 0 0 0.131059 0 0 0 0 0 0 0 0 0 0 0 0 0 0 0 0 0 0.131356 0 0 0 0 0.134625 0 0.13426 0 0 0.128345 0 0 0 0 0 0 0 0 0 0 0 0 0 0 0 0.133665 0 0 0 0 0 0 0 0 0.125539 0 0 0 0 0 0 0 0 0 0 0 0 0 0 0 0 0 0 0 0 0 0 0 0 0 0 0 0 0 0.13315
0 0 0 0 0 0 0 0 0 0 0.127206 0 0 0.135159 0 0 0 0 0 0 0 0 0 0 0 0.132324 0 0 0.133682 0 0 0 0 0 0 0 0 0 0 0 0 0.128107 0 0 0 0 0.133671 0.128091 0 0 0 0 0 0 0.130653 0.135573 0 0 0 0 0 0 0 0 0 0.123798 0 0 0 0.13523 0 0 0 0.129188 0 0 0 0 0 0.132297 0 0 0 0 0 0 0 0 0 0 0.128097 0 0 0 0 0 0.135099 0 0 0
0 0 0 0 0.132432 0.13548 0 0 0 0 0 0 0 0.13496 0 0 0 0 0 0 0 0 0 0 0 0 0 0.132711 0 0 0 0.126128 0 0 0 0 0.133443 0.135166 0 0 0 0 0.126561 0 0 0 0 0 0 0 0 0 0 0 0 0 0 0 0 0 0 0 0.135119 0 0 0 0 0 0 0.129485 0 0 0 0 0 0 0 0 0 0 0 0 0.1295 0 0 0 0 0 0 0 0 0 0 0.125886 0.133063 0 0 0 0 0
0 0 0 0 0 0 0 0 0 0 0 0 0 0.134582 0 0.12346 0 0 0 0.126028 0 0 0 0 0 0 0 0 0 0 0 0 0 0 0.135265 0 0 0 0 0.128517 0 0 0 0 0 0 0 0 0 0 0 0 0 0 0.128967 0 0 0.123416 0 0.135157 0 0 0 0.128412 0 0 0 0 0 0 0 0 0 0 0.132036 0 0 0.134623 0 0 0 0 0 0 0 0 0 0 0 0 0 0 0 0 0 0 0 0 0 0
0.132111 0.129607 0 0 0 0 0 0 0 0.135148 0 0 0 0 0 0 0.126914 0 0.124428 0.128348 0 0 0 0 0 0 0 0 0 0 0.133538 0 0.129512 0 0 0.123508 0 0 0 0 0.131294 0 0.128782 0 0 0 0 0 0 0 0 0 0 0 0 0 0 0 0 0 0.131304 0 0 0.130717 0 0 0 0.126141 0.123708 0.124989 0.124148 0 0.13503 0 0 0 0 0 0.125604 0 0 0 0 0.131649 0.12338 0 0 0 0 0 0 0.123469 0 0 0 0 0 0.133525 0.135399 0
0 0 0 0 0 0.127052 0 0 0 0 0 0 0.129545 0 0.128168 0.129406 0 0 0 0 0 0 0 0.131946 0 0 0 0 0 0 0 0 0.133615 0 0 0 0 0 0 0 0 0 0 0 0 0 0 0 0.124492 0 0.130653 0 0.128967 0 0 0 0 0 0 0 0 0.127122 0.1253 0 0 0.124157 0.1311 0.132817 0 0 0 0 0 0 0 0 0.126249 0 0 0 0.130334 0 0.129765 0 0 0 0 0.132651 0 0 0 0 0 0 0 0 0 0 0 0
0 0 0 0 0 0 0 0 0 0 0 0 0 0 0 0 0 0 0 0 0 0 0 0 0 0 0 0 0.125401 0 0.126285 0 0 0 0 0 0 0 0 0 0.125912 0 0 0 0 0.12749 0.130166 0 0 0 0.135573 0 0 0 0 0 0 0 0 0 0 0 0 0.134847 0 0 0 0 0 0 0 0 0 0.124305 0 0 0.123212 0 0 0 0 0.123616 0 0.132159 0 0 0.126606 0 0 0 0.129416 0 0.123169 0 0 0 0 0 0.13497 0.124612
0 0 0 0 0 0.123173 0 0.124487 0 0 0 0 0.132584 0 0.123822 0 0 0 0 0.132104 0 0 0 0 0 0 0 0 0 0 0 0 0 0.134597 0 0 0 0 0 0 0 0 0 0 0 0 0 0 0 0 0 0 0 0 0 0 0 0 0.131116 0 0 0 0 0 0 0 0 0.127575 0 0 0 0 0 0.123891 0.130615 0 0 0 0 0 0.129457 0 0 0 0 0 0 0 0 0 0 0 0.128071 0 0.130688 0 0 0 0 0
0 0.127671 0 0 0 0.126776 0 0 0 0 0.132292 0 0 0 0 0.13211 0 0 0 0 0 0 0 0 0 0 0.127427 0 0.134449 0 0 0 0.134194 0.127332 0 0 0 0 0 0 0 0 0 0 0 0 0 0 0 0 0 0 0.123416 0 0 0 0 0 0 0 0 0 0 0 0.134928 0 0 0.13352 0 0 0 0 0 0 0 0 0 0.126052 0 0 0 0 0 0 0 0 0 0 0 0 0 0.134473 0 0 0 0 0 0 0 0.123652
0 0 0 0 0 0 0 0 0 0 0 0 0 0.134633 0 0 0.135521 0 0 0 0 0 0 0 0 0.129739 0 0 0 0 0 0.125427 0 0 0 0 0 0 0.125457 0 0.129416 0.134836 0 0 0 0.134932 0 0 0 0 0 0 0 0 0 0 0.131116 0 0 0 0 0 0 0 0 0.128432 0 0 0 0 0 0 0 0 0 0 0 0 0 0.132311 0 0 0 0 0 0 0 0 0 0 0 0.128616 0.134796 0 0 0 0 0 0 0
0 0 0.127326 0 0 0 0.129329 0 0 0 0 0 0 0 0 0 0 0 0 0 0 0 0.127922 0 0 0 0 0.126593 0 0 0 0.124428 0 0.124832 0 0.129602 0 0 0 0 0 0.127087 0 0.131456 0 0.12822 0 0 0 0 0 0 0.135157 0 0 0 0 0 0 0 0 0 0.127405 0 0 0 0 0 0 0 0 0 0.129578 0 0 0 0 0 0 0.125461 0 0 0 0 0.127428 0 0 0.130811 0.123149 0 0 0 0 0 0.133415 0 0.12879 0 0 0
0 0.133103 0 0 0 0 0 0 0 0 0 0 0 0 0 0.130731 0.129102 0 0 0 0.134305 0 0 0.127199 0 0 0 0 0 0 0 0 0 0 0 0.133669 0 0.129176 0.132557 0 0 0 0 0 0 0.12705 0 0 0 0.133665 0 0 0 0.131304 0 0 0 0 0 0 0 0 0 0 0 0 0 0 0 0 0 0 0 0 0 0 0 0 0 0.127957 0 0 0.128905 0.135124 0 0.128802 0 0 0 0 0 0 0 0 0 0 0 0 0.131724 0
0 0 0 0.132504 0 0 0 0 0 0 0 0 0 0 0 0 0 0 0 0 0.132417 0.134117 0.12669 0 0 0 0 0 0 0 0.126097 0 0.129552 0 0 0 0 0.124583 0 0.129933 0.124346 0 0 0 0 0 0.123518 0 0 0 0 0 0 0 0.127122 0 0 0 0 0 0 0 0 0 0 0 0 0 0 0 0 0 0 0 0 0 0 0 0 0 0.126268 0 0 0.131309 0.12981 0 0 0 0 0 0 0.123846 0 0 0 0 0 0 0 0.123932
0 0 0.135399 0 0 0 0.129946 0 0 0 0.132248 0 0.130935 0 0 0 0 0.124598 0 0 0 0 0 0 0 0 0 0 0 0 0 0.133774 0 0 0 0 0 0.130518 0 0 0 0 0 0.127975 0.124562 0 0 0 0 0 0 0.135119 0 0 0.1253 0 0 0 0 0.127405 0 0 0 0.130937 0 0.132073 0.134783 0 0 0.132925 0 0 0 0 0 0 0 0.126109 0 0 0 0 0 0 0 0 0.134591 0.134918 0 0 0 0 0 0 0 0 0 0 0.127329 0
0 0.132103 0 0 0 0 0 0 0 0 0.131558 0 0 0 0 0 0 0 0 0 0.13299 0 0.131609 0 0 0 0.129513 0 0 0 0 0 0 0 0.128483 0 0 0.124129 0 0 0 0 0 0 0 0 0 0 0 0 0 0 0.128412 0.130717 0 0.134847 0 0 0 0 0 0 0.130937 0 0 0 0 0 0 0 0 0 0 0 0 0 0 0 0 0 0 0 0 0 0 0.13154 0 0 0.126733 0 0 0 0 0 0 0 0 0 0.132524 0
0 0 0 0 0 0 0 0 0 0 0 0 0 0 0 0 0 0 0.129715 0 0 0.125931 0.126828 0.133982 0.12877 0 0 0 0 0 0 0 0 0 0 0.133342 0 0 0 0 0 0 0.124126 0 0 0 0 0 0 0 0 0 0 0 0 0 0 0.134928 0 0 0 0 0 0 0 0 0 0 0 0 0 0 0 0 0 0 0 0 0 0 0 0 0 0 0 0.128413 0 0 0 0 0 0 0 0 0 0 0.123536 0 0.130835 0
0 0 0 0 0 0 0 0.128272 0 0 0 0 0 0 0 0 0 0 0 0 0 0 0 0 0 0 0 0 0 0 0 0 0 0 0.13298 0.133677 0 0 0 0 0 0 0.131724 0 0 0 0 0 0 0 0.123798 0 0 0 0.124157 0 0 0 0.128432 0 0 0 0.132073 0 0 0 0.126054 0.134145 0 0 0 0.132208 0 0 0 0 0.126929 0 0.135207 0.124899 0 0 0 0 0 0 0 0.124246 0 0 0 0.129686 0.13324 0 0.126738 0 0 0 0 0
0 0 0 0 0 0 0 0 0 0 0 0 0 0 0.132495 0 0 0 0 0.124644 0 0 0 0.131898 0 0 0 0 0.130357 0 0 0 0 0 0.124538 0 0 0 0 0 0 0.127678 0 0.129118 0 0.132264 0 0 0 0 0 0 0 0 0.1311 0 0 0 0 0 0 0 0.134783 0 0 0.126054 0 0.124132 0 0 0 0 0 0 0 0 0.12783 0 0.131856 0 0.131328 0 0 0 0 0 0 0.131166 0 0 0 0 0 0 0.13052 0.132627 0 0 0 0
0 0 0 0 0 0 0.130982 0 0 0 0 0 0 0 0.129614 0 0 0 0 0 0 0 0 0.129249 0 0 0 0 0 0.130711 0.127099 0 0 0 0 0.12826 0 0 0 0 0 0 0 0.124319 0 0 0 0 0 0 0 0 0 0.126141 0.132817 0 0.127575 0.13352 0 0 0 0 0 0 0 0.134145 0.124132 0 0 0 0.128784 0 0 0 0 0 0.129956 0 0 0 0 0 0.13233 0 0 0 0.123268 0 0 0.128722 0 0 0 0 0 0 0.123466 0 0 0
0 0 0 0 0 0 0 0 0 0 0 0 0 0 0 0 0 0.129154 0 0 0 0 0 0.133153 0 0 0.130887 0 0 0.125662 0 0 0.129097 0 0 0 0 0 0 0.130945 0.134137 0 0 0 0.132927 0 0 0 0 0 0 0 0 0.123708 0 0 0 0 0 0 0 0 0 0 0 0 0 0 0 0 0 0 0 0 0 0 0 0 0 0 0 0.135507 0 0 0 0.123886 0 0 0 0 0 0 0 0 0 0.134585 0 0 0 0
0 0 0 0 0 0 0 0 0 0 0 0 0 0.128764 0 0 0 0 0 0.131921 0 0 0 0 0.12536 0 0.128912 0 0 0.130704 0 0 0 0.126765 0 0 0.124046 0 0 0.125895 0.126568 0 0 0.130463 0.127916 0 0 0 0 0.125539 0.13523 0.129485 0 0.124989 0 0 0 0 0 0 0 0 0.132925 0 0 0 0 0 0 0 0 0 0 0.124532 0 0 0.134093 0 0 0 0 0 0.128082 0 0 0 0 0.130653 0 0 0.131417 0.125773 0.126753 0 0.132787 0 0 0.129744 0 0
0.127338 0 0.133401 0.124838 0.12733 0 0 0 0 0 0 0 0.12861 0 0.124143 0 0 0 0.131829 0 0 0 0 0 0 0 0 0 0 0 0 0 0 0 0 0 0 0 0 0.130074 0 0.12747 0 0 0 0 0 0.128101 0.134432 0 0 0 0 0.124148 0 0 0 0 0 0 0 0 0 0 0 0 0 0.128784 0 0 0 0.126297 0 0 0 0 0 0 0 0 0 0 0 0 0 0 0 0 0 0 0 0 0.127587 0 0 0 0 0 0 0.130319
0 0 0 0 0 0 0 0 0 0 0 0 0 0 0.129853 0 0 0 0 0 0 0 0 0.125758 0 0 0 0.134046 0 0 0.124516 0.134243 0 0 0 0 0 0 0.13 0 0 0 0 0 0 0 0 0 0 0 0 0 0 0 0 0 0 0 0 0 0 0 0 0 0 0.132208 0 0 0 0 0.126297 0 0 0 0 0 0 0 0 0 0 0.123676 0 0 0.123986 0 0 0 0 0 0 0 0 0 0 0.123087 0 0.12488 0 0
0 0.123324 0 0 0 0 0 0 0.128647 0 0 0 0 0 0 0 0 0 0 0.126958 0 0 0 0 0 0 0 0 0 0 0 0 0.124165 0 0 0 0.134823 0 0 0 0 0 0 0.127813 0 0 0 0 0 0 0 0 0 0.13503 0 0 0 0 0 0.129578 0 0 0 0 0 0 0 0 0 0 0 0 0 0 0 0 0 0 0.128807 0.12589 0 0 0 0 0 0 0 0 0 0 0.134244 0 0 0 0 0 0 0 0.135194 0
0 0 0 0 0 0 0 0 0 0 0 0 0 0 0 0 0 0 0 0 0 0 0 0 0 0 0 0 0 0 0 0.123271 0.123519 0 0 0 0 0 0 0 0 0 0 0 0 0 0 0 0 0 0.129188 0 0 0 0 0.124305 0.123891 0 0 0 0 0 0 0 0 0 0 0 0 0.124532 0 0 0 0 0 0 0 0 0 0 0 0.133772 0 0 0 0 0 0 0 0.125892 0 0 0 0 0 0 0 0 0 0
0 0 0 0 0 0 0 0 0 0 0.133029 0.127459 0 0 0 0.130866 0 0 0 0 0 0.128073 0 0 0 0.13024 0 0 0 0 0.123497 0 0 0 0.131926 0 0 0 0 0 0 0 0 0 0.13422 0 0 0 0 0 0 0 0.132036 0 0 0 0.130615 0 0 0 0 0 0 0 0 0 0 0 0 0 0 0 0 0 0 0 0 0 0 0.124761 0 0 0 0 0 0.124563 0 0 0 0 0 0 0 0.127297 0 0 0 0 0.133622 0
0 0 0 0 0.127618 0 0 0 0 0 0 0 0 0.12468 0 0 0.128826 0.126643 0 0.134179 0 0 0 0 0 0 0 0 0 0 0 0 0 0 0 0 0.128013 0 0 0 0 0 0 0 0 0 0 0 0 0 0 0 0 0 0 0 0 0 0 0 0 0 0 0 0 0 0 0 0 0 0 0 0 0 0 0 0 0 0 0 0 0 0.131713 0 0.125696 0 0 0 0 0 0 0 0 0 0 0 0 0 0 0
0.123887 0 0 0 0.125248 0 0 0 0 0 0 0 0 0 0 0 0 0 0 0 0.127941 0 0 0 0 0 0 0 0 0 0 0.135545 0 0 0.133101 0 0 0 0.130295 0.128314 0 0 0 0 0 0.126209 0 0 0 0 0 0 0 0 0.126249 0.123212 0 0 0 0 0 0 0 0 0 0.126929 0.12783 0.129956 0 0.134093 0 0 0 0 0 0 0 0 0 0 0 0 0 0 0 0 0 0 0 0 0 0.132574 0 0 0 0 0 0 0 0.133903
0 0 0 0 0 0.134311 0 0 0 0 0 0 0 0 0 0 0 0 0 0 0 0 0 0 0 0 0 0.131362 0 0 0 0 0 0.125982 0 0 0.123459 0.133306 0 0 0 0 0 0 0 0 0 0 0 0 0 0 0.134623 0 0 0 0 0.126052 0 0 0 0 0.126109 0 0 0 0 0 0 0 0 0 0 0 0 0 0 0 0 0 0 0 0 0 0 0 0 0 0 0 0 0 0 0 0 0 0 0 0.124584 0
0 0 0 0 0 0 0 0 0 0 0 0 0 0.129637 0 0 0 0 0 0 0 0 0 0 0 0 0 0 0 0 0.133987 0 0 0 0 0 0 0 0 0 0 0 0.133989 0 0 0 0 0 0 0 0 0 0 0.125604 0 0 0 0 0 0 0 0 0 0 0 0.135207 0.131856 0 0 0 0 0 0.128807 0 0 0 0 0 0 0 0 0 0 0 0 0 0 0 0 0 0.129215 0.130766 0 0 0 0 0 0 0.123383 0
0 0.12799 0 0 0 0.125084 0.125728 0 0 0.128096 0 0 0 0 0 0 0 0.125361 0.131833 0 0 0.126057 0 0 0 0 0 0 0 0 0 0 0 0 0 0 0.125094 0 0 0.128927 0 0 0 0.12684 0 0 0 0.132516 0 0 0.132297 0 0 0 0 0 0 0 0.132311 0.125461 0.127957 0 0 0 0 0.124899 0 0 0 0 0 0 0.12589 0 0.124761 0 0 0 0 0 0.122992 0 0 0.122993 0 0 0 0 0 0.128199 0 0 0 0 0 0 0 0 0 0
0 0.132955 0 0 0 0.128374 0 0 0.124067 0 0.134051 0 0.130711 0 0 0 0 0 0 0 0 0 0 0 0 0 0 0 0 0 0 0 0.125062 0 0 0.132498 0 0 0 0 0.130028 0 0 0 0 0 0 0 0 0 0 0 0 0 0.130334 0 0.129457 0 0 0 0 0.126268 0 0 0 0 0.131328 0 0 0 0 0 0 0 0 0 0 0 0 0.122992 0 0.12883 0 0.130753 0 0.131921 0 0 0.134727 0 0 0 0 0 0 0 0 0 0 0.135239
0 0 0 0 0 0 0 0 0 0 0 0 0 0 0 0 0.124749 0 0 0 0 0 0 0 0.126571 0 0 0 0 0 0 0 0.130556 0 0 0 0 0 0 0.126975 0.13146 0 0 0 0 0 0 0.128936 0 0 0 0 0 0 0 0.123616 0 0 0 0 0 0 0 0 0 0 0 0 0.135507 0 0 0.123676 0 0.133772 0 0 0 0 0 0 0.12883 0 0 0 0 0 0 0 0 0 0 0 0 0 0 0 0 0 0 0
0 0 0 0 0 0 0 0 0 0 0 0 0 0 0 0 0 0.130079 0 0.128196 0 0 0 0 0 0 0 0 0.127615 0 0 0 0 0 0 0 0 0 0 0 0 0 0 0 0 0 0 0 0 0 0 0.1295 0 0 0.129765 0 0 0 0 0 0.128905 0 0 0 0 0 0 0.13233 0 0.128082 0 0 0 0 0 0.131713 0 0 0 0 0 0 0 0 0 0.133959 0 0 0 0 0 0 0 0 0 0 0 0 0 0
0 0 0.128763 0 0 0 0 0 0 0 0 0 0 0 0 0 0 0.13475 0.123631 0 0 0 0 0 0 0 0 0 0 0 0 0 0 0 0 0.127744 0 0 0 0 0 0 0 0 0 0 0 0 0 0 0 0 0 0.131649 0 0.132159 0 0 0 0 0.135124 0.131309 0 0 0 0 0 0 0 0 0 0 0 0 0 0 0 0 0 0.122993 0.130753 0 0 0 0.132369 0.124227 0.127294 0 0 0.130022 0 0 0 0.12606 0 0 0 0 0 0
0.13017 0 0 0 0 0 0 0 0 0 0 0 0 0 0 0 0 0 0 0 0 0 0 0 0 0 0 0 0.134931 0 0 0 0.132038 0 0 0 0 0 0 0.124708 0.130108 0 0 0 0.124188 0 0 0 0 0 0 0 0 0.12338 0 0 0 0 0 0.127428 0 0.12981 0 0 0 0 0 0 0 0 0 0.123986 0 0 0 0.125696 0 0 0 0 0 0 0 0.132369 0 0 0 0.13522 0 0 0 0 0 0 0 0 0 0 0 0
0 0 0 0 0 0 0 0 0 0.123381 0 0 0 0 0.123079 0 0.134537 0 0 0 0 0 0.123573 0 0 0 0 0.129381 0 0 0 0 0 0.123735 0 0 0 0 0 0 0 0 0 0.130933 0 0 0.130016 0.13179 0.127224 0 0 0 0 0 0 0 0 0 0 0 0.128802 0 0 0.13154 0.128413 0 0 0 0.123886 0 0 0 0 0 0.124563 0 0 0 0 0 0.131921 0 0.133959 0.124227 0 0 0 0.128185 0 0.123268 0 0 0.127061 0 0 0 0 0 0 0
0 0 0 0 0.127631 0 0 0 0 0 0 0 0 0 0 0 0 0 0 0 0 0.135418 0.127213 0 0 0 0 0 0 0 0.135135 0 0 0 0 0 0 0 0 0 0 0 0.12802 0 0 0 0 0 0.128312 0 0 0 0 0 0 0.126606 0 0 0 0 0 0 0.134591 0 0 0 0 0.123268 0 0 0 0 0 0 0 0 0 0 0 0 0 0 0 0.127294 0 0 0 0 0 0 0 0.124429 0 0 0 0 0 0 0 0
0 0 0 0 0 0.132889 0 0 0 0 0 0 0 0 0 0 0.131971 0 0 0.126665 0 0 0 0 0 0 0 0 0 0 0 0 0 0 0 0 0 0 0.131753 0 0 0 0 0 0 0 0 0 0 0 0 0 0 0 0.132651 0 0 0 0 0.130811 0 0 0.134918 0 0 0.124246 0.131166 0 0 0.130653 0 0 0 0 0 0 0 0 0 0 0 0 0 0 0.13522 0.128185 0 0 0 0 0 0 0 0 0 0 0 0.12909 0 0.124256
0 0.126818 0 0 0 0 0 0 0.125071 0.130184 0.125118 0.123352 0 0 0 0 0 0 0 0 0.12669 0 0 0 0 0 0 0 0 0 0 0 0 0 0 0 0 0 0 0 0 0 0 0 0 0 0 0 0 0 0 0 0 0 0 0 0 0 0 0.123149 0 0 0 0.126733 0 0 0 0 0 0 0 0 0 0 0 0 0 0 0 0 0.134727 0 0 0 0 0 0 0 0 0.127413 0 0 0 0 0 0 0.133057 0 0.129294 0
0 0 0 0.133995 0 0 0 0 0 0 0 0.126832 0 0.127777 0.124975 0 0 0 0 0 0 0 0 0.130628 0 0 0 0 0.133343 0.131296 0 0 0 0 0 0.128307 0 0.124079 0.129436 0 0.124154 0 0 0 0 0 0 0 0 0 0 0 0 0 0 0 0 0 0 0 0 0 0 0 0 0 0 0.128722 0 0 0 0 0 0.125892 0 0 0 0 0 0.128199 0 0 0 0.130022 0 0.123268 0 0 0.127413 0 0 0 0.131398 0 0 0 0.133501 0 0.13025 0.13435
0 0 0 0 0.135076 0 0 0 0 0 0.13374 0 0 0 0 0.127081 0 0 0 0 0 0 0 0.130393 0 0.125751 0 0 0.130105 0 0 0 0 0 0 0 0 0 0 0 0 0 0 0 0 0 0 0 0 0 0.128097 0 0 0 0 0.129416 0 0 0 0 0 0 0 0 0 0 0 0 0 0.131417 0 0 0.134244 0 0 0 0 0 0.129215 0 0 0 0 0 0 0 0 0 0 0 0 0 0 0 0 0 0 0 0 0.131787
0 0 0 0 0 0.126483 0 0 0 0 0 0 0 0 0 0 0.134568 0 0 0 0 0 0.127083 0 0 0 0 0 0 0.127678 0 0 0 0.128976 0.12357 0 0 0 0 0 0 0 0 0 0.124518 0 0 0.134377 0.128035 0 0 0 0 0.123469 0 0 0 0.134473 0.128616 0 0 0.123846 0 0 0 0.129686 0 0 0 0.125773 0 0 0 0 0 0 0.132574 0 0.130766 0 0 0 0 0 0 0 0.124429 0 0 0 0 0 0 0 0 0 0 0 0 0
0 0 0.134205 0.126324 0 0.127799 0 0 0 0 0 0 0 0.125929 0 0.125697 0 0 0 0 0.130359 0.133557 0 0 0 0 0 0 0 0 0 0.127014 0 0 0 0 0 0 0 0 0 0 0 0 0 0 0 0 0 0 0 0 0 0 0 0.123169 0.128071 0 0.134796 0 0 0 0 0 0 0.13324 0 0 0 0.126753 0.127587 0 0 0 0 0 0 0 0 0 0 0 0 0 0 0.127061 0 0 0 0.131398 0 0 0 0 0.123776 0 0 0 0 0
0.128419 0 0 0 0 0 0 0 0.13557 0 0 0 0 0 0 0 0 0 0 0.131212 0 0 0 0 0 0 0.126654 0 0.12942 0 0 0.133364 0 0.135521 0 0 0 0.133399 0 0 0 0 0 0 0 0 0 0 0 0 0 0.125886 0 0 0 0 0 0 0 0 0 0 0 0 0 0 0 0 0 0 0 0 0 0 0.127297 0 0 0 0 0 0 0 0 0.12606 0 0 0 0 0 0 0 0 0 0 0 0 0 0.126365 0.128049 0
0 0 0 0 0 0 0 0 0 0 0 0 0.126331 0 0 0 0 0 0.129232 0 0.125509 0 0.130419 0 0.135059 0 0 0 0 0 0 0 0 0 0 0 0.123716 0 0 0 0 0 0.123889 0 0 0 0 0 0 0 0 0.133063 0 0 0 0 0.130688 0 0 0.133415 0 0 0 0 0 0.126738 0.13052 0 0 0.132787 0 0 0 0 0 0 0 0 0 0 0 0 0 0 0 0 0 0 0 0 0 0 0.123776 0 0 0 0 0 0 0
0 0 0.128179 0 0 0.134487 0 0 0 0.125698 0 0 0 0 0 0.125345 0 0 0 0 0 0 0 0.129174 0 0 0.129256 0 0 0 0 0 0 0 0 0 0 0 0.130782 0 0 0 0 0 0 0 0 0.132188 0 0 0 0 0 0 0 0 0 0 0 0 0 0 0 0 0 0 0.132627 0 0.134585 0 0 0.123087 0 0 0 0 0 0 0 0 0 0 0 0 0 0 0 0 0 0 0 0 0 0 0 0 0 0.12815 0 0.126908
0 0.129243 0 0.132938 0 0 0 0.135076 0 0 0 0.129224 0 0 0 0.132826 0 0 0 0 0 0 0 0 0 0 0.126287 0 0 0 0 0 0 0 0 0 0 0 0 0 0 0.128027 0 0 0 0 0 0 0 0 0.135099 0 0 0 0 0 0 0 0 0.12879 0 0 0 0 0.123536 0 0 0.123466 0 0 0 0 0 0 0 0 0 0 0 0 0 0 0 0 0 0 0 0 0.133057 0.133501 0 0 0 0 0 0 0 0.135405 0.123652 0
0 0 0 0 0 0 0 0 0 0 0.1239 0 0 0 0 0 0 0 0.124823 0 0 0 0 0 0 0 0 0 0 0 0.132412 0.12632 0 0.12866 0.12824 0.130905 0 0 0 0.132211 0 0 0 0 0.123051 0 0.134418 0 0 0 0 0 0 0.133525 0 0 0 0 0 0 0 0 0 0 0 0 0 0 0 0.129744 0 0.12488 0 0 0 0 0 0 0 0 0 0 0 0 0 0 0 0.12909 0 0 0 0 0 0.126365 0 0.12815 0.135405 0 0 0
0 0 0 0 0 0 0 0.126193 0 0.132441 0 0.123622 0 0 0 0 0 0 0 0 0 0 0 0 0 0 0 0 0 0.132219 0.126674 0 0 0 0.131212 0.128657 0 0 0 0 0 0 0 0 0 0.1343 0 0 0 0 0 0 0 0.135399 0 0.13497 0 0 0 0 0.131724 0 0.127329 0.132524 0.130835 0 0 0 0 0 0 0 0.135194 0 0.133622 0 0 0.124584 0.123383 0 0 0 0 0 0 0 0 0 0.129294 0.13025 0 0 0 0.128049 0 0 0.123652 0 0 0
0 0 0 0 0 0 0 0.131603 0 0 0 0 0 0 0 0 0 0 0 0 0 0 0.126945 0 0.131062 0.124374 0 0 0.124317 0 0.128062 0 0 0 0.133942 0 0 0 0.135021 0 0.123805 0 0 0 0 0 0 0 0.127926 0.13315 0 0 0 0 0 0.124612 0 0.123652 0 0 0 0.123932 0 0 0 0 0 0 0 0 0.130319 0 0 0 0 0 0.133903 0 0 0 0.135239 0 0 0 0 0 0 0.124256 0 0.13435 0.131787 0 0 0 0 0.126908 0 0 0 0
