100
0 0.131259 0.123253 0 0 0 0 0 0 0 0 0 0 0.123852 0 0 0 0 0 0 0 0 0 0 0 0 0 0 0 0 0 0 0 0 0 0 0 0 0 0 0 0 0 0 0 0 0 0 0 0 0 0 0 0.132111 0 0 0 0 0 0 0 0 0 0 0 0.124507 0 0 0 0 0.127338 0 0 0 0 0 0 0 0 0 0 0 0 0 0.13017 0.135057 0 0 0 0 0 0 0 0 0 0 0.127194 0 0 0
0.131259 0 0 0 0 0 0 0 0 0.127973 0 0.133505 0 0 0 0 0 0 0.125542 0 0 0 0 0 0 0 0 0 0 0.126023 0 0.12408 0 0 0 0 0 0 0 0 0.135548 0 0 0 0.126506 0 0 0 0 0 0 0 0 0.129607 0 0.131788 0 0 0 0 0 0 0 0.132103 0 0.134237 0 0 0.123612 0 0 0 0 0 0.130882 0 0 0 0 0 0 0 0 0 0.134025 0 0.131011 0 0.126818 0.134052 0 0 0.128307 0 0 0.133001 0.129243 0 0 0
0.123253 0 0 0 0 0 0 0 0 0.135553 0.131112 0 0 0 0.126283 0 0 0 0 0 0 0 0 0 0 0 0 0 0.132171 0 0 0 0.130486 0 0 0 0 0 0 0 0 0.126007 0 0 0.128005 0 0.127313 0 0 0 0 0 0 0 0 0 0 0 0 0.127326 0 0 0.135399 0 0 0 0 0 0 0 0.133401 0 0 0 0 0 0 0 0.128026 0 0 0.132178 0 0 0.1352 0 0 0 0 0 0 0 0 0 0 0.128179 0 0 0 0
0 0 0 0 0 0 0 0 0 0 0.130737 0 0 0 0 0 0 0 0 0 0 0 0 0 0.130425 0 0 0 0 0.125016 0.134653 0 0 0 0 0 0 0 0 0 0 0 0 0 0.135093 0 0 0 0 0.124929 0.130569 0.128845 0 0 0 0 0 0 0.132226 0 0 0.132504 0 0 0 0 0 0 0 0 0.124838 0.125835 0 0 0 0 0 0 0.133223 0 0 0 0 0 0 0.134226 0 0 0 0.133995 0 0 0 0 0 0 0.132938 0 0 0
0 0 0 0 0 0 0 0 0 0 0.13022 0.128262 0 0 0 0 0 0 0 0 0 0 0 0 0 0 0.135142 0.125315 0 0.133881 0 0 0 0 0 0 0 0 0 0 0 0.132248 0 0.131701 0 0 0 0 0 0 0 0 0 0 0 0 0 0 0 0 0 0.125258 0 0.131021 0 0 0 0 0 0 0.12733 0 0 0 0 0.127618 0 0 0 0 0.133538 0 0 0 0 0 0.127631 0.123579 0 0 0 0 0 0 0 0.127153 0.126358 0 0 0
0 0 0 0 0 0 0 0 0 0 0 0 0 0 0 0 0 0 0 0 0 0 0 0 0 0 0.135042 0 0.123011 0.134399 0.133271 0.124557 0 0 0.126781 0.131865 0.12923 0 0 0 0 0 0.133396 0 0.128061 0 0 0.132898 0.130057 0 0 0 0 0 0.127052 0 0 0 0 0 0 0 0 0 0 0 0.133057 0.135124 0 0 0 0 0 0.134969 0 0 0 0.134311 0 0 0 0 0 0 0.133049 0 0 0.132889 0 0 0 0.126483 0 0 0 0 0 0 0 0
0 0 0 0 0 0 0 0 0 0 0 0 0 0 0 0 0 0 0 0 0 0 0.124848 0 0 0.133306 0 0 0.123398 0 0 0 0 0 0 0 0 0 0 0 0 0 0 0 0 0 0 0 0 0.130207 0 0 0 0 0 0 0 0 0 0 0 0 0.129946 0 0 0 0 0 0 0.133643 0 0.126413 0 0 0 0 0 0 0 0 0 0 0 0 0.124932 0 0 0 0 0 0 0 0 0 0.134343 0 0 0 0 0.123071
0 0 0 0 0 0 0 0 0 0.134565 0 0 0 0 0.128462 0 0 0 0 0 0 0 0 0 0 0 0 0 0 0 0 0 0 0 0 0 0 0 0 0 0 0 0 0 0 0 0 0 0 0 0 0 0.132753 0.128072 0 0 0 0 0 0 0 0.135358 0 0.124325 0.126335 0 0 0 0 0 0 0 0 0 0 0 0 0 0 0 0 0.130704 0.123974 0 0 0.134706 0 0 0 0 0 0 0.124928 0 0.135453 0 0.135076 0 0 0
0 0 0 0 0 0 0 0 0 0 0 0 0 0.130743 0 0 0 0 0 0.124128 0.127394 0 0 0 0 0 0.123305 0 0 0.134675 0 0 0 0 0 0.134934 0 0 0 0 0 0 0 0.127968 0 0 0.133579 0 0 0 0 0 0 0 0.134489 0 0 0 0 0 0 0 0 0 0 0 0 0 0.129753 0 0.124319 0 0 0 0 0 0 0 0.123914 0.123609 0 0 0 0 0 0 0 0 0 0 0 0 0 0 0.134659 0 0 0 0 0
0 0.127973 0.135553 0 0 0 0 0.134565 0 0 0 0 0 0 0 0 0 0 0 0 0 0 0 0 0 0 0 0 0.127445 0 0 0 0 0 0 0 0 0 0.125048 0 0 0 0 0 0 0 0.128143 0 0 0 0 0 0 0 0 0 0 0 0 0 0 0 0 0 0 0 0 0 0 0 0 0 0 0 0 0 0 0 0.123964 0.128096 0 0 0 0.134149 0 0 0 0 0 0.126469 0 0 0 0 0 0.125698 0 0 0.132441 0
0 0 0.131112 0.130737 0.13022 0 0 0 0 0 0 0 0 0 0 0 0 0 0 0 0 0.13514 0 0 0 0 0 0 0 0 0 0 0 0 0 0 0 0 0 0 0 0 0 0.131819 0 0 0 0 0 0 0.127206 0 0 0 0 0 0 0.132292 0 0 0 0 0.132248 0 0.125496 0 0 0 0 0 0 0 0 0 0.133029 0 0 0 0 0 0 0 0 0 0 0 0 0 0.125118 0 0.13374 0 0 0 0 0 0 0 0 0
0 0.133505 0 0 0.128262 0 0 0 0 0 0 0 0 0 0 0.129378 0 0 0 0.128806 0 0 0 0.127281 0 0 0 0 0 0.12613 0 0.133718 0 0 0 0 0.129218 0.124371 0 0 0 0 0 0 0 0.131334 0 0 0 0 0 0 0 0 0 0 0 0 0 0 0.12454 0 0 0 0 0 0 0 0 0 0.126869 0.135044 0 0.133874 0 0 0 0 0 0 0 0 0 0 0 0.128238 0 0 0 0 0.133043 0 0 0 0 0.128017 0 0 0.123622 0
0 0 0 0 0 0 0 0 0 0 0 0 0 0 0 0 0.125747 0 0 0 0.131342 0 0.123235 0.128074 0.132652 0 0 0 0 0 0 0 0 0 0 0 0 0.133209 0 0 0 0.134705 0 0 0.131159 0 0 0 0 0.125371 0 0 0 0 0.129545 0 0 0 0 0 0 0 0 0 0 0 0 0 0 0 0 0.129301 0 0 0 0 0.123515 0 0.133784 0 0 0 0 0.130837 0 0 0 0 0 0 0 0 0 0 0.126331 0 0 0 0 0
0.123852 0 0 0 0 0 0 0 0.130743 0 0 0 0 0 0 0 0 0 0 0 0 0 0 0.131182 0 0 0 0 0.132 0 0 0 0 0.129427 0 0 0 0 0 0 0 0 0 0 0 0 0 0 0 0 0.135159 0.13496 0 0 0 0 0 0 0 0 0 0 0 0 0 0 0 0 0 0.128764 0 0 0 0.131463 0 0.12468 0 0 0.132336 0.124587 0 0 0 0 0 0 0 0 0 0.127777 0.130037 0 0.125929 0 0.129646 0 0.130498 0 0.130179 0
0 0 0.126283 0 0 0 0 0.128462 0 0 0 0 0 0 0 0 0 0.125248 0 0 0 0 0 0 0.130443 0 0 0.130628 0 0 0.126758 0.129027 0 0.124728 0 0 0 0 0 0.123743 0 0 0 0.13503 0 0 0 0 0 0 0 0 0 0 0 0 0 0 0.123872 0 0 0 0 0 0 0 0 0 0 0 0.124143 0 0 0 0 0.127842 0 0 0.133668 0 0 0 0 0 0.124062 0.123079 0 0 0 0 0 0 0 0 0 0 0 0 0 0
0 0 0 0 0 0 0 0 0 0 0 0.129378 0 0 0 0 0.134648 0 0 0 0 0 0 0 0 0 0 0 0 0 0 0 0 0 0 0.123139 0 0.127588 0 0 0 0.12303 0 0 0 0 0 0 0 0 0.126762 0 0 0 0.129406 0 0 0.124056 0 0 0.130731 0 0 0 0 0 0 0 0 0 0 0 0 0 0 0 0 0.133019 0 0 0 0 0 0 0 0 0 0 0 0 0.127081 0.129403 0 0 0.131133 0.125345 0 0 0 0
0 0 0 0 0 0 0 0 0 0 0 0 0.125747 0 0 0.134648 0 0 0 0 0 0.132559 0 0 0 0 0 0 0 0.127338 0 0 0 0 0 0 0 0 0.127936 0 0 0 0.125686 0 0 0.131863 0 0 0 0 0 0.12395 0 0.126914 0 0 0 0 0.135521 0 0 0 0 0 0.13375 0 0 0 0 0 0 0 0 0 0 0 0 0 0 0 0 0.124749 0 0 0 0 0 0 0 0 0 0.134568 0.126104 0 0 0 0 0 0 0
0 0 0 0 0 0 0 0 0 0 0 0 0 0 0.125248 0 0 0 0 0 0 0.129654 0 0 0 0 0 0 0.126434 0 0 0 0 0 0 0 0 0.132101 0.12313 0 0 0 0 0.127677 0 0 0 0.128726 0.123129 0 0 0 0 0 0 0 0 0 0 0 0 0 0.124598 0 0 0 0 0 0.129154 0 0 0 0 0 0 0.126643 0 0 0 0.125361 0 0 0 0.13475 0 0 0 0 0 0 0 0 0 0 0 0 0 0 0 0
0 0.125542 0 0 0 0 0 0 0 0 0 0 0 0 0 0 0 0 0 0 0 0 0 0 0.123592 0 0 0 0.130713 0 0 0 0.130791 0.128627 0 0.131926 0 0 0 0.12721 0 0 0 0 0.132224 0.132033 0 0 0.134181 0 0 0.126979 0 0.124428 0 0 0 0 0 0 0.12599 0.123209 0 0 0 0 0 0 0 0 0 0 0 0 0 0 0 0 0 0.131833 0 0 0 0 0.132843 0 0 0 0 0.125693 0 0 0 0 0.125289 0 0 0 0 0
0 0 0 0 0 0 0 0 0.124128 0 0 0.128806 0 0 0 0 0 0 0 0 0 0 0 0 0 0 0 0 0 0.123507 0 0 0.128608 0 0 0 0 0 0 0 0 0 0 0 0.13335 0 0 0 0 0 0 0 0 0.128348 0 0 0.132104 0 0 0 0 0 0 0 0 0 0 0 0.131142 0 0.132196 0 0 0 0 0.134179 0 0 0.134248 0 0 0 0.128196 0 0 0 0 0.126665 0 0 0 0 0 0.131212 0 0 0 0.126847 0 0
0 0 0 0 0 0 0 0 0.127394 0 0 0 0.131342 0 0 0 0 0 0 0 0 0 0.123603 0 0.122975 0 0 0 0 0 0 0 0 0.12809 0 0 0 0 0 0 0 0 0 0 0 0 0 0 0.132581 0 0 0 0 0 0 0 0 0 0 0 0.134305 0.132417 0.123595 0.13299 0 0 0 0 0 0 0 0 0 0 0 0 0.127941 0 0 0 0 0 0 0 0 0 0 0 0 0 0 0 0.130359 0 0 0 0 0 0 0
0 0 0 0 0 0 0 0 0 0 0.13514 0 0 0 0 0 0.132559 0.129654 0 0 0 0 0.123241 0 0 0.132776 0 0 0 0 0.130887 0.133473 0 0 0 0 0 0 0 0 0 0 0 0 0 0 0 0.131527 0 0 0 0 0.124446 0 0 0 0 0 0 0 0 0 0 0 0 0 0 0 0 0 0 0 0 0.127447 0 0 0 0 0 0 0.132644 0 0 0 0.129004 0.134395 0 0 0 0 0 0 0.133557 0 0 0 0 0 0 0
0 0 0 0 0 0 0.124848 0 0 0 0 0 0.123235 0 0 0 0 0 0 0 0.123603 0.123241 0 0 0.134679 0 0 0 0 0 0 0.130086 0 0 0.131706 0 0 0 0 0 0 0 0 0 0 0 0 0 0 0 0 0 0 0.129465 0 0 0 0 0 0 0 0.12669 0 0.131609 0 0 0.123494 0 0 0 0 0 0 0 0 0 0 0 0 0 0 0 0 0 0 0 0 0 0 0 0 0.127083 0 0 0.130419 0 0 0 0 0.126945
0 0 0 0 0 0 0 0 0 0 0 0.127281 0.128074 0.131182 0 0 0 0 0 0 0 0 0 0 0 0 0 0.124247 0.127546 0 0 0 0 0.130065 0.126589 0 0 0.134363 0 0 0 0 0 0 0 0 0 0 0 0 0 0 0 0 0 0 0 0 0 0 0.127199 0 0 0 0.133982 0.128528 0.131898 0.129249 0 0.134959 0.128285 0 0 0 0 0 0 0.123779 0 0 0 0 0 0 0 0.133883 0 0 0 0.132163 0 0 0 0 0.134029 0.129174 0.127647 0 0 0.134858
0 0 0 0.130425 0 0 0 0 0 0 0 0 0.132652 0 0.130443 0 0 0 0.123592 0 0.122975 0 0.134679 0 0 0 0 0 0 0 0 0 0.13326 0 0 0 0 0 0 0 0 0 0.129671 0.133936 0 0 0 0 0.128127 0 0 0 0 0 0 0 0 0 0 0 0 0 0 0 0 0.124175 0.129466 0 0 0.132421 0 0 0 0 0 0 0 0 0 0 0 0.126571 0 0 0 0.125285 0 0.128998 0 0 0 0 0 0 0 0 0 0 0 0.131062
0 0 0 0 0 0 0.133306 0 0 0 0 0 0 0 0 0 0 0 0 0 0 0.132776 0 0 0 0 0 0 0 0 0 0 0.129831 0.129082 0 0 0 0 0 0.131258 0.131701 0 0 0 0 0.133984 0 0 0 0 0.132324 0.131732 0 0 0 0 0 0 0.129739 0 0 0 0.132665 0 0.133974 0 0 0 0 0 0 0 0 0 0.13024 0 0 0 0 0 0 0 0 0 0 0 0 0 0 0.129443 0 0 0 0 0 0 0 0 0 0
0 0 0 0 0.135142 0.135042 0 0 0.123305 0 0 0 0 0 0 0 0 0 0 0 0 0 0 0 0 0 0 0 0 0 0.13116 0 0 0.130043 0 0 0 0 0 0.13254 0 0 0.125735 0 0 0 0.124496 0 0 0 0 0 0 0 0 0.13267 0 0 0 0 0 0 0 0.129513 0 0 0 0 0 0 0 0.13171 0 0 0 0 0 0 0 0 0 0 0 0 0 0 0 0 0 0 0 0 0.132071 0.126654 0 0 0 0 0 0
0 0 0 0 0.125315 0 0 0 0 0 0 0 0 0 0.130628 0 0 0 0 0 0 0 0 0.124247 0 0 0 0 0 0 0.125984 0 0 0.133845 0 0 0 0 0 0 0 0 0 0 0 0 0 0 0 0 0 0 0 0 0 0 0 0.127665 0 0 0.129914 0 0 0 0 0 0.128245 0 0 0.130374 0 0.134046 0.127773 0 0.126754 0 0 0.131362 0.126227 0 0 0 0.128895 0 0 0.129381 0 0 0 0 0 0 0.127931 0 0 0 0 0 0 0
0 0 0.132171 0 0 0.123011 0.123398 0 0 0.127445 0 0 0 0.132 0 0 0 0.126434 0.130713 0 0 0 0 0.127546 0 0 0 0 0 0 0.134596 0 0 0 0.133044 0 0.135483 0.134981 0 0 0 0 0 0 0 0 0 0 0 0 0 0 0 0 0 0.125401 0 0.134449 0 0 0 0 0 0 0 0 0 0 0 0 0 0 0 0 0 0 0 0 0 0 0 0 0 0 0 0.123994 0 0 0 0.133343 0 0 0 0.12942 0 0 0 0 0 0.124317
0 0.126023 0 0.125016 0.133881 0.134399 0 0 0.134675 0 0 0.12613 0 0 0 0 0.127338 0 0 0.123507 0 0 0 0 0 0 0 0 0 0 0 0 0 0 0 0 0 0 0.127402 0 0 0 0 0 0.131068 0 0 0 0 0 0 0 0 0 0.129775 0 0 0.135215 0.128731 0 0 0 0 0 0 0.135232 0 0 0.125662 0 0 0 0.125264 0 0 0 0 0 0 0 0 0 0 0 0 0 0 0 0.129626 0.129693 0 0.127678 0 0 0 0 0 0 0.132219 0.125629
0 0 0 0.134653 0 0.133271 0 0 0 0 0 0 0 0 0.126758 0 0 0 0 0 0 0.130887 0 0 0 0 0.13116 0.125984 0.134596 0 0 0 0 0 0.124668 0 0 0 0.130969 0 0 0 0 0 0 0 0 0 0 0 0 0 0 0 0 0.126285 0 0 0 0 0 0 0 0 0 0 0.126675 0.127099 0.132363 0 0 0 0 0 0.123497 0 0 0 0.133987 0 0 0 0 0 0 0.127837 0 0 0 0 0 0 0 0 0 0 0 0 0 0.128062
0 0.12408 0 0 0 0.124557 0 0 0 0 0 0.133718 0 0 0.129027 0 0 0 0 0 0 0.133473 0.130086 0 0 0 0 0 0 0 0 0 0 0 0 0 0.125405 0 0.125513 0 0 0 0 0 0 0 0 0.130561 0 0 0 0.126128 0 0 0 0 0 0 0 0 0 0 0.133774 0 0 0 0 0 0 0 0 0 0 0.123271 0 0 0 0 0.131983 0 0 0 0 0 0 0 0 0 0 0 0 0.131977 0.127014 0 0 0 0 0 0 0
0 0 0.130486 0 0 0 0 0 0 0 0 0 0 0 0 0 0 0 0.130791 0.128608 0 0 0 0 0.13326 0.129831 0 0 0 0 0 0 0 0 0.132351 0.129713 0.1254 0 0 0 0 0 0 0 0 0.134763 0 0 0 0.126613 0 0 0 0 0.133615 0 0 0 0 0 0 0 0 0 0 0 0 0 0.129097 0 0 0 0.124165 0.123519 0.124285 0 0 0 0 0 0.125062 0 0 0 0.132038 0 0 0 0 0 0 0 0 0 0 0 0 0 0 0
0 0 0 0 0 0 0 0 0 0 0 0 0 0.129427 0.124728 0 0 0 0.128627 0 0.12809 0 0 0.130065 0 0.129082 0.130043 0.133845 0 0 0 0 0 0 0 0 0 0 0 0 0 0 0 0 0 0 0 0 0.132069 0 0 0 0 0 0 0 0 0 0 0.124832 0 0 0 0 0 0 0 0 0 0 0 0 0 0 0 0 0 0.125982 0 0 0 0 0 0 0 0 0 0 0 0 0 0.128976 0 0 0 0 0 0.12866 0 0
0 0 0 0 0 0.126781 0 0 0 0 0 0 0 0 0 0 0 0 0 0 0 0 0.131706 0.126589 0 0 0 0 0.133044 0 0.124668 0 0.132351 0 0 0 0.130489 0 0 0 0 0.127424 0 0.125435 0 0 0 0 0 0 0 0 0 0 0 0 0 0 0.133403 0.130974 0 0 0 0 0 0.13298 0 0 0 0 0 0 0 0 0 0 0.133101 0 0 0.131015 0 0 0 0 0 0 0 0 0 0 0 0.12357 0 0 0 0 0 0 0.131212 0
0 0 0 0 0 0.131865 0 0 0.134934 0 0 0 0 0 0 0.123139 0 0 0.131926 0 0 0 0 0 0 0 0 0 0 0 0 0 0.129713 0 0 0 0 0 0 0 0 0 0 0 0 0 0 0 0 0 0 0 0 0.123508 0 0 0 0 0 0.125546 0.133669 0 0 0 0.131628 0 0 0.12826 0.127566 0 0 0 0.125991 0 0 0 0.129602 0 0 0.133657 0 0 0 0.127744 0 0.134563 0.126995 0 0 0.132366 0 0 0 0 0.134888 0 0 0.130905 0 0
0 0 0 0 0 0.12923 0 0 0 0 0 0.129218 0 0 0 0 0 0 0 0 0 0 0 0 0 0 0 0 0.135483 0 0 0.125405 0.1254 0 0.130489 0 0 0 0 0 0 0 0 0 0 0 0 0 0 0 0 0 0 0 0 0 0 0 0 0 0 0 0 0 0 0 0 0 0 0 0 0 0 0 0 0.128013 0 0 0 0.125094 0 0 0 0 0 0 0 0 0 0 0.135464 0 0 0 0.123716 0 0 0 0 0
0 0 0 0 0 0 0 0 0 0 0 0.124371 0.133209 0 0 0.127588 0 0.132101 0 0 0 0 0 0.134363 0 0 0 0 0.134981 0 0 0 0 0 0 0 0 0 0 0.129159 0 0 0 0 0 0.128872 0 0 0.123001 0.13409 0.127916 0 0 0 0 0 0 0 0 0 0 0 0.130518 0 0 0 0 0 0 0 0 0 0 0 0 0 0.126839 0.133306 0 0 0 0 0 0 0 0.124229 0.123525 0 0 0.124079 0.132569 0 0.134973 0 0 0 0 0 0 0
0 0 0 0 0 0 0 0 0 0.125048 0 0 0 0 0 0 0.127936 0.12313 0 0 0 0 0 0 0 0 0 0 0 0.127402 0.130969 0.125513 0 0 0 0 0 0 0 0 0 0 0 0 0 0 0 0 0 0 0 0 0.131204 0 0 0 0 0 0.125457 0 0 0 0 0 0 0 0 0 0.1313 0 0 0.13 0 0 0 0 0.130295 0 0 0 0.12622 0.133193 0 0 0 0 0 0 0 0 0 0 0 0 0 0.130782 0 0 0 0.135021
0 0 0 0 0 0 0 0 0 0 0 0 0 0 0.123743 0 0 0 0.12721 0 0 0 0 0 0 0.131258 0.13254 0 0 0 0 0 0 0 0 0 0 0.129159 0 0 0 0 0 0 0 0 0.130791 0 0 0.134625 0 0 0 0 0 0 0 0.129071 0 0 0 0.129933 0 0 0 0 0 0 0 0 0 0 0 0 0.124362 0 0 0 0 0 0 0 0 0 0.124708 0 0 0 0 0 0 0 0 0 0 0 0 0 0 0
0 0.135548 0 0 0 0 0 0 0 0 0 0 0 0 0 0 0 0 0 0 0 0 0 0 0 0.131701 0 0 0 0 0 0 0 0 0 0 0 0 0 0 0 0 0 0 0 0 0 0 0 0 0 0 0 0 0 0 0 0 0 0 0 0.124346 0.124933 0 0.13108 0 0 0 0 0 0 0 0 0 0 0.132879 0.131419 0 0 0 0 0 0 0 0.130108 0 0.125275 0 0 0 0 0 0 0 0 0 0 0 0 0.123805
0 0 0.126007 0 0.132248 0 0 0 0 0 0 0 0.134705 0 0 0.12303 0 0 0 0 0 0 0 0 0 0 0 0 0 0 0 0 0 0 0.127424 0 0 0 0 0 0 0 0 0 0.134301 0 0 0 0 0.13426 0 0 0 0 0 0 0 0 0.134836 0.127087 0 0 0 0 0 0 0.127678 0 0.1323 0.132002 0 0 0 0 0 0 0 0 0 0 0 0 0 0 0 0 0 0 0 0 0 0 0 0 0 0 0.128027 0 0 0
0 0 0 0 0 0.133396 0 0 0 0 0 0 0 0 0 0 0.125686 0 0 0 0 0 0 0 0.129671 0 0.125735 0 0 0 0 0 0 0 0 0 0 0 0 0 0 0 0 0 0.13133 0 0.12521 0.134691 0 0 0 0.126561 0.134898 0.126436 0 0 0 0.127244 0 0 0 0 0 0 0.124126 0 0 0 0 0 0 0 0 0 0 0 0 0 0.133989 0 0 0 0 0.127186 0 0 0.12802 0 0 0 0.131016 0 0 0 0 0 0 0 0 0
0 0 0 0 0.131701 0 0 0 0.127968 0 0.131819 0 0 0 0.13503 0 0 0.127677 0 0 0 0 0 0 0.133936 0 0 0 0 0 0 0 0 0 0.125435 0 0 0 0 0 0 0 0 0 0 0 0 0 0 0 0 0 0.127772 0 0 0 0 0 0 0.131456 0 0 0.127975 0.128118 0 0 0 0 0 0.130463 0 0 0.127813 0 0 0.132825 0 0 0 0 0.135074 0 0 0 0 0.130933 0 0 0 0 0 0 0 0 0 0.12945 0 0 0 0
0 0.126506 0.128005 0.135093 0 0.128061 0 0 0 0 0 0 0.131159 0 0 0 0 0 0.132224 0.13335 0 0 0 0 0 0 0 0 0 0.131068 0 0 0 0 0 0 0 0 0 0 0 0.134301 0.13133 0 0 0.132537 0 0 0 0.128345 0 0.130533 0 0 0 0 0 0 0 0 0 0 0.124562 0 0 0.127148 0 0 0.132927 0 0 0 0 0 0 0 0 0 0 0 0 0 0 0 0.124188 0 0 0 0.134942 0 0 0.124518 0 0 0 0 0 0.123051 0 0.123077
0 0 0 0 0 0 0 0 0 0 0 0.131334 0 0 0 0 0.131863 0 0.132033 0 0 0 0 0 0 0.133984 0 0 0 0 0 0 0.134763 0 0 0 0 0.128872 0 0 0 0 0 0 0.132537 0 0 0 0 0 0 0 0 0.127515 0 0 0 0 0.134932 0.12822 0.12705 0 0 0 0 0 0.132264 0 0 0.124063 0 0 0 0 0 0 0 0 0 0 0 0 0 0 0 0 0.129587 0 0 0 0 0 0.128708 0.133354 0 0 0 0 0 0
0 0 0.127313 0 0 0 0 0 0.133579 0.128143 0 0 0 0 0 0 0 0 0 0 0 0 0 0 0 0 0.124496 0 0 0 0 0 0 0 0 0 0 0 0 0.130791 0 0 0.12521 0 0 0 0 0 0 0 0.133671 0.135433 0 0 0 0.135076 0 0 0 0 0.129832 0.123518 0 0 0 0 0 0 0 0 0 0 0 0.126996 0 0 0 0 0 0 0 0.126141 0 0 0 0 0 0.129119 0 0.126091 0 0 0.124548 0 0 0 0 0.134418 0 0
0 0 0 0 0 0.132898 0 0 0 0 0 0 0 0 0 0 0 0.128726 0 0 0 0.131527 0 0 0 0 0 0 0 0 0 0.130561 0 0 0 0 0 0 0 0 0 0 0.134691 0 0 0 0 0 0 0 0.128091 0.134371 0 0 0 0.131264 0 0 0 0 0 0 0 0 0 0 0 0 0.132199 0 0.134289 0 0 0.126628 0.130974 0 0 0 0 0.132516 0 0 0 0 0 0 0 0 0 0 0 0 0 0 0 0.132188 0 0 0 0.134391
0 0 0 0 0 0.130057 0 0 0 0 0 0 0 0 0 0 0 0.123129 0.134181 0 0.132581 0 0 0 0.128127 0 0 0 0 0 0 0 0 0.132069 0 0 0 0.123001 0 0 0 0 0 0 0 0 0 0 0 0 0.132958 0 0 0 0.124492 0 0.123029 0 0 0 0 0 0.128829 0 0 0 0.125041 0 0 0 0 0 0 0 0 0.129457 0 0 0 0.128956 0 0 0 0 0 0.127224 0 0 0 0 0 0.128035 0 0.129469 0 0 0 0 0 0
0 0 0 0.124929 0 0 0.130207 0 0 0 0 0 0.125371 0 0 0 0 0 0 0 0 0 0 0 0 0 0 0 0 0 0 0 0.126613 0 0 0 0 0.13409 0 0.134625 0 0.13426 0 0 0.128345 0 0 0 0 0 0 0 0.12989 0 0 0 0 0 0 0 0.133665 0.133292 0 0 0 0 0 0 0 0 0 0 0 0 0 0 0 0 0 0 0 0 0 0 0.128479 0 0 0 0 0 0 0 0 0 0 0 0.125443 0 0 0
0 0 0 0.130569 0 0 0 0 0 0 0.127206 0 0 0.135159 0 0.126762 0 0 0 0 0 0 0 0 0 0.132324 0 0 0 0 0 0 0 0 0 0 0 0.127916 0 0 0 0 0 0 0 0 0.133671 0.128091 0.132958 0 0 0.134537 0 0.132511 0.130653 0 0 0 0.129358 0 0 0.129799 0 0 0.132057 0.125909 0 0 0 0 0 0 0 0 0 0 0 0 0 0 0 0 0 0 0 0 0 0 0 0.127389 0 0.123767 0 0 0 0 0 0 0 0
0 0 0 0.128845 0 0 0 0 0 0 0 0 0 0.13496 0 0 0.12395 0 0.126979 0 0 0 0 0 0 0.131732 0 0 0 0 0 0.126128 0 0 0 0 0 0 0 0 0 0 0.126561 0 0.130533 0 0.135433 0.134371 0 0 0.134537 0 0 0 0 0 0 0.124042 0 0.126995 0 0 0 0 0 0 0 0 0 0 0 0 0 0 0 0 0.127008 0 0 0 0 0 0.1295 0 0.126082 0 0 0 0 0 0 0 0 0 0 0 0 0 0 0
0 0 0 0 0 0 0 0.132753 0 0 0 0 0 0 0 0 0 0 0 0 0 0.124446 0 0 0 0 0 0 0 0 0 0 0 0 0 0 0 0 0.131204 0 0 0 0.134898 0.127772 0 0 0 0 0 0.12989 0 0 0 0.131951 0.128967 0 0 0.132041 0 0.135157 0 0 0 0.128412 0 0 0 0 0 0.134024 0 0 0.134108 0 0 0 0 0.134623 0 0 0 0 0 0.123512 0 0 0 0 0 0 0 0 0 0 0 0.12344 0 0 0.125564 0
0.132111 0.129607 0 0 0 0 0 0.128072 0 0 0 0 0 0 0 0 0.126914 0 0.124428 0.128348 0 0 0.129465 0 0 0 0 0 0 0 0 0 0 0 0 0.123508 0 0 0 0 0 0 0.126436 0 0 0.127515 0 0 0 0 0.132511 0 0.131951 0 0 0 0 0 0 0 0.131304 0 0 0.130717 0 0.127232 0 0.126141 0 0.124989 0.124148 0 0 0.132515 0 0 0 0 0 0 0 0 0 0 0 0 0 0 0 0 0 0 0.130067 0 0 0 0 0 0.135399 0
0 0 0 0 0 0.127052 0 0 0.134489 0 0 0 0.129545 0 0 0.129406 0 0 0 0 0 0 0 0 0 0 0 0 0 0.129775 0 0 0.133615 0 0 0 0 0 0 0 0 0 0 0 0 0 0 0 0.124492 0 0.130653 0 0.128967 0 0 0 0 0 0 0 0 0.127122 0 0 0 0.124157 0 0 0 0 0 0 0.128929 0 0 0 0.126249 0 0 0 0.130334 0 0 0 0 0 0 0.131707 0 0 0 0 0 0 0 0 0 0 0 0
0 0.131788 0 0 0 0 0 0 0 0 0 0 0 0 0 0 0 0 0 0 0 0 0 0 0 0 0.13267 0 0.125401 0 0.126285 0 0 0 0 0 0 0 0 0 0 0 0 0 0 0 0.135076 0.131264 0 0 0 0 0 0 0 0 0 0 0 0 0 0 0 0 0 0 0 0 0 0 0 0 0.131088 0 0 0 0.123212 0 0 0 0 0 0 0 0 0 0 0 0 0 0.129416 0 0.123169 0 0 0 0 0.123536 0 0
0 0 0 0 0 0 0 0 0 0 0 0 0 0 0 0 0 0 0 0.132104 0 0 0 0 0 0 0 0 0 0 0 0 0 0 0 0 0 0 0 0 0 0 0 0 0 0 0 0 0.123029 0 0 0 0 0 0 0 0 0 0.135136 0 0 0 0 0 0 0 0 0.127575 0.129379 0 0 0 0 0.123891 0.130615 0 0 0 0 0 0.129457 0 0 0 0 0 0 0 0 0 0 0 0.128071 0 0 0 0 0 0 0
0 0 0 0 0 0 0 0 0 0 0.132292 0 0 0 0 0.124056 0 0 0 0 0 0 0 0 0 0 0 0.127665 0.134449 0.135215 0 0 0 0 0 0 0 0 0 0.129071 0 0 0.127244 0 0 0 0 0 0 0 0 0.124042 0.132041 0 0 0 0 0 0.131019 0 0 0 0 0 0 0.13425 0 0.13352 0 0 0 0 0.134606 0 0 0 0 0 0 0 0 0 0 0 0 0 0 0 0 0 0 0 0 0 0 0.123121 0 0 0 0.123652
0 0 0 0.132226 0 0 0 0 0 0 0 0 0 0 0.123872 0 0.135521 0 0 0 0 0 0 0 0 0.129739 0 0 0 0.128731 0 0 0 0 0.133403 0 0 0 0.125457 0 0 0.134836 0 0 0 0.134932 0 0 0 0 0.129358 0 0 0 0 0 0.135136 0.131019 0 0 0 0 0 0.12678 0 0 0 0 0 0 0 0 0 0 0.123541 0 0.130697 0 0 0 0 0 0 0 0.129609 0 0 0.134028 0 0 0 0.130518 0 0 0 0 0 0.135404 0 0
0 0 0.127326 0 0 0 0 0 0 0 0 0 0 0 0 0 0 0 0 0 0 0 0 0 0 0 0 0 0 0 0 0 0 0.124832 0.130974 0.125546 0 0 0 0 0 0.127087 0 0.131456 0 0.12822 0 0 0 0 0 0.126995 0.135157 0 0 0 0 0 0 0 0 0 0 0.127781 0 0 0 0.124652 0 0 0 0 0 0 0 0 0 0 0 0 0 0 0 0 0 0 0 0 0 0 0 0 0 0 0 0.127786 0 0 0 0
0 0 0 0 0 0 0 0 0 0 0 0.12454 0 0 0 0.130731 0 0 0.12599 0 0.134305 0 0 0.127199 0 0 0 0.129914 0 0 0 0 0 0 0 0.133669 0 0 0 0 0 0 0 0 0 0.12705 0.129832 0 0 0.133665 0 0 0 0.131304 0 0 0 0 0 0 0 0 0 0 0 0 0 0 0 0.124505 0 0 0 0 0 0 0 0 0 0.131828 0 0 0.128905 0 0 0 0 0 0 0 0 0 0 0 0 0 0 0 0.131724 0
0 0 0 0.132504 0.125258 0 0 0.135358 0 0 0 0 0 0 0 0 0 0 0.123209 0 0.132417 0 0.12669 0 0 0 0 0 0 0 0 0 0 0 0 0 0 0 0 0.129933 0.124346 0 0 0 0 0 0.123518 0 0 0.133292 0.129799 0 0 0 0.127122 0 0 0 0 0 0 0 0 0 0 0 0 0 0 0 0 0 0 0 0 0.133478 0 0 0 0 0 0.127211 0 0 0.12981 0 0 0.133788 0 0 0 0.123846 0 0.123041 0.127553 0 0 0 0 0.123932
0 0 0.135399 0 0 0 0.129946 0 0 0 0.132248 0 0 0 0 0 0 0.124598 0 0 0.123595 0 0 0 0 0.132665 0 0 0 0 0 0.133774 0 0 0 0 0 0.130518 0 0 0.124933 0 0 0.127975 0.124562 0 0 0 0.128829 0 0 0 0 0 0 0 0 0 0 0 0 0 0 0 0 0 0 0 0 0.132925 0 0 0 0 0 0 0 0 0 0 0 0 0 0 0.131443 0.132061 0 0 0.132095 0 0 0 0 0 0 0 0 0 0.127329 0
0 0.132103 0 0 0.131021 0 0 0.124325 0 0 0 0 0 0 0 0 0 0 0 0 0.13299 0 0.131609 0 0 0 0.129513 0 0 0 0 0 0 0 0 0 0 0 0 0 0 0 0 0.128118 0 0 0 0 0 0 0 0 0.128412 0.130717 0 0 0 0 0.12678 0.127781 0 0 0 0 0 0 0 0 0 0 0.123308 0 0 0 0 0 0 0 0 0.126598 0 0 0 0 0 0.13154 0 0 0 0 0.129766 0 0 0.130689 0 0 0 0 0 0
0 0 0 0 0 0 0 0.126335 0 0 0.125496 0 0 0 0 0 0.13375 0 0 0 0 0 0 0.133982 0 0.133974 0 0 0 0 0 0 0 0 0 0.131628 0 0 0 0 0.13108 0 0.124126 0 0 0 0 0 0 0 0.132057 0 0 0 0 0 0 0 0 0 0 0 0 0 0 0 0 0 0 0 0 0 0 0 0 0 0 0 0.133208 0 0 0 0 0 0 0 0 0 0.130729 0.134776 0 0 0 0 0 0 0 0 0 0
0.124507 0.134237 0 0 0 0 0 0 0 0 0 0 0 0 0 0 0 0 0 0 0 0 0 0.128528 0.124175 0 0 0 0 0.135232 0 0 0 0 0.13298 0 0 0 0 0 0 0 0 0 0.127148 0 0 0 0 0 0.125909 0 0 0.127232 0.124157 0 0 0.13425 0 0 0 0 0 0 0 0 0.126054 0 0.125907 0 0 0 0 0 0 0.13359 0 0 0.135207 0 0 0 0 0 0 0.132828 0.127739 0.124246 0.128775 0 0 0.129686 0 0 0.126738 0 0 0 0 0
0 0 0 0 0 0.133057 0 0 0 0 0 0 0 0 0 0 0 0 0 0 0 0 0.123494 0.131898 0.129466 0 0 0.128245 0 0 0.126675 0 0 0 0 0 0 0 0 0 0 0.127678 0 0 0 0.132264 0 0 0.125041 0 0 0 0 0 0 0 0 0 0 0 0 0 0 0 0 0.126054 0 0.124132 0 0.126399 0.131437 0 0 0 0 0.124102 0.12783 0 0.131856 0 0.131328 0 0 0 0 0 0 0 0 0 0 0 0 0 0 0.132627 0 0 0 0
0 0 0 0 0 0.135124 0 0 0 0 0 0 0 0 0 0 0 0 0 0 0 0 0 0.129249 0 0 0 0 0 0 0.127099 0 0 0 0 0.12826 0 0 0 0 0 0 0 0 0 0 0 0 0 0 0 0 0 0.126141 0 0 0.127575 0.13352 0 0.124652 0 0 0 0 0 0 0.124132 0 0 0 0.128784 0 0 0 0 0 0.129956 0 0 0 0 0 0.13233 0 0 0 0 0 0 0 0 0 0 0 0 0 0.123466 0 0 0
0 0.123612 0 0 0 0 0 0 0.129753 0 0 0 0 0 0 0 0 0.129154 0 0.131142 0 0 0 0 0 0 0 0 0 0.125662 0.132363 0 0.129097 0 0 0.127566 0 0 0.1313 0 0 0.1323 0 0 0.132927 0 0 0.132199 0 0 0 0 0 0 0 0 0.129379 0 0 0 0 0 0 0 0 0.125907 0 0 0 0.135576 0 0 0 0 0 0.128798 0 0 0 0 0 0.135507 0 0 0 0.123886 0 0 0 0.128218 0 0.135131 0 0 0 0.134585 0 0 0 0
0 0 0 0 0 0 0.133643 0 0 0 0 0 0 0.128764 0 0 0 0 0 0 0 0 0 0.134959 0.132421 0 0 0.130374 0 0 0 0 0 0 0 0 0 0 0 0 0 0.132002 0 0.130463 0 0.124063 0 0 0 0 0 0 0.134024 0.124989 0 0 0 0 0 0 0.124505 0 0.132925 0 0 0 0.126399 0 0.135576 0 0 0 0 0 0 0 0 0 0 0 0 0 0 0 0 0 0 0.133493 0 0.12358 0 0.125773 0.126753 0 0 0 0 0 0 0
0.127338 0 0.133401 0.124838 0.12733 0 0 0 0.124319 0 0 0.126869 0 0 0.124143 0 0 0 0 0.132196 0 0 0 0.128285 0 0 0 0 0 0 0 0 0 0 0 0 0 0 0 0 0 0 0 0 0 0 0 0.134289 0 0 0 0 0 0.124148 0 0 0 0 0 0 0 0 0 0.123308 0 0 0.131437 0.128784 0 0 0 0 0.125228 0 0 0 0 0 0 0 0 0 0 0.123969 0 0 0 0 0.125388 0 0 0 0 0 0 0 0 0 0 0
0 0 0 0.125835 0 0 0.126413 0 0 0 0 0.135044 0.129301 0 0 0 0 0 0 0 0 0 0 0 0 0 0.13171 0.134046 0 0 0 0 0 0 0 0 0 0 0.13 0 0 0 0 0 0 0 0 0 0 0 0 0 0 0 0 0 0 0 0 0 0 0 0 0 0 0 0 0 0 0 0 0 0 0 0 0 0 0 0 0 0 0.123676 0.128307 0 0 0 0 0 0 0 0 0 0 0 0 0 0.125672 0.12488 0 0
0 0 0 0 0 0 0 0 0 0 0 0 0 0 0 0 0 0 0 0 0 0 0 0 0 0 0 0.127773 0 0.125264 0 0 0.124165 0 0 0.125991 0 0 0 0 0 0 0 0.127813 0 0 0 0 0 0 0 0 0.134108 0 0.128929 0.131088 0 0.134606 0 0 0 0 0 0 0 0 0 0 0 0 0.125228 0 0 0 0 0 0 0 0 0.12589 0.126488 0 0 0 0 0 0 0 0 0 0.134244 0 0 0 0 0 0 0 0 0
0 0 0 0 0 0.134969 0 0 0 0 0 0.133874 0 0.131463 0 0 0 0 0 0 0 0.127447 0 0 0 0 0 0 0 0 0 0.123271 0.123519 0 0 0 0 0 0 0 0 0 0 0 0 0 0.126996 0.126628 0 0 0 0 0 0.132515 0 0 0.123891 0 0 0 0 0 0 0 0 0 0 0 0 0 0 0 0 0 0 0 0.124258 0 0 0 0.131854 0.133772 0.130677 0 0 0 0 0 0 0 0 0 0.131207 0 0.133639 0 0 0 0 0
0 0.130882 0 0 0 0 0 0 0 0 0.133029 0 0 0 0 0 0 0 0 0 0 0 0 0 0 0.13024 0 0.126754 0 0 0.123497 0 0.124285 0 0 0 0 0 0 0.124362 0 0 0 0 0 0 0 0.130974 0 0 0 0 0 0 0 0 0.130615 0 0.123541 0 0 0 0 0 0 0 0 0 0 0 0 0 0 0 0 0 0 0 0 0.124761 0 0 0 0.12444 0 0 0 0 0.124536 0 0 0 0 0 0 0 0 0 0 0
0 0 0 0 0.127618 0 0 0 0 0 0 0 0 0.12468 0.127842 0 0 0.126643 0 0.134179 0 0 0 0 0 0 0 0 0 0 0 0 0 0 0 0 0.128013 0 0 0 0.132879 0 0 0.132825 0 0 0 0 0.129457 0 0 0 0 0 0 0 0 0 0 0 0 0.133478 0 0 0 0.13359 0.124102 0 0.128798 0 0 0 0 0 0 0 0 0.133194 0 0.129792 0 0 0 0 0.125696 0 0 0 0 0 0 0 0 0 0 0 0 0 0 0
0 0 0 0 0 0 0 0 0 0 0 0 0.123515 0 0 0 0 0 0 0 0.127941 0 0 0 0 0 0 0 0 0 0 0 0 0 0.133101 0.129602 0 0.126839 0.130295 0 0.131419 0 0 0 0 0 0 0 0 0 0 0.127008 0 0 0.126249 0.123212 0 0 0.130697 0 0 0 0 0 0 0 0.12783 0.129956 0 0 0 0 0 0.124258 0 0 0 0 0.123177 0 0 0 0 0 0.128543 0 0 0 0 0 0 0.132574 0 0 0 0 0 0 0 0.133903
0 0 0 0 0 0.134311 0 0 0 0 0 0 0 0 0 0.133019 0 0 0 0 0 0 0 0.123779 0 0 0 0.131362 0 0 0 0 0 0.125982 0 0 0 0.133306 0 0 0 0 0 0 0 0 0 0 0 0 0 0 0.134623 0 0 0 0 0 0 0 0 0 0 0 0 0 0 0 0 0 0 0 0 0 0 0.133194 0 0 0 0 0 0 0 0.134363 0 0 0.131724 0.126214 0 0 0 0 0 0 0 0.134487 0 0 0.124584 0
0 0 0.128026 0.133223 0 0 0 0 0.123914 0.123964 0 0 0.133784 0.132336 0.133668 0 0 0 0 0.134248 0 0 0 0 0 0 0 0.126227 0 0 0.133987 0.131983 0 0 0 0 0 0 0 0 0 0 0.133989 0 0 0 0 0 0 0 0 0 0 0 0 0 0 0 0 0 0 0 0 0 0.133208 0.135207 0.131856 0 0 0 0 0 0 0 0 0 0.123177 0 0 0 0 0 0 0 0 0 0 0 0 0 0.129215 0.130766 0.128045 0 0 0 0 0.133684 0.123383 0.13097
0 0 0 0 0 0 0 0 0.123609 0.128096 0 0 0 0.124587 0 0 0 0.125361 0.131833 0 0 0 0 0 0 0 0 0 0 0 0 0 0 0 0.131015 0.133657 0.125094 0 0 0 0 0 0 0 0 0 0 0.132516 0.128956 0 0 0 0 0 0 0 0 0 0 0 0.131828 0 0 0.126598 0 0 0 0 0 0 0 0 0.12589 0 0.124761 0.129792 0 0 0 0 0.122992 0 0 0 0.130124 0 0 0 0.127169 0 0 0.130702 0 0 0 0.133905 0 0 0 0.131359
0 0 0 0 0.133538 0 0 0 0 0 0 0 0 0 0 0 0 0 0 0 0 0.132644 0 0 0 0 0 0 0 0 0 0 0.125062 0 0 0 0 0 0.12622 0 0 0 0 0.135074 0 0 0 0 0 0 0 0 0 0 0.130334 0 0.129457 0 0 0 0 0 0 0 0 0 0.131328 0 0 0 0 0 0.126488 0.131854 0 0 0 0 0 0.122992 0 0.12883 0 0.130753 0 0 0 0 0.134727 0.126514 0.130681 0.135003 0 0 0 0 0 0 0 0
0 0 0.132178 0 0 0 0 0.130704 0 0 0 0 0 0 0 0 0.124749 0 0 0 0 0 0 0 0.126571 0 0 0 0 0 0 0 0 0 0 0 0 0 0.133193 0 0 0 0 0 0 0 0.126141 0 0 0 0 0 0 0 0 0 0 0 0 0 0 0.127211 0 0 0 0 0 0 0.135507 0 0 0.123676 0 0.133772 0 0 0 0 0 0 0.12883 0 0 0 0 0 0.125201 0 0 0 0 0.12379 0.133719 0 0 0 0 0 0 0
0 0 0 0 0 0 0 0.123974 0 0 0 0 0 0 0 0 0 0 0 0.128196 0 0 0 0 0 0 0 0.128895 0 0 0 0 0 0 0 0 0 0 0 0 0 0 0 0 0 0 0 0 0 0 0 0.1295 0 0 0 0 0 0 0 0 0.128905 0 0 0 0 0 0 0.13233 0 0 0 0.128307 0 0.130677 0 0 0 0 0 0 0 0 0 0 0 0.133959 0 0 0 0 0 0 0 0.133658 0 0 0 0 0 0
0 0 0 0 0 0 0 0 0 0.134149 0 0 0.130837 0 0 0 0 0.13475 0 0 0 0 0 0 0 0 0 0 0 0 0 0 0 0 0 0.127744 0 0 0 0 0 0 0.127186 0 0 0 0 0 0 0 0 0 0.123512 0 0 0 0 0 0 0 0 0 0 0 0 0 0 0 0 0 0.123969 0 0 0 0.12444 0 0 0.134363 0 0 0.130753 0 0 0 0 0 0 0 0 0.129062 0 0 0 0.12606 0 0 0 0 0 0
0.13017 0.134025 0.1352 0 0 0.133049 0.124932 0 0 0 0 0 0 0 0.124062 0 0 0 0.132843 0 0 0.129004 0 0 0 0 0 0 0 0 0 0 0.132038 0 0 0 0 0 0 0.124708 0.130108 0 0 0 0.124188 0 0 0 0 0.128479 0 0.126082 0 0 0 0 0 0 0.129609 0 0 0.12981 0.131443 0 0 0 0 0 0 0 0 0 0 0 0 0.125696 0.128543 0 0 0.130124 0 0 0 0 0 0.130735 0 0.13522 0 0 0 0.128375 0 0 0 0.127643 0 0 0 0
0.135057 0 0 0.134226 0 0 0 0.134706 0 0 0 0.128238 0 0 0.123079 0 0 0 0 0 0 0.134395 0 0.133883 0.125285 0 0 0.129381 0.123994 0 0.127837 0 0 0 0 0.134563 0 0.124229 0 0 0 0 0 0.130933 0 0 0 0 0.127224 0 0 0 0 0 0 0 0 0 0 0 0 0 0.132061 0.13154 0 0.132828 0 0 0.123886 0 0 0 0 0 0 0 0 0 0 0 0 0 0.133959 0 0.130735 0 0 0 0 0.123268 0 0 0 0 0 0 0 0 0 0
0 0.131011 0 0 0.127631 0 0 0 0 0 0 0 0 0 0 0 0 0 0 0 0 0 0 0 0 0 0 0 0 0 0 0 0 0 0 0.126995 0 0.123525 0 0 0.125275 0 0.12802 0 0 0.129587 0 0 0 0 0 0 0 0 0 0 0 0 0 0 0 0 0 0 0 0.127739 0 0 0 0 0 0 0 0 0 0 0 0.131724 0 0 0 0.125201 0 0 0 0 0 0 0 0 0 0 0 0 0 0 0 0 0.129579 0
0 0 0 0 0.123579 0.132889 0 0 0 0 0 0 0 0 0 0 0 0 0 0.126665 0 0 0 0 0.128998 0 0 0 0 0 0 0 0 0 0 0 0 0 0 0 0 0 0 0 0 0 0.129119 0 0 0 0 0 0 0 0.131707 0 0 0 0.134028 0 0 0.133788 0 0 0 0.124246 0 0 0 0.133493 0 0 0 0 0 0 0 0.126214 0 0 0 0 0 0 0.13522 0 0 0 0 0 0 0 0.130305 0 0.128282 0 0 0 0 0
0 0.126818 0 0 0 0 0 0 0 0 0.125118 0 0 0 0 0 0 0 0 0 0 0 0 0 0 0 0 0 0 0.129626 0 0 0 0 0 0 0 0 0 0 0 0 0 0 0.134942 0 0 0 0 0 0 0 0 0 0 0 0 0 0 0 0 0 0.132095 0 0.130729 0.128775 0 0 0 0 0.125388 0 0 0 0.124536 0 0 0 0 0.127169 0.134727 0 0 0 0 0 0 0 0 0 0 0 0 0 0 0 0 0 0 0
0 0.134052 0 0.133995 0 0 0 0 0 0.126469 0 0 0 0.127777 0 0 0 0 0.125693 0 0 0 0 0.132163 0 0.129443 0 0 0.133343 0.129693 0 0 0 0 0 0.132366 0 0.124079 0 0 0 0 0 0 0 0 0.126091 0 0 0 0.127389 0 0 0 0 0 0 0 0 0 0 0 0 0 0.134776 0 0 0 0.128218 0.12358 0 0 0 0 0 0 0 0 0 0 0.126514 0 0 0.129062 0 0.123268 0 0 0 0 0 0 0.131398 0 0 0.134849 0.133501 0 0 0
0 0 0 0 0 0 0 0 0 0 0.13374 0.133043 0 0.130037 0 0.127081 0 0 0 0 0 0 0 0 0 0 0 0 0 0 0 0 0 0 0 0 0.135464 0.132569 0 0 0 0 0.131016 0 0 0 0 0 0 0 0 0 0 0 0 0.129416 0 0 0 0 0 0 0 0.129766 0 0 0 0 0 0 0 0 0.134244 0 0 0 0 0 0.129215 0 0.130681 0 0 0 0 0 0 0 0 0 0 0 0 0 0 0 0.134566 0 0 0.131787
0 0 0 0 0 0.126483 0 0 0 0 0 0 0 0 0 0.129403 0.134568 0 0 0 0 0 0.127083 0 0 0 0 0 0 0.127678 0 0.131977 0 0.128976 0.12357 0 0 0 0 0 0 0 0 0 0.124518 0 0 0 0.128035 0 0.123767 0 0 0 0 0 0 0 0.130518 0 0 0.123846 0 0 0 0.129686 0 0 0.135131 0.125773 0 0 0 0 0 0 0.132574 0 0.130766 0.130702 0.135003 0.12379 0 0 0.128375 0 0 0 0 0 0 0 0 0 0 0 0 0 0 0
0 0.128307 0 0 0 0 0 0.124928 0 0 0 0 0 0.125929 0 0 0.126104 0 0 0 0.130359 0.133557 0 0 0 0 0.132071 0.127931 0 0 0 0.127014 0 0 0 0 0 0.134973 0 0 0 0 0 0 0 0.128708 0.124548 0 0 0 0 0 0 0.130067 0 0.123169 0.128071 0 0 0 0 0 0 0 0 0 0 0 0 0.126753 0 0 0 0.131207 0 0 0 0 0.128045 0 0 0.133719 0 0 0 0 0 0.130305 0 0.131398 0 0 0 0 0.123776 0 0 0 0 0
0 0 0 0 0 0 0 0 0 0 0 0 0 0 0 0 0 0 0 0.131212 0 0 0 0 0 0 0.126654 0 0.12942 0 0 0 0 0 0 0 0 0 0 0 0 0 0 0 0 0.133354 0 0 0.129469 0 0 0 0 0 0 0 0 0 0 0 0 0.123041 0 0.130689 0 0 0 0 0 0 0 0 0 0 0 0 0 0 0 0 0 0 0.133658 0.12606 0 0 0 0 0 0 0 0 0 0 0 0 0 0.126365 0 0
0 0 0 0 0 0 0.134343 0.135453 0.134659 0 0 0 0.126331 0.129646 0 0.131133 0 0 0.125289 0 0 0 0.130419 0.134029 0 0 0 0 0 0 0 0 0 0 0 0.134888 0.123716 0 0 0 0 0 0 0 0 0 0 0 0 0 0 0 0 0 0 0 0 0 0 0 0 0.127553 0 0 0 0.126738 0 0 0 0 0 0 0 0.133639 0 0 0 0 0 0 0 0 0 0 0 0 0 0.128282 0 0 0 0 0.123776 0 0 0 0 0.125281 0 0
0 0.133001 0.128179 0 0.127153 0 0 0 0 0.125698 0 0.128017 0 0 0 0.125345 0 0 0 0 0 0 0 0.129174 0 0 0 0 0 0 0 0 0 0 0 0 0 0 0.130782 0 0 0 0 0.12945 0 0 0 0.132188 0 0 0 0 0.12344 0 0 0 0 0.123121 0 0.127786 0 0 0 0 0 0 0.132627 0 0.134585 0 0 0 0 0 0 0 0 0.134487 0 0.133905 0 0 0 0 0.127643 0 0 0 0 0.134849 0 0 0 0 0 0 0 0.12815 0 0
0.127194 0.129243 0 0.132938 0.126358 0 0 0.135076 0 0 0 0 0 0.130498 0 0 0 0 0 0 0 0 0 0.127647 0 0 0 0 0 0 0 0 0 0 0 0 0 0 0 0 0 0.128027 0 0 0 0 0 0 0 0.125443 0 0 0 0 0 0 0 0 0 0 0 0 0 0 0 0 0 0.123466 0 0 0 0.125672 0 0 0 0 0 0 0 0 0 0 0 0 0 0 0 0 0 0.133501 0.134566 0 0 0 0 0 0 0.135405 0.123652 0
0 0 0 0 0 0 0 0 0 0 0 0 0 0 0 0 0 0 0 0.126847 0 0 0 0 0 0 0 0 0 0 0 0 0 0.12866 0 0.130905 0 0 0 0 0 0 0 0 0.123051 0 0.134418 0 0 0 0 0 0 0 0 0.123536 0 0 0.135404 0 0 0 0 0 0 0 0 0 0 0 0 0.12488 0 0 0 0 0 0 0.133684 0 0 0 0 0 0 0 0 0 0 0 0 0 0 0.126365 0.125281 0.12815 0.135405 0 0 0
0 0 0 0 0 0 0 0 0 0.132441 0 0.123622 0 0.130179 0 0 0 0 0 0 0 0 0 0 0 0 0 0 0 0.132219 0 0 0 0 0.131212 0 0 0 0 0 0 0 0 0 0 0 0 0 0 0 0 0 0.125564 0.135399 0 0 0 0 0 0 0.131724 0 0.127329 0 0 0 0 0 0 0 0 0 0 0 0 0 0 0.124584 0.123383 0 0 0 0 0 0 0 0.129579 0 0 0 0 0 0 0 0 0 0.123652 0 0 0.13183
0 0 0 0 0 0 0.123071 0 0 0 0 0 0 0 0 0 0 0 0 0 0 0 0.126945 0.134858 0.131062 0 0 0 0.124317 0.125629 0.128062 0 0 0 0 0 0 0 0.135021 0 0.123805 0 0 0 0.123077 0 0 0.134391 0 0 0 0 0 0 0 0 0 0.123652 0 0 0 0.123932 0 0 0 0 0 0 0 0 0 0 0 0 0 0 0.133903 0 0.13097 0.131359 0 0 0 0 0 0 0 0 0 0 0.131787 0 0 0 0 0 0 0 0.13183 0
