100
0 0.131259 0.123253 0 0 0 0 0 0 0 0 0 0 0 0 0 0 0 0 0 0 0 0 0 0 0 0 0 0 0 0 0 0 0 0 0.135221 0 0 0 0 0 0 0.135122 0 0 0 0 0 0 0.129466 0 0 0.130242 0.132111 0 0 0 0 0 0 0.124943 0 0 0.12581 0 0 0 0.127625 0 0 0.127338 0 0 0.13121 0 0 0 0 0.127812 0 0 0 0 0 0.13017 0 0 0 0 0 0 0 0 0 0 0 0 0 0 0
0.131259 0 0 0 0 0 0.124821 0.135073 0 0 0 0 0 0 0 0.132758 0.124464 0 0.125542 0.128631 0.125619 0 0 0 0 0 0 0 0 0 0 0 0 0 0 0 0.125412 0 0 0 0.135548 0 0 0 0 0 0 0 0 0 0 0 0 0.129607 0.133004 0 0 0 0 0 0 0 0 0.132103 0 0.129551 0.125064 0 0 0 0 0 0 0 0 0 0 0 0 0 0.132955 0 0 0.123564 0 0 0.127628 0 0.126818 0.124897 0 0 0 0 0 0.130643 0.129243 0 0 0
0.123253 0 0 0 0 0 0 0 0 0 0 0 0 0 0.126283 0 0.133869 0 0 0 0 0 0 0.131646 0.125531 0 0 0 0 0 0 0.125496 0.130486 0 0 0 0 0 0.135087 0 0 0.126007 0.126768 0 0 0 0.127407 0 0 0 0 0 0.127177 0.12556 0 0 0 0 0 0.127326 0 0 0.135399 0 0 0 0 0 0 0 0.133401 0 0 0 0 0 0 0 0 0 0 0 0 0.128763 0 0 0 0 0 0 0 0 0 0 0 0.128179 0 0 0 0
0 0 0 0 0 0 0 0 0.134578 0 0 0 0.128142 0 0.132017 0 0.126202 0 0 0 0 0 0 0 0.130425 0 0 0 0 0.125016 0.134653 0 0 0 0 0 0 0 0 0.130778 0 0 0 0.130409 0 0 0 0 0 0 0 0 0 0 0 0 0 0 0 0.130667 0 0.132504 0 0 0 0 0 0 0 0 0.124838 0 0 0 0 0 0 0 0 0 0 0 0 0 0 0.134226 0.123969 0 0 0.133995 0 0 0 0 0 0 0.132938 0 0.125144 0
0 0 0 0 0 0 0 0 0 0 0 0.128262 0 0 0 0 0 0 0 0 0 0.126852 0 0 0 0 0 0.125315 0 0 0 0 0 0 0 0 0 0 0 0.127784 0 0 0 0 0 0 0 0 0 0 0 0 0 0.134832 0 0 0 0 0 0 0 0 0 0 0 0 0.125289 0 0 0 0.12733 0.12653 0.132703 0 0 0 0 0 0 0 0 0 0 0 0 0 0 0 0 0 0 0.13345 0 0 0 0 0 0 0 0
0 0 0 0 0 0 0 0 0 0 0 0 0 0 0 0 0 0 0 0 0 0 0 0.131958 0.123692 0 0 0 0 0 0.133271 0 0 0 0 0 0 0 0 0 0 0 0 0 0.128061 0.124047 0 0 0 0 0 0 0 0.126459 0.127052 0 0 0.126776 0 0 0 0 0 0 0 0 0 0 0 0.135327 0 0 0 0 0 0.126979 0 0.134311 0 0 0 0 0 0 0 0 0.126405 0.132889 0 0 0 0.126483 0 0 0 0 0 0 0 0
0 0.124821 0 0 0 0 0 0 0 0 0 0 0 0 0 0 0 0 0 0 0 0 0 0 0 0.133306 0 0 0 0 0 0 0 0 0 0 0 0 0 0 0 0 0 0 0.128837 0 0 0 0 0.130207 0 0 0 0.130585 0 0 0 0 0 0 0 0 0.129946 0 0 0 0 0 0 0.132042 0 0 0 0 0 0 0 0 0 0 0 0 0 0 0 0 0.129476 0 0 0 0.125559 0.126483 0 0 0 0 0.127439 0 0 0
0 0.135073 0 0 0 0 0 0 0 0.134565 0 0 0 0.127262 0 0 0 0 0 0 0 0 0 0 0 0 0 0 0 0.123235 0 0 0 0.12536 0 0 0 0 0 0 0 0 0.127958 0 0 0 0 0 0 0 0 0 0.125304 0 0 0 0 0 0 0 0 0.135358 0 0 0 0 0 0 0 0 0.127347 0 0 0.130311 0 0.127042 0 0 0 0 0 0 0 0 0 0 0 0 0 0 0 0 0 0 0 0 0.135076 0 0 0
0 0 0 0.134578 0 0 0 0 0 0 0 0 0 0 0 0 0 0.133138 0 0.124128 0.129557 0 0 0 0 0 0 0.128436 0 0 0 0 0 0 0 0 0 0 0 0.13172 0 0 0.128333 0.127968 0 0 0 0 0 0 0 0 0 0 0.134489 0 0 0 0 0 0 0 0 0 0 0 0 0 0 0 0 0 0 0.128175 0 0 0 0 0 0 0 0 0 0 0 0 0 0 0 0 0.12394 0 0 0 0 0 0.129085 0 0.128413 0
0 0 0 0 0 0 0 0.134565 0 0 0 0 0 0 0 0 0 0 0 0 0 0 0 0 0 0 0 0 0 0 0 0 0 0 0 0 0 0 0 0 0 0 0 0.132368 0 0 0.128143 0 0 0 0.130082 0 0 0 0 0 0 0 0 0 0 0 0 0 0 0 0 0 0 0 0 0 0 0 0 0 0 0.123297 0 0.128096 0 0 0 0 0 0 0 0 0 0 0 0 0 0 0 0.125698 0 0 0.132441 0
0 0 0 0 0 0 0 0 0 0 0 0.131802 0 0 0 0 0 0.133592 0 0 0.130416 0.13514 0 0 0 0 0 0 0 0 0 0 0 0 0 0 0 0.131343 0 0 0 0 0 0.131819 0 0 0 0 0 0 0.127206 0 0 0 0 0 0 0.132292 0.133467 0 0 0 0.132248 0 0 0 0 0 0 0 0 0 0 0 0.133029 0 0 0 0 0 0 0 0 0 0 0 0 0 0.125118 0 0.13374 0 0 0 0 0 0 0 0 0
0 0 0 0 0.128262 0 0 0 0 0 0.131802 0 0 0 0 0 0 0.126252 0 0 0 0 0 0.127281 0 0 0 0.135409 0 0 0 0.133718 0 0 0 0 0 0.124371 0 0 0 0 0 0 0 0 0 0 0 0 0 0 0 0 0 0 0 0 0 0 0 0 0 0 0 0 0 0 0.126874 0 0 0 0 0.126586 0 0 0 0 0 0 0 0 0 0.129309 0 0 0 0 0 0 0 0 0 0 0 0 0 0 0 0
0 0 0 0.128142 0 0 0 0 0 0 0 0 0 0 0 0 0 0 0 0 0 0.133117 0.123235 0 0.132652 0 0 0 0 0 0.128306 0 0 0 0 0 0 0.133209 0 0 0 0.134705 0 0 0.135511 0 0 0 0 0 0 0 0 0 0.129545 0 0 0 0 0 0 0 0 0 0 0 0 0.128426 0.126327 0 0 0 0 0 0 0 0.12689 0 0 0 0.128562 0 0 0 0 0 0.133022 0 0 0 0 0 0.131093 0 0.126331 0 0 0 0 0
0 0 0 0 0 0 0 0.127262 0 0 0 0 0 0 0 0 0 0 0 0 0 0.134822 0 0.131182 0 0 0 0 0.132 0 0 0 0 0 0.125837 0 0 0 0 0 0.12895 0 0 0.135171 0 0 0 0.12935 0 0 0.135159 0.13496 0 0 0 0 0.129673 0 0 0 0 0 0 0.125535 0 0.133118 0 0 0.129993 0.128764 0.130322 0.128613 0.134087 0 0 0 0 0 0 0 0 0 0 0 0 0.130427 0 0 0 0.127777 0 0.132081 0.125929 0 0 0 0 0 0 0
0 0 0.126283 0.132017 0 0 0 0 0 0 0 0 0 0 0 0 0 0.125248 0 0 0 0 0 0 0 0 0 0.1257 0 0 0 0 0 0 0 0 0 0 0 0.123743 0 0 0 0.13503 0 0 0 0.123995 0 0 0 0 0 0 0.128168 0.129813 0 0 0 0 0 0 0 0 0 0 0 0 0 0 0.124143 0 0 0.133243 0 0 0.128669 0 0 0 0 0 0 0 0 0.123079 0 0 0 0 0 0 0 0 0 0.128177 0 0 0 0
0 0.132758 0 0 0 0 0 0 0 0 0 0 0 0 0 0 0 0 0 0 0 0 0 0 0.123558 0 0 0 0.132485 0 0 0 0 0.134807 0 0.123139 0 0 0 0 0 0 0 0 0 0 0.125549 0 0 0 0 0 0.12346 0.126556 0.129406 0 0 0 0 0 0.130731 0 0 0 0 0 0 0 0 0.126787 0 0 0 0.133055 0.130866 0 0 0 0 0 0 0 0 0 0 0 0 0 0 0 0.127081 0 0 0 0 0.125345 0 0 0 0
0 0.124464 0.133869 0.126202 0 0 0 0 0 0 0 0 0 0 0 0 0 0 0 0 0 0.132559 0 0 0 0 0 0 0 0.127338 0 0 0 0 0.125578 0.130866 0 0 0 0 0 0.124808 0.125686 0 0.131759 0 0 0 0 0 0 0 0 0.126914 0 0 0 0 0.135521 0 0 0 0 0 0.13375 0 0 0 0 0 0 0 0 0 0 0.124394 0 0 0 0 0 0.124749 0 0 0 0 0 0 0 0 0 0.134568 0.132501 0 0 0 0 0 0 0
0 0 0 0 0 0 0 0 0.133138 0 0.133592 0.126252 0 0 0.125248 0 0 0 0 0 0 0 0 0.128001 0 0 0 0 0 0 0 0 0 0 0 0 0 0.132101 0.12313 0 0 0 0 0 0 0.125116 0 0.128726 0.123129 0 0 0 0 0 0 0 0 0 0 0.126999 0 0 0.124598 0 0 0 0 0 0.129154 0 0 0 0 0 0 0.126643 0.130334 0 0.124989 0.125361 0 0 0 0.13475 0 0 0 0 0 0 0 0 0 0 0 0 0 0 0 0
0 0.125542 0 0 0 0 0 0 0 0 0 0 0 0 0 0 0 0 0 0 0 0 0 0 0 0 0 0 0 0 0 0 0 0.128627 0.133427 0 0 0 0.130158 0 0 0 0 0 0 0.132033 0 0 0 0.128985 0 0 0 0.124428 0 0 0.128597 0 0 0 0 0 0 0 0.129715 0 0 0 0 0 0.126222 0 0 0.125337 0 0 0 0 0 0.131833 0 0 0 0 0 0 0 0 0 0 0 0.13016 0.124758 0.128036 0 0 0 0 0 0
0 0.128631 0 0 0 0 0 0 0.124128 0 0 0 0 0 0 0 0 0 0 0 0 0.129539 0 0 0 0.126125 0 0 0 0 0 0 0 0 0 0 0 0 0 0.132322 0 0 0 0 0 0 0 0.127326 0 0 0 0 0 0.128348 0 0 0.132104 0 0 0 0.133947 0 0 0 0 0.126095 0 0 0 0 0 0 0 0.123595 0 0.134179 0 0 0 0 0 0 0.128196 0 0 0 0 0.126665 0 0 0 0 0 0.131212 0 0 0.124392 0 0 0
0 0.125619 0 0 0 0 0 0 0.129557 0 0.130416 0 0 0 0 0 0 0 0 0 0 0 0 0 0 0 0 0 0 0 0 0 0 0 0 0 0 0 0 0.135077 0 0 0 0 0 0 0 0 0 0 0 0 0 0 0 0.125909 0 0 0 0 0.134305 0.132417 0 0.13299 0 0 0 0 0 0 0 0 0 0 0 0 0.127941 0 0 0 0 0 0 0 0 0 0 0 0.132225 0 0 0 0.130359 0 0 0.135485 0 0 0 0
0 0 0 0 0.126852 0 0 0 0 0 0.13514 0 0.133117 0.134822 0 0 0.132559 0 0 0.129539 0 0 0 0 0 0 0 0 0 0 0.130887 0.133473 0 0 0 0 0 0 0 0 0 0 0 0 0 0 0 0 0 0 0 0 0 0 0 0 0 0 0.131626 0 0 0 0.134115 0 0 0 0 0 0 0.128656 0 0 0.124538 0 0 0 0 0 0 0 0 0 0 0 0.129004 0.134395 0 0 0 0 0 0 0 0 0 0 0.130105 0 0 0
0 0 0 0 0 0 0 0 0 0 0 0 0.123235 0 0 0 0 0 0 0 0 0 0 0 0 0.12994 0 0 0 0 0 0 0 0 0 0 0 0 0 0 0 0 0 0 0 0 0 0 0 0 0.126392 0 0 0 0 0 0 0 0 0 0.129664 0.12669 0 0.131609 0 0 0 0 0 0 0 0 0 0.128332 0.128668 0 0 0 0 0 0.133435 0 0 0 0 0 0.127213 0.123339 0 0 0 0.127083 0 0 0.130419 0 0 0 0 0.126945
0 0 0.131646 0 0 0.131958 0 0 0 0 0 0.127281 0 0.131182 0 0 0 0.128001 0 0 0 0 0 0 0 0 0 0.124247 0 0 0 0 0.127037 0 0 0 0 0 0.135454 0.133078 0 0 0 0.129249 0 0 0 0 0 0 0.132786 0 0 0 0 0 0.132559 0 0 0 0.127199 0 0 0.132435 0.133982 0 0.131898 0.129249 0 0 0 0 0.133359 0 0 0 0 0 0 0 0 0 0 0 0 0 0 0 0 0 0 0 0 0 0 0.129174 0 0 0.126931 0
0 0 0.125531 0.130425 0 0.123692 0 0 0 0 0 0 0.132652 0 0 0.123558 0 0 0 0 0 0 0 0 0 0 0 0 0.127194 0 0 0 0 0 0 0 0 0 0.128409 0 0 0 0 0.123524 0 0 0 0.12326 0.128127 0 0 0 0 0 0 0 0 0 0.126062 0 0.132239 0.13332 0 0 0 0 0.129466 0 0 0 0 0 0 0 0 0 0 0 0 0 0 0.126571 0.125651 0 0.130048 0 0 0 0 0 0 0 0 0 0.135059 0.123798 0 0 0 0.131062
0 0 0 0 0 0 0.133306 0 0 0 0 0 0 0 0 0 0 0 0 0.126125 0 0 0.12994 0 0 0 0 0 0 0 0 0 0 0.129082 0 0 0 0 0.129856 0 0 0 0 0 0 0 0 0 0 0 0.132324 0.131732 0 0 0 0.126236 0 0 0.129739 0 0 0 0 0 0 0 0 0 0 0 0 0.130351 0 0 0.13024 0 0 0 0 0 0 0 0 0 0 0 0 0 0.130368 0.129443 0 0 0 0 0 0 0 0 0 0
0 0 0 0 0 0 0 0 0 0 0 0 0 0 0 0 0 0 0 0 0 0 0 0 0 0 0 0 0 0 0 0 0 0.130043 0 0 0 0 0 0 0 0.125939 0.125735 0 0 0 0.124496 0 0.132088 0 0 0 0 0 0 0 0 0 0 0 0 0 0 0.129513 0 0 0.127332 0 0 0.124093 0 0 0 0 0 0 0.125411 0 0.123427 0 0 0 0 0 0 0 0 0.124734 0 0 0 0 0 0.126654 0 0 0.131012 0 0.129831 0
0 0 0 0 0.125315 0 0 0 0.128436 0 0 0.135409 0 0 0.1257 0 0 0 0 0 0 0 0 0.124247 0 0 0 0 0 0 0 0 0.131012 0 0.131155 0 0 0 0.129701 0 0 0 0 0 0 0 0 0 0 0.130909 0 0 0 0 0 0 0 0 0 0 0 0 0 0 0 0.126026 0.133175 0.126304 0 0.132028 0 0.134046 0 0 0 0 0 0 0 0 0.134661 0 0 0 0 0.129381 0 0 0 0.123512 0 0 0 0 0 0 0 0 0 0
0 0 0 0 0 0 0 0 0 0 0 0 0 0.132 0 0.132485 0 0 0 0 0 0 0 0 0.127194 0 0 0 0 0 0.134596 0 0 0 0.133044 0 0 0.134981 0 0 0 0 0 0.127988 0.132214 0 0 0 0.132406 0 0.133682 0 0 0 0 0.125401 0 0.134449 0 0 0 0.124743 0.131133 0 0 0 0 0.127889 0 0 0 0 0 0.130742 0 0 0 0.127142 0 0 0 0 0.127615 0 0.134931 0 0 0 0 0 0 0 0 0.12942 0 0 0 0 0 0.124317
0 0 0 0.125016 0 0 0 0.123235 0 0 0 0 0 0 0 0 0.127338 0 0 0 0 0 0 0 0 0 0 0 0 0 0 0 0 0 0 0 0 0 0.131948 0 0 0.130661 0 0 0 0 0 0 0 0 0 0 0 0.135126 0 0 0 0 0 0 0 0.131993 0 0 0 0 0 0.133989 0.125662 0 0 0 0 0 0.132984 0 0 0 0 0 0 0 0 0 0 0 0 0 0 0 0 0.127678 0 0 0 0 0 0 0.132219 0
0 0 0 0.134653 0 0.133271 0 0 0 0 0 0 0.128306 0 0 0 0 0 0 0 0 0.130887 0 0 0 0 0 0 0.134596 0 0 0 0 0 0.124668 0.12489 0 0 0.130969 0.134506 0 0 0 0 0 0 0 0 0 0 0.124988 0 0 0 0 0.126285 0 0 0 0 0 0 0 0 0 0 0 0.127099 0.1263 0 0.123798 0 0 0.124744 0 0 0 0.123468 0.133987 0 0 0 0 0 0 0 0 0 0 0 0.123848 0 0 0 0 0 0 0 0 0
0 0 0.125496 0 0 0 0 0 0 0 0 0.133718 0 0 0 0 0 0 0 0 0 0.133473 0 0 0 0 0 0 0 0 0 0 0 0 0 0 0 0 0 0 0.124426 0 0 0 0.124853 0 0.135402 0 0 0 0 0.126128 0 0 0 0.131805 0 0 0.125427 0.127085 0 0 0.133774 0 0 0 0 0 0 0 0 0 0 0.123271 0 0 0.13415 0 0.131983 0 0 0 0 0 0 0 0 0 0 0 0.135277 0 0.127014 0 0 0 0 0 0 0
0 0 0.130486 0 0 0 0 0 0 0 0 0 0 0 0 0 0 0 0 0 0 0 0 0.127037 0 0 0 0.131012 0 0 0 0 0 0 0 0.128745 0 0 0 0 0 0 0 0 0 0.134763 0 0 0 0 0 0 0 0 0.133615 0.130722 0 0 0.128021 0 0 0 0.123039 0 0 0 0 0 0.129097 0 0 0 0.124165 0.123519 0 0 0 0 0 0 0.125062 0 0 0 0 0 0 0 0 0 0 0 0 0 0 0 0 0 0 0
0 0 0 0 0 0 0 0.12536 0 0 0 0 0 0 0 0.134807 0 0 0.128627 0 0 0 0 0 0 0.129082 0.130043 0 0 0 0 0 0 0 0 0 0 0 0 0 0 0 0 0 0 0 0 0 0.132069 0 0 0 0 0 0 0 0 0 0 0 0 0.134898 0 0 0 0 0 0 0 0 0.127956 0.127619 0 0 0 0 0 0.125982 0 0 0 0 0 0 0 0 0 0 0 0 0 0.128976 0.124457 0 0 0 0 0 0 0
0 0 0 0 0 0 0 0 0 0 0 0 0 0.125837 0 0 0.125578 0 0.133427 0 0 0 0 0 0 0 0 0.131155 0.133044 0 0.124668 0 0 0 0 0.13514 0 0 0 0 0 0 0 0.125435 0 0 0 0 0 0 0 0 0 0 0.135535 0 0 0 0 0 0.130131 0.135137 0 0 0.129898 0.13298 0 0 0 0 0 0 0 0 0 0 0 0 0 0 0 0 0 0 0 0.133081 0.125893 0.127374 0 0.130199 0 0.12357 0 0 0 0 0 0 0.131212 0
0.135221 0 0 0 0 0 0 0 0 0 0 0 0 0 0 0.123139 0.130866 0 0 0 0 0 0 0 0 0 0 0 0 0 0.12489 0 0.128745 0 0.13514 0 0 0 0 0 0 0 0 0 0 0 0 0 0.128812 0 0 0 0 0.123508 0 0 0.129224 0 0 0 0.133669 0 0.127728 0 0 0 0 0.12826 0 0.126682 0 0 0 0 0 0 0 0 0 0 0 0 0 0.127744 0 0 0 0 0 0 0 0 0 0 0 0 0 0.130905 0 0.124404
0 0.125412 0 0 0 0 0 0 0 0 0 0 0 0 0 0 0 0 0 0 0 0 0 0 0 0 0 0 0 0 0 0 0 0 0 0 0 0 0 0 0 0 0 0 0 0 0 0 0 0 0 0 0 0 0 0 0 0 0 0 0 0 0 0 0 0.133121 0.134995 0 0 0 0 0 0 0 0 0.128013 0 0 0 0.125094 0 0 0.129043 0 0 0 0 0 0 0 0 0 0 0 0.123716 0 0 0.129688 0 0
0 0 0 0 0 0 0 0 0 0 0.131343 0.124371 0.133209 0 0 0 0 0.132101 0 0 0 0 0 0 0 0 0 0 0.134981 0 0 0 0 0 0 0 0 0 0 0 0 0 0 0.127111 0 0.128872 0.133008 0 0 0.125423 0 0 0 0 0 0 0 0 0 0 0 0 0.130518 0 0 0 0 0 0 0 0 0 0 0 0 0.125934 0.126839 0.133306 0 0 0 0.130452 0 0 0 0 0 0 0 0.124079 0 0 0 0 0 0 0 0 0 0
0 0 0.135087 0 0 0 0 0 0 0 0 0 0 0 0 0 0 0.12313 0.130158 0 0 0 0 0.135454 0.128409 0.129856 0 0.129701 0 0.131948 0.130969 0 0 0 0 0 0 0 0 0 0 0 0.129908 0 0 0 0 0 0 0 0.12614 0 0 0 0 0 0 0 0.125457 0 0 0 0.129163 0 0 0 0 0 0 0 0 0.13 0 0.125971 0 0 0.130295 0 0 0 0 0 0.123868 0 0 0 0 0 0 0 0 0 0.134122 0 0 0.130782 0 0 0 0.135021
0 0 0 0.130778 0.127784 0 0 0 0.13172 0 0 0 0 0 0.123743 0 0 0 0 0.132322 0.135077 0 0 0.133078 0 0 0 0 0 0 0.134506 0 0 0 0 0 0 0 0 0 0 0.128053 0 0 0 0 0.130791 0 0 0 0 0 0 0 0 0 0 0 0.133749 0 0 0 0 0 0 0.134098 0 0.125771 0 0 0.130074 0 0.123724 0 0.124362 0.127684 0 0 0 0 0 0 0 0 0.124708 0 0 0 0 0 0 0 0.131571 0 0 0 0 0 0 0
0 0.135548 0 0 0 0 0 0 0 0 0 0 0 0.12895 0 0 0 0 0 0 0 0 0 0 0 0 0 0 0 0 0 0.124426 0 0 0 0 0 0 0 0 0 0 0 0.130196 0 0 0 0 0 0 0 0 0 0 0 0 0 0 0 0 0 0.124346 0 0 0 0 0 0.134593 0 0 0 0.129939 0 0 0 0 0.131419 0 0 0 0 0 0 0.127406 0.130108 0.126706 0 0 0 0 0 0.128321 0 0 0 0 0 0 0 0.123805
0 0 0.126007 0 0 0 0 0 0 0 0 0 0.134705 0 0 0 0.124808 0 0 0 0 0 0 0 0 0 0.125939 0 0 0.130661 0 0 0 0 0 0 0 0 0 0.128053 0 0 0 0 0.134301 0 0 0 0 0.13426 0.126248 0 0 0 0 0 0 0 0.134836 0.127087 0.130027 0 0 0.130849 0.134279 0 0.127678 0 0 0.132002 0 0.125768 0 0 0 0 0 0 0 0 0 0 0 0.124828 0 0 0 0 0 0 0.127966 0.126659 0 0 0 0 0 0 0 0
0.135122 0 0.126768 0 0 0 0 0.127958 0.128333 0 0 0 0 0 0 0 0.125686 0 0 0 0 0 0 0 0 0 0.125735 0 0 0 0 0 0 0 0 0 0 0 0.129908 0 0 0 0 0 0 0 0.12521 0.134691 0.134185 0 0 0.126561 0 0 0 0 0 0 0 0 0 0 0 0 0.124126 0 0 0 0 0 0 0 0 0 0 0 0 0 0.133989 0 0 0 0 0 0 0 0.12802 0 0 0 0 0 0.135525 0 0 0 0 0 0 0
0 0 0 0.130409 0 0 0 0 0.127968 0.132368 0.131819 0 0 0.135171 0.13503 0 0 0 0 0 0 0 0 0.129249 0.123524 0 0 0 0.127988 0 0 0 0 0 0.125435 0 0 0.127111 0 0 0.130196 0 0 0 0 0 0 0 0 0 0 0 0 0 0 0 0 0.132342 0 0.131456 0 0 0.127975 0 0 0 0 0.124319 0 0.130463 0 0 0.127813 0 0 0 0 0 0.125816 0 0 0 0 0 0 0.130933 0 0 0 0 0 0 0 0 0 0 0 0 0 0
0 0 0 0 0 0.128061 0.128837 0 0 0 0 0 0.135511 0 0 0 0.131759 0 0 0 0 0 0 0 0 0 0 0 0.132214 0 0 0.124853 0 0 0 0 0 0 0 0 0 0.134301 0 0 0 0 0 0 0 0.128345 0 0 0 0 0 0.131619 0 0 0 0 0 0 0 0 0 0 0 0 0.132927 0 0 0 0 0 0 0 0 0 0 0 0 0 0 0 0.124188 0 0 0.126081 0 0 0 0.124518 0 0 0 0 0 0.123051 0 0
0 0 0 0 0 0.124047 0 0 0 0 0 0 0 0 0 0 0 0.125116 0.132033 0 0 0 0 0 0 0 0 0 0 0 0 0 0.134763 0 0 0 0 0.128872 0 0 0 0 0 0 0 0 0 0 0 0 0 0 0 0 0 0 0 0 0.134932 0.12822 0.12705 0 0 0 0 0 0.132264 0 0 0 0 0 0 0 0 0 0 0 0 0 0 0 0 0.131851 0 0 0 0 0 0 0 0 0 0.133812 0 0 0 0 0 0
0 0 0.127407 0 0 0 0 0 0 0.128143 0 0 0 0 0 0.125549 0 0 0 0 0 0 0 0 0 0 0.124496 0 0 0 0 0.135402 0 0 0 0 0 0.133008 0 0.130791 0 0 0.12521 0 0 0 0 0 0 0 0.133671 0 0 0 0 0 0 0 0 0 0.129832 0.123518 0 0 0 0 0 0 0 0 0 0 0 0 0 0.133507 0 0 0 0 0 0 0 0 0 0.130016 0 0 0 0 0 0 0.124548 0 0 0 0 0.134418 0 0
0 0 0 0 0 0 0 0 0 0 0 0 0 0.12935 0.123995 0 0 0.128726 0 0.127326 0 0 0 0 0.12326 0 0 0 0 0 0 0 0 0 0 0 0 0 0 0 0 0 0.134691 0 0 0 0 0 0 0 0 0 0 0.131436 0 0 0 0 0 0.123866 0 0 0 0.130584 0 0 0 0 0 0 0 0 0 0.126628 0 0 0 0 0.123266 0.132516 0 0 0.130192 0 0 0 0 0 0 0 0 0 0 0 0 0.132188 0 0 0 0
0 0 0 0 0 0 0 0 0 0 0 0 0 0 0 0 0 0.123129 0 0 0 0 0 0 0.128127 0 0.132088 0 0.132406 0 0 0 0 0.132069 0 0.128812 0 0 0 0 0 0 0.134185 0 0 0 0 0 0 0 0 0 0 0 0.124492 0 0 0 0 0 0 0 0 0 0.131832 0 0 0 0 0 0 0 0 0 0 0 0 0 0 0 0 0 0 0 0 0.127224 0 0 0 0 0 0.128035 0 0 0 0 0 0 0 0
0.129466 0 0 0 0 0 0.130207 0 0 0 0 0 0 0 0 0 0 0 0.128985 0 0 0 0 0 0 0 0 0.130909 0 0 0 0 0 0 0 0 0 0.125423 0 0 0 0.13426 0 0 0.128345 0 0 0 0 0 0 0 0 0 0 0 0 0 0 0 0.133665 0 0 0 0 0.124119 0 0 0 0 0.129464 0 0 0.124127 0 0 0 0 0 0 0 0 0.125723 0 0 0 0 0 0 0 0 0 0 0 0.129597 0 0 0 0 0
0 0 0 0 0 0 0 0 0 0.130082 0.127206 0 0 0.135159 0 0 0 0 0 0 0 0 0.126392 0.132786 0 0.132324 0 0 0.133682 0 0.124988 0 0 0 0 0 0 0 0.12614 0 0 0.126248 0 0 0 0 0.133671 0 0 0 0 0 0 0 0.130653 0 0 0.133681 0 0 0 0.129799 0 0 0.133981 0 0 0 0 0 0 0 0 0 0.128173 0 0 0.127326 0 0 0 0 0 0 0.134005 0 0 0 0 0.123355 0 0 0 0 0 0.126113 0 0 0 0
0 0 0 0 0 0 0 0 0 0 0 0 0 0.13496 0 0 0 0 0 0 0 0 0 0 0 0.131732 0 0 0 0 0 0.126128 0 0 0 0 0 0 0 0 0 0 0.126561 0 0 0 0 0 0 0 0 0 0 0 0 0 0 0 0 0.126995 0 0 0 0 0 0 0 0.134755 0 0 0 0 0 0 0 0 0.127008 0 0 0 0 0 0.1295 0.124657 0 0 0 0 0 0 0 0 0 0 0 0 0 0 0 0
0.130242 0 0.127177 0 0 0 0 0.125304 0 0 0 0 0 0 0 0.12346 0 0 0 0 0 0 0 0 0 0 0 0 0 0 0 0 0 0 0 0 0 0 0 0 0 0 0 0 0 0 0 0 0 0 0 0 0 0 0 0 0.129847 0 0 0.135157 0 0 0 0.128412 0 0 0 0 0 0 0 0.134717 0 0 0.127659 0 0 0.134623 0 0 0 0 0 0 0 0 0 0.126961 0.134931 0 0 0 0 0 0.132208 0 0 0 0 0
0.132111 0.129607 0.12556 0 0.134832 0.126459 0.130585 0 0 0 0 0 0 0 0 0.126556 0.126914 0 0.124428 0.128348 0 0 0 0 0 0 0 0 0 0.135126 0 0 0 0 0 0.123508 0 0 0 0 0 0 0 0 0 0 0 0.131436 0 0 0 0 0 0 0 0 0 0 0 0 0.131304 0 0 0.130717 0 0 0 0 0 0.124989 0.124148 0 0 0 0 0 0 0 0 0 0.123098 0 0 0 0 0 0 0 0 0.135189 0 0 0 0 0 0 0 0 0.135399 0
0 0.133004 0 0 0 0.127052 0 0 0.134489 0 0 0 0.129545 0 0.128168 0.129406 0 0 0 0 0 0 0 0 0 0 0 0 0 0 0 0 0.133615 0 0.135535 0 0 0 0 0 0 0 0 0 0 0 0 0 0.124492 0 0.130653 0 0 0 0 0 0 0 0 0 0 0.127122 0 0 0.127271 0.124157 0 0 0 0 0 0 0 0.13453 0 0 0.126249 0 0 0 0 0 0 0.12444 0 0.123934 0 0 0 0 0 0 0 0 0 0.127141 0 0 0 0
0 0 0 0 0 0 0 0 0 0 0 0 0 0 0.129813 0 0 0 0 0 0.125909 0 0 0 0 0.126236 0 0 0.125401 0 0.126285 0.131805 0.130722 0 0 0 0 0 0 0 0 0 0 0 0.131619 0 0 0 0 0 0 0 0 0 0 0 0 0 0 0 0 0 0 0.12353 0 0 0 0 0 0 0.127508 0 0 0.124305 0 0 0.123212 0 0 0 0 0 0 0 0 0 0.123935 0 0 0 0.129416 0 0.123169 0.124015 0 0 0 0 0 0
0 0 0 0 0 0 0 0 0 0 0 0 0 0.129673 0 0 0 0 0.128597 0.132104 0 0 0 0.132559 0 0 0 0 0 0 0 0 0 0 0 0.129224 0 0 0 0 0 0 0 0 0 0 0 0 0 0 0 0 0.129847 0 0 0 0 0 0 0 0 0 0 0 0 0 0 0.127575 0 0 0 0 0 0.123891 0.130615 0 0.127556 0.127675 0 0 0.129457 0 0 0 0 0 0 0 0 0 0 0 0.128071 0.129895 0 0.124337 0.129859 0 0 0
0 0 0 0 0 0.126776 0 0 0 0 0.132292 0 0 0 0 0 0 0 0 0 0 0 0 0 0 0 0 0 0.134449 0 0 0 0 0 0 0 0 0 0 0 0 0 0 0.132342 0 0 0 0 0 0 0.133681 0 0 0 0 0 0 0 0 0 0 0 0 0 0 0.133793 0 0.13352 0 0 0 0 0 0 0 0.13433 0 0 0 0 0 0 0 0 0 0 0 0 0 0 0 0 0 0 0 0.123121 0 0 0 0.123652
0 0 0 0 0 0 0 0 0 0 0.133467 0 0 0 0 0 0.135521 0 0 0 0 0.131626 0 0 0.126062 0.129739 0 0 0 0 0 0.125427 0.128021 0 0 0 0 0 0.125457 0.133749 0 0.134836 0 0 0 0.134932 0 0 0 0 0 0 0 0 0 0 0 0 0 0 0 0 0 0 0 0 0 0 0 0 0 0 0 0 0 0 0 0.132134 0 0 0 0 0.127852 0 0.132835 0.130155 0 0 0 0 0 0 0 0 0 0 0 0.135404 0.129292 0
0 0 0.127326 0.130667 0 0 0 0 0 0 0 0 0 0 0 0 0 0.126999 0 0 0 0 0 0 0 0 0 0 0 0 0 0.127085 0 0 0 0 0 0 0 0 0 0.127087 0 0.131456 0 0.12822 0 0.123866 0 0 0 0.126995 0.135157 0 0 0 0 0 0 0 0 0 0 0.127781 0 0 0 0 0 0 0 0 0.129578 0 0 0 0 0.13482 0 0 0 0.127276 0 0 0 0 0 0 0.126764 0.126939 0.13088 0 0 0 0 0 0 0 0 0
0.124943 0 0 0 0 0 0 0 0 0 0 0 0 0 0 0.130731 0 0 0 0.133947 0.134305 0 0.129664 0.127199 0.132239 0 0 0 0 0 0 0 0 0 0.130131 0.133669 0 0 0 0 0 0.130027 0 0 0 0.12705 0.129832 0 0 0.133665 0 0 0 0.131304 0 0 0 0 0 0 0 0 0 0 0 0 0.123237 0 0 0.135091 0 0 0.134 0 0 0 0 0 0 0 0 0 0.128905 0 0.126462 0 0 0.131222 0 0 0 0 0 0 0 0 0 0 0.131724 0
0 0 0 0.132504 0 0 0 0.135358 0 0 0 0 0 0 0 0 0 0 0 0 0.132417 0 0.12669 0 0.13332 0 0 0 0.124743 0.131993 0 0 0 0.134898 0.135137 0 0 0 0 0 0.124346 0 0 0 0 0 0.123518 0 0 0 0.129799 0 0 0 0.127122 0 0 0 0 0 0 0 0 0 0 0 0 0 0 0.134307 0 0 0 0 0 0 0 0 0 0 0 0 0.12596 0 0.12981 0 0 0 0 0 0 0.123846 0 0 0 0 0 0 0 0.123932
0 0 0.135399 0 0 0 0.129946 0 0 0 0.132248 0 0 0 0 0 0 0.124598 0 0 0 0.134115 0 0 0 0 0 0 0.131133 0 0 0.133774 0.123039 0 0 0.127728 0 0.130518 0.129163 0 0 0 0 0.127975 0 0 0 0 0 0 0 0 0 0 0 0 0 0 0 0 0 0 0 0 0 0 0 0 0.126694 0 0 0 0.133871 0 0 0 0 0 0 0 0 0 0.128565 0.127185 0 0 0 0 0 0 0 0 0 0 0 0 0 0 0.127329 0
0.12581 0.132103 0 0 0 0 0 0 0 0 0 0 0 0.125535 0 0 0 0 0 0 0.13299 0 0.131609 0.132435 0 0 0.129513 0 0 0 0 0 0 0 0 0 0 0 0 0 0 0.130849 0 0 0 0 0 0.130584 0 0 0 0 0.128412 0.130717 0 0.12353 0 0 0 0.127781 0 0 0 0 0 0 0.131494 0 0 0 0 0 0 0 0.135207 0 0 0 0 0 0 0 0 0 0 0.13154 0 0 0 0 0 0 0.129357 0 0 0 0 0 0 0
0 0 0 0 0 0 0 0 0 0 0 0 0 0 0 0 0.13375 0 0.129715 0 0 0 0 0.133982 0 0 0 0 0 0 0 0 0 0 0.129898 0 0 0 0 0 0 0.134279 0.124126 0 0 0 0 0 0.131832 0 0.133981 0 0 0 0.127271 0 0 0 0 0 0 0 0 0 0 0 0 0 0 0 0 0 0 0 0 0 0 0.131772 0.133208 0 0 0 0 0 0 0 0 0.124266 0 0 0 0 0 0 0 0 0 0 0 0
0 0.129551 0 0 0 0 0 0 0 0 0 0 0 0.133118 0 0 0 0 0 0.126095 0 0 0 0 0 0 0 0.126026 0 0 0 0 0 0 0.13298 0 0.133121 0 0 0.134098 0 0 0 0 0 0 0 0 0 0.124119 0 0 0 0 0.124157 0 0 0.133793 0 0 0 0 0 0 0 0 0.126054 0 0 0.127239 0 0 0 0 0.126479 0 0 0 0.135207 0.133718 0 0 0 0 0.124907 0 0 0.124246 0 0 0 0.129686 0 0 0.126738 0 0.124501 0 0 0
0 0.125064 0 0 0.125289 0 0 0 0 0 0 0 0 0 0 0 0 0 0 0 0 0 0 0.131898 0.129466 0 0.127332 0.133175 0 0 0 0 0 0 0 0 0.134995 0 0 0 0 0.127678 0 0 0 0.132264 0 0 0 0 0 0 0 0 0 0 0 0 0 0 0.123237 0 0 0.131494 0 0.126054 0 0.124132 0 0.126597 0 0 0 0 0 0 0.12783 0 0.131856 0 0.131328 0 0 0 0 0 0 0 0.134139 0 0 0 0 0 0 0.132627 0 0 0 0
0.127625 0 0 0 0 0 0 0 0 0 0 0 0.128426 0 0 0 0 0 0 0 0 0 0 0.129249 0 0 0 0.126304 0.127889 0.133989 0.127099 0 0 0 0 0.12826 0 0 0 0.125771 0.134593 0 0 0.124319 0 0 0 0 0 0 0 0.134755 0 0 0 0 0.127575 0.13352 0 0 0 0 0 0 0 0 0.124132 0 0.132112 0 0.128784 0 0 0 0.124364 0 0.129956 0 0 0 0 0 0.13233 0.127483 0 0 0 0 0 0.128722 0 0 0 0 0 0 0.123466 0 0 0
0 0 0 0 0 0 0 0 0 0 0 0.126874 0.126327 0.129993 0 0 0 0.129154 0 0 0 0 0 0 0 0 0 0 0 0.125662 0.1263 0 0.129097 0 0 0 0 0 0 0 0 0 0 0 0.132927 0 0 0 0 0 0 0 0 0 0 0 0 0 0 0 0 0 0.126694 0 0 0 0 0.132112 0 0.135362 0 0 0 0 0 0 0 0 0 0 0 0.135507 0 0 0 0.123886 0 0 0 0 0 0 0 0 0 0.134585 0 0 0 0.131661
0 0 0 0 0 0.135327 0.132042 0 0 0 0 0 0 0.128764 0 0.126787 0 0 0 0 0 0.128656 0 0 0 0 0.124093 0.132028 0 0 0 0 0 0 0 0.126682 0 0 0 0 0 0.132002 0 0.130463 0 0 0 0 0 0 0 0 0 0.124989 0 0 0 0 0 0 0.135091 0.134307 0 0 0 0.127239 0.126597 0 0.135362 0 0 0 0 0 0 0 0 0 0 0 0 0 0 0 0 0 0 0 0 0.12358 0 0.125773 0.126753 0 0 0 0 0 0 0
0.127338 0 0.133401 0.124838 0.12733 0 0 0.127347 0 0 0 0 0 0.130322 0.124143 0 0 0 0.126222 0 0 0 0 0 0 0 0 0 0 0 0.123798 0 0 0.127956 0 0 0 0 0 0.130074 0 0 0 0 0 0 0 0 0 0.129464 0 0 0 0.124148 0 0.127508 0 0 0 0 0 0 0 0 0 0 0 0.128784 0 0 0 0 0.125228 0 0 0 0.131959 0.125025 0 0.127622 0 0 0 0 0 0 0 0 0 0 0 0 0 0 0 0.127252 0.124285 0 0 0
0 0 0 0 0.12653 0 0 0 0 0 0 0 0 0.128613 0 0 0 0 0 0 0 0 0 0 0 0.130351 0 0.134046 0 0 0 0 0 0.127619 0 0 0 0 0.13 0 0.129939 0.125768 0 0 0 0 0 0 0 0 0 0 0.134717 0 0 0 0 0 0 0 0 0 0 0 0 0 0 0 0 0 0 0 0 0 0 0 0 0 0 0 0 0.123676 0 0 0 0 0 0 0 0 0 0 0 0 0 0 0 0.12488 0 0.124466
0 0 0 0 0.132703 0 0 0 0 0 0 0 0 0.134087 0 0 0 0 0 0 0 0.124538 0 0.133359 0 0 0 0 0 0 0 0 0.124165 0 0 0 0 0 0 0.123724 0 0 0 0.127813 0 0 0 0 0 0 0 0 0 0 0 0 0 0 0 0.129578 0.134 0 0.133871 0 0 0 0 0 0 0 0.125228 0 0 0 0 0 0 0 0 0.12589 0 0 0 0 0 0 0 0 0 0 0 0 0 0 0 0 0 0 0 0
0.13121 0 0 0 0 0 0 0.130311 0.128175 0 0 0.126586 0 0 0.133243 0.133055 0 0 0.125337 0.123595 0 0 0.128332 0 0 0 0 0 0.130742 0 0.124744 0.123271 0.123519 0 0 0 0 0 0.125971 0 0 0 0 0 0 0 0 0.126628 0 0.124127 0 0 0 0 0.13453 0.124305 0.123891 0 0 0 0 0 0 0 0 0 0 0 0 0 0 0 0 0 0 0 0 0 0 0 0 0.133772 0.123494 0 0 0 0 0 0 0 0 0 0 0 0 0 0 0 0 0
0 0 0 0 0 0 0 0 0 0 0.133029 0 0 0 0 0.130866 0 0 0 0 0 0 0.128668 0 0 0.13024 0 0 0 0.132984 0 0 0 0 0 0 0 0 0 0.124362 0 0 0 0 0 0 0 0 0 0 0.128173 0 0.127659 0 0 0 0.130615 0 0 0 0 0 0 0.135207 0 0.126479 0 0.124364 0 0 0 0 0 0 0 0 0.129079 0 0 0.124761 0.132788 0 0 0 0 0 0 0 0.124536 0 0 0 0 0.123456 0 0 0 0 0.133622 0
0 0 0 0 0 0.126979 0 0.127042 0 0 0 0 0 0 0 0 0.124394 0.126643 0 0.134179 0 0 0 0 0 0 0 0 0 0 0 0 0 0 0 0 0.128013 0.125934 0 0.127684 0 0 0 0 0 0 0.133507 0 0 0 0 0 0 0 0 0 0 0.13433 0 0 0 0 0 0 0 0 0 0 0 0 0 0 0 0 0 0 0 0 0 0 0 0 0.131713 0 0.125696 0 0 0 0 0 0 0 0 0 0 0 0 0 0 0
0 0 0 0 0 0 0 0 0 0 0 0 0.12689 0 0.128669 0 0 0.130334 0 0 0.127941 0 0 0 0 0 0.125411 0 0 0 0 0.13415 0 0 0 0 0 0.126839 0.130295 0 0.131419 0 0 0 0 0 0 0 0 0 0 0.127008 0 0 0.126249 0.123212 0.127556 0 0 0 0 0 0 0 0 0 0.12783 0.129956 0 0 0.131959 0 0 0 0.129079 0 0 0 0.123177 0 0 0 0.130692 0 0.127496 0 0 0 0 0 0 0.132574 0 0 0 0 0 0 0 0.133903
0 0 0 0 0 0.134311 0 0 0 0.123297 0 0 0 0 0 0 0 0 0 0 0 0 0 0 0 0 0 0 0.127142 0 0.123468 0 0 0.125982 0 0 0 0.133306 0 0 0 0 0 0 0 0 0 0 0 0 0.127326 0 0.134623 0 0 0 0.127675 0 0.132134 0.13482 0 0 0 0 0.131772 0 0 0 0 0 0.125025 0 0 0 0 0 0 0 0 0 0 0 0.1331 0 0 0 0 0.126214 0 0 0 0 0 0 0.134285 0 0 0 0.124584 0
0.127812 0 0 0 0 0 0 0 0 0 0 0 0 0 0 0 0 0.124989 0 0 0 0 0 0 0 0 0.123427 0 0 0 0.133987 0.131983 0 0 0 0 0 0 0 0 0 0 0.133989 0.125816 0 0 0 0.123266 0 0 0 0 0 0 0 0 0 0 0 0 0 0 0 0 0.133208 0.135207 0.131856 0 0 0 0 0 0 0 0 0 0.123177 0 0 0 0 0 0 0 0 0.133663 0 0 0 0 0.129215 0.130766 0 0 0 0 0 0 0.123383 0
0 0 0 0 0 0 0 0 0 0.128096 0 0 0 0 0 0 0 0.125361 0.131833 0 0 0 0 0 0 0 0 0 0 0 0 0 0 0 0 0 0.125094 0 0 0 0 0 0 0 0 0 0 0.132516 0 0 0 0 0 0 0 0 0 0 0 0 0 0 0 0 0 0.133718 0 0 0 0 0.127622 0 0.12589 0 0.124761 0 0 0 0 0 0.122992 0 0 0 0 0 0 0 0.127169 0 0 0 0 0 0 0 0 0 0 0.128942
0 0.132955 0 0 0 0 0 0 0 0 0 0 0.128562 0 0 0 0 0 0 0 0 0 0.133435 0 0 0 0 0.134661 0 0 0 0 0.125062 0 0 0 0 0 0 0 0 0 0 0 0 0 0 0 0 0 0 0 0 0.123098 0 0 0.129457 0 0 0 0 0 0 0 0 0 0.131328 0 0 0 0 0 0 0 0.132788 0 0 0 0 0.122992 0 0.12883 0.126675 0.130753 0 0 0.12475 0 0.134727 0.126514 0 0 0 0 0 0 0 0.13378 0 0
0 0 0 0 0 0 0 0 0 0 0 0 0 0 0 0 0.124749 0 0 0 0 0 0 0 0.126571 0 0 0 0 0 0 0 0 0 0 0 0 0.130452 0 0 0 0 0 0 0 0 0 0 0 0 0 0 0 0 0 0 0 0 0 0.127276 0 0 0 0 0 0 0 0 0.135507 0 0 0.123676 0 0.133772 0 0 0 0 0 0 0.12883 0 0 0 0 0 0.125201 0 0 0 0 0 0.133913 0 0 0 0 0.129204 0 0
0 0 0 0 0 0 0 0 0 0 0 0 0 0 0 0 0 0 0 0.128196 0 0 0 0 0.125651 0 0 0 0.127615 0 0 0 0 0 0 0 0.129043 0 0.123868 0 0 0 0 0 0 0 0 0.130192 0 0.125723 0 0.1295 0 0 0 0 0 0 0.127852 0 0.128905 0.12596 0.128565 0 0 0 0 0.13233 0 0 0 0 0 0.123494 0 0.131713 0.130692 0.1331 0 0 0.126675 0 0 0 0 0.133959 0 0 0 0 0.125929 0 0 0 0 0 0 0 0 0.131539
0 0.123564 0.128763 0 0 0 0 0 0 0 0 0.129309 0 0 0 0 0 0.13475 0 0 0 0 0 0 0 0 0 0 0 0 0 0 0 0 0 0.127744 0 0 0 0 0.127406 0.124828 0 0 0 0.131851 0 0 0 0 0 0.124657 0 0 0.12444 0 0 0 0 0 0 0 0.127185 0 0 0 0 0.127483 0 0 0 0 0 0 0 0 0 0 0 0 0.130753 0 0 0 0 0 0 0 0 0 0 0 0 0.12606 0 0 0 0.12665 0 0
0.13017 0 0 0 0 0 0 0 0 0 0 0 0 0 0 0 0 0 0 0 0 0.129004 0 0 0.130048 0 0 0 0.134931 0 0 0 0 0 0 0 0 0 0 0.124708 0.130108 0 0 0 0.124188 0 0 0 0 0 0.134005 0 0 0 0 0 0 0 0.132835 0 0.126462 0.12981 0 0 0 0.124907 0 0 0 0 0 0 0 0 0 0.125696 0.127496 0 0 0 0 0 0 0 0 0 0 0.13522 0 0 0 0 0 0 0 0 0 0 0 0
0 0 0 0.134226 0 0 0 0 0 0 0 0 0 0.130427 0.123079 0 0 0 0 0 0 0.134395 0 0 0 0 0 0.129381 0 0 0 0 0 0 0.133081 0 0 0 0 0 0.126706 0 0 0.130933 0 0 0.130016 0 0.127224 0 0 0 0 0 0.123934 0 0 0 0.130155 0 0 0 0 0.13154 0 0 0 0 0.123886 0 0 0 0 0 0 0 0 0 0.133663 0 0 0 0.133959 0 0 0 0 0.134313 0 0.123268 0 0 0.132546 0 0 0.131043 0 0 0 0
0 0.127628 0 0.123969 0 0.126405 0.129476 0 0 0 0 0 0.133022 0 0 0 0 0 0 0 0 0 0.127213 0 0 0 0 0 0 0 0 0 0 0 0.125893 0 0 0 0 0 0 0 0.12802 0 0 0 0 0 0 0 0 0 0 0 0 0.123935 0 0 0 0 0 0 0 0 0 0 0 0 0 0 0 0 0 0 0 0 0 0 0 0 0.12475 0.125201 0 0 0 0 0 0 0 0 0 0 0 0 0 0 0.132782 0 0 0
0 0 0 0 0 0.132889 0 0 0 0 0 0 0 0 0 0 0 0 0 0.126665 0 0 0.123339 0 0 0 0.124734 0 0 0 0 0 0 0 0.127374 0 0 0 0 0 0 0 0 0 0.126081 0 0 0 0 0 0 0 0.126961 0 0 0 0 0 0 0 0.131222 0 0 0 0.124266 0.124246 0 0 0 0 0 0 0 0 0 0 0 0.126214 0 0 0 0 0 0 0.13522 0.134313 0 0 0 0 0 0 0 0 0 0 0 0 0 0
0 0.126818 0 0 0 0 0 0 0 0 0.125118 0 0 0 0 0 0 0 0 0 0.132225 0 0 0 0 0.130368 0 0 0 0 0 0 0 0 0 0 0 0 0 0 0 0 0 0 0 0 0 0 0 0 0 0 0.134931 0 0 0 0 0 0 0.126764 0 0 0 0 0 0 0.134139 0 0 0 0 0 0 0 0.124536 0 0 0 0 0.127169 0.134727 0 0 0 0 0 0 0 0 0 0 0 0 0 0 0 0 0 0 0
0 0.124897 0 0.133995 0 0 0 0 0 0 0 0 0 0.127777 0 0 0 0 0 0 0 0 0 0 0 0.129443 0 0.123512 0 0 0 0 0 0 0.130199 0 0 0.124079 0 0 0 0 0 0 0 0 0 0 0 0 0.123355 0 0 0.135189 0 0 0 0 0 0.126939 0 0 0 0 0 0 0 0.128722 0 0.12358 0 0 0 0 0 0 0 0 0 0 0.126514 0 0 0 0 0.123268 0 0 0 0 0 0 0.131398 0 0 0 0.133501 0 0.13025 0
0 0 0 0 0 0 0.125559 0 0.12394 0 0.13374 0 0 0 0 0.127081 0 0 0 0 0 0 0 0 0 0 0 0 0 0 0.123848 0.135277 0 0 0 0 0 0 0 0 0 0.127966 0 0 0 0 0 0 0 0 0 0 0 0 0 0.129416 0 0 0 0.13088 0 0 0 0 0 0 0 0 0 0 0 0 0 0 0 0 0 0 0.129215 0 0 0 0.125929 0 0 0 0 0 0 0 0 0 0 0 0 0 0 0 0 0.131787
0 0 0 0 0.13345 0.126483 0.126483 0 0 0 0 0 0 0.132081 0 0 0.134568 0 0.13016 0 0 0 0.127083 0 0 0 0 0 0 0.127678 0 0 0 0.128976 0.12357 0 0 0 0 0 0.128321 0.126659 0 0 0.124518 0 0 0 0.128035 0 0 0 0 0 0 0 0 0 0 0 0 0.123846 0 0 0 0.129686 0 0 0 0.125773 0 0 0 0 0 0 0.132574 0 0.130766 0 0 0 0 0 0 0 0 0 0 0 0 0 0 0 0 0.125382 0 0 0 0
0 0 0 0 0 0 0 0 0 0 0 0 0.131093 0.125929 0 0 0.132501 0 0.124758 0 0.130359 0 0 0 0 0 0 0 0 0 0 0.127014 0 0.124457 0 0 0 0 0.134122 0.131571 0 0 0.135525 0 0 0 0.124548 0 0 0 0 0 0 0 0 0.123169 0.128071 0 0 0 0 0 0 0.129357 0 0 0 0 0 0.126753 0 0 0 0 0 0 0 0 0 0 0 0.133913 0 0 0 0.132546 0 0 0 0.131398 0 0 0 0 0.123776 0 0 0 0 0
0 0 0 0 0 0 0 0 0 0 0 0 0 0 0 0 0 0 0.128036 0.131212 0 0 0 0 0 0 0.126654 0 0.12942 0 0 0 0 0 0 0 0 0 0 0 0 0 0 0 0 0.133812 0 0 0 0 0 0 0 0 0 0.124015 0.129895 0 0 0 0 0 0 0 0 0 0 0 0 0 0 0 0 0 0.123456 0 0 0 0 0 0 0 0 0.12606 0 0 0 0 0 0 0 0 0 0 0 0 0 0.126365 0.128049 0
0 0 0 0 0 0 0 0 0 0 0 0 0.126331 0 0 0 0 0 0 0 0 0 0.130419 0 0.135059 0 0 0 0 0 0 0 0 0 0 0 0.123716 0 0 0 0 0 0 0 0 0 0 0 0 0.129597 0 0 0.132208 0 0 0 0 0 0 0 0 0 0 0 0 0.126738 0 0 0 0 0 0 0 0 0 0 0 0.134285 0 0 0 0 0 0 0 0 0 0 0 0 0 0 0.123776 0 0 0 0 0 0 0
0 0.130643 0.128179 0 0 0 0 0 0 0.125698 0 0 0 0 0.128177 0.125345 0 0 0 0 0.135485 0 0 0.129174 0.123798 0 0 0 0 0 0 0 0 0 0 0 0 0 0.130782 0 0 0 0 0 0 0 0 0.132188 0 0 0.126113 0 0 0 0.127141 0 0.124337 0.123121 0 0 0 0 0 0 0 0 0.132627 0 0.134585 0 0.127252 0 0 0 0 0 0 0 0 0 0 0 0 0 0 0.131043 0 0 0 0 0 0.125382 0 0 0 0 0 0 0 0
0 0.129243 0 0.132938 0 0 0.127439 0.135076 0.129085 0 0 0 0 0 0 0 0 0 0 0.124392 0 0.130105 0 0 0 0 0.131012 0 0 0 0 0 0 0 0 0 0 0 0 0 0 0 0 0 0 0 0 0 0 0 0 0 0 0 0 0 0.129859 0 0 0 0 0 0 0 0 0.124501 0 0.123466 0 0 0.124285 0 0 0 0 0 0 0 0 0 0 0 0 0 0 0 0.132782 0 0 0.133501 0 0 0 0 0 0 0 0 0.123652 0
0 0 0 0 0 0 0 0 0 0 0 0 0 0 0 0 0 0 0 0 0 0 0 0 0 0 0 0 0 0 0 0 0 0 0 0.130905 0.129688 0 0 0 0 0 0 0 0.123051 0 0.134418 0 0 0 0 0 0 0 0 0 0 0 0.135404 0 0 0 0 0 0 0 0 0 0 0 0 0.12488 0 0 0 0 0 0 0 0 0.13378 0.129204 0 0.12665 0 0 0 0 0 0 0 0 0 0.126365 0 0 0 0 0 0
0 0 0 0.125144 0 0 0 0 0.128413 0.132441 0 0 0 0 0 0 0 0 0 0 0 0 0 0.126931 0 0 0.129831 0 0 0.132219 0 0 0 0 0.131212 0 0 0 0 0 0 0 0 0 0 0 0 0 0 0 0 0 0 0.135399 0 0 0 0 0.129292 0 0.131724 0 0.127329 0 0 0 0 0 0 0 0 0 0 0 0.133622 0 0 0.124584 0.123383 0 0 0 0 0 0 0 0 0 0 0.13025 0 0 0 0.128049 0 0 0.123652 0 0 0.13183
0 0 0 0 0 0 0 0 0 0 0 0 0 0 0 0 0 0 0 0 0 0 0.126945 0 0.131062 0 0 0 0.124317 0 0 0 0 0 0 0.124404 0 0 0.135021 0 0.123805 0 0 0 0 0 0 0 0 0 0 0 0 0 0 0 0 0.123652 0 0 0 0.123932 0 0 0 0 0 0 0.131661 0 0 0.124466 0 0 0 0 0.133903 0 0 0.128942 0 0 0.131539 0 0 0 0 0 0 0 0.131787 0 0 0 0 0 0 0 0.13183 0
