200
0 0.424187 0 0 0.370595 0 0 0 0 0 0 0.600519 0.705095 0 0 0 0 0 0.37266 0 0 0 0 0 0 0 0 0 0 0 0 0 0 0 0 0 0 0 0 0 0 0 0 0.395675 0 0 0 0 0.477477 0 0 0 0 0 0 0 0 0 0 0 0 0 0 0 0 0 0 0 0 0 0 0 0 0 0 0 0 0 0 0 0 0 0 0 0 0 0 0 0 0 0 0 0 0 0 0 0 0 0 0 0 0 0 0.485366 0 0 0.483768 0 0 0 0 0 0 0 0 0 0 0 0 0 0 0 0 0 0 0 0 0 0.524114 0 0 0 0 0 0 0 0 0 0 0 0 0 0 0 0 0 0 0.405767 0 0 0 0 0 0 0 0 0 0.545798 0 0 0 0 0 0 0 0.627521 0 0 0 0 0 0 0 0 0 0 0 0 0 0 0 0 0 0 0 0 0 0 0 0 0 0 0 0 0 0.401765 0 0 0 0.551468
0.424187 0 0 0 0 0 0.547378 0 0 0 0 0 0 0.492427 0 0 0 0 0 0 0 0 0 0 0.399305 0 0 0 0 0 0 0 0 0 0 0 0 0 0 0 0 0 0 0 0 0 0 0 0 0 0 0 0 0 0 0 0 0 0 0.721033 0 0 0 0 0 0 0 0 0 0 0 0 0 0 0 0 0 0 0 0 0 0 0 0 0 0 0 0 0 0 0 0 0 0 0 0 0 0 0 0 0 0 0 0 0 0 0 0 0 0 0 0 0 0 0 0 0 0 0 0.419792 0.411297 0 0 0.505477 0 0 0.366707 0 0 0 0 0 0 0 0 0 0 0 0 0 0 0 0 0.374226 0 0 0 0 0 0 0 0 0 0 0.463832 0 0 0 0 0 0 0.663617 0 0 0 0 0 0.743461 0 0 0 0 0 0 0 0 0 0.508773 0 0 0 0 0.402204 0 0 0 0 0 0 0 0 0.565499 0 0 0 0 0 0 0 0
0 0 0 0 0 0 0 0 0 0 0.71875 0 0 0 0 0 0 0 0 0 0 0 0 0 0 0 0 0 0 0 0 0 0 0 0 0 0 0 0 0 0 0 0 0 0 0 0 0 0 0 0 0 0 0 0 0 0 0 0 0 0 0 0 0 0 0.430797 0 0 0 0 0 0 0 0.366196 0 0 0 0 0 0 0 0 0 0 0 0 0 0 0 0 0 0 0 0 0 0 0 0 0 0 0 0 0 0 0 0 0 0 0 0 0 0.511176 0 0 0 0 0 0 0 0 0 0 0 0 0 0 0 0 0 0 0 0 0 0 0 0 0 0 0 0 0 0 0 0.56336 0 0 0 0 0 0 0 0 0 0 0 0 0 0 0 0.590336 0 0 0 0 0 0 0 0 0 0 0 0 0 0 0 0 0 0 0 0 0 0 0 0 0.72825 0 0.674403 0 0.382721 0 0.609568 0 0 0 0 0 0 0 0 0
0 0 0 0 0 0 0 0 0 0.689834 0.581774 0 0 0 0 0 0 0 0 0 0 0 0 0 0 0 0 0 0 0 0 0 0 0 0 0 0 0 0 0 0 0 0 0 0 0 0 0 0 0 0 0 0 0 0 0 0 0 0 0 0 0 0 0.518001 0 0 0 0 0 0 0 0 0 0 0 0 0 0 0 0 0 0 0 0 0 0 0 0 0 0 0 0.390301 0 0 0 0 0 0 0 0 0 0 0 0 0 0 0 0 0 0 0 0 0 0 0 0.439639 0.400942 0 0 0 0 0 0 0 0 0 0 0 0 0 0 0 0 0 0 0 0 0 0 0 0 0 0 0 0 0 0 0 0 0 0 0.482512 0 0 0 0.498075 0 0 0 0 0 0 0 0 0 0 0 0 0 0 0 0 0.633517 0 0 0 0 0 0 0 0 0 0 0 0.506225 0 0 0 0 0 0 0 0 0 0 0 0 0 0 0
0.370595 0 0 0 0 0 0 0 0 0 0 0 0 0 0 0 0 0 0 0 0.612236 0 0 0 0 0 0 0 0 0 0 0.53039 0 0 0 0.598122 0 0 0 0 0 0 0 0 0 0 0 0.426437 0 0 0 0 0 0 0 0 0 0 0 0 0 0 0 0 0 0 0.469019 0 0.628179 0 0 0 0 0 0 0 0 0.436791 0 0 0 0 0 0 0 0 0 0 0 0 0 0 0 0 0 0 0 0 0 0 0.345884 0 0 0 0 0 0 0 0.680146 0 0 0 0 0.601605 0 0 0 0 0 0 0 0 0 0.58517 0 0 0 0 0 0 0 0 0 0 0.578549 0 0 0 0 0 0 0 0 0 0 0 0 0 0 0.584657 0.541647 0.423409 0 0 0 0 0 0 0 0 0 0 0 0 0 0 0.643099 0.464969 0 0 0 0 0 0 0 0 0 0 0 0 0 0 0 0 0 0 0 0 0 0 0.419493 0 0.443937 0 0 0 0 0 0 0
0 0 0 0 0 0 0 0 0 0 0 0 0 0 0 0 0 0 0 0 0.609494 0 0 0 0 0 0 0 0 0 0 0 0 0 0 0 0.635742 0 0 0 0 0 0 0 0.484694 0 0 0 0 0 0 0 0 0 0 0 0 0 0 0.599113 0 0 0 0 0 0 0 0.480373 0 0 0 0 0 0 0 0 0 0 0 0 0.64154 0 0 0 0 0 0 0 0 0 0 0 0 0 0 0 0.36709 0 0 0 0 0 0 0 0 0.481065 0 0.480257 0 0 0 0 0 0 0 0 0 0 0 0 0 0 0 0 0 0 0 0 0.423672 0 0 0.659458 0 0 0 0 0 0 0 0 0 0 0 0 0 0 0 0 0 0 0 0 0 0 0 0 0 0 0 0 0 0 0 0 0 0 0 0 0 0 0 0 0 0 0 0.641945 0 0 0 0 0 0 0 0 0 0 0 0 0 0 0 0 0 0 0 0 0 0 0 0
0 0.547378 0 0 0 0 0 0.435515 0 0 0 0 0 0 0 0 0 0 0.696252 0 0 0 0 0 0 0 0 0 0 0 0 0 0.405531 0 0 0 0 0 0 0 0.527619 0.44571 0 0 0 0 0.538828 0 0 0 0 0 0 0 0 0 0 0 0 0 0 0 0 0 0 0 0 0 0 0 0 0 0 0 0 0 0.53287 0 0 0 0 0 0 0 0 0 0 0 0.360451 0 0 0.31008 0 0 0 0 0 0 0 0 0 0 0 0 0 0 0 0 0 0 0 0 0 0 0 0 0 0 0 0 0.634308 0 0.351969 0 0 0 0.425982 0 0 0 0 0 0 0 0.457101 0 0 0 0 0 0 0 0 0 0 0 0 0 0 0 0 0 0 0.544249 0 0 0 0 0 0 0 0 0 0 0 0 0 0 0 0 0 0 0 0 0 0 0 0 0 0 0 0 0 0 0 0.489186 0 0 0 0 0 0 0 0 0 0 0 0 0 0.489067
0 0 0 0 0 0 0.435515 0 0 0 0 0 0 0 0 0 0 0 0 0 0 0 0 0 0 0 0 0 0 0 0 0 0 0 0 0.506947 0 0 0 0 0 0 0 0 0 0 0 0 0 0 0 0 0 0 0 0 0 0 0.373963 0 0.510349 0 0 0 0 0 0 0 0 0 0 0 0 0 0 0 0 0 0 0 0.377789 0 0 0 0 0 0 0 0 0 0 0 0 0 0.597014 0 0 0 0 0 0 0 0 0 0 0 0 0 0 0 0 0 0 0 0 0 0 0 0 0 0 0 0 0 0 0 0 0 0 0.474021 0 0 0 0 0 0 0 0 0.573563 0 0 0 0 0 0 0 0 0 0 0 0 0 0 0 0.527795 0 0 0 0 0 0 0 0 0 0 0 0 0 0 0 0 0 0 0 0 0 0 0 0 0 0 0 0 0 0 0 0 0 0 0 0.614232 0 0 0 0 0 0 0 0 0
0 0 0 0 0 0 0 0 0 0 0 0 0.489328 0 0.603936 0 0 0 0 0 0 0 0 0 0 0 0 0 0 0 0 0 0.625189 0 0 0 0 0 0 0 0 0 0 0 0 0 0 0 0 0 0 0 0 0 0 0 0 0 0 0 0 0 0 0 0 0 0 0.44177 0.455606 0 0 0 0 0 0 0 0.549535 0 0 0 0 0 0 0 0 0 0 0 0 0.72256 0 0 0 0 0 0 0 0 0.388663 0 0 0 0 0 0 0 0 0 0 0 0 0 0 0 0 0 0 0 0 0 0 0 0 0 0 0 0 0 0 0 0 0 0 0 0 0 0 0 0 0 0 0 0 0 0 0 0 0 0 0 0 0 0 0 0 0 0 0 0 0 0.51476 0 0 0 0 0 0 0 0 0 0 0 0 0 0 0 0 0 0 0 0 0 0 0 0 0.726604 0 0 0 0 0 0 0 0 0 0.62706 0 0 0 0
0 0 0 0.689834 0 0 0 0 0 0 0 0 0 0 0 0 0 0 0 0 0 0 0 0 0 0 0.527045 0 0 0 0 0 0 0 0 0 0 0 0 0 0 0 0 0 0 0 0 0 0 0 0 0 0 0 0 0 0 0 0 0 0 0 0 0 0 0 0 0 0 0 0 0 0 0 0 0 0 0 0 0 0 0 0 0 0 0 0 0 0 0 0.559919 0 0 0 0 0 0 0 0 0 0 0 0 0 0 0 0 0.60156 0 0 0 0 0 0 0 0.639921 0 0 0 0 0 0 0 0 0.704008 0 0 0 0 0 0 0 0 0 0 0.500283 0 0 0 0 0 0 0 0 0 0 0 0 0 0.451468 0 0 0 0 0.400153 0 0 0 0 0.593566 0 0 0 0 0 0 0 0 0 0 0 0 0 0 0 0 0 0 0 0 0 0 0 0 0 0 0 0 0.381915 0 0 0 0 0 0 0 0 0 0 0
0 0 0.71875 0.581774 0 0 0 0 0 0 0 0 0 0 0 0 0 0 0 0 0 0 0 0 0 0 0 0 0 0 0 0 0 0 0.539726 0.350527 0 0 0.628683 0.513245 0 0 0.556803 0.647714 0 0 0 0 0 0 0.700129 0 0 0 0 0 0.703311 0 0 0 0.728737 0.577413 0 0 0 0 0 0 0 0 0 0 0 0 0 0 0 0 0 0 0 0 0 0 0.653356 0 0 0 0 0.400569 0 0 0 0 0 0 0 0 0.548455 0 0 0 0 0 0 0 0 0 0 0 0 0 0 0 0 0 0 0 0.373586 0 0 0 0 0 0 0 0 0 0 0.527739 0 0 0 0 0 0 0 0 0 0 0 0 0 0 0 0.62395 0 0 0 0.388121 0 0 0.240842 0 0 0 0 0 0 0 0 0 0 0.566881 0 0 0 0 0 0 0 0 0 0 0 0 0 0 0 0 0 0 0.409941 0 0 0 0 0 0 0 0 0 0 0 0 0 0 0 0 0
0.600519 0 0 0 0 0 0 0 0 0 0 0 0 0 0 0 0 0 0 0 0 0 0 0 0 0 0 0 0 0 0 0 0 0 0 0 0 0.460343 0 0 0 0 0 0.675264 0 0 0 0 0 0 0 0 0 0 0 0 0 0 0 0 0.699089 0 0 0 0.66833 0 0 0 0 0 0 0 0 0 0 0 0 0 0 0.588439 0 0 0 0 0 0 0 0 0 0 0 0 0 0 0.522546 0 0 0 0 0 0 0 0 0.353934 0 0 0 0 0 0 0 0 0 0 0.504045 0 0 0 0 0 0 0 0.347087 0 0 0 0 0.494966 0 0 0 0 0 0 0 0 0 0 0 0 0 0 0 0.454082 0 0 0 0 0 0 0 0 0 0 0 0 0 0 0 0 0 0 0 0 0 0 0 0 0 0 0 0 0 0.428769 0 0 0 0 0 0 0 0.595183 0 0 0 0 0.517227 0 0 0 0 0.566027 0 0 0.429716 0 0 0 0 0
0.705095 0 0 0 0 0 0 0 0.489328 0 0 0 0 0 0 0 0 0 0 0 0 0 0 0 0 0 0 0 0 0 0 0 0 0 0 0 0 0 0 0 0 0 0 0 0 0 0 0 0.343709 0 0 0 0.295086 0 0 0 0 0 0 0 0 0 0 0 0 0 0 0 0 0 0 0 0 0 0 0 0 0.669723 0 0 0 0 0 0 0 0 0 0 0 0 0 0 0 0 0 0 0 0 0 0 0 0 0 0 0 0 0 0 0 0 0.554335 0.604331 0 0 0 0 0 0 0 0 0 0.309927 0 0 0 0 0.441306 0 0 0 0 0 0 0 0 0 0 0 0 0 0 0 0 0 0 0 0 0 0 0 0 0 0 0 0 0 0 0 0 0 0 0 0 0 0 0 0.563248 0 0.475154 0 0 0 0 0 0 0 0 0 0 0 0 0 0 0 0 0 0 0 0 0 0.588631 0 0 0 0 0.544871 0 0 0 0
0 0.492427 0 0 0 0 0 0 0 0 0 0 0 0 0 0 0 0 0 0 0.364365 0 0.553528 0 0 0 0 0 0 0 0 0 0 0 0 0 0 0 0 0 0 0.516878 0 0 0 0 0 0 0 0.501419 0 0 0 0 0 0 0 0 0 0 0 0 0 0 0.728336 0 0.549031 0 0 0 0 0 0.413395 0 0 0 0 0 0 0 0 0 0 0 0 0 0 0 0 0 0 0 0 0 0 0 0 0 0.37507 0 0 0 0 0 0 0 0 0 0 0 0.492657 0 0 0 0 0 0 0 0 0 0 0 0 0 0 0 0 0 0 0 0 0 0 0 0 0 0 0 0 0 0 0.632649 0 0 0.622027 0 0 0 0.630339 0.579408 0 0 0 0 0 0 0 0 0 0 0 0 0 0 0 0 0 0 0 0 0 0 0 0 0 0 0 0 0 0 0 0 0 0 0 0 0 0 0 0 0 0 0 0 0 0 0 0 0 0
0 0 0 0 0 0 0 0 0.603936 0 0 0 0 0 0 0 0 0.430083 0 0 0 0 0 0 0 0 0 0 0 0 0 0 0 0 0 0 0 0 0 0.451665 0 0 0 0 0 0.394707 0 0 0 0 0 0 0 0 0 0 0 0 0 0 0 0 0 0.310501 0 0 0 0 0 0 0 0 0.39292 0 0 0 0 0 0 0 0.502103 0 0 0 0 0 0 0 0 0 0 0 0 0 0 0 0 0 0 0 0 0 0.619178 0 0 0 0 0 0 0 0 0 0 0 0 0 0 0.303323 0 0 0 0 0 0 0 0.493657 0.651223 0 0 0 0 0 0 0 0 0 0 0 0 0 0 0 0 0 0 0 0 0 0 0.68894 0 0 0 0 0 0 0 0 0 0 0.566139 0 0 0 0.387159 0 0 0 0 0 0 0 0 0 0 0 0 0 0 0 0 0 0 0 0 0 0 0 0 0.423205 0 0 0 0 0 0 0 0 0 0
0 0 0 0 0 0 0 0 0 0 0 0 0 0 0 0 0 0 0 0 0 0 0 0 0 0 0 0 0 0 0 0 0 0 0 0 0 0 0.445968 0 0 0 0.652222 0 0 0 0 0 0 0 0 0 0 0 0 0 0 0 0 0 0 0 0 0 0 0 0 0 0.518722 0 0 0 0 0 0 0 0.671278 0 0 0 0 0 0 0 0.642159 0 0 0 0 0 0 0 0.627828 0 0 0 0 0.700318 0 0 0 0 0 0 0 0 0 0 0 0 0 0 0 0 0 0 0.365898 0 0 0 0 0 0 0 0 0 0 0 0 0 0 0 0 0 0 0 0 0 0.393713 0 0 0 0 0 0 0 0 0 0 0.393516 0 0 0 0 0 0 0 0 0 0 0 0 0 0 0 0 0 0 0.547201 0 0 0 0 0 0 0 0 0 0 0 0 0 0.365108 0 0 0 0 0 0 0 0 0 0 0 0 0 0 0 0 0
0 0 0 0 0 0 0 0 0 0 0 0 0 0 0 0 0 0 0 0 0 0 0 0 0 0 0 0 0.597174 0 0 0 0.468211 0 0.380811 0 0 0 0 0 0 0 0.428398 0 0 0 0 0 0 0 0 0 0 0 0 0 0.732588 0 0 0 0 0 0 0.56351 0 0 0 0 0 0 0 0 0 0.480068 0.715259 0 0 0 0 0 0 0 0 0 0 0 0 0 0 0 0 0.317539 0 0 0 0 0 0 0 0 0 0 0 0 0 0 0 0 0.713426 0 0 0 0 0 0 0 0 0 0 0 0 0 0 0 0 0 0 0 0 0 0 0 0 0 0 0 0 0 0 0 0 0 0 0.628385 0 0 0 0 0 0 0 0 0 0 0.616511 0 0 0 0 0 0 0 0 0 0 0 0 0 0 0 0 0 0 0 0 0 0 0 0 0 0 0 0 0 0 0 0 0 0 0.558351 0 0 0 0 0 0 0 0 0 0
0 0 0 0 0 0 0 0 0 0 0 0 0 0 0.430083 0 0 0 0 0 0 0 0.684412 0 0.422642 0 0 0 0 0.613078 0 0 0 0 0 0 0 0 0 0 0 0 0 0 0 0 0.537072 0 0 0 0 0 0.714166 0 0 0 0 0 0 0 0.547178 0.434464 0 0.511469 0.490339 0 0 0 0 0 0 0 0 0 0 0 0 0 0 0 0 0 0 0 0 0 0 0 0.357835 0.371135 0 0 0 0 0 0 0 0 0 0 0 0 0 0.677416 0 0 0 0 0 0 0 0.383507 0 0 0 0 0 0 0 0 0 0 0 0 0 0 0 0 0 0 0 0 0 0 0 0 0 0 0 0 0 0 0 0 0 0 0 0 0 0 0 0 0 0 0.54725 0 0 0 0 0 0 0 0 0 0 0 0 0 0.544161 0 0 0 0 0 0 0 0.347153 0 0 0 0 0 0 0 0 0 0 0 0 0 0 0 0 0 0 0 0 0 0 0
0.37266 0 0 0 0 0 0.696252 0 0 0 0 0 0 0 0 0 0 0 0 0 0 0 0 0 0 0 0 0 0 0 0 0 0 0 0 0 0 0 0 0 0 0 0 0 0 0 0 0.306554 0 0 0 0 0 0 0 0 0 0 0 0 0 0 0 0 0 0 0 0 0 0 0 0 0 0 0 0 0 0 0 0 0 0 0.554504 0 0 0 0 0 0 0 0 0 0 0 0 0 0 0 0 0 0 0.456023 0 0.336821 0 0 0 0 0 0.480076 0 0 0 0 0 0 0 0.333027 0 0.449155 0 0 0 0 0 0 0 0 0 0 0 0 0 0 0 0 0 0 0 0 0 0 0 0 0 0 0 0 0.420865 0 0 0 0 0.619072 0 0 0 0 0 0 0 0 0 0 0 0 0 0 0 0 0 0 0 0 0 0 0 0 0 0 0 0 0 0 0 0 0 0 0 0 0 0 0.496199 0 0 0 0 0 0 0
0 0 0 0 0 0 0 0 0 0 0 0 0 0 0 0 0 0 0 0 0 0 0 0 0 0 0 0 0 0 0 0 0 0 0 0 0 0 0 0 0.380529 0 0 0 0 0.566 0 0 0 0 0 0 0 0 0 0 0 0 0 0 0 0 0 0 0 0 0 0 0 0 0 0 0 0.55751 0 0 0 0 0 0 0 0 0 0 0.413342 0 0 0 0 0 0 0 0.58224 0 0 0 0 0 0 0 0.683783 0 0 0 0 0 0 0 0 0 0 0 0 0 0 0.617786 0 0.544596 0 0 0 0 0 0 0 0 0 0 0 0 0 0 0 0 0 0 0 0 0 0 0 0 0 0 0 0 0 0 0 0 0 0 0.594577 0 0 0 0 0 0 0 0 0 0 0.479248 0 0 0 0 0 0 0 0.602332 0 0 0 0 0 0 0 0 0 0 0 0 0 0 0 0 0 0 0 0 0 0 0 0 0 0 0 0
0 0 0 0 0.612236 0.609494 0 0 0 0 0 0 0 0.364365 0 0 0 0 0 0 0 0 0 0 0 0 0 0 0 0 0 0 0 0 0 0 0 0 0 0 0 0 0 0 0 0 0 0 0 0 0 0 0 0 0 0.585217 0 0 0 0 0 0 0 0 0 0 0 0 0 0 0.559303 0 0.503774 0 0 0 0 0 0 0 0 0 0 0 0 0 0 0 0 0 0 0 0 0 0 0 0 0 0 0 0 0 0 0 0 0 0 0 0 0 0 0 0 0 0 0 0 0.634249 0 0 0 0.306015 0 0 0 0 0 0 0 0 0 0 0 0 0 0 0 0 0 0 0 0 0 0 0 0.441056 0 0 0 0 0 0 0 0 0.68408 0 0 0 0 0 0 0 0 0 0 0 0 0 0 0 0 0 0 0 0 0.484263 0.316069 0 0 0 0 0 0 0 0 0 0 0 0.509776 0 0 0 0 0 0 0 0 0 0 0
0 0 0 0 0 0 0 0 0 0 0 0 0 0 0 0 0 0 0 0 0 0 0 0 0 0 0 0 0 0 0 0 0 0 0 0 0 0 0 0 0 0 0 0 0 0 0.571817 0 0 0 0 0 0 0 0 0 0 0 0 0 0 0 0 0 0 0 0 0.709124 0 0 0 0 0 0 0 0 0 0 0 0 0 0 0 0 0 0 0 0 0 0 0 0 0 0 0 0 0 0 0 0 0 0 0 0 0 0 0 0 0 0 0 0 0 0 0 0 0.477008 0 0 0.37411 0 0 0 0 0 0 0 0 0 0 0 0 0 0 0 0 0 0 0 0 0 0 0 0 0 0.453473 0 0 0 0 0 0 0 0 0 0 0 0 0 0 0 0 0 0 0 0 0 0 0 0 0 0 0 0 0 0 0 0 0 0 0 0 0 0.385168 0.587891 0 0 0 0 0.606672 0 0 0 0 0 0 0 0.558467 0 0
0 0 0 0 0 0 0 0 0 0 0 0 0 0.553528 0 0 0 0.684412 0 0 0 0 0 0 0 0 0 0 0 0 0 0 0 0 0 0.527949 0 0 0 0 0 0 0 0 0.520057 0.455685 0 0 0 0 0 0 0 0 0 0 0 0 0 0 0 0 0.37792 0 0 0 0 0 0 0 0 0 0 0 0 0 0 0 0 0 0 0 0 0 0 0 0 0 0 0 0 0 0.430516 0 0 0 0 0 0 0 0 0 0 0 0 0 0 0 0 0 0 0 0 0 0 0 0 0 0 0 0 0 0.606311 0 0 0 0 0 0 0 0 0 0 0 0 0 0 0 0 0 0 0 0.412185 0 0.6214 0 0 0 0.517572 0 0 0 0 0 0 0 0 0.680939 0 0 0 0 0 0 0 0 0 0 0 0 0 0 0 0 0 0 0 0 0 0 0.605711 0 0.492406 0 0 0 0 0 0 0 0 0 0 0 0 0 0 0 0.315317 0
0 0 0 0 0 0 0 0 0 0 0 0 0 0 0 0 0 0 0 0 0 0 0 0 0.392754 0 0 0 0 0 0 0 0 0 0 0 0 0.485553 0 0 0 0 0 0 0 0 0 0 0 0 0 0.615537 0 0 0 0 0 0 0 0 0.707663 0.435293 0 0.382211 0 0 0 0 0 0 0 0 0 0 0 0 0 0 0 0 0 0 0 0 0 0 0 0 0 0 0 0 0 0 0 0 0 0 0 0 0 0 0 0 0 0 0 0 0 0 0 0 0 0 0 0 0 0 0.711409 0 0 0 0 0 0 0.55824 0.455999 0 0 0 0 0 0 0 0 0 0.421791 0 0 0 0 0 0.638492 0 0 0 0 0 0 0.584009 0 0 0 0 0 0 0 0 0 0 0 0 0 0.72816 0 0 0 0.576934 0 0 0 0 0 0 0 0 0 0 0 0 0 0 0 0 0 0 0 0 0 0 0 0 0 0 0 0 0 0 0 0
0 0.399305 0 0 0 0 0 0 0 0 0 0 0 0 0 0 0 0.422642 0 0 0 0 0 0.392754 0 0.466085 0 0 0 0 0 0.563107 0 0 0.546688 0 0 0 0 0 0 0.521419 0 0 0 0 0 0 0 0 0 0 0 0 0 0 0 0 0 0.613653 0 0 0 0 0 0.565921 0 0 0 0.365687 0 0 0 0 0 0 0 0 0 0 0 0 0.497857 0 0 0 0 0 0 0 0 0 0 0 0 0 0 0 0 0 0 0 0.71254 0 0 0 0 0 0 0 0 0.640759 0 0 0 0 0 0 0 0 0 0 0 0 0 0 0 0 0 0 0 0 0 0 0 0.490181 0 0 0 0 0 0 0 0.57372 0 0 0 0 0 0 0 0 0 0 0 0 0 0.42534 0 0.568164 0 0 0 0 0 0 0 0 0 0 0 0 0 0 0 0 0 0 0 0 0 0 0 0 0 0 0 0 0 0 0 0 0.447026 0 0 0 0 0 0 0
0 0 0 0 0 0 0 0 0 0 0 0 0 0 0 0 0 0 0 0 0 0 0 0 0.466085 0 0 0 0 0 0 0.42428 0 0 0 0 0 0 0 0 0 0 0 0 0 0.692164 0.624913 0 0 0 0 0 0 0 0 0.290344 0.612668 0 0 0.506443 0 0 0 0 0 0 0 0 0 0 0.594091 0 0 0 0 0 0 0 0 0 0 0 0 0 0 0 0 0 0 0 0.610966 0 0 0 0 0 0 0 0 0 0 0 0 0.687018 0 0 0 0.479514 0 0 0 0 0 0 0 0 0.65824 0 0 0 0 0 0 0 0 0 0 0 0 0 0 0 0 0 0 0 0 0 0.473144 0 0 0 0 0 0 0 0 0 0.649322 0.618709 0 0 0 0.413207 0 0.394981 0.485459 0 0 0 0 0 0 0 0 0 0 0 0 0 0 0 0.355099 0 0 0 0 0 0 0 0 0 0 0 0 0.481774 0 0 0 0 0 0 0 0 0 0 0 0 0 0
0 0 0 0 0 0 0 0 0 0.527045 0 0 0 0 0 0 0 0 0 0 0 0 0 0 0 0 0 0 0 0 0 0 0 0 0 0 0 0 0 0 0 0 0 0 0 0 0.582724 0 0 0 0 0 0 0 0 0 0 0.725277 0 0 0 0 0 0 0 0 0 0 0 0 0 0 0 0 0 0 0 0 0 0 0 0 0 0 0 0 0 0 0 0 0 0 0 0 0 0 0 0 0 0 0 0 0 0 0 0 0 0 0 0 0.54795 0 0 0 0 0 0 0 0 0 0 0.335477 0 0 0 0 0 0 0.322384 0 0 0 0 0 0 0 0 0 0.657898 0 0 0 0 0 0 0 0 0 0 0 0 0 0 0 0 0 0 0 0.720208 0 0 0 0 0.477097 0 0 0 0 0 0 0 0 0 0 0 0 0 0 0 0 0 0 0 0 0 0 0 0 0 0 0 0 0 0 0 0 0 0 0 0
0 0 0 0 0 0 0 0 0 0 0 0 0 0 0 0 0 0 0 0 0 0 0 0 0 0 0 0 0 0.386662 0 0 0 0 0 0 0 0.502375 0 0 0 0 0 0 0 0 0 0.587835 0 0 0 0 0 0 0 0 0 0 0 0 0 0 0 0 0.403809 0 0 0 0 0 0 0 0 0 0 0 0 0 0 0 0 0 0 0 0 0 0 0 0 0 0 0 0 0 0 0.631675 0 0 0 0 0 0 0 0 0 0 0 0 0 0 0.304295 0 0 0 0.691797 0 0 0 0 0 0 0 0 0.527849 0 0 0 0 0 0 0 0 0 0 0 0 0 0 0 0 0 0 0 0 0 0 0 0 0 0 0 0 0 0 0 0 0 0 0 0 0 0 0 0 0 0 0 0 0 0 0 0 0 0 0 0.526642 0 0 0 0 0 0 0.428284 0 0 0 0 0 0 0 0 0 0 0 0 0 0 0 0.601661 0
0 0 0 0 0 0 0 0 0 0 0 0 0 0 0 0 0.597174 0 0 0 0 0 0 0 0 0 0 0 0 0 0 0 0 0 0 0 0 0 0 0 0 0 0 0 0 0 0 0 0 0 0 0 0 0 0 0 0 0 0 0 0 0 0 0 0 0 0.372475 0 0 0 0 0 0 0 0 0 0 0 0.340847 0 0 0 0 0 0 0 0 0 0 0 0 0 0 0 0 0 0 0.582899 0 0.328916 0 0 0 0 0 0 0.482202 0 0 0 0 0 0 0 0 0 0 0 0 0 0 0 0 0 0 0 0 0 0 0 0 0 0 0 0 0.415213 0 0 0 0 0 0 0 0 0 0 0 0 0 0 0 0 0 0 0 0 0 0.41814 0 0 0 0 0 0.380452 0 0.473379 0 0 0 0 0 0 0 0 0 0 0 0 0 0 0 0 0 0 0.531523 0 0 0 0 0 0 0 0 0.286278 0 0 0 0 0 0
0 0 0 0 0 0 0 0 0 0 0 0 0 0 0 0 0 0.613078 0 0 0 0 0 0 0 0 0 0.386662 0 0 0.379894 0 0 0 0 0 0 0 0 0 0 0 0 0 0 0 0 0 0 0 0 0 0 0 0 0 0 0 0.653073 0 0 0 0 0 0 0 0 0 0 0 0 0 0 0 0 0 0 0 0 0 0 0 0 0 0 0 0 0 0 0 0 0 0 0 0 0 0 0 0 0 0 0.627639 0 0 0.4157 0 0 0 0.513821 0 0 0 0 0 0 0 0 0 0 0 0 0 0 0 0 0 0 0 0 0 0 0 0 0 0 0 0 0 0 0 0 0 0 0 0 0 0 0 0 0 0 0 0 0 0 0.643883 0 0.436735 0 0 0 0 0 0 0 0 0 0 0 0 0 0 0 0 0 0 0 0 0 0 0 0 0 0 0 0 0 0 0 0 0 0 0 0 0 0 0 0 0 0
0 0 0 0 0 0 0 0 0 0 0 0 0 0 0 0 0 0 0 0 0 0 0 0 0 0 0 0 0 0.379894 0 0 0 0 0 0 0 0 0 0 0 0 0 0 0 0 0 0 0 0 0 0 0 0 0 0 0.380641 0 0 0 0 0 0 0 0 0 0 0 0 0 0 0 0 0 0 0 0 0 0 0 0 0 0 0 0 0 0 0 0 0 0 0.397518 0 0 0 0 0 0 0 0 0 0 0 0 0 0 0 0 0 0 0 0 0 0 0 0 0 0 0 0 0 0 0 0 0 0 0 0 0 0 0 0 0 0 0 0 0.649685 0 0 0.438123 0 0 0 0 0 0 0 0 0 0 0 0 0 0 0 0 0 0 0 0 0 0 0 0 0 0 0 0 0 0 0 0 0 0 0 0 0 0 0 0 0 0 0 0 0 0 0 0.673485 0 0 0 0 0 0 0 0 0 0 0 0
0 0 0 0 0.53039 0 0 0 0 0 0 0 0 0 0 0 0 0 0 0 0 0 0 0 0.563107 0.42428 0 0 0 0 0 0 0 0 0 0 0 0 0 0 0 0 0 0 0 0 0 0 0 0 0 0 0 0 0 0 0 0 0 0 0 0 0 0 0 0 0 0 0 0 0 0 0 0 0 0 0 0 0 0 0 0 0 0 0 0 0.636276 0 0 0 0 0 0 0 0 0 0 0 0 0 0 0 0 0 0 0 0 0 0 0 0 0.423966 0 0 0 0 0 0 0 0 0.413983 0 0 0 0 0 0 0 0 0 0 0.685927 0 0 0 0 0 0 0 0 0 0 0 0 0 0 0 0 0 0 0 0 0 0 0 0 0 0 0.602209 0 0 0 0 0 0 0 0 0 0 0 0 0 0 0 0 0 0 0 0 0 0 0 0 0 0 0 0 0 0 0 0 0 0 0 0 0 0 0 0 0
0 0 0 0 0 0 0.405531 0 0.625189 0 0 0 0 0 0 0 0.468211 0 0 0 0 0 0 0 0 0 0 0 0 0 0 0 0 0 0 0 0 0 0 0 0 0 0 0 0 0 0 0 0 0 0 0 0 0 0 0 0 0 0 0 0 0 0 0 0 0 0 0.439768 0 0 0 0 0 0 0 0 0 0 0 0 0.423781 0 0 0 0 0 0 0 0 0 0.406561 0 0 0 0 0 0 0 0 0 0 0 0 0 0 0 0 0 0 0 0 0 0 0 0 0.505012 0 0 0 0 0.411781 0 0 0 0 0 0 0 0 0 0 0.766006 0 0 0 0 0 0 0 0 0 0 0 0 0 0 0 0.484259 0 0 0 0.327177 0.646454 0 0 0 0 0 0 0 0 0 0 0 0 0 0 0 0.498602 0 0.636349 0 0 0 0 0 0 0 0 0 0 0 0 0 0 0 0 0.693521 0 0 0 0 0 0.471817 0 0 0 0 0 0
0 0 0 0 0 0 0 0 0 0 0 0 0 0 0 0 0 0 0 0 0 0 0 0 0 0 0 0 0 0 0 0 0 0 0.453339 0 0 0 0 0 0 0 0 0 0 0 0.546172 0 0 0 0 0 0 0 0 0 0 0 0 0 0 0 0 0 0 0.457253 0.587327 0 0 0 0 0 0 0.392275 0 0 0 0 0 0 0 0 0.496996 0 0 0 0 0 0 0 0 0 0 0.559737 0 0 0 0 0 0 0 0 0 0 0 0 0 0 0 0 0 0 0 0 0 0 0 0 0 0.569215 0 0 0 0 0 0 0 0 0 0 0 0 0.379041 0 0 0 0 0 0 0 0 0 0 0 0 0 0 0 0 0 0 0 0 0 0 0 0 0.541858 0.61685 0 0.656252 0.460158 0 0 0 0 0 0 0.416517 0 0 0 0.417758 0 0 0 0 0 0 0 0 0 0.617205 0 0 0 0 0.488432 0 0 0 0 0 0 0 0 0 0 0 0
0 0 0 0 0 0 0 0 0 0 0.539726 0 0 0 0 0 0.380811 0 0 0 0 0 0 0 0.546688 0 0 0 0 0 0 0 0 0.453339 0 0 0 0.678243 0 0 0 0 0 0 0 0 0 0 0 0 0 0 0 0 0 0.397048 0 0 0 0 0 0 0 0 0 0 0 0 0 0 0 0 0 0.350979 0 0 0 0.489858 0 0 0 0 0 0 0 0 0 0 0 0 0 0 0 0 0 0 0 0 0 0 0 0 0 0 0 0 0 0 0 0 0 0 0 0 0 0 0 0 0 0 0 0 0 0 0 0 0 0 0 0 0 0 0 0 0 0 0 0 0 0 0.54681 0 0 0 0 0 0 0 0 0 0 0 0 0 0 0 0 0 0 0 0 0 0 0 0 0 0 0 0 0 0 0 0 0 0 0 0 0 0 0 0 0 0 0 0 0 0 0 0 0 0 0.56735 0 0 0 0 0 0 0 0
0 0 0 0 0.598122 0 0 0.506947 0 0 0.350527 0 0 0 0 0 0 0 0 0 0 0 0.527949 0 0 0 0 0 0 0 0 0 0 0 0 0 0 0 0 0 0 0 0 0 0 0 0 0 0 0 0.32516 0 0 0 0 0 0 0 0 0 0 0 0 0 0 0 0 0 0.544338 0 0 0 0 0 0 0 0 0 0 0 0 0.357578 0 0 0 0 0 0 0 0 0 0 0 0 0 0 0 0 0 0 0 0 0 0 0 0 0 0 0.620125 0 0 0 0 0 0 0 0 0 0 0 0 0.271213 0 0.66002 0 0 0 0 0 0 0 0 0 0 0 0 0 0 0 0 0 0 0 0.401332 0 0 0 0 0.621965 0 0 0 0 0 0 0 0 0 0 0 0 0 0 0 0 0 0 0 0 0 0 0 0 0 0 0 0 0 0 0 0 0.546645 0 0 0 0 0 0 0 0.363511 0 0 0.657796 0 0 0 0 0 0 0.419034
0 0 0 0 0 0.635742 0 0 0 0 0 0 0 0 0 0 0 0 0 0 0 0 0 0 0 0 0 0 0 0 0 0 0 0 0 0 0 0 0 0 0 0 0 0 0 0 0 0 0 0 0 0 0 0 0 0 0 0 0 0 0 0 0 0 0 0 0 0 0 0 0 0 0.559596 0 0 0 0 0 0 0 0 0 0.329853 0 0 0 0 0 0 0 0 0 0 0 0 0 0 0 0 0 0 0 0 0 0 0 0 0 0 0 0 0 0 0 0 0 0 0 0 0 0 0 0 0 0 0.490528 0 0 0 0 0 0.589422 0 0 0 0 0 0 0 0 0 0 0 0 0 0 0 0.537169 0 0 0 0 0 0 0 0 0 0 0 0 0 0 0 0 0 0 0 0 0 0 0 0 0 0 0 0 0 0 0 0 0 0 0 0.652418 0.669446 0 0 0 0 0 0.654503 0 0 0 0 0.499163 0 0 0 0
0 0 0 0 0 0 0 0 0 0 0 0.460343 0 0 0 0 0 0 0 0 0 0 0 0.485553 0 0 0 0.502375 0 0 0 0 0 0 0.678243 0 0 0 0.611593 0 0.377474 0 0 0 0 0.576897 0 0 0 0 0 0 0 0 0.536232 0 0 0 0 0.596935 0 0 0 0.635326 0 0 0 0.580969 0 0 0 0 0 0 0 0 0.63479 0 0 0 0 0 0.328292 0.401603 0 0 0 0 0 0 0 0 0 0 0 0 0 0 0 0 0.574113 0 0 0.65353 0 0 0 0 0 0 0 0 0 0 0 0 0 0 0 0 0 0 0 0 0.448155 0 0 0.444875 0 0 0 0 0 0 0 0 0 0 0 0 0 0.416729 0 0 0.444677 0 0 0 0 0 0 0 0 0 0 0 0 0 0 0 0 0 0 0 0 0 0 0 0 0 0.661814 0 0 0 0 0 0 0 0 0 0 0 0 0 0 0.475896 0 0 0 0 0.649658 0 0 0 0 0 0 0 0 0
0 0 0 0 0 0 0 0 0 0 0.628683 0 0 0 0 0.445968 0 0 0 0 0 0 0 0 0 0 0 0 0 0 0 0 0 0 0 0 0 0.611593 0 0 0 0 0 0 0 0 0.401755 0 0 0 0 0 0 0 0 0 0 0 0 0 0 0 0 0 0 0 0 0 0.404379 0.479855 0 0 0 0 0 0 0 0 0 0 0.487076 0 0 0 0 0 0 0 0 0 0 0 0 0 0 0 0 0.487072 0 0 0 0 0 0 0 0 0 0 0 0 0 0 0 0 0 0 0 0 0 0 0 0 0 0 0 0 0 0 0 0 0 0 0 0 0 0 0 0 0 0 0 0 0 0 0 0 0 0 0 0 0 0 0 0 0 0 0 0.329828 0 0 0 0 0 0 0 0 0 0 0 0 0 0 0 0 0 0 0 0 0 0 0 0 0 0 0 0 0 0 0 0 0 0 0 0 0 0 0 0 0 0
0 0 0 0 0 0 0 0 0 0 0.513245 0 0 0 0.451665 0 0 0 0 0 0 0 0 0 0 0 0 0 0 0 0 0 0 0 0 0 0 0 0 0 0 0 0 0 0 0 0 0 0 0 0 0 0 0 0 0 0 0 0 0 0 0 0 0 0 0 0 0 0 0 0 0 0 0 0 0 0 0 0 0 0 0 0 0 0 0 0 0 0 0 0 0 0 0.469607 0 0 0 0 0 0 0 0 0 0 0 0 0 0 0 0 0 0.478965 0 0 0 0 0 0 0 0 0.508449 0 0 0 0 0 0 0 0 0 0 0 0 0 0 0 0 0 0 0 0 0 0 0 0 0 0 0 0 0 0.538061 0 0 0 0 0 0 0 0 0 0 0 0 0 0 0 0 0.577276 0 0 0 0 0.370035 0 0 0 0 0 0 0 0 0 0 0.449337 0 0 0 0 0 0 0 0 0.360394 0 0 0 0 0 0 0
0 0 0 0 0 0 0.527619 0 0 0 0 0 0 0 0 0 0 0 0 0.380529 0 0 0 0 0 0 0 0 0 0 0 0 0 0 0 0 0 0.377474 0 0 0 0 0 0 0 0 0 0 0 0 0 0.579228 0 0 0 0 0.428066 0 0 0 0 0 0 0 0 0 0 0 0 0 0 0 0 0 0 0 0 0 0 0 0 0.527875 0 0 0 0 0.613917 0.511085 0 0 0 0 0 0 0 0 0 0.676307 0 0 0 0 0 0 0 0 0 0 0 0 0 0.366729 0 0 0 0 0.525997 0 0 0 0 0 0 0 0 0 0 0 0 0 0 0 0 0 0 0 0 0 0 0 0 0 0 0 0 0 0 0 0 0 0 0 0.415563 0 0 0 0 0 0 0 0 0 0 0.59726 0 0 0.633791 0 0.245055 0 0 0 0 0 0 0 0 0 0 0 0 0.300856 0 0 0 0 0 0 0 0 0 0 0 0 0 0 0 0 0 0
0 0 0 0 0 0 0.44571 0 0 0 0 0 0 0.516878 0 0 0 0 0 0 0 0 0 0 0.521419 0 0 0 0 0 0 0 0 0 0 0 0 0 0 0 0 0 0 0 0 0 0 0 0 0 0 0 0 0 0 0 0 0 0 0 0 0 0 0 0 0 0.616857 0 0 0 0 0 0 0 0 0 0 0 0 0 0 0 0 0 0.551227 0 0 0 0 0 0 0 0 0 0 0 0 0.533282 0 0 0 0.660839 0 0 0 0 0 0 0 0 0 0 0 0 0 0 0 0 0 0 0 0.521861 0 0 0 0 0 0 0 0 0 0 0 0 0 0 0 0.52522 0 0 0 0 0 0.351627 0 0 0 0 0 0 0 0 0 0 0 0 0 0 0 0 0 0 0 0 0 0 0.419138 0 0 0 0 0 0 0.643499 0 0 0 0 0 0 0 0 0 0 0 0 0 0.427955 0 0 0 0 0 0.610524 0 0 0 0 0 0
0 0 0 0 0 0 0 0 0 0 0.556803 0 0 0 0 0.652222 0.428398 0 0 0 0 0 0 0 0 0 0 0 0 0 0 0 0 0 0 0 0 0 0 0 0 0 0 0 0 0 0 0 0 0 0 0 0 0 0 0 0 0 0 0 0 0 0 0 0.697528 0 0 0.547045 0 0 0 0 0 0 0 0 0 0 0 0 0.63847 0 0 0 0 0 0 0.533137 0 0 0 0 0 0 0 0 0 0 0 0 0 0.309019 0 0 0 0 0 0 0 0 0 0 0 0 0 0 0 0 0 0 0 0 0 0 0 0 0 0 0 0 0 0 0 0 0 0 0 0 0 0 0 0 0 0 0 0 0 0 0 0 0 0 0 0 0 0 0 0 0 0 0 0 0 0 0 0 0 0 0 0 0 0 0 0 0 0 0 0 0 0 0 0 0 0 0 0 0 0 0 0 0 0 0 0 0 0 0 0 0 0
0.395675 0 0 0 0 0 0 0 0 0 0.647714 0.675264 0 0 0 0 0 0 0 0 0 0 0 0 0 0 0 0 0 0 0 0 0 0 0 0 0 0 0 0 0 0 0 0 0 0 0 0 0 0 0 0 0 0 0 0.546828 0 0 0 0 0 0 0.477428 0 0 0 0 0 0 0 0 0 0 0 0 0 0 0 0 0 0 0 0 0 0.319816 0 0 0 0 0 0 0 0.651097 0 0 0 0 0 0 0 0 0 0 0 0 0 0 0 0 0 0 0 0 0 0 0 0 0 0 0 0 0 0 0 0 0 0 0 0 0 0 0 0 0 0 0 0 0 0 0 0 0 0 0 0 0 0.635735 0 0 0 0 0 0.382948 0 0 0 0.640668 0 0 0 0 0 0 0 0 0 0 0 0 0.601683 0 0 0 0 0 0 0 0 0 0 0.710787 0 0 0 0 0 0 0 0.407641 0 0 0 0 0 0 0 0 0 0 0
0 0 0 0 0 0.484694 0 0 0 0 0 0 0 0 0 0 0 0 0 0 0 0 0.520057 0 0 0 0 0 0 0 0 0 0 0 0 0 0 0 0 0 0 0 0 0 0 0 0 0 0 0 0 0 0 0.345385 0 0 0 0 0 0 0 0 0 0 0 0 0 0 0 0 0 0 0 0 0 0 0 0.533033 0 0 0 0 0 0 0 0 0 0 0 0 0 0 0 0 0 0 0 0 0 0 0 0 0.476905 0.587909 0 0 0 0 0 0.536163 0 0 0 0 0 0 0 0 0 0 0.426934 0 0 0 0 0 0 0 0 0 0 0 0 0 0 0 0.464278 0 0.571678 0.53794 0 0 0 0 0 0 0 0 0 0 0 0 0 0 0 0 0 0 0 0 0 0 0 0 0 0 0 0 0 0.482137 0 0 0 0 0 0 0 0 0 0 0.523337 0 0 0 0 0 0 0.419135 0.644739 0 0 0 0 0 0 0.522291 0 0 0 0
0 0 0 0 0 0 0 0 0 0 0 0 0 0 0.394707 0 0 0 0 0.566 0 0 0.455685 0 0 0.692164 0 0 0 0 0 0 0 0 0 0 0 0.576897 0 0 0 0 0 0 0 0 0 0 0 0 0 0 0 0 0 0 0 0 0 0 0 0 0 0 0 0 0 0 0 0 0 0 0 0 0 0 0 0 0 0 0 0 0 0 0 0 0 0 0.512097 0 0 0 0 0 0 0.609638 0 0 0 0 0 0.386337 0 0 0 0 0 0.426985 0 0 0 0 0 0 0 0 0 0 0 0.628327 0 0 0 0 0 0 0.697132 0 0 0 0 0 0 0 0 0.68028 0.426639 0 0 0 0 0 0 0 0 0 0 0 0 0 0 0 0 0 0 0 0 0 0.359501 0 0 0 0 0 0 0 0 0 0 0 0 0 0 0 0 0 0 0 0 0 0 0 0 0 0 0 0 0 0 0 0 0 0 0 0 0 0 0 0 0
0 0 0 0 0 0 0.538828 0 0 0 0 0 0 0 0 0 0 0.537072 0 0 0 0.571817 0 0 0 0.624913 0.582724 0 0 0 0 0 0 0.546172 0 0 0 0 0.401755 0 0 0 0 0 0 0 0 0 0 0 0 0 0.518959 0 0 0 0 0 0 0 0 0 0 0 0 0 0 0 0.451522 0 0 0 0 0 0 0 0 0 0 0 0 0 0 0 0 0 0 0 0 0 0 0 0 0 0.459906 0 0 0 0 0 0 0 0 0 0 0 0 0 0 0 0.560118 0 0 0 0 0 0 0 0 0 0 0 0 0 0 0 0 0 0.508818 0 0 0 0 0.464791 0 0 0 0 0 0 0 0 0 0 0.558886 0 0 0 0 0 0 0 0.441683 0 0 0 0 0 0.525863 0 0 0 0 0 0 0 0.587192 0.502043 0 0.521346 0 0 0 0 0 0 0 0 0 0 0 0 0 0 0 0 0 0 0 0 0 0 0 0 0 0 0 0 0 0
0 0 0 0 0.426437 0 0 0 0 0 0 0 0 0 0 0 0 0 0.306554 0 0 0 0 0 0 0 0 0.587835 0 0 0 0 0 0 0 0 0 0 0 0 0 0 0 0 0 0 0 0 0 0 0 0 0.523904 0 0.629154 0 0 0.527877 0 0 0 0 0 0 0 0 0 0 0 0 0 0.525335 0 0 0 0 0 0 0 0 0 0 0 0 0 0 0 0 0 0 0 0 0 0 0 0 0 0 0 0 0 0 0 0 0 0 0 0 0 0 0 0 0 0.42654 0 0.359636 0 0 0 0 0 0 0 0 0 0 0 0 0 0 0 0 0 0 0 0 0 0 0 0 0 0 0 0 0 0 0 0 0 0 0 0 0 0.579222 0 0 0 0 0 0 0 0 0 0 0 0.311602 0 0 0 0 0 0 0 0 0 0 0 0 0 0 0 0 0 0 0 0 0 0 0 0 0 0 0 0 0 0 0 0 0 0
0.477477 0 0 0 0 0 0 0 0 0 0 0 0.343709 0 0 0 0 0 0 0 0 0 0 0 0 0 0 0 0 0 0 0 0 0 0 0 0 0 0 0 0 0 0 0 0 0 0 0 0 0 0 0 0 0 0 0 0 0 0 0 0 0 0 0 0 0 0 0.600991 0 0 0 0 0 0 0 0 0 0 0 0 0 0 0 0 0 0 0 0 0 0 0 0 0 0 0 0 0 0 0 0 0 0 0.606574 0 0 0 0 0 0.532646 0 0 0.514088 0 0 0 0 0 0 0 0 0 0 0 0 0 0.654425 0 0 0 0 0.537833 0 0 0 0 0 0 0 0 0 0 0 0 0 0 0 0 0 0 0 0 0 0.388056 0 0 0.480489 0 0 0 0 0 0 0 0 0 0 0 0 0 0.611577 0.716054 0 0 0 0 0 0 0 0 0 0 0 0 0 0 0 0 0 0 0 0 0 0 0 0 0 0 0 0 0
0 0 0 0 0 0 0 0 0 0 0 0 0 0.501419 0 0 0 0 0 0 0 0 0 0 0 0 0 0 0 0 0 0 0 0 0 0 0 0 0 0 0 0 0 0 0 0 0 0 0 0 0 0 0 0 0 0 0.616735 0 0 0 0 0 0 0 0 0 0 0 0 0 0 0 0 0 0 0 0.503468 0 0 0 0 0 0 0 0 0 0 0 0 0 0 0 0 0 0 0 0 0 0 0 0 0.380815 0 0 0 0 0 0 0 0 0 0 0.354792 0 0 0 0 0 0 0 0 0 0 0 0 0 0 0 0 0 0 0 0 0 0 0 0 0 0 0 0 0 0 0 0 0 0 0 0 0 0 0 0 0 0 0 0 0 0 0.404987 0 0 0 0 0 0 0 0 0 0 0 0 0 0 0 0 0 0.501982 0 0 0 0 0 0 0 0.481183 0 0 0 0 0 0 0 0 0 0 0 0 0 0
0 0 0 0 0 0 0 0 0 0 0.700129 0 0 0 0 0 0 0 0 0 0 0 0 0 0 0 0 0 0 0 0 0 0 0 0 0.32516 0 0 0 0 0 0 0 0 0 0 0 0 0 0 0 0 0 0 0 0 0 0 0 0 0 0 0 0 0 0 0 0 0 0 0.490381 0 0 0 0 0 0 0.518914 0 0 0 0 0 0 0 0 0 0 0 0 0 0 0 0 0 0 0 0.530033 0 0 0 0 0 0 0 0 0.415709 0 0 0 0 0 0 0 0 0 0 0 0 0 0 0 0 0 0 0.437071 0 0 0 0 0 0 0 0 0 0 0 0 0 0 0 0 0 0 0 0 0 0 0 0 0 0.52971 0 0 0 0 0 0 0.52021 0 0 0 0 0 0 0.454138 0 0 0 0 0 0 0 0 0 0 0 0 0 0 0 0 0 0 0 0 0 0 0 0 0 0 0 0 0 0 0 0 0 0
0 0 0 0 0 0 0 0 0 0 0 0 0 0 0 0 0 0 0 0 0 0 0 0.615537 0 0 0 0 0 0 0 0 0 0 0 0 0 0 0 0 0.579228 0 0 0 0 0 0 0 0 0 0 0 0 0 0 0 0 0 0 0 0.428009 0 0 0.572438 0 0 0 0 0.362674 0 0 0 0 0 0 0 0 0 0 0 0 0.504124 0 0 0 0 0 0 0 0 0 0 0 0 0 0 0 0 0 0 0 0 0 0 0 0 0 0 0 0 0 0 0 0 0 0 0 0 0 0 0 0 0 0 0 0 0 0 0 0 0 0 0 0 0 0 0 0 0 0 0 0 0 0 0 0 0 0 0 0 0 0 0 0.305123 0 0 0 0 0 0 0 0 0 0 0 0.261696 0 0 0.642573 0 0 0 0 0 0 0 0 0 0.60808 0 0 0 0 0 0 0.554922 0 0 0 0 0 0 0 0 0 0 0 0 0 0
0 0 0 0 0 0 0 0 0 0 0 0 0.295086 0 0 0 0 0.714166 0 0 0 0 0 0 0 0 0 0 0 0 0 0 0 0 0 0 0 0 0 0 0 0 0 0 0 0 0.518959 0.523904 0 0 0 0 0 0 0 0 0 0 0 0 0 0 0 0 0.449279 0 0 0 0 0 0 0 0 0 0 0 0 0 0 0 0 0 0 0 0 0 0 0 0 0 0 0 0 0 0 0 0 0 0.444742 0 0 0 0 0 0 0 0 0 0 0 0 0 0 0 0 0 0 0 0 0 0 0 0 0 0.57122 0 0 0 0 0 0 0 0 0 0 0 0 0 0 0 0 0 0 0 0 0 0 0 0 0 0.662554 0 0 0 0 0 0 0.646315 0 0 0 0 0 0 0 0.296199 0.329783 0 0 0 0 0 0 0 0 0.553131 0 0 0 0 0 0 0 0 0 0 0.720152 0 0 0 0 0.466001 0 0 0 0 0 0 0 0
0 0 0 0 0 0 0 0 0 0 0 0 0 0 0 0 0 0 0 0 0 0 0 0 0 0 0 0 0 0 0 0 0 0 0 0 0 0 0 0 0 0 0 0 0.345385 0 0 0 0 0 0 0 0 0 0 0 0 0 0.425927 0 0 0 0 0 0.472164 0 0 0 0 0 0 0 0 0 0 0 0 0 0 0 0 0 0 0 0 0 0 0.649527 0 0 0 0 0 0 0 0 0 0 0 0 0 0 0.379122 0.526878 0 0 0.401126 0 0 0.36366 0 0 0 0 0.457361 0 0 0 0 0.558568 0 0 0.456858 0 0 0 0 0 0 0 0 0 0 0 0 0 0.700268 0 0 0 0 0 0 0.365806 0 0 0 0 0 0 0 0 0 0 0 0 0 0 0 0 0 0 0 0 0 0 0 0 0 0 0 0 0 0 0 0 0 0 0 0 0 0 0.390813 0 0 0 0 0 0 0 0 0 0 0 0 0 0 0 0 0
0 0 0 0 0 0 0 0 0 0 0 0 0 0 0 0 0 0 0 0 0 0 0 0 0 0 0 0 0 0 0 0 0 0 0 0 0 0.536232 0 0 0 0 0 0 0 0 0 0.629154 0 0 0 0 0 0 0 0 0.429658 0 0 0 0 0 0 0 0 0 0 0 0 0 0 0 0 0 0 0 0 0 0 0 0 0 0 0 0 0 0 0 0 0 0 0 0 0 0 0 0 0 0 0 0 0 0 0 0 0 0 0 0 0 0 0 0 0 0 0 0 0 0 0 0 0 0 0 0 0 0 0 0 0 0 0 0 0 0 0 0 0 0 0 0 0 0 0 0 0 0 0.452356 0 0 0 0 0 0 0 0 0 0 0 0 0 0 0 0 0 0 0 0 0 0 0 0 0 0 0 0 0 0 0 0 0 0 0 0 0 0 0 0 0 0 0 0 0 0 0 0.478873 0 0 0 0
0 0 0 0 0 0 0 0 0 0 0 0 0 0 0 0 0 0 0 0 0.585217 0 0 0 0 0.290344 0 0 0 0 0 0 0 0 0.397048 0 0 0 0 0 0 0 0 0.546828 0 0 0 0 0 0 0 0 0 0 0 0 0 0 0 0 0 0 0 0 0 0 0 0 0 0 0 0 0 0 0 0 0 0 0 0 0 0 0 0 0 0 0 0 0 0 0 0 0 0 0 0.350159 0 0 0 0 0 0 0 0 0 0 0 0 0 0 0 0 0 0 0 0 0 0 0 0 0 0 0 0 0 0 0 0 0 0 0 0 0 0 0 0 0 0.524536 0 0 0 0 0 0 0 0 0 0 0 0 0 0 0 0 0 0 0 0 0 0 0 0 0 0 0 0 0 0 0 0 0 0 0 0 0 0 0 0 0 0 0 0 0 0 0.555829 0 0 0.358643 0 0 0 0 0 0 0 0 0 0 0 0
0 0 0 0 0 0 0 0 0 0 0.703311 0 0 0 0 0 0.732588 0 0 0 0 0 0 0 0 0.612668 0 0 0 0 0.380641 0 0 0 0 0 0 0 0 0 0.428066 0 0 0 0 0 0 0 0 0.616735 0 0 0 0 0.429658 0 0 0 0.388161 0 0.597536 0 0.529392 0 0 0 0 0 0 0 0 0 0 0 0 0 0 0 0 0 0 0 0 0 0 0 0 0 0 0 0 0 0 0 0 0 0 0 0 0 0 0 0 0 0 0 0 0 0 0 0 0 0 0 0 0 0 0 0 0 0 0 0 0 0 0 0 0 0 0 0 0.382215 0 0 0 0 0 0 0 0 0 0 0 0 0.539795 0 0 0 0 0 0 0 0 0.692565 0 0 0 0 0 0 0 0 0 0 0 0 0 0 0 0 0 0 0 0 0 0 0 0 0 0 0 0 0 0 0 0 0 0 0 0 0 0 0 0 0 0 0 0 0 0.657129
0 0 0 0 0 0 0 0 0 0 0 0 0 0 0 0 0 0 0 0 0 0 0 0 0 0 0.725277 0 0 0 0 0 0 0 0 0 0 0 0 0 0 0 0 0 0 0 0 0.527877 0 0 0 0 0 0 0 0 0 0 0 0 0 0 0 0 0 0 0 0 0 0 0 0 0 0 0 0 0 0 0 0 0 0 0 0 0 0 0 0 0 0 0 0 0 0 0 0 0 0 0 0 0 0 0 0 0 0 0 0 0 0 0 0.459004 0 0 0 0 0 0 0 0 0 0 0 0 0 0 0 0 0.558996 0 0 0 0 0 0 0 0 0 0 0 0.453731 0 0 0 0 0 0 0 0 0 0 0 0 0 0 0 0 0 0 0 0 0 0 0 0 0 0 0 0 0 0 0 0 0 0 0 0 0 0 0 0 0 0 0 0 0 0 0 0 0 0 0 0 0 0 0 0 0 0 0
0 0 0 0 0 0 0 0.373963 0 0 0 0 0 0 0 0 0 0 0 0 0 0 0 0 0 0 0 0 0 0.653073 0 0 0 0 0 0 0 0 0 0 0 0 0 0 0 0 0 0 0 0 0 0 0 0.425927 0 0 0.388161 0 0 0.634116 0 0 0.495365 0 0 0.310724 0 0 0 0 0 0 0 0 0 0 0 0 0 0 0 0 0 0 0 0 0 0 0 0 0 0 0 0 0 0 0 0 0 0 0 0 0.631739 0 0 0 0.365252 0 0 0.584773 0 0 0 0 0 0 0 0 0.446747 0 0 0 0 0 0 0 0 0 0 0 0 0 0 0 0 0 0 0 0 0 0 0 0 0 0 0 0 0 0 0.544473 0 0 0 0 0 0 0 0 0 0 0 0.438388 0 0 0 0 0 0 0 0 0 0 0.553801 0 0 0 0 0 0 0 0 0 0 0 0 0 0 0 0.409524 0 0 0 0 0 0 0 0 0 0 0
0 0.721033 0 0 0 0.599113 0 0 0 0 0 0 0 0 0 0 0 0 0 0 0 0 0 0 0.613653 0.506443 0 0 0 0 0 0 0 0 0 0 0 0.596935 0 0 0 0 0 0 0 0 0 0 0 0 0 0 0 0 0 0 0 0 0.634116 0 0 0 0 0 0 0 0 0.685156 0 0 0 0 0 0 0 0 0 0 0 0 0 0 0.474564 0.680715 0 0 0 0 0 0 0 0 0 0 0 0 0 0 0 0 0 0 0 0 0 0 0 0 0 0 0.458005 0 0 0 0 0 0 0 0 0 0 0 0 0 0 0 0 0 0 0 0 0 0 0 0 0 0 0 0 0 0 0 0 0 0 0 0 0 0 0.496139 0 0 0 0 0 0 0 0 0 0.665672 0 0 0 0.580983 0 0 0 0 0.580581 0 0.472837 0 0 0 0 0 0 0 0 0 0 0 0 0 0 0 0 0 0 0 0 0 0 0 0 0 0 0 0 0.5792
0 0 0 0 0 0 0 0.510349 0 0 0.728737 0.699089 0 0 0 0 0 0.547178 0 0 0 0 0 0.707663 0 0 0 0 0 0 0 0 0 0 0 0 0 0 0 0 0 0 0 0 0 0 0 0 0 0 0 0.428009 0 0 0 0 0.597536 0 0 0 0 0 0 0 0 0 0.37984 0 0 0 0 0 0 0 0 0 0 0 0 0 0 0 0 0 0 0 0.41917 0 0 0 0 0 0 0 0 0 0 0 0 0 0 0 0 0 0 0 0 0 0 0 0 0 0 0 0 0 0 0 0 0 0 0 0 0 0 0 0 0 0 0 0 0 0.370112 0.415341 0 0 0 0 0 0 0 0 0 0 0 0 0 0 0 0.394169 0 0 0 0.543626 0.569896 0 0 0.502987 0.331024 0 0 0.74903 0 0 0 0 0 0 0 0 0 0.442092 0 0 0 0 0 0 0 0.356728 0 0 0 0 0 0 0 0.527842 0 0 0 0 0 0 0 0 0 0 0 0
0 0 0 0 0 0 0 0 0 0 0.577413 0 0 0 0 0 0 0.434464 0 0 0 0 0 0.435293 0 0 0 0 0 0 0 0 0 0 0 0 0 0 0 0 0 0 0 0 0 0 0 0 0 0 0 0 0 0 0 0 0 0 0 0 0 0 0 0 0 0 0 0 0 0.42619 0 0 0 0 0 0 0 0 0 0 0 0 0 0.552824 0 0 0 0 0 0 0 0 0 0 0 0 0 0 0 0.411286 0 0 0 0 0 0 0 0 0 0.509244 0 0.37224 0 0 0 0 0 0 0 0 0 0 0 0.493362 0 0 0 0 0 0 0 0 0 0 0 0 0 0 0 0 0 0 0 0 0 0 0 0.572817 0 0 0 0 0 0 0 0 0 0 0 0 0 0 0 0 0 0 0 0 0 0 0 0 0.31976 0 0 0 0 0 0 0 0 0 0 0.339041 0 0 0 0 0 0 0 0 0 0 0 0 0 0 0 0
0 0 0 0 0 0 0 0 0 0 0 0 0 0 0 0 0 0 0 0 0 0 0.37792 0 0 0 0 0 0 0 0 0 0 0 0 0 0 0 0 0 0 0 0 0.477428 0 0 0 0 0 0 0 0 0 0 0 0 0.529392 0 0.495365 0 0 0 0 0 0 0 0 0 0 0 0 0 0.609951 0.458584 0 0 0 0.60578 0 0 0 0 0 0 0 0 0 0.490317 0 0 0 0 0 0 0 0 0 0 0 0 0 0 0 0 0 0 0 0 0 0.479379 0 0 0 0 0 0 0 0 0 0 0 0 0 0.516771 0 0 0 0 0 0 0 0 0 0 0 0 0 0 0 0 0 0 0 0 0 0 0 0 0 0 0 0.465438 0 0 0 0 0 0 0 0.420185 0 0 0 0 0 0 0 0 0 0 0 0 0 0 0 0 0.279285 0 0.597517 0 0 0 0.549341 0 0 0 0 0 0 0 0 0 0 0 0 0 0 0 0 0
0 0 0 0.518001 0 0 0 0 0 0 0 0 0 0 0.310501 0 0.56351 0.511469 0 0 0 0 0 0.382211 0 0 0 0 0 0 0 0 0 0 0 0 0 0.635326 0 0 0 0 0 0 0 0 0 0 0 0 0 0.572438 0 0 0 0 0 0 0 0 0 0 0 0 0 0 0 0 0 0 0 0 0 0 0 0 0 0 0 0 0 0.550836 0 0 0 0 0 0 0 0 0 0 0 0 0 0 0 0 0 0 0 0 0 0 0 0 0 0.468583 0 0 0 0 0 0 0 0 0 0 0 0 0 0 0 0 0 0 0 0 0 0 0 0 0 0 0 0 0 0.419768 0 0 0 0 0.651023 0 0 0 0 0 0 0 0 0 0 0 0 0 0 0 0 0 0 0 0 0.367973 0 0 0 0 0 0 0 0 0 0 0 0 0 0 0 0 0 0.69049 0 0 0 0 0 0 0.499325 0 0 0 0 0 0 0 0 0 0 0
0 0 0 0 0 0 0 0 0 0 0 0.66833 0 0.728336 0 0 0 0.490339 0 0 0 0 0 0 0 0 0 0.403809 0 0 0 0 0 0 0 0 0 0 0 0 0 0 0.697528 0 0 0 0 0 0 0 0 0 0.449279 0.472164 0 0 0 0 0 0 0 0 0 0 0 0 0 0 0 0 0 0 0 0 0 0 0 0 0 0 0 0 0 0 0 0 0 0 0 0 0 0 0 0 0.56842 0 0 0 0 0 0 0 0 0 0 0 0 0 0 0 0 0 0 0.570731 0 0 0 0 0 0 0 0 0 0 0 0 0 0 0 0 0 0 0 0 0 0.682477 0 0 0 0 0 0 0 0 0 0 0 0 0 0 0 0 0 0 0 0 0 0 0 0 0 0 0 0 0 0 0 0 0 0 0 0 0 0 0.664125 0 0 0 0 0 0 0 0 0 0 0 0 0 0 0 0 0 0 0.618159 0 0 0 0 0 0
0 0 0.430797 0 0 0 0 0 0 0 0 0 0 0 0 0 0 0 0 0 0 0 0 0 0.565921 0 0 0 0 0 0 0 0 0.457253 0 0 0 0 0 0 0 0 0 0 0 0 0 0 0 0 0 0 0 0 0 0 0 0 0.310724 0 0 0 0 0 0 0 0 0 0 0 0 0 0.717479 0 0 0 0 0 0 0 0 0 0 0 0 0 0 0 0 0 0 0 0 0 0 0 0.649808 0.513152 0 0 0 0 0 0 0 0 0 0 0 0 0 0 0 0 0 0 0 0 0 0 0.303238 0 0 0.449321 0 0 0 0 0 0 0 0.43946 0 0 0 0 0 0 0 0 0 0 0 0 0 0 0 0.580784 0 0 0 0 0 0 0 0 0.499797 0 0 0 0 0 0.641738 0 0 0.458474 0 0 0 0 0 0.573672 0 0 0 0 0 0 0 0 0 0 0 0 0 0 0 0 0 0 0 0 0 0 0 0 0 0 0 0
0 0 0 0 0.469019 0 0 0 0 0 0 0 0 0.549031 0 0 0 0 0 0 0 0 0 0 0 0 0 0 0.372475 0 0 0 0 0.587327 0 0 0 0 0 0 0 0.616857 0 0 0 0 0 0 0 0 0 0 0 0 0 0 0 0 0 0 0.37984 0 0 0 0 0 0 0 0 0 0 0 0 0 0.484897 0 0 0 0 0 0 0 0 0 0 0 0 0 0 0 0 0 0 0 0 0 0 0 0 0 0 0 0 0 0 0 0 0 0 0 0 0 0 0 0 0 0 0 0 0 0.46428 0 0 0 0 0 0 0 0.602138 0 0.447394 0 0 0 0 0 0 0 0 0 0 0 0 0 0 0 0 0.746725 0 0 0 0.446598 0 0 0 0 0 0 0 0 0 0 0 0.441278 0 0 0 0 0 0 0 0 0 0 0 0 0 0 0 0 0 0 0 0 0 0.489462 0 0 0 0 0 0 0 0 0 0 0 0 0 0
0 0 0 0 0 0.480373 0 0 0.44177 0 0 0 0 0 0 0 0 0 0 0 0 0.709124 0 0 0 0 0 0 0 0 0 0 0.439768 0 0 0 0 0.580969 0 0 0 0 0.547045 0 0 0 0 0 0.600991 0 0 0 0 0 0 0 0 0 0 0.685156 0 0 0 0 0 0 0 0 0 0 0 0 0 0 0 0 0 0 0 0 0 0 0 0 0 0 0 0 0 0 0 0 0 0 0 0 0 0 0 0 0 0 0 0 0 0 0 0 0 0 0 0 0 0 0 0 0 0 0 0 0 0 0 0 0 0.508329 0 0 0 0 0 0 0 0 0 0 0 0 0 0 0 0 0 0 0 0 0 0 0 0 0 0 0 0.406937 0 0 0 0 0 0 0 0 0 0 0 0 0 0 0 0 0 0 0 0 0 0 0 0 0 0.54916 0 0 0 0 0 0 0 0 0 0 0 0 0 0 0 0.490917 0 0 0 0
0 0 0 0 0.628179 0 0 0 0.455606 0 0 0 0 0 0 0.518722 0 0 0 0 0 0 0 0 0 0 0 0 0 0 0 0 0 0 0 0.544338 0 0 0.404379 0 0 0 0 0 0 0 0.451522 0 0 0 0 0.362674 0 0 0 0 0 0 0 0 0 0 0 0 0 0 0 0 0 0 0 0 0 0 0 0 0 0 0 0 0 0 0 0 0 0 0 0 0 0 0 0 0 0 0 0 0 0.566606 0.303646 0 0 0.465093 0 0 0 0 0 0 0 0 0 0.437067 0 0 0.283322 0 0 0 0 0 0 0 0 0 0 0 0 0 0 0 0 0 0 0 0 0 0 0 0 0 0 0 0 0 0 0 0.496065 0 0 0 0 0 0 0 0 0 0 0 0 0 0 0 0 0 0 0 0 0 0 0.409082 0 0 0 0 0.468978 0 0 0 0 0 0 0 0 0.457724 0 0 0.410499 0 0 0 0 0.550009 0 0 0 0.540495 0 0 0 0
0 0 0 0 0 0 0 0 0 0 0 0 0 0 0 0 0 0 0 0 0 0 0 0 0.365687 0 0 0 0 0 0 0 0 0 0 0 0 0 0.479855 0 0 0 0 0 0 0 0 0 0 0 0 0 0 0 0 0 0 0 0 0 0 0.42619 0 0 0 0 0 0 0 0 0 0 0 0 0 0 0 0 0 0 0 0 0 0 0 0 0 0 0 0 0 0 0 0 0 0 0.752765 0 0 0 0 0 0 0 0 0 0 0 0 0 0 0 0 0 0 0 0 0 0 0 0 0 0.619421 0 0 0 0 0 0 0 0 0.379019 0 0.576791 0 0.44299 0 0 0 0 0 0 0 0 0 0 0 0 0 0 0.656096 0 0 0.736552 0 0 0 0 0 0 0 0 0 0 0 0 0 0 0 0 0 0 0 0 0 0 0 0 0.278152 0 0 0.604366 0 0 0 0 0 0 0 0 0 0 0 0 0 0 0 0 0 0
0 0 0 0 0 0 0 0 0 0 0 0 0 0 0 0 0 0 0 0 0.559303 0 0 0 0 0.594091 0 0 0 0 0 0 0 0 0 0 0 0 0 0 0 0 0 0 0 0 0 0 0 0 0.490381 0 0 0 0 0 0 0 0 0 0 0 0 0 0 0 0 0 0 0 0 0.370611 0 0 0 0 0 0 0 0 0 0 0 0 0 0 0 0 0 0 0 0 0 0 0 0 0.68328 0 0 0 0 0 0 0 0 0 0 0 0.666488 0 0 0 0 0 0 0 0 0 0 0 0 0 0 0 0 0 0 0 0 0 0 0 0 0 0 0 0 0 0 0 0 0 0 0 0 0 0 0 0.617912 0.63362 0 0 0 0 0 0 0 0 0 0 0 0 0 0 0 0 0 0 0 0 0 0 0 0 0 0 0 0 0 0 0 0 0 0 0 0.447329 0 0 0 0 0 0 0 0 0 0 0.758454 0 0 0
0 0 0 0 0 0 0 0 0 0 0 0 0 0 0 0 0 0 0 0 0 0 0 0 0 0 0 0 0 0 0 0 0 0 0 0 0 0 0 0 0 0 0 0 0 0 0 0.525335 0 0 0 0 0 0 0 0 0 0 0 0 0 0 0 0 0 0 0 0 0 0 0.370611 0 0 0 0 0 0 0 0 0 0 0 0 0 0 0 0 0 0 0 0 0 0 0 0 0 0 0 0 0 0 0 0.518267 0 0.591097 0 0 0 0 0 0 0 0 0 0 0 0 0 0 0 0 0 0.448033 0 0 0 0 0 0 0 0 0 0 0 0 0 0 0 0 0 0 0 0 0 0 0 0.705897 0 0 0 0 0 0 0 0 0 0 0 0 0 0 0 0 0 0.468167 0 0 0 0 0 0 0.372354 0 0 0 0 0 0 0 0 0 0 0 0 0 0 0 0 0 0.651345 0 0 0 0 0 0 0 0 0 0
0 0 0 0 0 0 0 0 0 0 0 0 0 0.413395 0.39292 0 0 0 0 0 0.503774 0 0 0 0 0 0 0 0 0 0 0 0 0 0 0 0.559596 0 0 0 0 0 0 0 0 0 0 0 0 0 0 0 0 0 0 0 0 0 0 0 0 0 0.609951 0 0 0.717479 0 0 0 0 0 0 0 0 0 0 0 0 0 0 0 0 0 0 0 0 0 0 0 0 0 0 0 0 0 0 0 0 0 0 0 0 0 0 0 0 0 0 0 0 0 0 0 0 0 0 0 0 0.490004 0 0 0 0 0 0 0 0 0 0 0 0 0.694676 0 0 0.407917 0 0 0 0 0 0 0 0 0 0 0 0 0 0 0 0 0 0.316041 0 0 0 0 0 0 0 0 0.370132 0 0 0 0 0 0 0 0 0 0 0 0 0 0 0 0 0.428423 0 0 0 0 0.663528 0 0 0 0.48704 0 0 0 0 0 0 0 0 0 0 0 0
0 0 0.366196 0 0 0 0 0 0 0 0 0 0 0 0 0 0.480068 0 0 0.55751 0 0 0 0 0 0 0 0 0 0 0 0 0 0.392275 0.350979 0 0 0 0 0 0 0 0 0 0 0 0 0 0 0 0 0 0 0 0 0 0 0 0 0 0 0 0.458584 0 0 0 0 0 0 0 0 0 0 0 0 0 0 0 0 0.431094 0 0 0 0 0 0 0 0 0 0 0 0 0 0 0 0 0 0 0 0 0 0 0 0 0 0 0 0 0.358824 0 0 0 0 0.372738 0 0 0 0 0 0 0 0 0 0 0 0 0 0 0 0 0 0 0 0 0 0 0 0 0.66471 0 0 0 0 0 0 0 0 0 0 0 0 0 0 0 0 0 0.453097 0 0 0 0 0 0 0 0 0 0 0 0 0 0 0.594753 0 0 0 0 0 0 0 0 0 0 0 0 0 0 0 0 0 0 0 0 0 0 0 0 0 0 0 0
0 0 0 0 0 0 0 0 0 0 0 0 0 0 0 0 0.715259 0 0 0 0 0 0 0 0 0 0 0 0 0 0 0 0 0 0 0 0 0 0 0 0 0 0 0 0 0 0 0 0 0 0 0 0 0 0 0 0 0 0 0 0 0 0 0 0 0 0.484897 0 0 0 0 0 0 0 0 0 0 0 0 0 0 0 0 0 0 0 0 0 0 0 0 0 0 0 0 0 0 0 0 0 0 0 0 0 0 0 0 0 0.454557 0 0 0.403226 0 0 0 0 0 0 0 0 0 0 0 0 0 0 0 0 0 0 0 0 0 0 0 0 0 0 0 0 0 0 0 0.398412 0 0 0 0 0.426183 0 0 0 0 0 0 0 0 0 0.651801 0 0 0 0 0 0 0 0 0 0 0 0 0 0 0 0 0 0 0 0 0 0 0.652556 0 0 0 0 0 0 0 0 0 0 0 0 0 0 0 0 0 0
0 0 0 0 0 0 0 0 0 0 0 0 0 0 0 0 0 0 0 0 0 0 0 0 0 0 0 0 0 0 0 0 0 0 0 0 0 0 0 0 0 0 0 0 0 0 0 0 0 0 0 0 0 0 0 0 0 0 0 0 0 0 0 0 0 0 0 0 0 0 0 0 0 0 0 0 0 0 0 0 0 0 0 0 0 0 0.535143 0 0 0.652973 0 0 0 0 0 0 0.419141 0 0.569214 0 0 0 0 0 0 0 0 0 0 0 0 0 0 0 0 0 0 0 0 0 0 0 0 0 0 0.552437 0 0 0 0 0 0 0 0 0 0 0 0 0 0.335058 0 0 0 0 0 0 0 0 0 0 0 0 0 0 0 0 0 0 0 0 0 0 0 0 0 0 0 0 0 0.64855 0 0 0 0 0.456797 0 0 0 0 0 0 0 0 0 0 0 0 0 0 0 0 0 0 0 0 0 0 0 0 0
0 0 0 0 0 0 0.53287 0 0.549535 0 0 0 0 0 0 0.671278 0 0 0 0 0 0 0 0 0 0 0 0 0 0 0 0 0 0 0 0 0 0.63479 0 0 0 0 0 0 0 0 0 0 0 0.503468 0 0 0 0 0 0 0 0 0 0 0 0 0 0 0 0 0 0 0 0 0 0 0 0 0 0 0 0.589164 0 0 0 0 0 0 0 0 0 0 0 0 0 0 0 0.654159 0 0 0 0 0 0 0 0 0 0 0 0 0 0 0 0 0 0 0 0 0 0 0 0 0 0 0 0 0 0 0 0 0 0 0 0 0 0 0 0 0 0 0 0.638008 0 0 0 0 0.409584 0 0.533203 0 0 0 0.399816 0 0 0 0 0 0 0 0.358547 0 0 0 0 0 0 0 0 0.472568 0 0 0 0 0 0 0 0 0 0 0 0 0 0.531935 0 0 0.378044 0 0 0 0 0 0 0 0 0 0 0 0 0 0 0 0 0
0 0 0 0 0.436791 0 0 0 0 0 0 0 0.669723 0 0 0 0 0 0 0 0 0 0 0 0 0 0 0 0 0 0 0 0 0 0.489858 0 0 0 0 0 0 0 0 0 0.533033 0 0 0 0 0 0.518914 0 0 0 0 0 0 0 0 0 0 0 0.60578 0 0 0 0 0 0 0 0 0 0 0 0 0 0.589164 0 0 0 0 0 0 0 0 0.423012 0 0 0 0 0 0 0 0 0 0 0.40855 0 0 0 0 0 0 0 0 0 0 0 0.65647 0 0 0 0 0.668842 0 0 0 0 0 0 0 0 0 0.556275 0 0 0.539305 0 0.596419 0 0 0 0 0 0 0 0 0 0 0 0 0 0 0 0 0 0 0 0 0 0 0 0 0 0 0.66266 0 0 0 0 0 0 0 0 0 0 0 0 0 0 0 0 0 0 0 0.645462 0 0 0 0 0 0 0.587613 0 0 0 0.461005 0 0 0 0 0 0 0 0 0 0 0 0 0
0 0 0 0 0 0 0 0 0 0 0 0 0 0 0 0 0 0 0 0 0 0 0 0 0 0 0 0 0.340847 0 0 0 0 0 0 0 0 0 0 0 0 0 0 0 0 0 0 0 0 0 0 0 0 0 0 0 0 0 0 0 0 0 0 0 0 0 0 0 0 0 0 0 0 0 0 0 0 0 0 0 0 0 0.496562 0 0 0 0 0 0 0 0.524443 0 0 0 0 0 0 0 0 0 0 0 0 0 0 0 0.445106 0 0 0 0 0 0 0 0 0 0 0 0 0 0 0 0.393562 0 0 0 0 0 0 0 0 0 0 0 0 0 0 0 0 0 0 0 0 0 0 0 0 0 0 0 0.4777 0 0 0 0 0 0 0 0 0 0 0 0 0 0 0 0 0.643708 0 0 0 0 0 0 0 0 0 0 0 0 0 0 0 0 0 0 0 0 0 0 0 0 0 0 0 0 0 0 0 0
0 0 0 0 0 0 0 0 0 0 0 0.588439 0 0 0 0 0 0 0 0 0 0 0 0 0 0 0 0 0 0 0 0 0 0 0 0 0 0 0 0 0 0 0 0 0 0 0 0 0 0 0 0 0 0 0 0 0 0 0 0 0 0 0 0 0 0 0 0 0 0 0 0 0 0.431094 0 0 0 0 0 0 0.542083 0 0 0 0 0 0 0 0 0 0 0 0 0 0 0 0 0 0 0 0 0 0 0 0 0 0 0 0 0 0 0 0 0 0 0 0 0 0 0 0 0 0 0 0 0 0 0 0 0 0 0 0 0 0 0 0 0 0 0 0 0 0 0 0 0.342487 0 0 0 0 0 0.333693 0 0 0 0 0.454722 0 0.524998 0 0.542094 0 0 0 0 0 0 0 0 0 0 0 0 0 0 0 0 0 0 0.482287 0 0 0 0 0 0 0 0 0 0 0.674203 0 0 0 0 0 0 0.604386 0 0
0 0 0 0 0 0.64154 0 0.377789 0 0 0 0 0 0 0.502103 0 0 0 0 0 0 0 0 0 0 0 0 0 0 0 0 0 0.423781 0 0 0 0 0 0.487076 0 0 0 0.63847 0 0 0 0 0 0 0 0 0 0 0 0 0 0 0 0 0 0 0 0 0 0 0 0 0 0 0 0 0 0 0 0 0 0 0 0 0.542083 0 0 0.39092 0 0 0 0 0 0 0 0 0 0 0 0 0.428461 0 0 0 0 0 0 0 0 0 0 0 0 0 0 0 0 0.614703 0 0 0 0 0 0 0 0 0 0 0 0 0 0 0 0 0 0 0 0 0 0 0 0 0 0 0 0 0 0 0 0 0 0 0 0 0 0 0 0 0 0 0 0 0 0 0 0 0 0 0 0 0 0.554678 0 0.642705 0 0 0.613703 0 0 0 0 0 0 0 0 0 0 0 0 0 0 0 0 0 0 0 0 0 0 0 0.455704 0 0 0 0.375186
0 0 0 0 0 0 0 0 0 0 0 0 0 0 0 0 0 0 0 0 0 0 0 0 0 0 0 0 0 0 0 0 0 0 0 0.357578 0 0 0 0 0.527875 0 0 0 0 0 0 0 0 0 0 0.504124 0 0 0 0 0 0 0 0 0 0 0 0.550836 0 0 0 0 0 0 0 0 0 0 0 0 0 0 0 0 0 0 0 0 0 0 0 0 0 0 0 0 0 0 0 0 0 0 0 0 0.634217 0 0 0 0 0 0 0 0 0 0 0 0 0.6042 0 0.607406 0 0.618859 0 0 0 0 0 0 0 0 0 0 0 0 0 0 0 0 0 0 0 0 0 0 0 0 0 0 0 0 0 0 0 0 0 0 0 0 0.649477 0 0 0 0 0 0 0 0 0 0 0.356082 0 0 0 0 0 0 0 0 0 0 0 0 0 0 0 0 0 0 0 0 0 0.38313 0 0 0 0 0 0 0 0 0 0 0 0
0 0 0 0 0 0 0 0 0 0 0 0 0 0 0 0 0 0 0.554504 0 0 0 0 0 0.497857 0 0 0 0 0 0 0 0 0.496996 0 0 0.329853 0.328292 0 0 0 0 0 0 0 0 0 0 0 0 0 0 0 0 0 0 0 0 0 0.474564 0 0 0 0 0 0 0 0 0 0 0 0 0 0 0 0 0 0 0.496562 0 0.39092 0 0 0 0 0 0 0 0 0 0.541014 0 0.555989 0 0 0 0 0 0 0 0 0 0 0 0 0 0 0 0.489969 0 0.520282 0 0 0.422328 0 0 0 0 0 0 0 0.639886 0 0 0 0 0 0 0 0.567218 0 0 0 0 0 0 0 0 0 0 0 0 0 0 0 0 0 0 0 0 0 0 0 0 0 0 0 0 0 0 0.477372 0 0 0 0 0 0 0.326742 0.589175 0 0 0 0 0 0 0 0 0 0 0 0 0 0 0 0 0 0 0 0 0 0 0 0.386431 0 0 0 0 0 0 0
0 0 0 0 0 0 0 0 0 0 0 0 0 0 0 0 0 0 0 0 0 0 0 0 0 0 0 0 0 0 0 0 0 0 0 0 0 0.401603 0 0 0 0 0 0 0 0 0 0 0 0 0 0 0 0 0 0 0 0 0 0.680715 0 0.552824 0 0 0 0 0 0 0 0 0 0 0 0 0 0 0 0 0 0 0 0 0 0 0 0 0 0 0 0 0 0 0 0 0 0 0 0 0 0 0 0 0 0 0 0 0 0 0 0 0 0 0.356854 0 0 0 0 0 0 0 0 0 0 0 0 0 0 0 0 0 0 0 0 0 0 0 0 0 0 0 0 0 0 0 0.506683 0 0 0 0 0 0 0 0 0 0 0 0 0 0 0 0 0 0 0 0 0 0 0 0 0 0 0 0 0 0 0 0 0 0 0 0.307297 0 0 0 0 0 0 0 0 0 0.359738 0 0 0 0 0 0 0 0 0
0 0 0 0 0 0 0 0 0 0 0.653356 0 0 0 0 0.642159 0 0 0 0.413342 0 0 0 0 0 0 0 0 0 0 0 0 0 0 0 0 0 0 0 0 0 0.551227 0 0.319816 0 0 0 0 0 0 0 0 0 0 0 0 0 0 0 0 0 0 0 0 0 0 0 0 0 0 0 0 0 0 0 0 0 0 0 0 0 0 0 0 0 0 0 0 0 0 0.592628 0 0 0 0 0 0 0 0 0 0 0 0 0 0 0 0 0 0 0 0 0 0 0 0 0 0 0 0 0 0 0.615548 0 0 0 0 0 0 0 0 0.508063 0 0 0 0 0 0 0 0 0 0 0 0 0 0 0 0 0 0 0 0 0 0 0 0 0 0 0.400952 0 0 0 0 0 0 0 0 0 0 0 0 0 0 0 0 0 0 0 0 0 0 0 0 0 0 0 0 0 0 0 0 0 0 0 0 0 0 0 0 0 0
0 0 0 0 0 0 0 0 0 0 0 0 0 0 0 0 0 0 0 0 0 0 0 0 0 0 0 0 0 0 0 0 0 0 0 0 0 0 0 0 0 0 0 0 0 0 0 0 0 0 0 0 0 0 0 0 0 0 0 0 0 0 0 0 0 0 0 0 0 0 0 0 0 0 0 0 0 0.423012 0 0 0 0 0 0 0 0 0 0.604167 0 0 0 0 0 0 0 0 0 0 0 0 0 0 0 0 0 0 0 0 0 0 0 0 0 0 0 0 0 0 0 0 0 0 0 0 0 0 0 0 0 0 0 0 0 0 0 0 0 0 0 0 0.604605 0.605169 0 0 0 0 0 0 0 0 0 0 0 0 0 0.552033 0 0 0 0 0 0 0 0 0 0 0 0 0 0 0 0 0 0 0 0 0 0 0 0 0 0 0 0 0 0.361921 0 0 0 0 0 0 0 0 0 0 0 0 0 0
0 0 0 0 0 0 0 0 0 0 0 0 0 0 0 0 0 0 0 0 0 0 0 0 0 0 0 0 0 0 0 0.636276 0 0 0 0 0 0 0 0 0.613917 0 0 0 0 0 0 0 0 0 0 0 0 0 0 0 0 0 0 0 0.41917 0 0 0 0 0 0 0 0 0 0 0 0 0 0 0.535143 0 0 0 0 0 0 0 0 0 0 0 0 0 0 0 0 0 0 0 0 0 0 0 0 0 0 0 0 0 0 0 0 0 0 0 0 0 0 0 0 0 0 0 0 0 0 0 0 0 0 0 0 0 0 0 0 0 0 0 0 0 0 0 0 0 0 0.491356 0 0 0 0 0 0 0 0 0 0 0 0 0 0 0 0 0 0 0 0 0 0 0 0 0 0 0 0 0 0 0 0 0 0 0 0 0 0 0.521991 0 0 0 0 0 0 0 0 0 0 0 0 0 0 0 0 0 0
0 0 0 0 0 0 0 0 0 0 0 0 0 0 0 0 0 0 0 0 0 0 0 0 0 0 0 0 0 0 0 0 0 0 0 0 0 0 0 0 0.511085 0 0.533137 0 0 0 0 0 0 0 0 0 0 0.649527 0 0 0 0 0 0 0 0 0.490317 0 0 0 0 0 0 0 0 0 0 0 0 0 0 0 0 0 0 0 0 0 0 0.604167 0 0 0 0 0 0 0 0 0 0 0 0 0 0 0 0 0 0 0 0 0 0 0 0 0 0 0 0 0 0.605209 0 0 0 0 0 0 0 0 0 0 0 0 0 0.534207 0 0 0 0 0 0 0 0 0 0 0 0 0 0 0 0 0 0 0 0 0 0 0 0 0 0 0 0 0 0 0 0 0 0 0 0 0 0 0 0 0 0 0.658936 0 0 0 0 0 0 0 0 0 0 0 0 0 0.52487 0 0 0 0 0 0 0 0 0 0 0 0.527947 0
0 0 0 0 0 0 0.360451 0 0 0 0 0 0 0 0 0 0 0.357835 0 0 0 0 0 0 0 0 0 0 0 0 0 0 0 0 0 0 0 0 0 0 0 0 0 0 0 0.512097 0 0 0 0 0 0 0 0 0 0 0 0 0 0 0 0 0 0 0 0 0 0 0 0 0 0 0 0 0 0 0 0 0 0 0 0 0 0 0 0 0 0 0 0 0 0 0 0 0 0 0 0 0 0 0 0 0 0 0 0 0 0 0 0 0 0 0 0 0 0 0.344797 0 0 0 0 0 0 0 0 0 0 0 0 0 0.423732 0 0 0 0 0 0.598802 0 0 0 0 0 0 0 0 0 0 0 0 0 0 0 0 0 0 0 0 0 0 0 0 0.423656 0 0 0 0 0 0 0 0 0 0 0 0 0 0.414551 0 0 0 0 0 0 0 0 0 0.402148 0 0 0 0 0 0 0 0 0 0 0 0 0 0
0 0 0 0 0 0 0 0 0.72256 0 0.400569 0 0 0 0 0 0 0.371135 0 0 0 0 0 0 0 0 0 0 0 0 0 0 0 0 0 0 0 0 0 0 0 0 0 0 0 0 0 0 0 0 0 0 0 0 0 0 0 0 0 0 0 0 0 0 0 0 0 0 0 0 0 0 0 0 0 0.652973 0 0 0 0 0 0 0 0 0 0 0 0 0 0 0 0 0 0 0 0 0 0 0 0 0 0 0 0 0 0 0 0 0 0 0 0 0 0 0 0 0 0 0 0 0 0 0 0 0 0 0 0 0 0.359968 0 0 0 0 0 0 0 0 0 0 0 0 0 0 0 0 0 0 0 0 0 0 0 0 0 0 0 0 0 0 0 0 0 0 0 0 0 0 0 0 0 0 0 0 0 0 0 0 0 0 0 0.722882 0 0 0 0.433501 0 0 0 0 0 0 0 0 0 0 0 0 0 0
0 0 0 0 0 0 0 0 0 0.559919 0 0 0 0 0 0 0 0 0 0 0 0 0 0 0 0.610966 0 0 0 0 0 0 0.406561 0 0 0 0 0 0 0 0 0 0 0 0 0 0 0 0 0 0 0 0 0 0 0 0 0 0 0 0 0 0 0 0 0 0 0 0 0 0 0 0 0 0 0 0 0 0.524443 0 0 0 0.541014 0 0.592628 0 0 0 0 0 0 0.315667 0 0 0 0 0 0 0 0 0 0 0 0 0 0 0 0 0 0 0 0.514938 0 0 0 0 0 0 0 0 0 0 0 0 0.363391 0.583785 0.499546 0 0 0 0 0 0 0 0 0.673712 0 0 0 0 0 0 0 0 0 0 0 0 0 0 0 0 0 0 0.477372 0 0 0 0 0 0 0 0 0 0 0 0 0 0 0 0 0 0 0 0 0 0 0 0 0 0 0 0 0 0 0.431837 0 0 0 0 0 0.48559 0 0 0 0 0 0 0 0
0 0 0 0.390301 0 0 0.31008 0 0 0 0 0 0 0 0 0 0.317539 0 0 0 0 0 0 0 0 0 0 0 0 0 0.397518 0 0 0 0 0 0 0 0 0 0 0 0 0 0 0 0 0 0 0 0 0 0 0 0 0 0 0 0 0 0 0 0 0 0 0 0 0 0 0 0 0 0 0 0 0 0 0 0 0 0 0 0 0 0 0 0 0 0 0 0.315667 0 0 0 0 0 0.41346 0 0 0 0 0 0 0 0 0 0 0 0 0 0 0 0 0 0 0 0 0 0 0 0 0 0 0 0 0 0 0 0.521232 0 0 0 0 0 0 0 0 0 0 0 0 0 0 0 0 0 0 0 0 0 0 0 0 0 0.540677 0 0 0 0 0 0 0 0 0 0 0 0 0 0 0 0 0 0 0 0 0 0 0 0 0 0 0 0 0 0 0 0 0 0 0 0 0 0 0 0 0 0 0 0 0
0 0 0 0 0 0 0 0 0 0 0 0 0 0 0 0.627828 0 0 0 0.58224 0 0 0.430516 0 0 0 0 0 0 0 0 0 0 0 0 0 0 0 0 0 0 0 0 0.651097 0 0 0 0 0 0 0 0 0 0 0 0 0 0 0 0 0 0 0 0 0 0 0 0 0 0 0 0 0 0 0 0 0 0 0 0 0 0 0.555989 0 0 0 0 0 0 0 0 0 0 0 0 0 0 0 0 0 0 0 0 0 0 0 0 0 0 0 0 0 0 0 0 0 0 0 0 0 0 0 0 0 0 0 0 0 0 0 0 0 0 0 0 0 0 0 0 0 0 0 0 0 0 0.465364 0 0 0 0 0 0.610725 0 0 0 0 0 0 0 0 0 0 0 0 0 0 0.688505 0 0 0 0 0 0 0 0 0.504077 0 0 0 0 0.438252 0 0 0 0 0 0 0 0 0 0 0 0 0 0 0 0 0 0 0
0 0 0 0 0 0 0 0 0 0 0 0 0 0 0 0 0 0 0 0 0 0 0 0 0 0 0 0 0 0 0 0 0 0.559737 0 0 0 0 0 0.469607 0 0 0 0 0 0 0 0 0 0 0 0 0 0 0 0 0 0 0 0 0 0 0 0 0 0 0 0 0 0 0 0 0 0 0 0 0.654159 0 0 0 0 0 0 0 0 0 0 0 0 0 0 0 0 0 0 0.693378 0 0 0.376369 0 0 0 0.425342 0 0 0 0 0 0 0 0 0 0 0 0 0 0 0 0 0 0 0 0 0 0 0 0 0 0 0 0 0 0 0 0.505431 0 0 0 0 0 0 0 0 0 0 0 0 0 0 0 0 0 0 0 0 0 0 0 0 0 0 0 0 0 0.636112 0 0 0 0 0 0 0.59975 0 0 0 0 0 0 0.483718 0 0 0 0 0 0 0 0 0 0 0 0.490994 0 0 0 0 0 0 0 0 0
0 0 0 0 0 0 0 0.597014 0 0 0 0.522546 0 0 0 0 0 0 0 0 0 0 0 0 0 0 0 0 0 0 0 0 0 0 0 0 0 0 0 0 0 0 0 0 0 0 0.459906 0 0 0 0 0 0 0 0 0 0 0 0 0 0 0 0 0 0.56842 0 0 0 0 0 0 0 0 0 0 0 0 0 0 0 0 0 0 0 0 0 0 0 0 0 0 0 0 0 0 0 0 0 0 0 0.604249 0 0 0 0 0 0 0 0 0 0 0 0 0 0 0 0 0 0 0 0 0 0 0 0 0 0 0.3409 0 0 0 0 0 0.420453 0.59903 0 0 0 0 0 0 0 0 0 0 0 0 0 0 0 0 0 0 0 0 0 0 0 0 0 0.59734 0.520075 0 0 0 0 0 0 0 0 0 0 0 0 0 0 0 0 0 0 0 0 0 0 0 0 0 0 0 0 0 0 0 0 0 0 0 0 0 0
0 0 0 0 0 0 0 0 0 0 0 0 0 0 0 0 0 0 0 0 0 0 0 0 0 0 0 0.631675 0 0 0 0 0 0 0 0 0 0 0 0 0 0 0 0 0 0.609638 0 0 0 0 0 0 0 0 0 0.350159 0 0 0 0 0 0 0 0 0 0 0 0 0 0 0 0 0 0 0 0 0 0 0 0 0.428461 0 0 0 0 0 0 0 0 0 0 0 0 0.693378 0 0 0 0 0 0 0 0 0 0 0.398383 0 0 0 0 0 0 0 0 0 0 0 0 0 0 0 0 0.443614 0 0 0 0 0 0 0 0 0 0 0 0 0 0 0 0.654241 0 0 0 0 0 0 0 0 0 0.658029 0 0 0 0 0 0 0 0 0 0 0 0 0 0 0 0 0 0 0 0 0 0 0 0 0 0 0 0 0 0 0 0 0 0.677615 0.615071 0 0 0 0 0 0 0 0 0 0 0 0 0 0 0 0 0
0 0 0 0 0 0.36709 0 0 0 0 0 0 0 0 0 0 0 0 0 0 0 0 0 0 0 0 0 0 0 0 0 0 0 0 0 0 0 0 0 0 0 0 0 0 0 0 0 0 0 0 0 0 0 0 0 0 0 0 0 0 0 0 0 0 0 0.649808 0 0 0 0.752765 0.68328 0 0 0 0 0.419141 0 0.40855 0 0 0 0 0 0 0 0 0 0 0 0 0 0.41346 0 0 0 0 0 0 0 0 0 0 0 0 0 0 0 0 0 0 0 0 0 0 0 0 0 0 0 0 0 0 0 0 0 0 0 0 0 0 0 0 0 0 0 0 0 0 0 0 0 0 0 0 0 0 0.659015 0 0 0 0 0 0 0.508855 0 0 0 0 0 0 0 0.636967 0 0 0 0 0 0 0 0 0 0 0 0 0 0 0 0 0 0 0 0 0 0 0 0 0 0 0 0.661315 0.511854 0.501 0 0 0 0 0 0 0 0
0 0 0 0 0 0 0 0 0 0 0 0 0 0 0 0.700318 0 0 0 0 0 0 0 0 0 0 0 0 0.582899 0 0 0 0 0 0 0 0 0 0.487072 0 0.676307 0.533282 0 0 0 0 0 0 0 0 0.530033 0 0 0 0 0 0 0 0 0 0 0 0 0 0 0.513152 0 0 0.566606 0 0 0 0 0 0 0 0 0 0 0 0 0 0 0 0 0 0 0 0 0 0 0 0 0 0 0 0 0 0 0 0 0 0 0 0 0 0 0 0 0 0 0 0 0 0 0 0 0 0 0.551306 0 0 0 0 0 0 0 0 0 0 0 0 0 0.605868 0 0 0.66556 0 0 0 0 0 0 0 0 0 0 0 0 0 0 0 0 0 0 0 0 0 0 0 0 0 0 0 0 0 0 0 0 0 0 0 0 0 0 0.457146 0 0 0 0 0 0 0 0 0.640236 0 0 0 0 0 0 0 0 0 0 0 0 0 0 0
0 0 0 0 0 0 0 0 0.388663 0 0.548455 0 0 0.37507 0 0 0 0 0 0 0 0 0 0 0 0 0 0 0 0 0 0 0 0 0 0 0 0 0 0 0 0 0 0 0 0 0 0 0 0 0 0 0.444742 0 0 0 0 0 0 0 0 0 0 0 0 0 0 0 0.303646 0 0 0 0 0 0 0.569214 0 0 0 0 0 0 0 0 0 0 0 0 0 0 0 0 0 0.376369 0 0 0 0 0 0 0.605196 0 0 0 0 0 0.447078 0 0 0 0 0 0 0 0 0 0 0 0 0 0 0 0 0 0 0 0 0 0 0 0 0 0 0 0 0.465402 0 0 0 0 0 0 0 0 0 0.597418 0 0 0 0 0 0 0.6195 0 0 0 0 0 0 0 0 0 0 0 0 0 0 0 0 0 0 0 0 0 0 0 0 0 0 0.285317 0 0 0 0 0 0 0 0 0 0.475602 0 0.485643 0 0 0 0 0 0 0 0
0 0 0 0 0 0 0 0 0 0 0 0 0 0 0 0 0 0 0 0 0 0 0 0 0 0 0 0 0.328916 0 0 0 0 0 0 0 0 0 0 0 0 0 0 0 0 0 0 0 0 0 0 0 0 0 0 0 0 0 0 0 0 0.411286 0 0 0 0 0 0 0 0 0 0 0 0 0 0 0 0 0 0 0 0 0 0 0 0 0 0 0 0 0 0 0 0 0 0 0 0 0 0 0 0 0 0 0 0 0 0 0 0 0 0 0 0 0.526856 0 0 0 0 0 0 0 0 0 0 0 0 0 0 0 0 0 0 0 0 0 0 0 0 0 0 0 0 0 0 0 0 0 0 0 0 0 0 0 0 0 0 0 0 0 0.493627 0 0 0 0 0 0 0.40101 0 0 0 0 0 0 0.311034 0 0 0 0 0 0 0 0 0 0 0 0 0 0.405806 0 0 0 0 0 0 0 0 0 0 0
0 0 0 0 0.345884 0 0 0 0 0 0 0 0 0 0 0 0 0 0 0.683783 0 0 0 0 0 0 0 0 0 0 0 0 0 0 0 0 0 0.574113 0 0 0 0 0 0 0 0 0 0 0 0 0 0 0 0 0 0 0 0 0 0 0 0 0 0 0 0 0 0 0 0 0 0 0 0 0 0 0 0 0 0 0 0.634217 0 0 0 0 0 0 0 0 0 0 0 0 0.604249 0 0 0 0.605196 0 0 0 0 0 0 0 0 0 0 0 0 0 0 0 0 0 0 0 0 0.625463 0 0 0 0 0 0 0 0 0 0 0 0 0 0 0 0 0 0 0 0 0 0 0 0 0 0 0 0 0 0 0.56228 0.419507 0 0 0 0 0 0 0 0 0 0 0 0 0 0 0.586963 0 0.265471 0 0 0 0 0 0 0 0 0 0 0 0 0 0 0 0.617704 0.519735 0 0.603711 0 0 0 0 0 0.635744 0 0 0 0 0.39718 0
0 0 0 0 0 0 0 0 0 0 0 0 0 0 0 0 0 0 0.456023 0 0 0 0 0 0 0 0 0 0 0.627639 0 0 0 0 0 0 0 0 0 0 0 0.660839 0.309019 0 0 0.386337 0 0 0 0.380815 0 0 0 0 0 0 0 0 0 0 0 0 0 0 0 0 0 0 0.465093 0 0 0 0 0 0 0 0 0 0 0 0 0 0 0 0 0 0 0 0 0 0 0 0 0 0 0 0 0 0 0 0 0 0.657606 0 0 0 0 0 0 0.363432 0 0 0 0 0 0 0 0 0 0 0 0 0 0 0 0 0 0 0 0.388942 0 0 0 0 0 0 0 0 0 0 0 0 0 0 0 0 0 0 0 0 0 0 0 0 0 0 0 0 0 0 0 0 0 0 0 0 0 0 0 0 0 0 0 0.490351 0 0 0 0 0 0 0 0 0 0 0 0 0 0 0 0 0 0 0 0 0 0 0 0 0 0
0 0 0 0 0 0 0 0 0 0 0 0 0 0 0.619178 0 0 0 0 0 0 0 0 0 0.71254 0 0 0 0 0 0 0 0 0 0 0 0 0 0 0 0 0 0 0 0.476905 0 0 0 0.606574 0 0 0 0 0.379122 0 0 0 0 0.631739 0 0 0 0 0 0 0 0 0 0 0 0 0.518267 0 0 0 0 0 0 0 0 0 0 0 0 0 0 0 0 0 0 0 0 0 0.425342 0 0 0 0 0 0 0 0.657606 0 0 0 0 0 0 0 0 0 0 0 0 0 0 0 0 0 0.616838 0 0 0 0 0 0 0 0.483115 0 0 0 0 0 0.644281 0 0 0 0 0 0 0.514907 0 0 0.533566 0.446988 0 0 0 0 0 0 0 0 0 0 0 0 0 0 0 0 0 0 0 0 0 0 0 0 0 0 0.613944 0 0 0 0 0 0 0 0 0.584682 0 0 0 0 0 0 0 0 0 0 0 0 0 0 0.628356 0 0 0 0
0.485366 0 0 0 0 0 0 0 0 0 0 0.353934 0 0 0 0 0 0.677416 0.336821 0 0 0 0 0 0 0.687018 0 0 0 0 0 0 0 0 0 0 0 0.65353 0 0 0 0 0 0 0.587909 0 0 0 0 0 0 0 0 0.526878 0 0 0 0 0 0 0 0 0 0 0 0 0 0 0 0 0 0 0 0 0 0 0 0 0 0 0 0 0 0 0 0 0 0 0 0 0 0 0 0 0 0 0 0 0 0 0 0 0 0 0 0 0 0 0 0 0 0 0 0 0 0 0 0 0 0 0.414981 0 0 0 0 0 0 0 0 0 0 0 0 0 0 0 0 0 0 0 0.575644 0 0 0 0 0 0 0 0 0 0 0 0 0 0 0 0 0.620783 0 0 0 0 0 0 0 0 0 0 0 0 0 0 0 0 0 0 0 0 0 0 0 0 0 0 0 0 0 0 0 0 0 0 0 0 0 0 0 0 0 0
0 0 0 0 0 0 0 0 0 0 0 0 0 0 0 0 0 0 0 0 0 0 0 0 0 0 0 0 0 0.4157 0 0 0 0 0 0 0 0 0 0 0 0 0 0 0 0 0 0 0 0 0 0 0 0 0 0 0 0 0 0 0 0 0 0 0 0 0 0 0 0 0 0.591097 0 0 0 0 0 0 0 0 0 0 0 0 0 0 0 0 0 0 0 0 0 0 0 0.398383 0 0 0 0 0 0 0 0 0 0.532009 0 0 0 0 0.64236 0 0 0 0 0 0 0.478381 0 0 0 0 0 0 0 0 0.469685 0 0 0 0 0 0 0 0 0 0 0 0 0 0 0 0 0 0 0.398728 0 0 0 0.37495 0 0 0 0 0 0 0 0 0 0 0 0 0 0 0.656212 0 0 0 0 0 0 0.501551 0 0 0 0 0 0.398286 0 0 0 0 0 0 0 0 0 0 0 0 0 0.625923 0 0 0 0 0 0 0 0
0 0 0 0 0 0.481065 0 0 0 0 0 0 0 0 0 0 0 0 0 0 0 0 0 0 0 0 0 0 0 0 0 0 0 0 0 0 0 0 0 0 0 0 0 0 0 0 0 0 0 0 0 0 0 0 0 0 0 0 0 0 0 0 0 0 0 0 0 0 0 0 0 0 0 0 0 0 0 0 0 0 0 0 0 0 0 0 0 0 0 0 0 0 0 0 0 0 0 0 0 0 0 0 0 0 0.532009 0 0 0 0 0 0 0 0 0 0 0 0 0 0 0 0.626886 0 0 0 0 0 0 0 0 0 0 0 0 0 0 0 0 0 0.598305 0 0 0 0 0 0 0.391323 0 0 0 0 0 0 0 0 0 0 0 0 0 0 0 0 0 0 0 0 0 0 0 0 0 0 0 0 0 0 0 0 0 0 0 0 0 0 0 0 0 0 0 0 0 0 0 0 0 0 0.41651 0 0 0
0.483768 0 0 0 0 0 0 0 0 0 0 0 0 0 0 0 0 0 0 0 0 0 0 0 0 0 0 0 0.482202 0 0 0 0 0 0 0 0 0 0 0 0 0 0 0 0 0 0 0 0 0 0.415709 0 0 0.401126 0 0 0 0 0.365252 0 0 0 0 0 0 0 0 0 0 0 0 0 0 0 0 0 0 0 0.445106 0 0 0 0 0 0 0 0 0 0 0 0 0 0 0 0 0 0 0 0.447078 0 0 0 0 0 0 0 0 0 0 0 0 0 0 0 0 0 0 0 0 0 0 0 0 0 0 0 0 0.37526 0 0 0 0.423711 0 0 0 0 0 0 0 0 0 0.383185 0 0 0 0 0 0 0 0 0 0 0 0 0 0 0 0 0 0 0 0 0 0 0 0 0 0 0.460049 0.444786 0.639662 0 0 0 0 0 0 0 0 0 0 0 0 0 0 0.602242 0 0 0 0 0 0 0 0 0 0 0 0 0 0
0 0 0 0 0 0.480257 0 0 0 0.60156 0 0 0 0 0 0 0 0 0 0 0 0 0 0 0 0.479514 0 0 0 0 0 0 0 0 0 0 0 0 0 0 0 0 0 0 0 0.426985 0 0 0 0 0 0 0 0 0 0 0 0 0 0 0 0 0 0.468583 0 0 0 0 0 0 0 0 0 0 0 0 0 0 0 0 0 0 0 0 0 0 0 0 0 0 0 0 0 0 0 0 0 0 0 0 0 0 0 0 0 0 0 0 0 0 0.616183 0 0 0 0 0 0 0 0 0 0 0 0 0 0 0 0 0 0 0 0 0 0 0 0 0 0 0 0 0 0 0 0 0 0 0 0 0 0 0 0 0 0 0 0 0 0 0 0 0 0 0 0 0 0 0 0 0 0 0 0 0 0 0 0 0 0 0 0 0 0 0 0 0.439906 0 0 0 0 0 0 0 0 0 0 0.299215 0.578472 0 0 0 0
0 0 0 0 0.680146 0 0 0 0 0 0 0 0 0 0 0 0.713426 0 0 0 0 0 0 0 0 0 0 0 0 0.513821 0 0 0 0 0 0.620125 0 0 0 0 0 0 0 0 0 0 0 0 0.532646 0 0 0 0 0 0 0 0 0 0 0 0 0 0 0 0 0 0 0 0 0 0.666488 0 0 0.358824 0.454557 0 0 0.65647 0 0 0 0 0.489969 0 0 0 0 0 0 0 0 0 0 0 0 0 0 0 0 0 0 0 0 0 0 0 0 0 0 0 0 0 0 0 0 0 0 0 0 0 0 0 0 0.637166 0 0 0.550473 0 0 0 0 0 0 0 0.407637 0 0 0 0 0 0 0 0 0 0.414782 0 0 0.606719 0 0 0 0 0.585829 0 0 0 0 0 0 0 0.541449 0 0 0 0 0 0 0 0 0 0 0 0 0 0 0 0 0 0 0 0 0 0 0 0 0 0 0 0 0 0 0 0 0 0 0 0 0 0 0
0 0 0 0 0 0 0 0 0 0 0 0 0 0 0 0 0 0 0.480076 0 0 0 0 0 0 0 0 0 0 0 0 0 0 0 0 0 0 0 0 0 0 0 0 0 0.536163 0 0 0 0 0 0 0 0 0.36366 0 0 0 0 0.584773 0 0 0.509244 0.479379 0 0 0 0 0 0 0 0 0 0 0 0 0 0 0 0 0 0 0 0 0 0 0 0 0 0 0 0 0 0 0 0 0 0 0 0 0 0 0.363432 0 0 0 0 0 0 0 0 0 0 0 0 0 0 0 0 0 0 0 0 0.459103 0.425869 0 0 0 0 0 0 0 0 0 0 0 0 0 0 0 0 0 0 0 0 0 0 0 0 0 0 0 0 0 0 0 0 0 0 0 0.632781 0 0 0 0 0 0 0 0 0 0 0 0 0 0 0 0 0 0 0 0 0 0 0 0 0 0 0 0 0 0 0 0 0 0 0 0 0 0 0 0
0 0 0 0 0 0 0 0 0 0 0 0 0.554335 0.492657 0 0 0 0 0 0 0 0 0 0 0 0 0.54795 0.304295 0 0 0 0 0 0 0 0 0 0 0 0 0 0 0 0 0 0 0.560118 0 0 0 0 0 0 0 0 0 0 0 0 0.458005 0 0 0 0 0 0 0 0 0 0 0 0 0 0 0 0 0 0 0 0 0 0 0.520282 0 0 0 0 0 0 0 0 0 0 0 0 0 0 0 0 0 0 0 0 0 0.64236 0 0 0.616183 0 0 0 0 0 0 0 0.59854 0 0 0 0 0 0 0 0 0 0 0 0 0 0 0 0 0 0 0 0 0 0.612048 0 0 0 0 0 0.590632 0 0 0 0 0.339805 0 0 0 0 0 0 0 0 0 0 0 0 0 0 0 0 0.436054 0 0.606398 0.473647 0 0 0 0.460897 0 0 0 0 0 0 0 0 0 0.437359 0 0 0 0 0 0 0 0 0 0 0 0 0 0 0 0 0
0 0 0.511176 0 0 0 0 0 0 0 0 0 0.604331 0 0 0 0 0.383507 0 0 0 0 0 0 0.640759 0 0 0 0 0 0 0.423966 0 0 0 0 0 0 0 0.478965 0.366729 0 0 0 0 0 0 0 0.514088 0 0 0 0 0 0 0 0 0.459004 0 0 0 0.37224 0 0 0 0 0 0 0.437067 0 0 0 0 0 0.403226 0 0 0 0 0 0 0 0 0 0 0 0 0 0 0 0.514938 0 0 0 0 0 0 0 0 0 0 0 0 0 0 0 0 0 0 0 0 0 0 0 0 0 0.535282 0 0 0 0 0 0 0 0 0 0 0 0 0 0 0 0 0 0 0 0 0 0 0 0 0.582733 0 0 0 0 0 0 0 0 0 0 0 0 0 0 0 0 0 0.526317 0 0 0 0 0 0 0 0 0 0 0 0 0 0 0 0 0 0 0 0 0 0.66202 0 0 0 0.650593 0 0 0 0 0 0 0 0 0 0 0 0 0 0
0 0 0 0 0 0 0 0 0 0 0 0 0 0 0 0 0 0 0 0 0 0 0 0 0 0 0 0 0 0 0 0 0 0 0 0 0 0 0 0 0 0 0 0 0 0 0 0 0 0.354792 0 0 0 0 0 0 0 0 0 0 0 0 0 0 0 0 0 0 0 0 0 0 0 0 0 0 0 0 0 0 0.614703 0 0 0.356854 0 0 0 0 0 0 0 0 0 0 0 0 0 0 0 0 0 0 0 0 0 0 0 0 0 0 0 0 0 0 0 0 0 0 0 0 0 0.564938 0 0.489425 0 0 0 0 0 0 0 0 0 0 0 0 0 0 0 0 0 0 0 0 0.400217 0 0 0 0 0 0 0 0 0 0 0 0 0 0 0 0 0 0 0 0 0 0 0 0 0 0 0 0 0 0 0 0 0 0 0 0 0.616191 0 0 0 0 0 0 0 0 0 0 0 0 0 0 0 0 0 0.623936
0 0 0 0 0.601605 0 0 0 0 0 0 0 0 0 0 0 0 0 0 0 0 0 0 0 0 0 0 0 0 0 0 0 0 0 0 0 0 0 0 0 0 0 0 0 0 0 0 0.42654 0 0 0 0 0 0 0 0 0 0 0 0 0 0 0 0 0.570731 0 0 0 0 0 0 0 0 0.372738 0 0 0 0.668842 0 0 0 0.6042 0.422328 0 0 0 0 0 0 0 0 0 0 0 0 0 0 0 0 0 0 0 0 0 0 0 0 0 0 0 0 0 0 0 0 0 0 0 0 0 0 0 0 0 0 0.539391 0 0 0 0 0 0 0 0 0 0 0 0 0 0 0.589006 0 0 0 0.659253 0 0.480268 0 0 0 0 0 0 0 0 0 0 0 0 0 0 0 0 0 0 0 0 0 0 0 0 0 0 0 0 0 0 0 0 0 0 0 0 0 0 0 0 0 0 0 0 0 0 0 0 0 0 0 0 0
0 0 0 0 0 0 0 0 0 0 0 0.504045 0 0 0 0 0 0 0 0 0 0 0 0 0 0 0 0.691797 0 0 0 0 0 0 0 0 0 0 0 0 0 0 0 0 0 0 0 0 0 0 0 0 0 0.457361 0 0 0 0 0 0 0 0 0 0 0 0 0 0 0.283322 0 0 0 0 0 0 0 0 0 0 0 0 0 0 0 0 0 0 0 0 0 0 0 0 0 0 0 0 0 0 0.526856 0 0 0 0 0 0 0 0 0 0 0 0 0 0 0 0 0 0 0 0 0 0 0 0 0 0 0 0 0 0 0 0 0 0 0 0 0 0 0 0 0 0.522443 0 0.462547 0 0 0 0 0 0 0 0 0 0 0 0 0 0 0 0 0 0 0 0 0 0 0 0 0 0.563365 0 0 0 0 0 0 0 0 0 0 0 0 0 0 0 0 0 0 0.324238 0 0 0 0 0 0 0 0 0 0 0
0 0 0 0.439639 0 0 0 0 0 0.639921 0 0 0 0 0 0 0 0 0 0.617786 0 0 0 0 0 0 0 0 0 0 0 0 0.505012 0 0 0 0 0 0 0 0 0 0 0 0 0 0 0.359636 0 0 0 0 0 0 0 0 0 0 0 0 0 0 0 0 0 0 0 0 0 0 0 0 0 0 0 0 0 0 0 0 0 0.607406 0 0 0 0 0 0.605209 0 0 0 0 0 0 0 0 0 0 0 0 0 0 0 0 0 0 0 0 0 0 0.59854 0 0 0 0 0 0 0 0.591406 0 0 0 0 0.42377 0 0 0 0 0 0 0 0 0 0 0 0 0 0 0 0 0 0 0 0 0 0 0 0 0 0.259213 0 0 0 0 0 0 0 0 0 0 0 0 0 0 0 0 0 0 0 0.620699 0 0 0 0 0 0 0 0 0 0 0 0 0 0 0 0 0.535306 0 0 0 0 0 0 0 0 0 0 0 0 0
0 0 0 0.400942 0 0 0 0 0 0 0 0 0 0 0 0.365898 0 0 0 0 0 0.477008 0 0 0 0.65824 0 0 0 0 0 0 0 0 0 0 0 0 0 0 0.525997 0 0 0 0 0 0 0 0 0 0 0 0 0 0 0 0 0 0 0 0 0 0 0 0 0 0 0 0 0 0 0 0 0 0 0 0 0 0 0 0 0 0 0 0 0 0 0 0.344797 0 0 0 0 0 0 0 0 0 0 0 0 0 0 0 0 0 0 0 0 0 0 0.535282 0 0 0 0 0 0 0 0 0 0 0.427738 0 0 0 0.372474 0 0.520071 0 0 0 0 0 0 0 0 0 0 0 0 0 0 0 0 0 0.370171 0 0 0 0 0 0 0 0 0 0 0 0 0 0 0 0 0 0 0 0 0 0 0 0 0 0 0 0 0 0 0 0 0 0 0 0 0 0 0 0 0 0 0 0 0 0 0 0 0 0 0 0 0
0 0 0 0 0 0 0 0 0 0 0 0 0 0 0.303323 0 0 0 0.333027 0.544596 0.634249 0 0 0 0 0 0 0 0 0 0 0 0 0 0 0 0 0 0 0 0 0 0 0 0 0 0 0 0 0 0 0 0 0 0 0 0 0 0 0 0 0 0 0 0 0 0 0 0 0 0 0 0 0 0 0 0 0 0 0 0 0.618859 0 0 0 0 0 0 0 0 0 0 0 0 0 0 0 0 0 0 0 0 0 0 0.478381 0 0 0 0 0 0 0 0 0 0 0 0 0 0 0 0.479608 0 0 0 0 0 0 0 0 0 0 0 0.632025 0 0 0 0 0 0 0 0 0 0 0 0 0 0 0 0 0 0 0 0 0 0 0.619176 0 0 0 0 0 0 0 0 0 0.642029 0 0 0.396484 0 0 0 0 0 0 0 0 0 0 0 0.513652 0.519439 0 0.629878 0 0 0 0 0 0 0 0 0 0 0 0 0 0 0 0
0 0 0 0 0 0 0 0 0 0 0.373586 0 0 0 0 0 0 0 0 0 0 0 0 0.711409 0 0 0 0 0 0 0 0 0 0 0 0 0 0 0 0 0 0 0 0 0 0 0 0 0 0 0 0 0 0 0 0 0 0 0.446747 0 0 0 0 0 0 0 0 0 0 0 0 0 0.490004 0 0 0 0 0 0 0 0 0 0 0 0 0 0 0 0 0 0 0 0 0 0 0 0 0 0 0 0 0 0 0 0 0 0 0 0 0 0 0 0 0 0 0.591406 0 0 0 0 0 0 0 0 0 0 0 0 0 0 0 0 0 0 0 0 0 0 0 0 0 0 0 0 0 0 0 0 0 0 0 0 0 0 0 0 0 0 0 0 0 0 0 0 0 0 0 0 0 0 0 0 0.481449 0 0 0 0 0 0 0 0 0 0 0 0 0 0 0 0.391359 0 0 0 0 0 0 0 0 0 0 0
0 0.419792 0 0 0 0 0 0 0 0 0 0 0 0 0 0 0 0 0.449155 0 0 0.37411 0 0 0 0 0 0 0 0 0 0 0 0.569215 0 0 0 0 0 0 0 0 0 0 0 0.628327 0 0 0 0 0 0 0 0.558568 0 0 0 0 0 0 0 0 0 0 0 0 0 0 0 0 0 0 0 0 0 0 0 0 0 0 0 0 0 0 0 0 0 0 0 0 0 0 0 0 0 0 0 0.551306 0 0 0.625463 0 0.616838 0 0 0 0 0 0 0 0 0 0 0 0 0 0 0 0 0 0 0 0 0 0 0.647184 0 0 0 0.42432 0 0 0 0 0 0 0 0 0 0 0 0 0 0 0 0 0 0 0 0 0 0 0.411853 0 0 0 0 0 0 0 0 0 0 0 0 0 0 0 0 0 0 0 0 0 0 0 0 0 0 0 0 0 0 0 0 0 0 0 0 0 0 0 0 0 0 0 0 0 0 0
0 0.411297 0 0 0 0 0.634308 0 0 0 0 0 0 0 0 0 0 0 0 0 0 0 0 0 0 0 0 0 0 0 0 0.413983 0.411781 0 0 0 0 0 0 0.508449 0 0 0 0 0.426934 0 0 0 0 0 0 0 0 0 0 0 0 0 0 0 0 0 0 0 0 0.303238 0.46428 0 0 0 0 0 0 0 0 0 0 0 0 0 0 0 0 0 0 0 0 0 0 0 0 0 0 0 0 0 0 0 0 0 0 0 0 0.414981 0 0.626886 0 0 0 0 0 0 0 0 0 0 0 0.479608 0 0 0 0.779633 0 0 0 0 0.649525 0 0 0 0 0 0 0 0 0 0 0 0 0 0 0 0 0 0 0 0 0 0 0 0 0 0 0 0 0 0 0 0 0 0.611746 0 0 0 0 0 0.582632 0 0 0 0 0 0 0 0.539476 0 0 0 0 0 0 0 0 0 0 0 0 0 0 0.723163 0 0 0 0 0 0 0 0 0 0
0 0 0 0 0 0 0 0 0 0 0 0 0.309927 0 0 0 0 0 0 0 0.306015 0 0 0 0 0 0.335477 0 0 0 0 0 0 0 0 0.271213 0 0 0 0 0 0.521861 0 0 0 0 0 0 0 0 0 0 0 0 0 0 0 0 0 0 0 0 0 0 0 0 0 0 0 0 0 0 0 0 0 0 0 0 0 0 0 0 0.639886 0 0.615548 0 0 0 0 0 0 0 0 0 0 0.443614 0 0 0 0 0 0 0 0 0 0 0 0 0 0 0 0 0.564938 0 0 0 0 0 0 0 0.779633 0 0 0 0 0 0 0 0 0 0 0 0 0 0 0 0 0.520382 0 0 0 0 0 0 0 0 0.447266 0 0 0 0 0 0 0 0 0 0 0 0 0 0 0 0 0 0 0 0 0 0 0 0 0.431266 0.279282 0 0 0 0 0 0 0.358369 0 0 0 0 0 0 0 0 0 0 0 0 0 0 0 0 0 0 0 0
0 0 0 0 0 0 0.351969 0 0 0 0 0.347087 0 0 0 0 0 0 0 0 0 0 0.606311 0 0 0 0 0 0 0 0 0 0 0 0 0 0 0 0 0 0 0 0 0 0 0 0 0 0 0 0 0 0 0.456858 0 0 0 0 0 0 0 0 0 0 0 0 0 0 0 0.619421 0 0.448033 0 0 0 0 0 0 0.393562 0 0 0 0 0 0 0 0 0 0 0 0 0 0 0 0 0 0 0 0 0 0 0 0 0 0 0 0 0 0 0.459103 0 0 0 0 0 0 0.427738 0 0 0 0 0 0 0 0 0.547723 0 0 0 0 0 0 0 0 0 0 0 0 0 0 0 0 0 0 0 0 0 0 0 0 0 0 0 0 0 0.496217 0.601109 0 0 0 0 0 0 0 0 0 0 0 0 0 0.667651 0 0 0 0 0 0.472685 0 0 0 0 0 0 0.680057 0 0 0 0 0 0 0 0 0 0 0 0 0 0 0 0
0 0.505477 0 0 0.58517 0 0 0 0 0 0 0 0 0 0 0 0 0 0 0 0 0 0 0 0 0 0 0.527849 0 0 0 0 0 0 0 0.66002 0 0 0 0 0 0 0 0 0 0 0 0 0 0 0 0 0 0 0 0 0 0 0 0 0 0.493362 0.516771 0 0 0.449321 0 0 0 0 0 0 0 0 0 0 0 0.556275 0 0 0 0 0 0 0 0 0 0 0 0 0 0 0 0 0 0 0 0 0 0 0 0 0 0 0 0 0 0 0.637166 0.425869 0 0 0.489425 0 0 0.42377 0 0 0 0 0 0 0 0 0 0 0 0.375002 0 0 0 0 0.438639 0.694129 0 0 0 0 0 0 0 0 0 0.504796 0 0 0 0 0 0 0 0 0 0 0 0.555413 0 0 0.613856 0 0.55401 0 0 0 0 0 0 0 0.415153 0 0 0 0 0 0 0 0 0 0 0 0 0.613788 0 0 0 0 0 0 0.574692 0 0 0 0 0 0 0 0 0 0 0
0 0 0 0 0 0 0 0 0 0.704008 0 0 0 0 0 0 0 0 0 0 0 0 0 0 0 0 0 0 0 0 0 0 0 0 0 0 0 0.448155 0 0 0 0 0 0 0 0 0 0 0 0 0 0 0.57122 0 0 0 0 0 0 0 0 0 0 0 0 0 0 0 0 0 0 0 0 0 0 0 0 0 0 0 0 0 0 0 0 0 0 0 0 0 0.363391 0 0 0 0 0 0 0 0 0 0 0 0 0 0 0 0 0 0 0 0 0 0 0 0 0 0 0 0 0 0 0 0 0 0 0 0 0 0 0 0 0 0 0 0 0 0 0 0 0 0 0 0 0 0 0 0 0 0 0 0.637399 0 0 0 0 0 0 0 0 0 0 0 0 0 0 0 0 0 0 0 0 0 0 0 0 0 0 0 0 0 0 0 0 0 0 0.494534 0.558979 0 0 0 0 0 0 0 0 0 0 0 0 0
0 0 0 0 0 0 0 0 0 0 0 0 0 0 0.493657 0 0 0 0 0 0 0 0 0.55824 0 0 0 0 0 0 0 0 0 0 0 0 0.490528 0 0 0 0 0 0 0 0 0 0 0 0.654425 0 0.437071 0 0 0 0 0 0 0 0 0 0 0 0 0 0 0 0 0.508329 0 0 0 0 0 0 0 0.552437 0 0 0 0 0 0 0 0 0 0 0 0 0 0 0.583785 0 0 0 0 0 0 0 0 0 0 0 0 0 0 0 0 0 0 0 0 0 0 0.539391 0 0 0 0 0 0.647184 0 0 0.547723 0 0 0 0 0 0 0 0 0 0 0.654296 0 0 0 0 0 0 0 0 0 0.554912 0 0 0 0 0 0 0 0 0 0 0 0 0 0 0 0 0 0 0 0.522478 0 0 0 0 0 0 0 0 0 0.721219 0 0 0 0 0 0 0 0 0 0 0 0 0 0 0 0 0 0 0.510429 0 0 0 0 0 0 0
0 0.366707 0 0 0 0 0.425982 0 0 0 0 0 0.441306 0 0.651223 0 0 0 0 0 0 0 0 0.455999 0 0 0 0 0 0 0 0 0 0 0 0 0 0 0 0 0 0 0 0 0 0.697132 0 0 0 0 0 0 0 0 0 0 0 0 0 0 0 0 0 0 0 0 0 0 0 0 0 0 0 0 0 0 0 0.539305 0 0 0 0 0 0 0 0 0 0 0 0 0.499546 0 0 0 0 0 0 0 0 0 0 0 0 0 0.469685 0 0 0 0.550473 0 0 0 0 0 0 0 0.372474 0 0 0 0.649525 0 0 0 0 0 0 0 0 0 0 0 0 0 0 0.402728 0 0 0 0 0 0 0 0.28914 0 0 0.600312 0 0 0.646809 0 0 0 0 0 0 0.652057 0 0 0 0 0 0 0 0 0 0 0 0 0 0 0 0 0 0 0 0 0 0 0 0 0 0 0 0 0 0.441585 0 0 0.476329 0 0 0 0.357198 0 0 0 0 0 0
0 0 0 0 0 0 0 0 0 0 0 0.494966 0 0 0 0 0 0 0 0 0 0 0 0 0 0 0 0 0 0 0 0 0 0 0 0 0 0.444875 0 0 0 0 0 0 0 0 0 0 0 0 0 0 0 0 0 0 0 0 0 0 0 0 0 0 0 0 0 0 0 0 0 0 0 0 0 0 0 0 0 0 0 0 0 0 0 0 0 0 0 0 0 0 0 0 0.3409 0 0 0 0 0 0 0 0.483115 0 0 0 0.37526 0 0 0 0 0 0 0 0 0 0 0 0 0 0 0 0 0.375002 0 0 0 0 0 0 0 0.589888 0 0 0 0 0 0 0 0 0 0 0 0 0 0 0 0 0 0 0 0 0 0 0 0 0 0 0 0 0 0 0 0 0 0.715468 0 0 0 0 0 0 0 0 0 0 0 0 0 0 0.461452 0 0 0 0 0 0 0 0 0 0 0 0.369795 0 0 0 0 0 0 0
0.524114 0 0 0 0 0.423672 0 0 0 0 0 0 0 0 0 0 0 0 0 0 0 0 0 0 0 0 0.322384 0 0 0 0 0 0 0 0 0 0 0 0 0 0 0 0 0 0 0 0.508818 0 0 0 0 0 0 0 0 0 0 0.558996 0 0 0 0 0 0 0 0 0.602138 0 0 0 0 0 0 0 0 0 0 0.596419 0 0 0 0 0 0 0 0 0 0 0 0 0 0.521232 0 0 0 0 0 0 0 0 0 0 0 0 0 0 0 0 0 0 0 0 0 0 0 0 0.520071 0 0 0 0 0 0 0 0 0 0 0 0 0 0 0 0 0 0 0 0 0 0 0 0 0 0 0 0 0 0.561325 0 0.510369 0 0 0 0 0 0 0 0 0 0 0 0 0 0 0 0 0 0 0 0 0 0 0 0 0 0 0 0 0 0 0 0.528997 0 0 0.462662 0 0 0 0 0 0 0 0 0 0 0 0 0 0.328513 0 0.521018
0 0 0 0 0 0 0 0.474021 0 0 0.527739 0 0 0 0 0 0 0 0 0 0 0 0 0 0 0 0 0 0 0 0 0 0 0 0 0 0 0 0 0 0 0 0 0 0 0 0 0 0 0 0 0 0 0 0 0 0 0 0 0 0 0 0 0 0 0 0 0 0 0 0 0 0 0 0 0 0 0 0 0 0 0 0.567218 0 0 0 0 0.534207 0 0.359968 0 0 0 0 0 0 0 0 0 0 0 0.388942 0 0 0 0 0 0 0 0 0 0 0 0 0 0 0 0 0 0.42432 0 0 0 0 0 0 0 0 0 0 0 0 0 0 0 0 0 0.409488 0 0 0.514146 0 0 0 0.680534 0 0 0 0 0 0 0 0 0 0 0 0 0 0 0 0 0 0 0 0 0.433984 0 0 0 0 0 0 0 0 0 0.674207 0 0.458469 0 0 0 0 0 0 0 0 0 0.540851 0 0.619795 0 0 0 0 0 0 0 0 0 0
0 0 0 0 0 0 0 0 0 0 0 0 0 0 0 0 0 0 0 0 0 0 0 0 0 0 0 0 0 0 0 0 0 0 0 0 0 0 0 0 0 0 0 0 0 0 0 0 0.537833 0 0 0 0 0 0 0 0 0 0 0 0 0 0 0 0 0 0.447394 0 0 0 0 0 0 0 0 0 0 0 0 0 0 0 0 0 0.508063 0 0 0 0.423732 0 0 0 0 0 0 0 0 0 0 0 0 0 0 0 0 0 0 0 0 0 0 0 0 0 0 0 0 0 0 0 0 0 0 0 0 0 0 0 0 0 0 0 0 0.385036 0 0 0 0 0 0 0 0 0 0.504389 0 0 0 0 0 0 0 0 0 0 0 0 0 0.49458 0 0 0 0 0 0 0 0 0 0 0 0 0 0 0 0 0 0 0 0 0 0 0 0 0 0.458609 0 0 0 0 0 0 0 0 0 0 0 0 0 0 0 0.446136
0 0 0 0 0 0.659458 0 0 0 0 0 0 0 0 0 0 0 0 0 0 0 0 0 0 0 0 0 0 0 0 0 0.685927 0.766006 0 0 0 0.589422 0 0 0 0 0 0 0 0 0 0 0 0 0 0 0 0 0 0 0 0.382215 0 0 0 0 0 0 0 0 0.43946 0 0 0 0.379019 0 0 0.694676 0 0 0 0 0 0 0 0 0 0 0 0 0 0 0 0 0 0 0 0 0 0 0 0 0 0 0 0 0 0 0 0 0 0.423711 0 0 0 0 0 0 0 0 0 0 0 0 0 0 0 0 0 0 0 0 0.589888 0 0 0 0 0.451984 0 0.59536 0 0 0.426188 0 0 0 0 0 0 0 0.615616 0 0 0 0 0 0 0 0 0 0.623286 0 0 0 0 0 0 0 0.52651 0 0 0 0 0 0 0 0 0 0 0 0 0 0 0 0 0 0 0 0 0 0 0 0 0 0 0 0 0 0 0 0 0 0 0 0
0 0 0 0 0 0 0 0 0 0 0 0 0 0 0 0 0 0 0 0 0 0 0 0 0 0 0 0 0 0 0 0 0 0.379041 0 0 0 0 0 0 0 0 0 0 0 0 0 0 0 0 0 0 0 0 0 0 0 0 0 0 0.370112 0 0 0 0 0 0 0 0 0 0 0 0 0 0 0 0 0 0 0 0 0 0 0 0 0 0 0 0 0 0 0 0 0 0 0 0 0 0 0 0 0 0 0 0 0 0 0 0 0 0 0 0 0 0 0 0 0.632025 0 0 0 0 0 0.438639 0 0 0 0 0 0 0 0.451984 0 0 0 0 0 0 0 0 0 0 0 0 0 0 0 0 0 0 0 0.549813 0 0 0 0 0 0 0 0 0 0 0 0 0 0 0.558272 0 0 0 0 0 0 0 0 0 0 0 0 0 0 0 0 0 0 0 0 0 0 0 0 0 0 0 0 0 0 0 0 0
0 0 0 0 0 0 0 0 0 0 0 0 0 0 0 0 0 0 0 0 0 0 0 0 0 0 0 0 0 0 0 0 0 0 0 0 0 0 0 0 0 0 0 0 0 0 0.464791 0 0 0 0 0 0 0 0 0 0 0 0 0 0.415341 0 0 0 0 0 0 0 0 0.576791 0 0 0 0 0 0 0 0 0 0 0 0 0 0 0 0 0 0 0 0 0 0 0 0 0.420453 0 0 0.605868 0 0 0 0 0.644281 0 0 0 0 0 0 0 0 0 0 0 0 0 0 0 0 0 0 0 0 0.694129 0 0.654296 0 0 0 0 0.385036 0 0 0 0.517785 0 0 0 0 0 0 0 0 0 0 0 0 0 0 0 0 0 0 0 0 0 0 0 0 0 0 0 0 0 0.58455 0 0.524042 0 0 0 0 0 0 0 0 0 0 0.568598 0 0 0 0 0 0.501259 0 0 0 0 0 0 0 0 0 0 0 0 0 0 0 0
0 0 0 0 0.578549 0 0.457101 0 0 0 0 0 0 0 0 0 0 0 0 0 0 0 0 0 0 0 0 0 0 0 0 0 0 0 0 0 0 0 0 0 0 0 0 0 0 0 0 0 0 0 0 0 0 0 0 0 0 0 0 0 0 0 0 0 0 0 0 0 0 0 0 0 0.407917 0 0 0 0 0 0 0 0 0 0 0 0 0 0 0 0 0 0 0 0 0.505431 0.59903 0 0 0 0 0 0 0 0 0 0 0 0 0 0.407637 0 0 0 0 0 0 0 0 0 0 0 0 0 0 0 0 0 0 0 0 0 0 0.59536 0 0.517785 0 0 0 0 0 0 0 0 0 0 0 0 0 0 0 0 0 0 0 0 0 0 0 0 0 0 0 0 0 0 0 0 0 0 0 0 0 0 0 0 0 0 0 0 0 0 0 0 0 0 0 0.501276 0 0 0 0 0 0 0 0 0 0 0 0 0 0
0 0 0 0 0 0 0 0 0 0.500283 0 0 0 0 0 0 0 0 0 0 0 0 0 0 0.490181 0 0 0 0.415213 0 0 0 0 0 0 0 0 0 0 0 0 0 0 0 0 0.68028 0 0 0 0 0 0 0 0 0 0 0 0 0 0 0 0 0 0 0.682477 0 0 0 0 0.44299 0 0 0 0 0 0 0 0 0 0 0 0 0 0 0 0 0 0 0 0 0.673712 0 0 0 0 0 0 0 0.465402 0 0 0 0 0 0 0 0 0 0 0 0 0 0 0 0 0 0 0 0 0 0 0 0 0 0 0 0.402728 0 0 0 0 0 0 0 0 0 0 0 0 0 0 0.482515 0 0 0 0 0 0 0 0.595294 0 0 0 0 0 0 0 0 0.378293 0 0 0 0.60276 0 0 0 0 0 0 0 0 0 0 0 0 0 0 0 0.589877 0 0 0 0 0.389792 0 0 0.538984 0 0 0.482911 0 0 0 0.376002 0 0 0 0 0 0
0 0 0 0 0 0 0 0 0 0 0 0 0 0 0 0 0 0 0 0 0 0 0 0.421791 0 0 0 0 0 0 0.649685 0 0 0 0 0 0 0 0 0 0 0 0 0 0.464278 0.426639 0 0 0 0 0 0 0 0.700268 0 0 0 0 0 0 0 0 0 0 0 0 0 0 0 0 0 0 0 0 0 0 0 0 0 0 0 0 0 0 0 0 0 0 0.598802 0 0 0 0 0 0 0 0 0.66556 0 0 0 0 0 0 0 0 0 0 0 0 0 0 0 0 0 0 0 0 0 0 0 0 0 0 0 0 0 0 0 0 0 0 0 0 0 0 0 0 0 0 0.420402 0 0.559868 0 0 0 0 0 0 0 0 0 0 0 0 0 0 0 0 0 0 0 0 0 0 0 0 0 0 0 0 0 0 0 0 0 0 0 0 0.594067 0 0 0 0 0 0 0 0 0.469045 0 0 0 0 0 0 0 0 0 0 0
0 0 0 0 0 0 0 0 0 0 0 0 0 0 0 0 0 0 0 0 0 0 0 0 0 0 0 0 0 0 0 0 0 0 0 0 0 0 0 0 0 0.52522 0 0 0 0 0 0 0 0 0 0 0 0 0 0.524536 0 0 0 0 0 0 0 0.419768 0 0 0 0 0 0 0 0 0 0 0 0 0.638008 0 0 0 0 0 0 0 0 0 0 0 0 0 0 0 0 0 0 0.654241 0 0 0 0 0 0 0 0 0 0 0 0 0 0 0.612048 0 0 0 0 0 0 0 0 0 0 0.520382 0 0 0 0 0 0 0 0.409488 0 0.426188 0 0 0 0 0 0 0 0 0 0 0 0 0 0.387564 0.572379 0 0 0 0 0 0 0 0 0 0 0 0 0 0.613472 0 0 0 0 0.441816 0 0 0 0 0 0.69966 0 0 0 0 0 0 0 0 0 0 0 0 0 0.411135 0 0 0 0 0 0.621832 0 0 0 0 0 0 0 0
0 0 0 0 0 0 0 0.573563 0 0 0 0 0 0 0 0.393713 0 0 0 0 0 0 0 0 0 0.473144 0.657898 0 0 0 0 0 0 0 0 0 0 0 0 0 0 0 0 0 0.571678 0 0 0 0 0 0 0 0 0 0 0 0 0 0 0 0 0 0 0 0 0 0 0 0 0 0 0 0 0.66471 0 0 0 0 0 0 0 0 0 0 0 0 0 0 0 0 0 0 0 0 0 0 0 0 0 0 0 0 0 0 0 0.598305 0 0 0 0 0 0 0 0 0 0 0 0 0 0 0 0 0 0 0 0 0 0 0 0 0 0 0 0 0 0 0 0 0 0 0 0 0 0 0 0 0 0.492753 0 0 0 0 0 0 0 0 0 0.621575 0 0 0 0 0 0 0 0 0 0 0 0 0 0 0.400079 0 0 0 0 0 0 0 0 0 0 0.357903 0 0 0 0 0.429429 0 0 0 0 0 0 0 0 0 0 0
0 0 0 0 0 0 0 0 0 0 0 0 0 0 0 0 0 0 0 0 0 0 0 0 0 0 0 0 0 0 0.438123 0 0 0 0 0 0 0 0 0 0 0 0 0 0.53794 0 0 0 0 0 0 0 0 0 0 0 0 0 0 0 0 0 0 0 0 0 0 0 0 0 0 0 0 0 0 0.335058 0 0 0 0 0 0 0 0 0 0 0 0 0 0 0 0 0 0 0 0 0 0 0 0 0 0 0 0 0 0 0 0 0 0 0 0 0 0 0 0 0 0 0 0 0 0 0 0 0 0 0 0 0 0 0 0 0 0 0 0 0 0 0 0 0 0 0 0 0 0 0.475508 0 0 0 0 0 0 0 0 0 0 0.432823 0.43366 0 0 0 0 0.443426 0 0 0 0 0 0 0 0 0 0 0 0 0.379674 0 0 0 0 0 0.516764 0 0 0 0 0 0 0 0 0 0 0 0 0 0 0 0 0
0 0 0 0 0 0 0 0 0 0 0 0 0 0 0 0 0 0 0 0 0 0 0 0 0 0 0 0 0 0 0 0 0 0 0.54681 0 0 0 0 0 0 0 0 0 0 0 0 0 0 0 0 0 0 0 0 0 0 0.453731 0 0 0 0 0 0 0 0 0 0 0 0 0 0 0 0 0 0 0 0 0 0 0 0 0 0 0 0.604605 0 0 0 0 0 0 0 0 0 0 0 0 0 0 0 0 0.514907 0.575644 0 0 0 0 0 0 0 0 0 0.589006 0 0 0 0 0 0 0 0 0 0 0 0 0 0 0 0.514146 0 0 0 0 0 0 0.420402 0 0 0 0 0 0 0 0 0 0 0 0 0 0 0 0 0 0 0 0 0 0 0 0 0 0 0 0 0 0 0 0 0 0 0 0 0 0 0 0 0 0 0 0 0 0 0 0 0 0 0 0 0 0 0 0 0 0 0 0 0 0 0
0 0 0 0 0 0 0 0 0 0 0 0 0 0.632649 0 0 0 0 0 0 0 0 0 0 0 0 0 0 0 0 0 0 0 0 0 0 0 0.416729 0 0 0 0 0 0 0 0 0 0 0 0 0 0 0 0 0 0 0 0 0 0 0 0 0 0 0 0 0 0 0 0 0 0 0 0 0 0 0 0 0 0 0 0 0 0 0 0.605169 0 0 0 0 0 0 0 0 0 0 0 0 0 0 0 0 0 0 0 0 0.383185 0 0 0 0 0.582733 0 0 0.522443 0 0 0 0 0 0 0 0 0 0 0 0 0 0 0 0 0 0 0 0 0.482515 0 0 0 0 0 0 0 0 0.655417 0 0 0 0 0 0 0 0 0 0 0 0 0 0 0 0 0 0 0 0 0 0 0 0 0 0 0 0 0.415699 0 0 0 0.697957 0 0 0 0 0 0 0 0 0 0 0 0 0 0 0 0 0 0 0 0 0 0
0 0 0 0 0 0 0 0 0 0 0 0 0 0 0 0 0 0 0 0 0 0 0.412185 0.638492 0 0 0 0 0 0 0 0 0 0 0 0 0 0 0 0 0 0 0 0 0 0 0 0 0 0 0 0 0 0 0 0 0 0 0 0 0 0 0 0.651023 0 0 0 0 0 0 0 0 0 0 0 0 0.409584 0 0 0 0 0 0 0 0 0 0.491356 0 0 0 0 0 0 0 0 0 0 0 0 0 0 0 0 0 0 0 0 0 0 0 0 0 0 0 0 0 0 0 0 0 0 0 0 0 0 0 0 0 0 0 0 0 0 0 0 0 0.559868 0 0 0 0 0 0 0 0 0 0 0 0.439387 0 0 0 0 0 0 0 0 0 0 0 0 0 0 0 0 0 0 0 0 0 0 0 0 0 0 0 0 0 0 0 0 0 0 0 0 0 0.762244 0.363565 0 0 0 0 0 0.464213 0 0 0 0 0 0
0 0.374226 0.56336 0 0 0 0 0 0 0 0 0.454082 0 0 0 0 0.628385 0 0 0 0 0 0 0 0.57372 0 0 0 0 0 0 0 0 0 0 0.401332 0 0 0 0 0 0.351627 0 0 0 0 0 0 0 0 0 0 0 0.365806 0 0 0 0 0 0 0 0 0 0 0 0 0 0 0 0 0 0 0 0 0.398412 0 0 0 0 0 0 0 0 0 0 0 0 0 0 0 0 0 0 0 0 0 0 0 0 0 0 0 0.533566 0 0 0 0 0 0 0 0.590632 0 0 0 0.462547 0 0 0 0 0 0 0 0 0.504796 0 0.554912 0.28914 0 0 0 0.504389 0 0 0 0 0 0 0 0 0 0 0 0 0 0 0 0 0 0 0 0 0 0 0 0 0 0 0.701524 0 0 0 0 0 0 0 0 0 0 0 0.362257 0 0 0 0 0.653404 0 0 0 0 0 0 0 0 0 0 0 0 0 0 0 0 0 0 0 0.612013 0 0 0 0 0
0 0 0 0 0 0 0 0 0 0 0 0 0 0.622027 0 0 0 0 0 0 0 0 0.6214 0 0 0 0 0 0 0 0 0 0 0 0 0 0 0.444677 0 0 0 0 0 0 0 0 0.558886 0 0 0 0 0 0 0 0 0 0.539795 0 0 0 0 0 0 0 0 0 0 0 0 0 0 0 0 0 0 0 0.533203 0 0 0 0 0 0 0.506683 0 0 0 0 0 0 0 0 0 0 0 0 0 0 0 0 0 0 0.446988 0 0 0 0 0 0.414782 0 0 0 0.400217 0.659253 0 0 0 0 0 0 0 0 0 0 0 0 0 0 0 0.680534 0 0 0 0 0 0 0 0 0 0 0 0.655417 0 0 0 0 0 0 0 0 0 0 0 0 0 0.553162 0 0 0 0.533715 0 0 0 0 0 0 0 0 0 0 0 0 0 0 0 0 0 0 0 0 0 0 0 0 0 0 0 0 0 0.370729 0.346299 0 0 0.454312 0 0 0 0 0 0
0 0 0 0 0 0 0 0 0 0 0.62395 0 0 0 0 0 0 0 0 0 0.441056 0.453473 0 0 0 0 0 0 0 0 0 0 0 0 0 0 0 0 0 0 0 0 0 0 0 0 0 0 0 0 0 0 0 0 0 0 0 0 0 0 0 0 0 0 0 0 0 0 0 0 0 0 0 0 0 0 0 0 0 0.342487 0 0 0 0 0 0 0 0 0 0 0 0 0.465364 0 0 0 0 0 0.597418 0 0 0 0 0 0.398728 0.391323 0 0 0 0 0 0 0 0 0 0 0 0 0 0 0 0 0 0 0 0 0 0 0 0 0 0.615616 0 0 0 0 0 0.387564 0 0 0 0 0 0 0 0 0 0 0 0 0 0 0 0 0 0 0 0 0.372348 0 0 0.465262 0 0 0 0 0 0 0 0 0 0 0 0.44589 0 0 0 0 0 0 0 0 0 0 0 0 0 0 0 0 0 0 0 0 0 0 0 0 0 0
0 0 0 0 0 0 0 0 0 0 0 0 0 0 0 0 0 0 0 0 0 0 0 0 0 0 0 0 0 0 0 0 0 0 0 0 0 0 0 0 0 0 0 0.635735 0 0 0 0 0 0 0 0 0 0 0 0 0 0 0 0 0 0 0 0 0 0 0 0 0.496065 0 0 0.705897 0 0 0 0 0 0 0 0 0 0 0 0 0 0 0 0 0 0 0 0 0 0 0 0 0.659015 0 0 0 0 0 0 0 0 0 0 0 0 0 0 0 0 0.480268 0 0 0.370171 0 0 0 0 0.447266 0 0 0 0 0.600312 0 0.561325 0 0 0 0 0 0 0 0 0.572379 0 0.475508 0 0 0 0 0 0 0 0 0 0 0 0 0 0 0 0 0 0 0 0 0 0 0 0 0 0 0 0 0 0 0 0 0 0 0 0 0 0 0 0 0 0 0 0 0 0 0 0 0.50925 0 0 0 0 0 0 0 0 0 0 0
0.405767 0 0 0 0 0 0 0 0 0 0 0 0 0 0 0 0 0 0 0 0 0 0 0 0 0 0 0 0 0 0 0 0.484259 0 0 0 0.537169 0 0 0 0 0 0 0 0 0 0 0 0 0 0 0 0 0 0.452356 0 0 0 0 0 0 0.572817 0 0 0 0.580784 0.746725 0 0 0 0 0 0 0 0 0 0 0 0 0 0 0 0 0 0 0 0 0 0 0 0 0 0 0 0 0.658029 0 0 0 0 0 0 0 0 0 0 0 0 0.606719 0 0 0 0 0 0 0 0 0 0 0 0 0 0 0 0 0 0 0 0 0 0 0 0 0 0 0 0 0 0.492753 0 0 0 0 0 0 0 0 0 0 0 0 0 0 0 0 0 0 0 0 0 0 0 0.528872 0 0 0 0 0 0 0 0 0 0 0 0 0 0 0 0 0 0 0 0.536796 0 0 0 0 0 0 0 0 0 0 0 0 0.490194 0.615051 0 0 0
0 0 0 0 0 0 0 0 0 0 0 0 0 0.630339 0 0 0 0 0.420865 0 0 0 0.517572 0 0 0.649322 0 0 0 0 0 0 0 0 0 0.621965 0 0 0 0 0 0 0 0 0 0 0 0 0 0 0 0 0 0 0 0 0 0 0 0 0 0 0 0 0 0 0 0 0 0 0.617912 0 0 0 0.426183 0 0.399816 0 0 0 0 0 0 0 0 0 0 0 0 0 0 0 0 0 0 0 0 0 0 0 0 0 0 0 0 0 0 0 0 0 0.339805 0 0 0 0 0 0 0 0 0 0 0 0 0 0 0 0 0 0.510369 0 0 0 0 0 0 0 0 0 0 0 0 0 0.439387 0 0 0 0 0 0 0 0 0 0 0 0 0 0 0 0 0.650082 0 0 0 0 0 0.698024 0 0 0 0 0 0 0 0 0 0 0 0 0 0 0.319021 0 0 0 0 0.585435 0.527044 0 0 0 0 0 0 0 0 0 0 0 0 0
0 0 0 0 0.584657 0 0 0 0 0.451468 0.388121 0 0 0.579408 0.68894 0.393516 0 0 0 0 0 0 0 0.584009 0 0.618709 0 0 0 0 0 0 0 0 0 0 0 0 0 0 0 0 0 0 0 0 0 0 0 0 0 0 0 0 0 0 0 0 0.544473 0.496139 0.394169 0 0 0 0 0 0 0 0 0 0.63362 0 0 0 0 0 0 0 0 0 0 0 0 0 0 0 0 0 0 0 0 0 0 0 0 0 0 0 0 0 0 0 0 0 0.37495 0 0 0 0 0 0 0 0 0 0 0.259213 0 0 0 0 0 0 0 0 0 0 0.646809 0 0 0 0 0 0 0 0 0.595294 0 0 0 0 0 0 0 0 0 0 0 0 0 0 0 0 0 0.44175 0 0.578557 0 0 0 0 0 0 0 0 0 0 0 0 0 0 0 0 0 0 0.542914 0 0 0 0 0 0 0 0 0 0 0 0 0 0 0 0 0.543933 0 0 0 0 0 0 0 0
0 0 0 0 0.541647 0 0 0 0 0 0 0 0 0 0 0 0 0 0 0 0 0 0 0 0 0 0 0 0 0 0 0 0 0 0 0 0 0 0 0.538061 0 0 0 0 0 0 0 0 0 0 0 0 0.662554 0 0 0 0 0 0 0 0 0 0 0 0 0 0 0 0 0.656096 0 0 0 0 0 0 0 0 0.4777 0 0 0 0 0 0 0 0 0 0 0 0 0 0 0 0 0 0 0 0 0 0.56228 0 0 0 0 0 0 0 0 0 0 0 0 0 0 0 0 0 0 0 0 0 0 0 0.637399 0 0 0 0 0 0 0 0 0 0 0 0 0 0 0 0 0 0 0 0 0 0 0 0 0 0 0 0 0 0 0 0 0 0 0 0 0 0 0 0 0 0 0 0 0 0 0 0 0 0 0 0 0 0 0 0 0.722131 0.53803 0 0 0 0 0 0 0 0 0 0 0 0 0 0 0 0 0
0 0 0 0.482512 0.423409 0 0 0 0 0 0 0 0 0 0 0 0 0 0 0 0 0 0 0 0 0 0 0 0 0 0 0 0.327177 0 0 0 0 0 0 0 0 0 0 0 0 0 0 0 0 0 0.52971 0 0 0 0 0 0 0 0 0 0 0 0.465438 0 0 0 0.446598 0 0 0 0 0 0 0 0 0 0 0 0 0.333693 0 0 0 0 0 0 0 0 0 0 0 0 0.610725 0 0 0 0 0 0 0 0.419507 0 0 0 0 0 0 0 0 0 0 0 0 0 0 0 0 0 0 0 0 0 0 0 0 0 0 0 0 0 0 0 0.549813 0 0 0 0 0 0 0 0 0 0 0 0 0 0 0 0 0 0 0 0 0 0 0 0 0 0 0 0 0 0 0 0 0 0 0 0 0 0 0 0 0 0 0 0 0 0 0 0 0 0 0 0 0 0 0 0 0 0 0 0 0 0 0.387499 0 0 0 0
0 0 0 0 0 0 0 0 0 0 0.240842 0 0 0 0 0 0 0 0 0.594577 0 0 0 0 0 0 0 0 0 0 0 0 0.646454 0 0 0 0 0 0 0 0.415563 0 0 0.382948 0 0 0.441683 0 0.388056 0 0 0 0 0 0 0 0 0 0 0 0 0 0 0 0 0 0 0 0 0 0 0 0.316041 0 0 0 0 0 0 0 0 0 0 0 0 0 0 0 0 0 0 0 0 0 0 0 0 0 0.6195 0 0 0 0 0 0 0 0 0 0.585829 0 0 0 0 0 0 0 0 0 0 0.411853 0 0 0 0 0 0 0 0 0 0 0 0 0 0 0 0 0 0 0 0 0 0 0 0 0 0 0 0 0 0 0 0 0 0 0.584293 0 0 0 0 0 0 0 0.579931 0 0.745936 0 0 0 0 0 0 0 0 0 0 0 0 0 0 0 0 0 0 0 0.351369 0 0 0 0 0 0 0 0 0 0 0 0 0 0 0
0 0 0 0 0 0 0.544249 0 0 0 0 0 0 0 0 0 0 0 0.619072 0 0 0 0 0 0 0.413207 0 0 0 0 0 0 0 0 0 0 0 0 0 0 0 0 0 0 0 0 0 0.579222 0 0 0 0.305123 0 0 0 0 0.692565 0 0 0 0.543626 0 0 0 0 0 0 0.406937 0 0.736552 0 0 0 0 0 0 0 0 0 0 0 0 0 0 0 0 0 0 0 0 0 0 0 0 0 0 0.508855 0 0 0 0 0 0 0 0 0 0 0 0 0 0 0 0 0 0 0 0 0 0 0 0 0 0 0 0 0 0 0 0 0 0 0 0 0 0 0 0 0 0 0 0 0 0 0 0 0 0 0 0 0.44175 0 0 0 0 0 0 0 0 0 0 0 0 0 0 0 0 0 0 0 0 0 0 0.450442 0 0 0 0 0 0 0 0 0 0.630739 0 0 0.626734 0 0 0 0 0 0 0 0 0 0 0.57299 0 0.54891 0
0 0.463832 0 0 0 0 0 0.527795 0 0.400153 0 0 0 0 0 0 0.616511 0.54725 0 0 0.68408 0 0 0 0 0 0 0 0 0 0 0 0 0 0 0 0 0 0 0 0 0 0 0 0 0 0 0 0 0 0 0 0 0 0 0 0 0 0 0 0.569896 0 0 0 0 0 0 0 0 0 0 0 0 0 0 0 0 0 0 0 0 0.649477 0 0 0 0 0 0 0 0 0.477372 0.540677 0 0 0 0 0 0 0 0 0 0 0 0 0 0 0 0 0 0 0 0 0 0 0 0 0 0 0 0 0 0 0 0 0 0 0 0 0 0 0 0 0 0 0 0 0 0 0 0 0 0 0 0 0 0 0 0 0 0 0 0 0.584293 0 0 0 0 0 0 0 0 0 0 0 0 0 0 0 0 0 0 0 0 0 0 0 0 0 0 0 0 0 0 0 0 0 0 0 0 0 0 0 0.315007 0 0 0 0 0 0 0.396881
0 0 0 0.498075 0 0 0 0 0 0 0 0 0 0 0 0 0 0 0 0 0 0 0 0 0 0.394981 0 0 0 0.643883 0 0 0 0 0 0 0 0 0 0 0 0 0 0 0 0 0 0 0.480489 0 0 0 0 0 0 0 0 0 0 0 0 0 0 0 0 0 0 0 0 0 0 0 0 0 0 0 0 0.66266 0 0 0 0 0 0 0 0.552033 0 0 0 0 0 0 0 0 0 0 0 0 0 0 0 0 0 0 0 0 0 0 0 0 0 0 0 0 0 0 0 0.619176 0 0 0 0 0.496217 0.555413 0 0 0 0 0 0 0 0.623286 0 0 0 0 0 0 0 0 0 0 0 0 0.553162 0 0 0 0 0.578557 0 0 0 0 0 0 0 0 0 0 0 0 0 0 0 0 0 0 0 0 0 0 0 0 0 0 0.619841 0 0 0 0 0 0.590298 0 0 0 0 0 0 0 0 0 0 0.639025 0 0 0 0 0 0
0 0 0 0 0 0 0 0 0 0 0 0 0 0 0 0 0 0 0 0 0 0 0 0 0 0.485459 0 0 0 0 0 0 0 0 0 0 0 0 0 0 0 0 0 0.640668 0 0 0 0 0 0 0 0 0 0 0 0 0 0 0 0 0 0 0 0 0 0.499797 0 0 0 0 0 0 0 0.453097 0 0 0.358547 0 0 0.454722 0 0 0 0 0 0 0 0 0 0 0 0 0 0 0 0 0 0 0 0 0 0 0 0 0 0 0 0 0 0 0 0 0 0 0 0 0 0 0 0 0 0 0.601109 0 0 0 0.652057 0 0 0 0 0 0 0 0 0 0 0 0 0 0 0 0 0 0 0 0 0 0 0 0 0 0 0 0 0 0 0 0 0 0 0 0 0 0 0 0 0 0 0 0 0 0 0 0 0 0 0 0 0 0 0.656922 0 0 0 0 0 0 0.610798 0 0 0 0 0 0 0 0 0 0 0
0.545798 0 0 0 0 0 0 0 0 0 0 0 0 0 0 0 0 0 0 0 0 0 0.680939 0 0.42534 0 0 0 0.41814 0.436735 0 0 0 0.541858 0 0 0 0 0.329828 0 0 0 0 0 0 0 0 0 0 0 0 0 0.646315 0 0 0 0 0 0 0 0.502987 0 0 0 0 0 0 0 0 0 0 0 0 0 0 0 0 0 0 0 0 0 0 0 0.400952 0 0 0 0 0 0 0 0 0 0 0 0 0 0 0 0 0 0 0.620783 0 0 0 0 0 0 0 0 0 0 0 0 0 0 0 0 0 0 0 0 0 0 0 0 0 0 0.49458 0 0 0 0 0 0 0 0.621575 0.432823 0 0 0 0.701524 0 0 0 0 0 0 0 0 0 0 0 0 0 0 0 0 0 0 0 0 0 0 0 0 0 0 0 0 0 0 0 0 0 0 0 0 0 0 0 0 0 0 0 0.355652 0 0 0 0 0 0 0 0 0.415534 0 0 0
0 0 0 0 0 0 0 0 0 0 0 0 0 0 0 0 0 0 0 0 0 0 0 0 0 0 0.720208 0 0 0 0 0.602209 0 0.61685 0 0 0 0 0 0 0 0 0 0 0 0.359501 0.525863 0 0 0 0.52021 0 0 0 0 0 0 0 0 0 0.331024 0 0 0 0 0 0 0 0 0 0 0 0 0 0.651801 0 0 0 0 0.524998 0 0 0 0 0 0 0 0 0 0 0 0 0 0 0 0 0 0 0 0 0 0 0 0 0 0 0 0 0 0 0 0 0 0 0 0 0 0 0 0 0 0 0 0.613856 0 0 0 0 0 0 0 0 0 0 0 0.378293 0 0 0 0.43366 0 0 0 0 0 0.372348 0 0 0 0 0 0 0 0 0 0 0 0 0 0 0 0 0.561191 0 0 0 0 0 0 0 0 0.396985 0 0 0 0 0 0 0 0 0.457391 0 0 0 0 0 0 0 0 0.516199 0 0 0 0 0 0 0 0 0 0
0 0 0.590336 0 0 0 0 0 0 0.593566 0 0 0 0 0 0 0 0 0 0 0 0 0 0 0.568164 0 0 0 0 0 0 0 0 0 0 0 0 0 0 0 0 0 0 0 0 0 0 0 0 0.404987 0 0 0 0 0 0 0 0 0 0.665672 0 0 0.420185 0 0 0 0 0 0 0 0 0 0 0 0 0 0 0 0 0 0 0 0 0 0 0 0 0 0 0 0 0 0 0 0 0 0 0 0 0 0 0 0 0 0 0 0 0 0 0.632781 0 0.526317 0 0 0 0 0 0 0 0 0 0 0 0 0 0 0 0 0 0 0 0 0 0 0 0 0 0 0 0 0 0 0 0 0.533715 0 0 0 0.650082 0 0 0 0 0 0 0 0 0 0 0 0 0 0 0 0 0 0 0 0 0 0 0 0.533646 0 0 0 0 0 0 0 0 0 0 0 0 0 0.474516 0 0 0 0 0 0 0 0 0 0 0 0 0
0 0 0 0 0 0 0 0 0.51476 0 0 0 0 0 0.566139 0 0 0 0 0 0 0 0 0 0 0 0 0 0 0 0 0 0 0.656252 0 0 0 0 0 0 0 0 0 0 0 0 0 0 0 0 0 0 0 0 0 0 0 0 0 0 0 0 0 0 0 0 0 0 0 0 0 0 0 0 0 0 0 0 0 0.542094 0 0 0.477372 0 0 0 0 0 0 0 0 0 0 0 0.59734 0 0 0 0 0.493627 0 0 0 0 0 0 0 0 0.541449 0 0 0 0 0 0 0 0 0 0 0 0.611746 0 0 0.55401 0 0 0 0 0 0 0 0 0 0 0 0 0 0.613472 0 0 0 0 0 0 0 0 0 0 0 0 0 0 0 0 0 0 0 0 0 0 0 0 0 0 0 0 0 0 0 0.499505 0 0 0 0 0 0.501942 0 0 0 0 0 0 0 0 0 0 0 0 0 0 0 0 0 0 0 0 0 0 0 0
0 0.663617 0 0 0 0 0 0 0 0 0 0 0 0 0 0 0 0 0 0 0 0 0 0 0 0 0 0 0 0 0 0 0 0.460158 0 0 0 0 0 0 0 0 0 0 0 0 0 0 0 0 0 0 0 0 0 0 0 0 0.438388 0 0.74903 0 0 0 0 0 0 0 0 0 0 0 0.370132 0 0 0 0 0 0 0 0 0 0 0 0 0 0 0 0.423656 0 0 0 0 0 0.520075 0 0.636967 0 0 0 0 0 0 0 0 0 0 0 0 0 0 0 0 0 0 0 0 0 0 0 0 0 0 0 0 0 0 0 0 0 0 0 0 0 0 0 0 0 0 0 0 0 0 0 0 0.465262 0 0 0 0 0 0 0 0 0 0 0 0 0 0 0 0 0 0 0.443833 0 0 0.416285 0 0 0 0 0 0 0 0 0 0 0 0 0 0 0 0 0 0 0 0 0 0 0 0.499966 0 0 0 0 0 0 0 0
0 0 0 0 0 0 0 0 0 0 0 0 0 0 0 0 0 0 0 0 0 0 0 0 0 0 0 0 0 0 0 0 0 0 0 0 0 0 0 0 0 0 0 0 0 0 0 0 0 0 0 0 0 0 0 0 0 0 0 0 0 0 0 0 0 0.641738 0 0 0 0 0 0 0 0 0 0 0 0 0 0 0 0 0 0 0 0 0 0 0 0 0 0 0 0 0 0 0 0 0 0 0 0 0 0 0 0 0 0 0 0 0 0 0 0 0 0 0 0 0 0 0 0 0 0 0 0 0 0 0 0 0 0 0 0 0 0.60276 0 0 0 0 0 0 0 0 0 0 0 0.528872 0 0 0 0 0.579931 0 0 0 0 0 0.561191 0 0 0 0 0 0 0 0 0 0 0 0 0 0 0 0 0 0 0 0 0 0 0 0 0 0 0 0 0 0 0 0 0 0 0 0 0 0 0 0 0
0 0 0 0 0 0 0 0 0 0 0.566881 0 0 0 0 0 0 0 0 0.479248 0 0 0 0.72816 0 0 0.477097 0 0.380452 0 0 0 0 0 0 0 0 0 0 0 0.59726 0 0 0 0 0 0 0 0 0 0 0 0 0 0 0 0 0 0 0.580983 0 0 0 0.367973 0 0 0.441278 0 0 0 0 0 0 0 0 0 0 0 0 0 0 0 0 0 0 0 0 0 0 0 0 0 0 0 0 0 0 0 0 0 0 0 0 0 0 0 0 0 0 0 0 0 0 0 0 0 0 0 0 0 0 0 0 0 0 0.522478 0 0 0 0 0 0.52651 0 0 0 0 0 0 0 0.443426 0 0 0 0 0 0 0 0 0 0 0 0 0 0 0 0 0 0 0 0 0 0 0 0 0 0 0 0 0.517404 0 0 0 0 0 0 0 0 0 0 0 0 0 0 0 0 0 0 0 0.475921 0 0.564502 0 0 0 0 0 0.32803 0 0 0
0 0 0 0 0 0 0 0 0 0 0 0 0 0 0.387159 0 0 0 0 0 0 0 0 0 0 0 0 0 0 0 0 0 0 0 0 0 0 0 0 0 0 0 0 0 0 0 0 0 0 0 0 0 0 0 0 0 0 0 0 0 0 0 0 0 0 0 0 0 0 0 0 0.468167 0 0 0 0 0 0 0 0 0 0 0 0 0 0 0 0 0 0 0 0 0 0.636112 0 0 0 0 0 0 0 0 0 0 0.656212 0 0 0 0 0 0 0 0 0 0 0 0 0 0 0 0 0 0 0 0 0 0 0 0 0 0 0 0 0.58455 0 0 0 0 0 0 0 0 0 0 0 0 0 0 0 0 0 0 0.745936 0 0 0 0 0 0 0 0 0.443833 0 0 0 0 0 0 0 0 0 0 0 0 0 0 0 0 0 0 0 0 0.511938 0 0 0.484962 0 0 0 0 0 0 0 0 0.566215 0 0 0 0 0
0.627521 0 0 0 0 0 0 0 0 0 0 0 0 0 0 0 0 0 0 0 0 0 0 0 0 0 0 0 0.473379 0 0 0 0 0 0 0 0 0 0 0 0 0 0 0 0 0 0 0.311602 0 0 0.454138 0.261696 0.296199 0 0 0 0 0 0 0 0 0 0 0 0 0.458474 0 0 0 0 0 0 0 0 0 0 0.472568 0 0 0 0 0.356082 0 0 0 0 0 0 0 0 0 0 0 0 0 0 0 0 0 0 0 0 0 0 0 0 0 0 0 0 0.436054 0 0 0 0 0 0 0.642029 0 0 0 0 0 0 0 0 0 0.715468 0 0.433984 0 0 0 0 0 0 0 0.441816 0 0 0 0 0 0 0 0 0 0 0.698024 0 0 0 0 0 0 0 0 0 0 0 0 0 0 0 0 0 0.585603 0 0 0 0 0 0 0 0 0 0 0 0 0 0 0 0 0 0 0 0.377208 0 0 0 0 0 0 0 0 0 0 0 0 0
0 0 0 0 0.643099 0 0 0 0 0 0 0 0.563248 0 0 0 0 0 0 0 0 0 0 0 0 0 0 0 0 0 0 0 0 0 0 0 0 0 0 0 0.633791 0.419138 0 0 0 0 0.587192 0 0 0 0 0 0.329783 0 0 0 0 0 0 0 0 0 0 0 0 0 0 0 0 0 0 0 0 0 0 0 0 0 0 0 0.554678 0 0 0 0 0 0 0 0 0 0 0 0.688505 0 0 0 0 0 0 0 0.586963 0 0 0 0 0 0 0 0 0 0 0 0 0 0 0 0 0 0 0 0.582632 0 0 0 0 0 0 0 0 0 0 0 0.558272 0.524042 0 0 0 0 0 0 0 0 0 0 0 0 0 0 0 0 0 0 0 0 0 0 0 0 0 0 0 0 0 0 0 0.585603 0 0 0 0 0 0 0.623076 0.502998 0 0 0 0 0 0 0.573107 0 0 0 0 0 0 0 0 0 0 0 0 0 0 0 0 0 0 0
0 0.743461 0 0 0.464969 0 0 0 0 0 0 0 0 0 0 0 0 0 0 0 0 0 0 0.576934 0 0 0 0 0 0 0 0 0 0 0 0 0 0 0 0.577276 0 0 0 0 0 0 0.502043 0 0 0 0 0 0 0 0 0 0 0 0 0 0 0 0 0 0 0 0 0 0 0 0 0 0 0 0 0 0 0 0.643708 0 0 0 0.326742 0 0 0 0 0 0 0 0 0 0 0 0 0 0 0 0 0.40101 0 0 0 0 0 0 0 0 0 0 0.606398 0 0 0 0 0 0 0 0 0 0 0 0 0 0 0 0 0 0 0 0 0 0 0 0 0 0 0 0 0 0 0 0 0 0 0 0 0 0 0 0 0 0 0 0 0 0 0 0 0 0 0.416285 0 0 0 0 0 0 0 0 0 0 0 0 0 0.633577 0 0 0 0 0.433512 0 0 0 0 0 0 0 0 0 0.439876 0 0 0 0 0.478606 0 0 0 0
0 0 0 0 0 0 0 0 0 0 0 0 0.475154 0 0 0.547201 0 0.544161 0 0 0 0 0 0 0 0 0 0 0 0 0 0 0.498602 0.416517 0 0 0 0 0 0 0.245055 0 0 0 0 0 0 0 0 0 0 0.642573 0 0 0 0 0 0 0 0.580581 0 0 0 0 0 0 0 0 0 0 0 0 0 0 0 0 0 0 0 0 0.642705 0 0.589175 0 0 0 0 0 0 0 0 0 0 0 0 0 0 0 0 0 0.265471 0 0 0 0 0 0.460049 0 0 0 0.473647 0 0 0 0 0 0 0.396484 0 0 0 0 0 0.415153 0 0 0 0 0 0 0 0 0 0 0 0 0 0 0 0 0 0 0 0 0 0 0 0 0 0 0 0 0 0 0 0 0 0 0 0 0 0 0 0.517404 0 0 0 0 0 0 0 0 0 0 0 0 0 0 0 0 0 0 0 0 0 0 0 0 0 0 0 0 0 0 0 0 0 0 0.525805 0
0 0 0 0 0 0 0 0 0 0 0 0 0 0 0 0 0 0 0 0 0 0 0 0 0 0 0 0 0 0 0 0 0 0 0 0 0 0 0 0 0 0 0 0.601683 0.482137 0 0.521346 0 0.611577 0 0 0 0 0 0 0 0 0 0 0 0 0 0 0 0 0 0 0 0.409082 0 0 0 0 0 0 0.64855 0 0 0 0 0 0 0 0 0 0 0 0 0 0 0 0 0 0 0 0 0 0 0 0 0 0 0 0 0 0 0.444786 0 0 0 0 0 0 0 0.563365 0.620699 0 0 0 0 0 0 0 0 0 0 0 0 0 0 0 0 0 0 0 0 0 0 0 0 0 0 0 0.362257 0 0 0 0 0 0 0 0 0 0 0 0 0 0 0 0 0.499505 0 0 0 0 0 0 0 0 0 0.496179 0 0 0 0 0 0 0 0 0 0 0 0 0 0 0 0 0 0 0 0 0 0 0 0.409701 0 0 0.34427 0 0
0 0 0 0 0 0 0 0 0 0 0 0 0 0 0 0 0 0 0 0 0 0 0 0 0 0 0 0 0 0 0 0 0.636349 0 0 0 0 0.661814 0 0 0 0 0 0 0 0 0 0 0.716054 0 0 0 0 0 0 0 0 0 0 0.472837 0 0 0 0 0 0 0 0 0 0 0 0 0 0 0 0 0 0 0 0 0 0 0 0 0 0 0 0 0 0 0 0 0 0 0 0 0 0 0 0 0 0 0 0 0 0 0.639662 0 0 0 0 0 0 0 0 0 0 0 0 0 0 0 0.667651 0 0 0 0 0 0 0 0 0 0 0 0 0 0 0 0 0 0 0 0 0 0 0 0 0 0 0 0 0 0 0 0 0 0 0 0 0 0 0 0 0 0 0 0 0 0 0.496179 0 0 0 0 0 0 0 0 0 0 0 0.635444 0 0 0 0 0 0 0.433112 0 0 0 0 0 0 0 0 0 0 0
0 0 0 0 0 0 0 0 0 0 0 0 0 0 0 0 0 0 0 0.602332 0 0 0 0 0 0 0 0 0 0 0 0 0 0 0 0 0 0 0 0 0 0 0 0 0 0 0 0 0 0 0 0 0 0 0 0 0 0 0 0 0.442092 0 0 0 0 0.573672 0 0 0 0 0 0.372354 0 0.594753 0 0 0 0 0 0 0.613703 0 0 0 0 0 0 0 0 0 0 0 0 0.59975 0 0 0 0 0 0 0 0 0.613944 0 0.501551 0 0 0 0 0 0 0 0 0 0 0 0 0 0 0 0 0.431266 0 0 0 0 0 0 0 0 0 0 0 0 0 0 0 0.69966 0 0 0 0 0 0 0 0 0 0 0 0 0 0 0 0 0 0 0 0 0.396985 0 0 0 0 0 0 0 0 0 0 0 0 0 0 0 0 0 0 0 0 0 0 0 0 0 0.560946 0 0 0 0 0 0 0 0 0 0 0 0 0 0 0
0 0 0 0.633517 0 0 0 0 0 0 0 0 0 0 0 0 0 0 0 0 0 0 0 0 0 0.355099 0 0 0 0 0 0 0 0.417758 0 0 0 0 0 0.370035 0 0 0 0 0 0 0 0 0 0 0 0 0 0 0 0 0 0 0.553801 0 0 0.31976 0 0 0 0 0 0 0 0 0 0 0 0 0 0 0 0 0 0 0 0 0 0 0 0 0 0.658936 0 0 0 0 0 0 0 0 0 0 0 0 0 0 0 0 0 0 0 0 0 0 0.460897 0 0 0 0 0 0 0 0.481449 0 0 0.279282 0 0 0 0 0 0 0 0 0 0 0 0 0 0 0 0 0.400079 0 0 0 0 0 0 0 0 0 0 0 0 0 0 0.450442 0 0 0 0 0 0.533646 0 0 0 0 0 0 0.623076 0 0 0 0 0 0 0 0 0 0 0 0 0.449901 0 0 0 0 0 0 0 0 0 0 0 0 0 0.445603 0 0.618127 0 0 0.44522 0
0 0 0 0 0 0 0 0 0 0 0 0.428769 0 0 0 0 0 0 0 0 0 0 0 0 0 0 0 0 0 0 0 0 0 0 0 0 0 0 0 0 0 0.643499 0 0 0 0 0 0 0 0 0 0 0 0 0 0 0 0 0 0 0 0 0 0 0 0 0 0 0 0 0 0 0 0 0 0 0 0 0 0 0 0 0 0 0 0 0 0 0 0 0 0 0 0 0 0 0 0 0 0 0 0.490351 0 0 0 0 0 0 0 0 0 0 0 0 0 0 0 0 0 0 0 0 0 0 0 0.721219 0 0 0 0 0 0 0 0 0 0 0 0 0 0 0 0.415699 0 0 0 0.44589 0 0 0 0 0 0 0 0 0 0 0 0 0 0 0 0 0 0 0 0 0.502998 0 0 0 0 0 0 0 0 0 0 0.654393 0 0 0 0 0 0 0 0 0 0 0 0 0 0 0 0 0 0 0 0 0 0
0 0 0 0 0 0 0 0 0 0 0 0 0 0 0 0 0 0 0 0 0 0 0 0 0 0 0 0 0 0 0 0 0 0 0 0 0 0 0 0 0 0 0 0 0 0 0 0 0 0 0 0 0 0 0 0 0 0 0 0 0 0 0 0 0.664125 0 0 0 0.468978 0 0 0 0 0 0 0.456797 0 0 0 0 0 0 0 0 0 0 0 0 0 0 0 0 0 0 0 0 0 0 0 0.311034 0 0 0 0 0 0 0 0 0 0 0 0 0 0 0 0 0 0 0 0 0.539476 0 0 0 0 0 0 0 0 0 0 0 0 0 0 0 0 0 0 0 0 0 0 0.653404 0 0 0 0 0 0.542914 0 0 0 0 0 0 0 0 0 0 0 0 0 0 0 0 0 0 0 0 0 0 0 0 0 0 0 0 0 0 0 0 0 0 0 0 0 0.551468 0.380374 0 0 0 0.335222 0 0 0 0 0 0 0
0 0 0 0 0 0.641945 0 0 0 0 0 0 0 0 0 0 0 0 0 0 0.484263 0 0 0 0 0 0 0.526642 0 0 0 0 0 0 0 0 0 0 0 0 0 0 0 0 0 0 0 0 0 0 0 0 0.553131 0 0 0 0 0 0 0 0 0 0 0 0 0 0 0 0 0 0 0 0 0 0 0 0 0.645462 0 0 0 0 0 0 0 0 0 0 0.414551 0 0 0 0.504077 0 0 0 0 0.457146 0 0 0 0 0 0 0 0 0 0 0 0 0 0 0 0 0 0 0 0 0 0 0 0 0 0 0 0 0 0 0 0.674207 0 0 0 0 0 0 0 0 0 0 0 0 0 0 0 0 0 0 0 0 0 0 0 0 0 0 0 0 0 0 0.501942 0 0 0 0 0 0 0.633577 0 0 0 0 0 0 0 0 0 0 0.309967 0 0 0 0 0 0 0 0 0 0.426648 0 0.380671 0 0 0 0 0 0 0 0 0
0 0 0 0 0 0 0 0 0 0 0 0 0 0 0 0 0 0.347153 0 0 0.316069 0 0 0 0 0 0 0 0 0 0 0 0 0 0 0 0 0 0 0 0 0 0 0 0 0 0 0 0 0 0 0 0 0 0 0 0 0 0 0 0 0 0.279285 0 0 0 0 0 0 0 0 0 0 0 0 0 0 0 0 0 0 0 0 0 0 0 0 0 0 0 0 0 0 0 0 0 0 0 0 0 0 0 0 0 0 0 0 0 0 0 0 0 0 0 0 0 0 0 0 0 0 0 0.472685 0 0 0 0 0 0 0 0 0 0 0 0 0 0 0 0 0.379674 0 0 0 0 0 0 0 0 0 0 0 0 0 0 0 0.619841 0 0 0 0 0 0 0 0 0 0 0 0 0 0 0 0 0 0 0 0 0 0 0 0 0 0 0 0.563191 0 0 0.295449 0 0 0 0 0 0 0 0 0 0 0 0 0
0 0.508773 0 0 0 0 0 0 0 0 0 0 0 0 0 0 0 0 0 0 0 0 0 0 0 0 0 0 0 0 0 0 0 0 0 0 0 0 0 0 0 0 0 0 0 0 0 0 0 0.501982 0 0 0 0 0 0 0 0 0 0 0 0 0 0 0 0 0 0 0 0 0 0 0 0 0 0 0 0 0 0 0 0 0 0 0 0 0 0 0 0 0 0 0 0 0 0 0 0 0 0 0 0 0 0 0.398286 0 0 0 0 0 0 0 0 0 0 0 0 0 0 0 0 0 0 0 0 0 0 0 0 0.458469 0 0 0 0.568598 0 0 0 0 0 0 0 0.697957 0 0 0 0 0 0 0 0 0 0 0 0 0 0 0 0 0 0 0 0 0 0 0 0 0 0 0 0 0 0 0 0.654393 0 0 0 0 0 0 0 0 0 0 0 0 0 0 0 0 0 0 0 0 0 0 0 0 0 0
0 0 0 0 0 0 0 0 0 0 0 0 0 0 0 0 0 0 0 0 0 0 0 0 0 0 0 0 0 0 0 0 0 0 0 0 0 0 0 0 0 0 0 0 0 0 0 0 0 0 0 0.60808 0 0 0 0 0 0 0 0 0 0 0.597517 0 0 0 0 0 0 0.278152 0 0 0.428423 0 0 0 0 0 0 0 0 0 0 0 0 0 0 0 0 0 0 0 0 0.483718 0 0 0 0 0 0 0 0 0 0 0 0 0 0 0 0 0 0 0 0 0 0 0 0 0 0 0 0 0 0 0 0 0 0 0 0 0 0 0 0 0 0.589877 0 0 0 0 0 0 0 0 0 0 0 0 0 0 0 0 0 0 0 0 0 0 0 0 0 0 0 0 0 0 0 0 0 0 0 0 0 0 0 0.309967 0 0 0 0 0 0.395456 0 0 0.64147 0 0 0 0 0 0 0 0 0 0 0 0 0 0 0
0 0 0 0 0 0 0 0 0 0 0 0 0 0 0 0 0 0 0 0 0 0 0 0 0 0 0 0 0 0 0 0 0 0 0 0 0 0 0 0 0 0 0 0 0 0 0 0 0 0 0 0 0 0 0 0 0 0 0 0 0.356728 0 0 0 0 0 0 0.54916 0 0 0 0 0 0 0 0 0.531935 0 0 0.482287 0 0 0 0 0 0 0 0 0 0 0 0 0 0 0 0 0 0 0.285317 0 0 0 0 0 0 0 0 0 0 0 0 0 0 0 0 0 0 0 0 0 0 0.358369 0 0 0 0 0 0 0 0 0 0 0 0 0 0 0.594067 0 0 0 0 0 0 0 0 0 0 0 0 0 0 0 0 0 0 0 0 0 0 0 0 0 0 0 0 0 0 0 0 0 0 0 0.449901 0 0 0 0 0 0 0 0 0 0 0 0 0 0 0 0 0 0 0 0.405004 0 0.705706 0 0 0 0 0
0 0 0 0 0 0 0 0 0 0 0 0 0 0 0 0 0 0 0 0 0 0 0.605711 0 0 0 0 0 0 0 0 0 0 0 0 0 0 0 0 0 0 0 0 0.710787 0.523337 0 0 0 0 0 0 0 0 0 0 0 0 0 0 0 0 0 0 0 0 0 0 0 0 0 0 0 0 0 0 0 0 0 0 0 0 0 0 0.307297 0 0 0 0 0 0 0 0 0.438252 0 0 0 0 0 0 0 0 0 0.584682 0 0 0 0 0 0 0 0 0 0 0 0 0 0 0.513652 0 0 0 0 0 0 0 0 0 0.461452 0.528997 0 0 0 0 0 0 0 0 0 0 0 0 0 0 0 0 0 0 0 0.319021 0 0 0 0 0 0 0 0 0 0.457391 0 0 0 0 0 0 0 0.573107 0.433512 0 0 0 0 0 0 0 0 0 0 0 0 0 0 0 0 0.61361 0 0 0 0 0.52165 0 0 0 0 0 0 0 0 0 0.506151
0 0 0 0 0 0 0 0 0 0 0 0.595183 0 0 0 0 0 0 0 0 0 0 0 0 0 0 0 0 0 0 0 0 0 0 0 0.546645 0 0 0 0 0.300856 0 0 0 0 0 0 0 0 0 0 0 0 0 0 0 0 0 0 0 0 0 0 0.69049 0 0 0 0 0 0.604366 0 0 0 0 0.652556 0 0 0 0 0 0 0 0 0 0 0 0.521991 0 0 0.722882 0 0 0 0 0 0.677615 0 0 0 0 0 0 0 0 0 0 0 0 0 0 0 0.66202 0.616191 0 0 0 0 0.519439 0 0 0 0 0 0.613788 0 0 0 0 0 0 0 0 0 0 0 0 0 0 0 0 0 0 0 0 0 0 0 0 0 0 0.722131 0 0 0 0 0 0.656922 0 0 0 0 0 0 0 0 0 0 0 0 0 0.635444 0 0 0 0 0 0 0 0.395456 0 0 0 0 0 0 0 0 0 0 0 0 0 0.513261 0 0 0 0.337424 0 0.697356 0
0 0.402204 0 0 0 0 0 0 0 0 0.409941 0 0 0 0 0.365108 0 0 0 0 0 0 0.492406 0 0 0 0 0.428284 0 0 0 0 0 0.617205 0 0 0 0 0 0 0 0 0 0 0 0 0 0 0 0 0 0 0 0.390813 0 0 0 0 0 0 0 0 0.549341 0 0 0 0 0 0 0 0 0 0 0 0 0 0.378044 0.587613 0 0 0 0 0 0 0 0 0 0 0 0 0 0 0 0 0 0.615071 0 0 0 0 0 0 0 0 0 0 0 0 0 0 0.437359 0 0 0 0 0 0 0 0 0 0 0 0 0 0 0 0 0 0 0 0 0 0 0 0 0 0 0 0 0.516764 0 0 0 0 0 0 0 0.536796 0 0 0.53803 0 0 0.630739 0 0.590298 0 0 0 0 0 0 0 0 0.511938 0 0 0 0 0 0 0 0 0 0 0 0 0 0 0 0 0 0 0 0 0 0 0 0 0 0 0 0 0 0.407678 0 0 0 0 0
0 0 0 0 0 0 0 0 0 0 0 0 0 0 0 0 0 0 0 0 0 0.385168 0 0 0 0 0 0 0 0 0 0 0 0 0 0 0.652418 0 0 0.449337 0 0 0 0 0 0 0 0 0 0 0 0 0 0 0 0 0 0 0 0 0 0.339041 0 0 0 0 0 0 0.457724 0 0 0 0.663528 0 0 0 0 0 0 0 0 0 0 0 0 0 0 0 0 0 0 0 0 0 0 0 0 0 0 0 0 0 0 0 0 0 0 0.439906 0 0 0 0 0 0 0 0 0 0.629878 0 0 0 0 0.680057 0 0 0 0 0 0.462662 0 0.458609 0 0 0.501259 0 0.389792 0 0 0.357903 0 0 0 0 0 0 0 0 0 0 0 0 0 0 0 0 0 0 0 0 0 0 0 0 0 0 0 0 0 0 0 0 0 0 0 0 0 0.563191 0 0 0 0 0 0 0 0 0 0 0 0 0 0 0 0 0 0 0 0 0 0 0.337066
0 0 0.72825 0.506225 0 0 0 0 0 0 0 0 0 0 0 0 0 0 0 0 0 0.587891 0 0 0 0 0 0 0.531523 0 0 0 0 0 0 0 0.669446 0 0 0 0 0 0 0 0 0 0 0 0 0 0 0 0 0 0 0.555829 0 0 0 0 0 0 0 0 0 0 0 0 0 0 0 0 0 0 0 0 0 0 0 0 0 0 0 0 0 0 0 0 0 0 0 0 0 0 0 0 0 0.640236 0 0 0.617704 0 0 0 0 0 0 0 0 0 0 0 0 0 0 0 0 0 0 0 0 0 0 0 0 0 0 0 0 0 0 0 0 0 0 0 0 0 0 0 0 0 0 0 0 0 0 0 0 0 0 0 0.351369 0 0 0 0 0 0 0 0 0 0 0 0 0 0 0 0 0 0 0.560946 0 0 0 0 0 0 0.64147 0 0.61361 0 0 0 0 0 0 0 0 0 0 0 0 0 0 0 0 0 0 0
0 0 0 0 0 0 0.489186 0 0.726604 0 0 0 0 0 0 0 0 0 0 0 0 0 0 0 0 0.481774 0 0 0 0 0 0 0 0 0 0 0 0.475896 0 0 0 0 0 0 0 0 0 0 0 0.481183 0 0.554922 0 0 0 0 0 0 0 0 0 0 0 0 0 0 0.489462 0 0 0 0.447329 0 0 0 0 0 0 0 0 0 0 0 0 0 0 0.361921 0 0 0.402148 0.433501 0.431837 0 0 0 0 0 0 0 0 0 0.519735 0 0 0 0 0 0.602242 0 0 0 0 0.650593 0 0 0 0 0 0 0 0 0 0 0 0 0.494534 0 0 0 0 0 0 0 0 0 0.501276 0 0 0.411135 0 0 0 0 0 0 0 0 0 0 0.585435 0 0 0 0 0.626734 0 0 0 0 0 0 0 0 0 0 0.484962 0 0 0 0 0 0 0 0 0 0 0 0 0 0 0 0 0 0 0 0 0 0 0 0 0 0 0 0 0 0 0 0.548873 0 0.637283 0
0 0 0.674403 0 0 0 0 0 0 0 0 0.517227 0 0 0 0 0 0 0 0 0 0 0 0 0 0 0 0 0 0 0 0 0 0 0 0 0 0 0 0 0 0 0 0 0 0 0 0 0 0 0 0 0.720152 0 0 0 0 0 0 0 0 0 0 0 0 0 0 0 0.410499 0 0 0 0 0 0 0 0 0.461005 0 0 0 0 0 0 0 0 0 0.52487 0 0 0 0 0 0 0 0 0 0 0 0 0 0 0 0 0 0 0 0 0 0 0 0 0 0 0 0.535306 0 0 0 0 0 0 0 0 0.558979 0 0.441585 0 0 0 0 0 0 0 0 0.538984 0 0 0 0 0 0 0.762244 0 0 0 0 0 0.527044 0 0 0 0 0 0 0 0 0 0 0.474516 0 0 0 0 0 0.377208 0 0 0 0 0 0 0 0 0 0 0.295449 0 0 0 0 0 0 0 0 0 0 0 0 0 0 0 0 0 0 0 0 0 0 0
0 0 0 0 0 0 0 0 0 0 0 0 0 0 0 0 0 0 0 0 0 0 0 0 0 0 0 0 0 0 0.673485 0 0.693521 0.488432 0 0 0 0 0 0 0 0.427955 0 0 0.419135 0 0 0 0 0 0 0 0 0 0 0.358643 0 0 0 0 0.527842 0 0 0 0 0 0 0 0 0 0 0 0.48704 0 0 0 0 0 0 0 0 0.38313 0 0 0 0 0 0 0 0 0 0 0 0 0 0 0 0 0 0 0.603711 0 0 0 0 0 0 0 0 0 0 0 0 0 0 0 0 0 0 0 0 0 0 0 0 0 0 0 0 0.540851 0 0 0 0 0 0 0 0 0 0 0 0 0.363565 0 0 0 0 0 0 0 0 0 0 0 0 0 0 0.355652 0 0 0 0 0 0 0 0 0 0 0 0 0 0 0 0 0.551468 0 0 0 0 0 0 0 0 0 0 0 0 0 0 0 0 0 0 0 0 0 0 0 0 0
0 0 0.382721 0 0 0 0 0 0 0.381915 0 0 0 0 0 0 0 0 0 0 0.509776 0 0 0 0 0 0 0 0 0 0 0 0 0 0 0 0 0 0 0 0 0 0 0.407641 0.644739 0 0 0 0 0 0 0 0 0 0 0 0 0 0.409524 0 0 0 0 0.499325 0 0 0 0 0 0 0 0 0 0 0 0 0 0 0 0 0 0 0 0 0 0 0 0 0 0 0 0 0 0 0 0 0 0 0 0.405806 0 0 0 0 0 0 0 0 0 0 0 0 0 0 0.324238 0 0 0 0.391359 0 0 0 0 0.574692 0 0 0 0 0 0 0 0 0 0 0 0 0.469045 0 0.429429 0 0 0 0 0 0 0 0.50925 0 0 0 0 0 0 0 0 0 0.610798 0 0 0 0 0 0 0.475921 0 0 0 0 0 0 0.433112 0 0 0 0.380374 0.426648 0 0 0 0 0 0 0 0 0 0 0 0 0 0 0 0 0 0 0 0 0 0 0 0
0 0 0 0 0 0 0 0 0 0 0 0 0 0 0.423205 0 0.558351 0 0 0 0 0.606672 0 0 0 0 0 0 0 0 0 0 0 0 0 0.363511 0 0 0 0 0 0 0 0 0 0 0 0 0 0 0 0 0 0 0 0 0 0 0 0 0 0 0 0 0 0 0 0 0 0 0 0.651345 0 0 0 0 0 0 0 0 0 0 0 0 0 0 0 0 0 0 0 0 0 0 0 0 0.661315 0 0.475602 0 0 0 0 0 0 0 0 0 0 0 0 0 0 0 0 0 0 0 0 0 0.723163 0 0 0 0 0 0.476329 0 0 0.619795 0 0 0 0 0 0.482911 0 0 0 0 0 0 0 0 0.370729 0 0 0 0 0 0 0 0 0 0 0 0 0 0.516199 0 0 0 0 0 0 0 0 0 0 0 0 0 0 0 0 0 0 0 0 0 0.52165 0 0 0 0 0 0 0 0 0 0 0 0 0 0 0 0 0 0 0
0 0 0.609568 0 0.419493 0 0 0.614232 0 0 0 0 0.588631 0 0 0 0 0 0 0 0 0 0 0 0 0 0 0 0 0 0 0 0 0 0 0 0.654503 0.649658 0 0 0 0 0 0 0 0 0 0 0 0 0 0 0 0 0 0 0 0 0 0 0 0 0 0 0 0 0 0 0 0 0 0 0 0 0 0 0 0 0 0.674203 0 0 0 0.359738 0 0 0 0 0 0 0 0 0 0.490994 0 0 0.511854 0 0 0 0 0 0 0 0 0 0 0 0 0 0 0 0 0 0 0 0 0 0 0 0 0 0 0 0 0 0 0 0 0 0 0 0 0 0 0 0 0 0 0 0 0 0 0 0.346299 0 0 0 0 0 0 0 0 0 0 0 0 0 0 0 0 0 0 0.564502 0 0 0 0.439876 0 0 0 0 0 0 0 0.380671 0 0 0 0 0 0 0 0 0 0 0 0 0 0 0 0 0 0 0 0 0 0 0 0
0 0.565499 0 0 0 0 0 0 0 0 0 0.566027 0 0 0 0 0 0 0 0 0 0 0 0 0 0 0 0 0 0 0 0 0 0 0.56735 0 0 0 0 0 0 0 0 0 0 0 0 0 0 0 0 0 0.466001 0 0 0 0 0 0 0 0 0 0 0 0 0 0 0 0.550009 0 0 0 0 0 0 0 0 0 0 0 0 0 0 0 0 0 0 0 0 0 0.48559 0 0 0 0 0 0.501 0 0.485643 0 0 0 0 0 0.625923 0 0 0 0 0 0 0 0 0 0 0 0 0 0 0 0 0 0 0 0 0 0 0 0 0 0 0 0 0 0 0 0 0.621832 0 0 0 0 0 0 0 0 0 0 0 0.543933 0 0 0 0 0 0 0 0 0 0 0 0.499966 0 0 0 0 0 0 0 0 0 0 0 0 0 0 0 0 0 0 0 0 0 0 0 0 0 0 0 0 0 0 0 0 0 0 0 0 0 0
0 0 0 0 0.443937 0 0 0 0 0 0 0 0 0 0 0 0 0 0.496199 0 0 0 0 0 0.447026 0 0 0 0 0 0 0 0 0 0 0.657796 0 0 0 0.360394 0 0 0 0 0 0 0 0 0 0 0 0 0 0 0 0 0 0 0 0 0 0 0 0 0 0 0 0 0 0 0 0 0 0 0 0 0 0 0 0 0 0 0.386431 0 0 0 0 0 0 0 0 0 0 0 0 0 0 0 0 0 0 0 0 0 0 0 0 0 0 0 0 0 0 0 0 0 0 0 0 0 0 0 0 0 0 0.510429 0 0.369795 0 0 0 0 0 0 0 0 0 0 0 0 0 0 0 0 0 0 0 0 0 0 0 0 0 0 0.315007 0 0 0 0 0 0 0 0 0 0 0 0 0 0 0 0 0 0 0 0.335222 0 0 0 0 0.405004 0 0.513261 0 0 0 0 0 0 0 0 0 0 0 0.584628 0 0 0 0 0 0
0 0 0 0 0 0 0 0 0 0 0 0 0 0 0 0 0 0 0 0 0 0 0 0 0 0 0 0 0.286278 0 0 0 0.471817 0 0 0 0 0 0 0 0 0.610524 0 0 0 0 0 0 0 0 0 0 0 0 0 0 0 0 0 0 0 0 0 0 0.618159 0 0 0 0 0 0 0 0 0 0 0 0 0 0 0 0 0 0 0 0 0 0 0 0 0 0 0 0 0 0 0 0 0 0 0 0.635744 0 0 0 0 0 0 0 0 0 0 0 0 0 0 0 0 0 0 0 0 0 0 0 0 0 0.357198 0 0 0 0 0 0 0 0 0.376002 0 0 0 0 0 0 0.464213 0 0.454312 0 0 0 0 0 0 0 0 0 0 0.639025 0 0 0 0 0 0 0 0 0 0 0 0 0 0 0 0 0.445603 0 0 0 0 0 0 0 0 0 0 0 0 0 0 0 0 0 0 0 0.584628 0 0 0 0 0 0 0
0 0 0 0 0 0 0 0 0 0 0 0.429716 0 0 0 0 0 0 0 0 0 0 0 0 0 0 0 0 0 0 0 0 0 0 0 0 0 0 0 0 0 0 0 0 0 0 0 0 0 0 0 0 0 0 0 0 0 0 0 0 0 0 0 0 0 0 0 0 0 0 0 0 0 0 0 0 0 0 0 0 0 0 0 0 0 0 0 0 0 0 0 0 0 0 0 0 0 0 0 0 0 0 0 0 0 0 0 0.299215 0 0 0 0 0 0 0 0 0 0 0 0 0 0 0 0 0 0 0 0 0 0 0 0 0 0 0 0 0 0 0 0 0 0 0 0.612013 0 0 0 0 0 0 0 0 0 0 0 0 0 0 0 0 0 0 0 0 0.566215 0 0 0 0 0.409701 0 0 0 0 0 0 0 0 0 0.705706 0 0 0.407678 0 0 0 0 0 0 0 0 0 0 0 0 0 0 0 0 0.426955
0.401765 0 0 0 0 0 0 0 0.62706 0 0 0 0.544871 0 0 0 0 0 0 0 0 0 0 0 0 0 0 0 0 0 0 0 0 0 0 0 0.499163 0 0 0 0 0 0 0 0.522291 0 0 0 0 0 0 0 0 0 0.478873 0 0 0 0 0 0 0 0 0 0 0 0 0.490917 0.540495 0 0 0 0 0 0 0 0 0 0 0 0.455704 0 0 0 0 0 0 0 0 0 0 0 0 0 0 0 0 0 0 0 0 0 0.628356 0 0 0 0 0.578472 0 0 0 0 0 0 0 0 0 0 0 0 0 0 0 0 0 0 0 0 0 0 0 0 0 0 0 0 0 0 0 0 0 0 0 0 0 0 0 0.490194 0 0 0 0.387499 0 0 0 0 0 0 0 0 0 0 0 0 0 0 0 0.478606 0 0 0 0 0.618127 0 0 0 0 0 0 0 0 0 0 0 0 0 0 0 0 0 0 0 0 0 0 0 0 0 0 0
0 0 0 0 0 0 0 0 0 0 0 0 0 0 0 0 0 0 0 0 0 0 0 0 0 0 0 0 0 0 0 0 0 0 0 0 0 0 0 0 0 0 0 0 0 0 0 0 0 0 0 0 0 0 0 0 0 0 0 0 0 0 0 0 0 0 0 0 0 0 0.758454 0 0 0 0 0 0 0 0 0 0 0 0 0 0 0 0 0 0 0 0 0 0 0 0 0 0 0 0 0 0 0 0 0 0 0.41651 0 0 0 0 0 0 0 0 0 0 0 0 0 0 0 0 0 0 0 0 0 0 0 0 0 0 0 0 0 0 0 0 0 0 0 0 0 0 0 0 0 0.615051 0 0 0 0 0 0.57299 0 0 0 0.415534 0 0 0 0 0 0.32803 0 0 0 0 0 0 0 0 0 0 0 0 0 0 0 0 0 0.337424 0 0 0 0.548873 0 0 0 0 0 0 0 0 0 0 0 0.43663 0.330027 0.453756
0 0 0 0 0 0 0 0 0 0 0 0 0 0 0 0 0 0 0 0 0 0.558467 0 0 0 0 0 0 0 0 0 0 0 0 0 0 0 0 0 0 0 0 0 0 0 0 0 0 0 0 0 0 0 0 0 0 0 0 0 0 0 0 0 0 0 0 0 0 0 0 0 0 0 0 0 0 0 0 0 0.604386 0 0 0 0 0 0 0 0 0 0 0 0 0 0 0 0 0 0 0 0 0 0 0 0 0 0 0 0 0 0 0 0 0 0 0 0 0 0 0 0 0 0 0 0 0 0 0 0 0.328513 0 0 0 0 0 0 0 0 0 0 0 0 0 0 0 0 0 0 0 0 0 0 0 0 0 0 0 0 0 0 0 0 0 0 0 0 0 0 0 0 0.34427 0 0 0 0 0 0 0 0 0 0 0 0 0 0 0 0 0 0 0 0 0 0 0 0 0 0 0.43663 0 0 0
0 0 0 0 0 0 0 0 0 0 0 0 0 0 0 0 0 0 0 0 0 0 0.315317 0 0 0 0 0.601661 0 0 0 0 0 0 0 0 0 0 0 0 0 0 0 0 0 0 0 0 0 0 0 0 0 0 0 0 0 0 0 0 0 0 0 0 0 0 0 0 0 0 0 0 0 0 0 0 0 0 0 0 0 0 0 0 0 0 0 0.527947 0 0 0 0 0 0 0 0 0 0 0 0 0.39718 0 0 0 0 0 0 0 0 0 0 0 0 0 0 0 0 0 0 0 0 0 0 0 0 0 0 0 0 0 0 0 0 0 0 0 0 0 0 0 0 0 0 0 0 0 0 0 0 0 0 0 0 0.54891 0 0 0 0 0 0 0 0 0 0 0 0 0 0 0.525805 0 0 0 0.44522 0 0 0 0 0 0 0 0 0.697356 0 0 0 0.637283 0 0 0 0 0 0 0 0 0 0 0.330027 0 0 0
0.551468 0 0 0 0 0 0.489067 0 0 0 0 0 0 0 0 0 0 0 0 0 0 0 0 0 0 0 0 0 0 0 0 0 0 0 0 0.419034 0 0 0 0 0 0 0 0 0 0 0 0 0 0 0 0 0 0 0 0 0.657129 0 0 0.5792 0 0 0 0 0 0 0 0 0 0 0 0 0 0 0 0 0 0 0 0 0.375186 0 0 0 0 0 0 0 0 0 0 0 0 0 0 0 0 0 0 0 0 0 0 0 0 0 0 0 0 0 0 0 0.623936 0 0 0 0 0 0 0 0 0 0 0 0 0 0 0 0.521018 0 0.446136 0 0 0 0 0 0 0 0 0 0 0 0 0 0 0 0 0 0 0 0 0 0 0 0.396881 0 0 0 0 0 0 0 0 0 0 0 0 0 0 0 0 0 0 0 0 0 0 0 0 0 0.506151 0 0 0.337066 0 0 0 0 0 0 0 0 0 0 0.426955 0 0.453756 0 0 0
