50
0 0 0 0 0 0 0 0 0.72478 0 0 0 0 0 0 0 0 0 0 0 0 0 0 0 0 0 0 0 0 0 0 0 0 0.140079 0 0 0 0 0 0 0 0 0 0 0.488927 0 0 0.0834386 0 0
0 0 0.343733 0 0 0 0 0 0 0 0 0 0 0 0 0 0 0 0.239925 0 0 0 0 0.382121 0 0 0.62784 0 0 0 0 0.596548 0 0 0 0 0 0 0 0 0.210928 0 0 0 0.365265 0 0 0 0 0.274625
0 0.343733 0 0 0 0 0 0 0 0 0 0.538062 0 0 0 0.0393175 0 0 0 0 0 0 0 0.164052 0 0.319676 0 0 0 0 0 0 0 0 0 0.343188 0 0 0 0 0 0 0 0 0.532913 0.493043 0 0 0 0
0 0 0 0 0 0 0 0 0.27527 0 0 0 0 0 0 0 0 0 0 0 0.667956 0 0 0.264122 0 0 0 0 0 0 0 0 0 0 0 0 0 0 0 0.761444 0 0 0 0 0 0 0 0 0 0
0 0 0 0 0 0 0 0 0 0 0 0 0 0 0 0 0 0 0 0 0 0 0 0.270412 0 0 0 0 0 0 0 0.264958 0 0 0 0 0 0 0 0 0 0 0 0 0 0.705154 0 0.768828 0 0
0 0 0 0 0 0 0 0 0 0 0 0 0.953098 0 0.736874 0 0 0 0 0 0 0 0 0 0 0 0 0 0.909141 0 0.309749 0 0 0 0 0.668279 0 0 0 0.0756867 0 0 0 0 0 0 0.190163 0 0 0
0 0 0 0 0 0 0 0 0 0 0 0.0783811 0 0 0 0 0 0 0 0 0 0.247796 0 0 0 0 0 0 0 0 0 0 0.218539 0 0 0 0 0 0 0.194529 0 0 0 0 0 0 0 0 0 0.542417
0 0 0 0 0 0 0 0 0 0 0.365607 0 0.509452 0 0 0 0 0 0 0 0 0 0 0 0.338885 0 0 0 0 0 0 0 0 0 0 0 0 0 0.422632 0 0 0.264373 0 0 0 0 0 0 0 0
0.72478 0 0 0.27527 0 0 0 0 0 0 0 0 0 0 0 0 0 0.42409 0 0.628999 0 0 0 0 0 0 0 0 0 0 0 0 0 0 0 0 0 0 0 0 0 0 0 0 0 0 0 0 0 0
0 0 0 0 0 0 0 0 0 0 0 0 0 0 0 0 0 0 0 0 0 0 0 0 0 0 0 0 0 0 0 0 0.395897 0 0 0 0 0 0 0 0 0.228474 0 0 0 0 0.55499 0 0 0
0 0 0 0 0 0 0 0.365607 0 0 0 0 0 0 0.72626 0 0 0 0 0 0 0 0.67971 0 0 0 0 0 0 0 0 0 0 0 0 0 0 0 0 0 0 0 0 0 0 0 0 0.809171 0 0
0 0 0.538062 0 0 0 0.0783811 0 0 0 0 0 0 0 0.620938 0 0 0 0 0 0 0 0 0 0 0 0 0 0 0.0961513 0 0 0 0 0.903705 0 0 0 0 0 0 0 0 0 0 0 0.14557 0 0 0
0 0 0 0 0 0.953098 0 0.509452 0 0 0 0 0 0 0 0 0.530477 0.679774 0 0 0 0 0 0 0 0 1.07748 0 0.260961 0 0 0 0 0 0 0 0 1.04433 0 0 0 0 0 0 0.912779 0 0 0 0 0
0 0 0 0 0 0 0 0 0 0 0 0 0 0 0 0 0 0 0.182604 0 0 0 0 0 0 0 0 0 0 0 0 0 0 0 0 0 0 0 0 0 0 0.12778 0 0 0 0 0 0 0 0
0 0 0 0 0 0.736874 0 0 0 0 0.72626 0.620938 0 0 0 0 0 0 0 0 0 0 0 0 0 0 0 0 0 0 0 0 0 0.47351 0 0.66865 0 0 0 0 0 0.282634 0.647982 0 0 0.336807 0 0 0.714842 0.151558
0 0 0.0393175 0 0 0 0 0 0 0 0 0 0 0 0 0 0 0 0 0 0 0 0.277015 0 0 0 0 0 0 0 0 0 0 0 0 0 0 0 0 0 0 0 0 0 0 0 0 0.502435 0 0.162722
0 0 0 0 0 0 0 0 0 0 0 0 0.530477 0 0 0 0 0 0.500947 0 0 0 0 0 0 0 0 0 0 0 0 0 0 0 0 0 0 0 0 0 0 0 0 0 0.668303 0 0 0 0 0
0 0 0 0 0 0 0 0 0.42409 0 0 0 0.679774 0 0 0 0 0 0 0.206073 0.56249 0 0 0 0 0.429699 0 0 0 0 0 0 0.0891219 0 0.694096 0 0 0 0 0 0 0 0 0 0 0 0 0 0 0
0 0.239925 0 0 0 0 0 0 0 0 0 0 0 0.182604 0 0 0.500947 0 0 0 0 0 0.16095 0 0 0 0 0 0 0 0 0 0 0 0 0 0.288701 0 0 0 0 0 0 0 0 0 0 0 0 0
0 0 0 0 0 0 0 0 0.628999 0 0 0 0 0 0 0 0 0.206073 0 0 0 0 0.266915 0 0.789116 0 0.722167 0 0 0 0 0 0 0 0 0 0 0 0 0.413146 0 0.213427 0 0 0 0 0 0 0 0
0 0 0 0.667956 0 0 0 0 0 0 0 0 0 0 0 0 0 0.56249 0 0 0 0 0.766287 0 0 0 0 0 0 0 0 0 0 0 0.984171 0 0 0 0 0 0 0 0 0 0 0 0 0 0 0
0 0 0 0 0 0 0.247796 0 0 0 0 0 0 0 0 0 0 0 0 0 0 0 0 0 0.717415 0 0 0 0 0 0 0 0 0 0.732983 0 0 0 0 0.409649 0.143506 0 0 0 0 0 0 0 0.655407 0.334863
0 0 0 0 0 0 0 0 0 0 0.67971 0 0 0 0 0.277015 0 0 0.16095 0.266915 0.766287 0 0 0 0 0 0 0.838259 0 0 0 0 0 0 0 0 0 0.652507 0 0.5719 0 0 0 0 0 0 0 0 0 0
0 0.382121 0.164052 0.264122 0.270412 0 0 0 0 0 0 0 0 0 0 0 0 0 0 0 0 0 0 0 0 0 0 0 0 0 0.660619 0 0 0 0 0 0.218687 0 0 0.723419 0 0 0 0 0 0 0 0 0 0
0 0 0 0 0 0 0 0.338885 0 0 0 0 0 0 0 0 0 0 0 0.789116 0 0.717415 0 0 0 0 0 0 0 0.803235 0.418013 0 0 0 0 0 0 0 0 0 0 0.601986 0 0 0 0 0 0 0 0
0 0 0.319676 0 0 0 0 0 0 0 0 0 0 0 0 0 0 0.429699 0 0 0 0 0 0 0 0 0 0 0 0 0 0 0 0 0 0 0 0 0 0 0 0 0 0.625016 0 0 0 0 0 0
0 0.62784 0 0 0 0 0 0 0 0 0 0 1.07748 0 0 0 0 0 0 0.722167 0 0 0 0 0 0 0 0 0 0 0 0 0 0 0 0.642601 0 0 0 0 0 0 0 0 0 0 0 0 0 0
0 0 0 0 0 0 0 0 0 0 0 0 0 0 0 0 0 0 0 0 0 0 0.838259 0 0 0 0 0 0 0 0 0.30193 0 0 0 0 0 0 0 0 0 0 0 0 0 0 0.825781 0 0 0
0 0 0 0 0 0.909141 0 0 0 0 0 0 0.260961 0 0 0 0 0 0 0 0 0 0 0 0 0 0 0 0 0 0 0 0.729174 0 0 0 0 0 0 0 0 0 0 0.648011 0 0 0 0 0 0.476334
0 0 0 0 0 0 0 0 0 0 0 0.0961513 0 0 0 0 0 0 0 0 0 0 0 0 0.803235 0 0 0 0 0 0 0 0 0 0.98217 0 0.77469 0 0 0 0 0 0 0.55126 0 0 0 0 0 0.592945
0 0 0 0 0 0.309749 0 0 0 0 0 0 0 0 0 0 0 0 0 0 0 0 0 0.660619 0.418013 0 0 0 0 0 0 0 0 0 0 0 0 0 0 0 0 0 0 0 0 0.73462 0 0 0 0
0 0.596548 0 0 0.264958 0 0 0 0 0 0 0 0 0 0 0 0 0 0 0 0 0 0 0 0 0 0 0.30193 0 0 0 0 0 0 0 0 0 0 0.302033 0 0 0 0 0 0 0 0 0 0.212018 0
0 0 0 0 0 0 0.218539 0 0 0.395897 0 0 0 0 0 0 0 0.0891219 0 0 0 0 0 0 0 0 0 0 0.729174 0 0 0 0 0 0 0 0 0 0 0 0 0 0 0 0 0.351374 0 0 0 0
0.140079 0 0 0 0 0 0 0 0 0 0 0 0 0 0.47351 0 0 0 0 0 0 0 0 0 0 0 0 0 0 0 0 0 0 0 0 0 0 0 0 0.563851 0 0 0 0 0 0 0 0 0 0.491371
0 0 0 0 0 0 0 0 0 0 0 0.903705 0 0 0 0 0 0.694096 0 0 0.984171 0.732983 0 0 0 0 0 0 0 0.98217 0 0 0 0 0 0 0 0 0 0 0 0 0 0 0.920214 0 0 0 0 0
0 0 0.343188 0 0 0.668279 0 0 0 0 0 0 0 0 0.66865 0 0 0 0 0 0 0 0 0 0 0 0.642601 0 0 0 0 0 0 0 0 0 0 0 0 0 0 0 0 0 0 0 0 0 0 0
0 0 0 0 0 0 0 0 0 0 0 0 0 0 0 0 0 0 0.288701 0 0 0 0 0.218687 0 0 0 0 0 0.77469 0 0 0 0 0 0 0 0.791967 0 0.752968 0 0 0 0 0 0 0 0 0 0.304751
0 0 0 0 0 0 0 0 0 0 0 0 1.04433 0 0 0 0 0 0 0 0 0 0.652507 0 0 0 0 0 0 0 0 0 0 0 0 0 0.791967 0 0 0 0 0 0 0 0.134174 0 0 0 0 0
0 0 0 0 0 0 0 0.422632 0 0 0 0 0 0 0 0 0 0 0 0 0 0 0 0 0 0 0 0 0 0 0 0.302033 0 0 0 0 0 0 0 0 0 0 0 0 0 0 0 0 0 0
0 0 0 0.761444 0 0.0756867 0.194529 0 0 0 0 0 0 0 0 0 0 0 0 0.413146 0 0.409649 0.5719 0.723419 0 0 0 0 0 0 0 0 0 0.563851 0 0 0.752968 0 0 0 0 0 0.754497 0 0 0 0 0 0 0
0 0.210928 0 0 0 0 0 0 0 0 0 0 0 0 0 0 0 0 0 0 0 0.143506 0 0 0 0 0 0 0 0 0 0 0 0 0 0 0 0 0 0 0 0 0 0 0 0 0 0.0678939 0 0
0 0 0 0 0 0 0 0.264373 0 0.228474 0 0 0 0.12778 0.282634 0 0 0 0 0.213427 0 0 0 0 0.601986 0 0 0 0 0 0 0 0 0 0 0 0 0 0 0 0 0 0 0 0 0 0 0.244694 0 0
0 0 0 0 0 0 0 0 0 0 0 0 0 0 0.647982 0 0 0 0 0 0 0 0 0 0 0 0 0 0 0 0 0 0 0 0 0 0 0 0 0.754497 0 0 0 0 0 0 0 0 0 0.516379
0 0 0 0 0 0 0 0 0 0 0 0 0 0 0 0 0 0 0 0 0 0 0 0 0 0.625016 0 0 0.648011 0.55126 0 0 0 0 0 0 0 0 0 0 0 0 0 0 0 0 0 0 0 0
0.488927 0.365265 0.532913 0 0 0 0 0 0 0 0 0 0.912779 0 0 0 0.668303 0 0 0 0 0 0 0 0 0 0 0 0 0 0 0 0 0 0.920214 0 0 0.134174 0 0 0 0 0 0 0 0 0 0 0 0
0 0 0.493043 0 0.705154 0 0 0 0 0 0 0 0 0 0.336807 0 0 0 0 0 0 0 0 0 0 0 0 0 0 0 0.73462 0 0.351374 0 0 0 0 0 0 0 0 0 0 0 0 0 0.50713 0.171018 0.764592 0
0 0 0 0 0 0.190163 0 0 0 0.55499 0 0.14557 0 0 0 0 0 0 0 0 0 0 0 0 0 0 0 0.825781 0 0 0 0 0 0 0 0 0 0 0 0 0 0 0 0 0 0.50713 0 0 0 0
0.0834386 0 0 0 0.768828 0 0 0 0 0 0.809171 0 0 0 0 0.502435 0 0 0 0 0 0 0 0 0 0 0 0 0 0 0 0 0 0 0 0 0 0 0 0 0.0678939 0.244694 0 0 0 0.171018 0 0 0 0
0 0 0 0 0 0 0 0 0 0 0 0 0 0 0.714842 0 0 0 0 0 0 0.655407 0 0 0 0 0 0 0 0 0 0.212018 0 0 0 0 0 0 0 0 0 0 0 0 0 0.764592 0 0 0 0
0 0.274625 0 0 0 0 0.542417 0 0 0 0 0 0 0 0.151558 0.162722 0 0 0 0 0 0.334863 0 0 0 0 0 0 0.476334 0.592945 0 0 0 0.491371 0 0 0.304751 0 0 0 0 0 0.516379 0 0 0 0 0 0 0
